7.960000000000000000e+02
4.920000000000000000e+02
4.920000000000000000e+02
4.940000000000000000e+02
5.060000000000000000e+02
5.200000000000000000e+02
5.190000000000000000e+02
5.360000000000000000e+02
4.946666666666666856e+02
4.970000000000000000e+02
5.040000000000000000e+02
4.960000000000000000e+02
5.000000000000000000e+02
5.000000000000000000e+02
5.000000000000000000e+02
4.960000000000000000e+02
4.960000000000000000e+02
5.226666666666666288e+02
4.920000000000000000e+02
5.360000000000000000e+02
5.120000000000000000e+02
5.120000000000000000e+02
4.920000000000000000e+02
4.920000000000000000e+02
5.160000000000000000e+02
5.040000000000000000e+02
5.040000000000000000e+02
5.200000000000000000e+02
5.060000000000000000e+02
5.040000000000000000e+02
7.960000000000000000e+02
5.093333333333333144e+02
7.920000000000000000e+02
5.053333333333333144e+02
5.000000000000000000e+02
5.000000000000000000e+02
5.000000000000000000e+02
4.960000000000000000e+02
5.000000000000000000e+02
5.000000000000000000e+02
5.080000000000000000e+02
7.810000000000000000e+02
7.880000000000000000e+02
7.920000000000000000e+02
5.080000000000000000e+02
4.960000000000000000e+02
4.960000000000000000e+02
4.960000000000000000e+02
4.960000000000000000e+02
4.960000000000000000e+02
4.960000000000000000e+02
5.040000000000000000e+02
5.040000000000000000e+02
5.000000000000000000e+02
5.000000000000000000e+02
5.000000000000000000e+02
4.960000000000000000e+02
4.960000000000000000e+02
4.880000000000000000e+02
4.940000000000000000e+02
4.920000000000000000e+02
7.600000000000000000e+02
7.373333333333333712e+02
7.960000000000000000e+02
7.240000000000000000e+02
6.870000000000000000e+02
5.000000000000000000e+02
4.930000000000000000e+02
5.000000000000000000e+02
5.106666666666666856e+02
5.000000000000000000e+02
5.080000000000000000e+02
4.960000000000000000e+02
7.760000000000000000e+02
5.000000000000000000e+02
5.000000000000000000e+02
5.040000000000000000e+02
5.000000000000000000e+02
4.960000000000000000e+02
5.000000000000000000e+02
5.040000000000000000e+02
5.053333333333333144e+02
7.960000000000000000e+02
7.960000000000000000e+02
7.960000000000000000e+02
4.960000000000000000e+02
4.960000000000000000e+02
4.960000000000000000e+02
4.960000000000000000e+02
4.920000000000000000e+02
4.920000000000000000e+02
4.960000000000000000e+02
4.960000000000000000e+02
5.040000000000000000e+02
4.970000000000000000e+02
5.000000000000000000e+02
5.000000000000000000e+02
5.000000000000000000e+02
5.000000000000000000e+02
5.040000000000000000e+02
5.040000000000000000e+02
7.750000000000000000e+02
5.573333333333333712e+02
5.490000000000000000e+02
7.930000000000000000e+02
5.460000000000000000e+02
4.906666666666666856e+02
4.940000000000000000e+02
7.880000000000000000e+02
5.080000000000000000e+02
7.840000000000000000e+02
7.800000000000000000e+02
7.870000000000000000e+02
7.830000000000000000e+02
4.950000000000000000e+02
5.000000000000000000e+02
5.000000000000000000e+02
4.960000000000000000e+02
5.000000000000000000e+02
4.960000000000000000e+02
4.960000000000000000e+02
4.920000000000000000e+02
5.000000000000000000e+02
5.000000000000000000e+02
5.210000000000000000e+02
5.040000000000000000e+02
4.970000000000000000e+02
5.000000000000000000e+02
5.000000000000000000e+02
5.000000000000000000e+02
5.040000000000000000e+02
5.000000000000000000e+02
5.000000000000000000e+02
5.000000000000000000e+02
5.000000000000000000e+02
5.010000000000000000e+02
4.960000000000000000e+02
7.810000000000000000e+02
7.800000000000000000e+02
7.800000000000000000e+02
7.800000000000000000e+02
7.720000000000000000e+02
5.020000000000000000e+02
7.760000000000000000e+02
7.840000000000000000e+02
5.040000000000000000e+02
5.150000000000000000e+02
7.600000000000000000e+02
7.510000000000000000e+02
7.506666666666666288e+02
7.720000000000000000e+02
7.720000000000000000e+02
7.720000000000000000e+02
7.800000000000000000e+02
7.840000000000000000e+02
7.760000000000000000e+02
7.800000000000000000e+02
7.800000000000000000e+02
5.040000000000000000e+02
5.000000000000000000e+02
4.840000000000000000e+02
4.960000000000000000e+02
4.960000000000000000e+02
4.960000000000000000e+02
4.900000000000000000e+02
4.960000000000000000e+02
5.000000000000000000e+02
5.000000000000000000e+02
5.000000000000000000e+02
5.000000000000000000e+02
4.960000000000000000e+02
4.960000000000000000e+02
4.960000000000000000e+02
4.960000000000000000e+02
4.960000000000000000e+02
4.960000000000000000e+02
5.000000000000000000e+02
4.960000000000000000e+02
4.960000000000000000e+02
4.986666666666666856e+02
5.080000000000000000e+02
7.960000000000000000e+02
7.960000000000000000e+02
7.960000000000000000e+02
7.960000000000000000e+02
7.960000000000000000e+02
7.960000000000000000e+02
7.960000000000000000e+02
7.590000000000000000e+02
5.386666666666666288e+02
7.560000000000000000e+02
7.960000000000000000e+02
7.960000000000000000e+02
7.960000000000000000e+02
7.960000000000000000e+02
7.960000000000000000e+02
7.960000000000000000e+02
7.960000000000000000e+02
5.080000000000000000e+02
7.960000000000000000e+02
4.960000000000000000e+02
4.960000000000000000e+02
4.960000000000000000e+02
4.960000000000000000e+02
4.960000000000000000e+02
5.000000000000000000e+02
4.960000000000000000e+02
4.920000000000000000e+02
5.000000000000000000e+02
5.000000000000000000e+02
5.000000000000000000e+02
5.000000000000000000e+02
4.960000000000000000e+02
4.960000000000000000e+02
5.000000000000000000e+02
5.000000000000000000e+02
4.960000000000000000e+02
5.000000000000000000e+02
5.000000000000000000e+02
5.000000000000000000e+02
5.000000000000000000e+02
7.960000000000000000e+02
7.960000000000000000e+02
7.960000000000000000e+02
7.960000000000000000e+02
7.960000000000000000e+02
7.960000000000000000e+02
7.960000000000000000e+02
7.960000000000000000e+02
7.560000000000000000e+02
7.630000000000000000e+02
5.030000000000000000e+02
7.960000000000000000e+02
7.960000000000000000e+02
7.960000000000000000e+02
7.960000000000000000e+02
7.960000000000000000e+02
7.960000000000000000e+02
7.960000000000000000e+02
5.080000000000000000e+02
7.960000000000000000e+02
7.960000000000000000e+02
4.960000000000000000e+02
4.960000000000000000e+02
5.000000000000000000e+02
5.000000000000000000e+02
5.000000000000000000e+02
5.000000000000000000e+02
4.960000000000000000e+02
5.000000000000000000e+02
5.000000000000000000e+02
5.000000000000000000e+02
5.000000000000000000e+02
5.040000000000000000e+02
4.960000000000000000e+02
5.000000000000000000e+02
4.960000000000000000e+02
5.000000000000000000e+02
5.000000000000000000e+02
5.000000000000000000e+02
5.000000000000000000e+02
4.920000000000000000e+02
7.960000000000000000e+02
7.960000000000000000e+02
7.960000000000000000e+02
5.040000000000000000e+02
7.880000000000000000e+02
5.080000000000000000e+02
7.960000000000000000e+02
7.960000000000000000e+02
7.960000000000000000e+02
7.820000000000000000e+02
7.960000000000000000e+02
7.900000000000000000e+02
7.800000000000000000e+02
7.840000000000000000e+02
7.960000000000000000e+02
7.960000000000000000e+02
7.720000000000000000e+02
7.760000000000000000e+02
7.840000000000000000e+02
7.960000000000000000e+02
7.960000000000000000e+02
7.960000000000000000e+02
7.960000000000000000e+02
4.960000000000000000e+02
5.000000000000000000e+02
5.000000000000000000e+02
5.000000000000000000e+02
4.960000000000000000e+02
4.960000000000000000e+02
4.960000000000000000e+02
5.000000000000000000e+02
5.000000000000000000e+02
5.000000000000000000e+02
5.000000000000000000e+02
5.000000000000000000e+02
4.960000000000000000e+02
4.960000000000000000e+02
5.000000000000000000e+02
5.000000000000000000e+02
4.960000000000000000e+02
5.000000000000000000e+02
5.000000000000000000e+02
5.000000000000000000e+02
5.000000000000000000e+02
7.960000000000000000e+02
7.760000000000000000e+02
7.750000000000000000e+02
7.720000000000000000e+02
7.760000000000000000e+02
5.040000000000000000e+02
7.880000000000000000e+02
5.200000000000000000e+02
7.440000000000000000e+02
7.490000000000000000e+02
5.080000000000000000e+02
7.920000000000000000e+02
5.080000000000000000e+02
5.080000000000000000e+02
7.960000000000000000e+02
5.080000000000000000e+02
5.080000000000000000e+02
5.120000000000000000e+02
5.090000000000000000e+02
5.040000000000000000e+02
5.000000000000000000e+02
5.000000000000000000e+02
5.000000000000000000e+02
5.040000000000000000e+02
5.000000000000000000e+02
4.960000000000000000e+02
5.000000000000000000e+02
5.030000000000000000e+02
4.920000000000000000e+02
5.080000000000000000e+02
5.000000000000000000e+02
5.070000000000000000e+02
5.040000000000000000e+02
5.000000000000000000e+02
5.000000000000000000e+02
4.970000000000000000e+02
4.970000000000000000e+02
5.000000000000000000e+02
5.000000000000000000e+02
5.040000000000000000e+02
5.013333333333333144e+02
5.080000000000000000e+02
5.120000000000000000e+02
7.960000000000000000e+02
5.080000000000000000e+02
7.960000000000000000e+02
7.960000000000000000e+02
7.940000000000000000e+02
7.920000000000000000e+02
7.920000000000000000e+02
7.400000000000000000e+02
6.860000000000000000e+02
7.520000000000000000e+02
5.800000000000000000e+02
7.600000000000000000e+02
7.960000000000000000e+02
7.920000000000000000e+02
5.080000000000000000e+02
5.040000000000000000e+02
5.080000000000000000e+02
5.040000000000000000e+02
5.080000000000000000e+02
5.040000000000000000e+02
5.040000000000000000e+02
5.000000000000000000e+02
4.960000000000000000e+02
4.920000000000000000e+02
4.920000000000000000e+02
5.000000000000000000e+02
5.000000000000000000e+02
5.000000000000000000e+02
5.120000000000000000e+02
5.000000000000000000e+02
4.893333333333333144e+02
4.960000000000000000e+02
4.920000000000000000e+02
4.960000000000000000e+02
4.960000000000000000e+02
4.960000000000000000e+02
5.000000000000000000e+02
5.000000000000000000e+02
5.240000000000000000e+02
5.080000000000000000e+02
5.240000000000000000e+02
5.030000000000000000e+02
5.040000000000000000e+02
5.070000000000000000e+02
4.960000000000000000e+02
4.960000000000000000e+02
4.960000000000000000e+02
5.040000000000000000e+02
5.000000000000000000e+02
5.260000000000000000e+02
5.160000000000000000e+02
4.920000000000000000e+02
4.970000000000000000e+02
5.280000000000000000e+02
5.000000000000000000e+02
5.040000000000000000e+02
5.000000000000000000e+02
5.040000000000000000e+02
5.040000000000000000e+02
5.000000000000000000e+02
5.160000000000000000e+02
5.280000000000000000e+02
4.920000000000000000e+02
5.493333333333333712e+02
6.030000000000000000e+02
5.000000000000000000e+02
4.920000000000000000e+02
5.186666666666666288e+02
5.040000000000000000e+02
5.040000000000000000e+02
5.013333333333333144e+02
7.906666666666666288e+02
5.040000000000000000e+02
5.000000000000000000e+02
4.933333333333333144e+02
5.000000000000000000e+02
5.000000000000000000e+02
4.960000000000000000e+02
5.040000000000000000e+02
5.080000000000000000e+02
5.080000000000000000e+02
5.146666666666666288e+02
5.470000000000000000e+02
4.960000000000000000e+02
4.920000000000000000e+02
4.920000000000000000e+02
5.140000000000000000e+02
4.920000000000000000e+02
4.810000000000000000e+02
4.960000000000000000e+02
5.040000000000000000e+02
4.960000000000000000e+02
