7.640000000000000000e+02
4.030000000000000000e+02
4.160000000000000000e+02
4.080000000000000000e+02
4.320000000000000000e+02
4.400000000000000000e+02
4.460000000000000000e+02
4.420000000000000000e+02
4.226666666666666856e+02
4.180000000000000000e+02
4.080000000000000000e+02
4.040000000000000000e+02
4.000000000000000000e+02
4.080000000000000000e+02
4.120000000000000000e+02
4.146666666666666856e+02
4.080000000000000000e+02
4.200000000000000000e+02
4.040000000000000000e+02
4.000000000000000000e+02
4.160000000000000000e+02
4.120000000000000000e+02
7.470000000000000000e+02
7.500000000000000000e+02
7.480000000000000000e+02
3.986666666666666856e+02
4.120000000000000000e+02
4.160000000000000000e+02
4.026666666666666856e+02
7.520000000000000000e+02
4.240000000000000000e+02
7.580000000000000000e+02
7.540000000000000000e+02
4.160000000000000000e+02
4.000000000000000000e+02
4.000000000000000000e+02
4.750000000000000000e+02
4.040000000000000000e+02
4.040000000000000000e+02
6.853333333333333712e+02
4.000000000000000000e+02
4.960000000000000000e+02
4.280000000000000000e+02
4.220000000000000000e+02
4.120000000000000000e+02
4.080000000000000000e+02
4.080000000000000000e+02
7.480000000000000000e+02
7.520000000000000000e+02
4.000000000000000000e+02
7.586666666666666288e+02
4.226666666666666856e+02
4.000000000000000000e+02
4.293333333333333144e+02
4.000000000000000000e+02
4.080000000000000000e+02
7.430000000000000000e+02
4.100000000000000000e+02
4.640000000000000000e+02
4.000000000000000000e+02
3.960000000000000000e+02
4.000000000000000000e+02
4.000000000000000000e+02
4.000000000000000000e+02
4.000000000000000000e+02
4.120000000000000000e+02
4.080000000000000000e+02
4.080000000000000000e+02
4.010000000000000000e+02
4.080000000000000000e+02
4.080000000000000000e+02
4.000000000000000000e+02
4.080000000000000000e+02
4.080000000000000000e+02
4.020000000000000000e+02
3.920000000000000000e+02
4.080000000000000000e+02
7.490000000000000000e+02
7.546666666666666288e+02
7.506666666666666288e+02
6.680000000000000000e+02
4.200000000000000000e+02
7.490000000000000000e+02
7.280000000000000000e+02
4.480000000000000000e+02
4.020000000000000000e+02
4.040000000000000000e+02
4.120000000000000000e+02
4.080000000000000000e+02
4.080000000000000000e+02
4.080000000000000000e+02
4.000000000000000000e+02
4.000000000000000000e+02
4.040000000000000000e+02
4.040000000000000000e+02
4.080000000000000000e+02
4.080000000000000000e+02
4.080000000000000000e+02
4.080000000000000000e+02
4.040000000000000000e+02
4.040000000000000000e+02
4.360000000000000000e+02
4.120000000000000000e+02
4.080000000000000000e+02
3.960000000000000000e+02
4.160000000000000000e+02
4.120000000000000000e+02
7.560000000000000000e+02
3.960000000000000000e+02
3.946666666666666856e+02
7.440000000000000000e+02
7.520000000000000000e+02
7.490000000000000000e+02
7.480000000000000000e+02
7.613333333333333712e+02
4.640000000000000000e+02
7.570000000000000000e+02
4.080000000000000000e+02
3.960000000000000000e+02
4.000000000000000000e+02
4.040000000000000000e+02
4.090000000000000000e+02
4.133333333333333144e+02
4.060000000000000000e+02
4.040000000000000000e+02
4.000000000000000000e+02
4.040000000000000000e+02
4.040000000000000000e+02
4.040000000000000000e+02
4.120000000000000000e+02
4.120000000000000000e+02
4.000000000000000000e+02
4.040000000000000000e+02
4.080000000000000000e+02
4.000000000000000000e+02
4.240000000000000000e+02
4.240000000000000000e+02
4.080000000000000000e+02
4.040000000000000000e+02
4.000000000000000000e+02
7.540000000000000000e+02
4.040000000000000000e+02
4.040000000000000000e+02
4.400000000000000000e+02
7.560000000000000000e+02
7.413333333333333712e+02
7.390000000000000000e+02
7.540000000000000000e+02
4.000000000000000000e+02
4.100000000000000000e+02
4.040000000000000000e+02
4.040000000000000000e+02
4.080000000000000000e+02
4.000000000000000000e+02
4.080000000000000000e+02
4.000000000000000000e+02
4.040000000000000000e+02
4.080000000000000000e+02
4.040000000000000000e+02
4.080000000000000000e+02
4.026666666666666856e+02
4.000000000000000000e+02
4.000000000000000000e+02
4.040000000000000000e+02
4.000000000000000000e+02
4.080000000000000000e+02
4.040000000000000000e+02
4.000000000000000000e+02
4.200000000000000000e+02
4.040000000000000000e+02
4.160000000000000000e+02
4.080000000000000000e+02
4.060000000000000000e+02
4.110000000000000000e+02
4.120000000000000000e+02
7.520000000000000000e+02
7.570000000000000000e+02
4.280000000000000000e+02
4.240000000000000000e+02
4.160000000000000000e+02
4.120000000000000000e+02
4.160000000000000000e+02
4.120000000000000000e+02
4.200000000000000000e+02
4.040000000000000000e+02
4.000000000000000000e+02
4.040000000000000000e+02
4.040000000000000000e+02
4.000000000000000000e+02
4.040000000000000000e+02
4.000000000000000000e+02
4.020000000000000000e+02
4.080000000000000000e+02
4.000000000000000000e+02
4.000000000000000000e+02
4.000000000000000000e+02
4.040000000000000000e+02
4.040000000000000000e+02
4.000000000000000000e+02
4.040000000000000000e+02
4.130000000000000000e+02
4.120000000000000000e+02
4.200000000000000000e+02
4.160000000000000000e+02
4.120000000000000000e+02
4.240000000000000000e+02
4.280000000000000000e+02
7.250000000000000000e+02
4.106666666666666856e+02
4.360000000000000000e+02
4.160000000000000000e+02
7.466666666666666288e+02
4.200000000000000000e+02
4.160000000000000000e+02
4.160000000000000000e+02
4.120000000000000000e+02
4.060000000000000000e+02
4.040000000000000000e+02
4.000000000000000000e+02
4.000000000000000000e+02
4.000000000000000000e+02
4.040000000000000000e+02
4.240000000000000000e+02
4.160000000000000000e+02
4.120000000000000000e+02
4.120000000000000000e+02
4.040000000000000000e+02
4.040000000000000000e+02
4.000000000000000000e+02
4.040000000000000000e+02
4.040000000000000000e+02
4.040000000000000000e+02
3.973333333333333144e+02
4.120000000000000000e+02
4.213333333333333144e+02
4.160000000000000000e+02
4.160000000000000000e+02
4.210000000000000000e+02
4.386666666666666856e+02
4.466666666666666856e+02
7.493333333333333712e+02
4.293333333333333144e+02
4.420000000000000000e+02
4.200000000000000000e+02
4.160000000000000000e+02
4.200000000000000000e+02
4.080000000000000000e+02
4.120000000000000000e+02
4.000000000000000000e+02
4.040000000000000000e+02
4.040000000000000000e+02
4.040000000000000000e+02
4.000000000000000000e+02
4.040000000000000000e+02
4.160000000000000000e+02
4.120000000000000000e+02
4.080000000000000000e+02
4.160000000000000000e+02
4.040000000000000000e+02
4.000000000000000000e+02
4.000000000000000000e+02
4.040000000000000000e+02
4.040000000000000000e+02
4.000000000000000000e+02
4.240000000000000000e+02
4.200000000000000000e+02
4.066666666666666856e+02
3.960000000000000000e+02
4.760000000000000000e+02
4.100000000000000000e+02
4.120000000000000000e+02
6.780000000000000000e+02
7.466666666666666288e+02
7.480000000000000000e+02
4.080000000000000000e+02
4.120000000000000000e+02
4.080000000000000000e+02
4.106666666666666856e+02
4.120000000000000000e+02
4.280000000000000000e+02
4.080000000000000000e+02
4.040000000000000000e+02
4.040000000000000000e+02
4.040000000000000000e+02
4.000000000000000000e+02
3.960000000000000000e+02
4.120000000000000000e+02
4.120000000000000000e+02
4.080000000000000000e+02
4.120000000000000000e+02
3.990000000000000000e+02
4.000000000000000000e+02
4.000000000000000000e+02
4.080000000000000000e+02
4.040000000000000000e+02
4.220000000000000000e+02
4.093333333333333144e+02
4.120000000000000000e+02
4.700000000000000000e+02
7.450000000000000000e+02
7.560000000000000000e+02
4.080000000000000000e+02
6.840000000000000000e+02
4.080000000000000000e+02
4.120000000000000000e+02
4.120000000000000000e+02
4.000000000000000000e+02
7.453333333333333712e+02
7.330000000000000000e+02
4.320000000000000000e+02
4.200000000000000000e+02
4.120000000000000000e+02
4.080000000000000000e+02
4.000000000000000000e+02
4.090000000000000000e+02
4.040000000000000000e+02
3.960000000000000000e+02
3.960000000000000000e+02
4.040000000000000000e+02
4.160000000000000000e+02
4.160000000000000000e+02
4.200000000000000000e+02
4.080000000000000000e+02
4.040000000000000000e+02
4.040000000000000000e+02
4.200000000000000000e+02
4.160000000000000000e+02
4.120000000000000000e+02
4.240000000000000000e+02
4.360000000000000000e+02
4.200000000000000000e+02
4.280000000000000000e+02
4.720000000000000000e+02
4.200000000000000000e+02
4.160000000000000000e+02
7.480000000000000000e+02
7.570000000000000000e+02
7.500000000000000000e+02
4.240000000000000000e+02
4.020000000000000000e+02
7.160000000000000000e+02
4.160000000000000000e+02
4.093333333333333144e+02
4.320000000000000000e+02
4.080000000000000000e+02
4.240000000000000000e+02
4.200000000000000000e+02
4.240000000000000000e+02
4.480000000000000000e+02
4.160000000000000000e+02
4.170000000000000000e+02
4.160000000000000000e+02
4.040000000000000000e+02
4.120000000000000000e+02
4.080000000000000000e+02
4.360000000000000000e+02
4.240000000000000000e+02
4.200000000000000000e+02
4.320000000000000000e+02
4.320000000000000000e+02
4.120000000000000000e+02
4.080000000000000000e+02
3.960000000000000000e+02
7.190000000000000000e+02
7.420000000000000000e+02
7.493333333333333712e+02
7.490000000000000000e+02
7.410000000000000000e+02
7.270000000000000000e+02
5.100000000000000000e+02
4.240000000000000000e+02
7.506666666666666288e+02
4.050000000000000000e+02
3.960000000000000000e+02
4.240000000000000000e+02
4.120000000000000000e+02
3.960000000000000000e+02
4.440000000000000000e+02
4.360000000000000000e+02
4.240000000000000000e+02
4.200000000000000000e+02
4.120000000000000000e+02
4.040000000000000000e+02
4.040000000000000000e+02
4.040000000000000000e+02
4.040000000000000000e+02
4.120000000000000000e+02
4.160000000000000000e+02
4.200000000000000000e+02
4.500000000000000000e+02
4.360000000000000000e+02
6.960000000000000000e+02
7.360000000000000000e+02
7.453333333333333712e+02
3.960000000000000000e+02
4.080000000000000000e+02
7.520000000000000000e+02
3.960000000000000000e+02
3.960000000000000000e+02
7.493333333333333712e+02
7.520000000000000000e+02
7.430000000000000000e+02
4.080000000000000000e+02
4.040000000000000000e+02
3.960000000000000000e+02
4.040000000000000000e+02
7.480000000000000000e+02
4.080000000000000000e+02
4.050000000000000000e+02
4.070000000000000000e+02
4.080000000000000000e+02
3.960000000000000000e+02
4.280000000000000000e+02
4.190000000000000000e+02
4.080000000000000000e+02
4.080000000000000000e+02
4.320000000000000000e+02
4.280000000000000000e+02
4.250000000000000000e+02
4.390000000000000000e+02
4.480000000000000000e+02
7.540000000000000000e+02
4.070000000000000000e+02
4.120000000000000000e+02
4.120000000000000000e+02
7.466666666666666288e+02
4.120000000000000000e+02
3.960000000000000000e+02
4.026666666666666856e+02
4.130000000000000000e+02
4.060000000000000000e+02
4.400000000000000000e+02
