5.720000000000000000e+02
5.760000000000000000e+02
6.640000000000000000e+02
7.730000000000000000e+02
7.760000000000000000e+02
5.920000000000000000e+02
6.040000000000000000e+02
5.880000000000000000e+02
5.920000000000000000e+02
5.880000000000000000e+02
5.840000000000000000e+02
6.000000000000000000e+02
6.320000000000000000e+02
5.880000000000000000e+02
5.960000000000000000e+02
6.240000000000000000e+02
6.170000000000000000e+02
6.280000000000000000e+02
5.880000000000000000e+02
5.920000000000000000e+02
5.920000000000000000e+02
5.920000000000000000e+02
5.880000000000000000e+02
5.880000000000000000e+02
5.840000000000000000e+02
5.800000000000000000e+02
6.040000000000000000e+02
5.920000000000000000e+02
5.920000000000000000e+02
6.440000000000000000e+02
6.400000000000000000e+02
5.840000000000000000e+02
5.880000000000000000e+02
5.880000000000000000e+02
6.040000000000000000e+02
6.190000000000000000e+02
5.940000000000000000e+02
7.890000000000000000e+02
7.800000000000000000e+02
6.626666666666666288e+02
5.870000000000000000e+02
5.240000000000000000e+02
5.720000000000000000e+02
5.800000000000000000e+02
5.840000000000000000e+02
7.960000000000000000e+02
7.960000000000000000e+02
5.840000000000000000e+02
5.880000000000000000e+02
6.080000000000000000e+02
5.920000000000000000e+02
5.880000000000000000e+02
5.826666666666666288e+02
6.013333333333333712e+02
5.880000000000000000e+02
5.960000000000000000e+02
5.840000000000000000e+02
5.920000000000000000e+02
6.000000000000000000e+02
5.800000000000000000e+02
5.800000000000000000e+02
5.840000000000000000e+02
5.880000000000000000e+02
5.920000000000000000e+02
5.920000000000000000e+02
5.800000000000000000e+02
5.920000000000000000e+02
5.880000000000000000e+02
5.960000000000000000e+02
5.920000000000000000e+02
5.880000000000000000e+02
5.850000000000000000e+02
5.880000000000000000e+02
5.880000000000000000e+02
5.920000000000000000e+02
6.000000000000000000e+02
5.960000000000000000e+02
6.080000000000000000e+02
6.070000000000000000e+02
7.960000000000000000e+02
7.960000000000000000e+02
6.080000000000000000e+02
5.840000000000000000e+02
5.780000000000000000e+02
5.080000000000000000e+02
5.853333333333333712e+02
6.390000000000000000e+02
6.000000000000000000e+02
5.960000000000000000e+02
6.160000000000000000e+02
6.053333333333333712e+02
5.960000000000000000e+02
5.960000000000000000e+02
5.920000000000000000e+02
5.920000000000000000e+02
5.840000000000000000e+02
5.880000000000000000e+02
5.860000000000000000e+02
5.930000000000000000e+02
5.920000000000000000e+02
5.960000000000000000e+02
5.880000000000000000e+02
5.960000000000000000e+02
5.800000000000000000e+02
5.920000000000000000e+02
5.880000000000000000e+02
5.920000000000000000e+02
5.920000000000000000e+02
5.880000000000000000e+02
5.920000000000000000e+02
5.960000000000000000e+02
5.920000000000000000e+02
5.880000000000000000e+02
5.880000000000000000e+02
5.880000000000000000e+02
5.960000000000000000e+02
5.960000000000000000e+02
5.920000000000000000e+02
5.960000000000000000e+02
6.080000000000000000e+02
6.160000000000000000e+02
6.080000000000000000e+02
6.080000000000000000e+02
6.080000000000000000e+02
6.080000000000000000e+02
6.120000000000000000e+02
6.040000000000000000e+02
5.840000000000000000e+02
6.080000000000000000e+02
6.080000000000000000e+02
6.080000000000000000e+02
6.080000000000000000e+02
6.080000000000000000e+02
5.880000000000000000e+02
5.920000000000000000e+02
5.920000000000000000e+02
5.920000000000000000e+02
5.880000000000000000e+02
5.920000000000000000e+02
5.920000000000000000e+02
5.880000000000000000e+02
5.920000000000000000e+02
5.920000000000000000e+02
5.920000000000000000e+02
5.920000000000000000e+02
6.000000000000000000e+02
5.920000000000000000e+02
5.920000000000000000e+02
5.960000000000000000e+02
5.920000000000000000e+02
5.960000000000000000e+02
5.960000000000000000e+02
5.920000000000000000e+02
5.880000000000000000e+02
5.880000000000000000e+02
5.920000000000000000e+02
5.920000000000000000e+02
5.920000000000000000e+02
5.920000000000000000e+02
5.920000000000000000e+02
5.960000000000000000e+02
6.040000000000000000e+02
6.040000000000000000e+02
6.080000000000000000e+02
6.080000000000000000e+02
6.080000000000000000e+02
6.080000000000000000e+02
6.080000000000000000e+02
4.920000000000000000e+02
4.960000000000000000e+02
6.040000000000000000e+02
6.050000000000000000e+02
6.080000000000000000e+02
6.080000000000000000e+02
6.040000000000000000e+02
6.000000000000000000e+02
5.960000000000000000e+02
5.920000000000000000e+02
5.920000000000000000e+02
5.920000000000000000e+02
5.920000000000000000e+02
5.920000000000000000e+02
5.880000000000000000e+02
5.960000000000000000e+02
5.920000000000000000e+02
5.920000000000000000e+02
5.920000000000000000e+02
6.000000000000000000e+02
5.960000000000000000e+02
5.960000000000000000e+02
5.960000000000000000e+02
6.120000000000000000e+02
5.960000000000000000e+02
5.920000000000000000e+02
5.960000000000000000e+02
5.960000000000000000e+02
5.920000000000000000e+02
5.920000000000000000e+02
5.920000000000000000e+02
5.890000000000000000e+02
5.960000000000000000e+02
5.960000000000000000e+02
5.960000000000000000e+02
6.000000000000000000e+02
6.040000000000000000e+02
6.040000000000000000e+02
6.040000000000000000e+02
6.080000000000000000e+02
4.920000000000000000e+02
4.880000000000000000e+02
4.840000000000000000e+02
4.960000000000000000e+02
6.080000000000000000e+02
6.040000000000000000e+02
6.040000000000000000e+02
6.040000000000000000e+02
6.080000000000000000e+02
5.960000000000000000e+02
5.920000000000000000e+02
5.920000000000000000e+02
5.880000000000000000e+02
5.920000000000000000e+02
5.920000000000000000e+02
5.880000000000000000e+02
5.933333333333333712e+02
6.000000000000000000e+02
5.920000000000000000e+02
5.920000000000000000e+02
5.960000000000000000e+02
5.960000000000000000e+02
5.960000000000000000e+02
5.960000000000000000e+02
5.960000000000000000e+02
5.960000000000000000e+02
5.960000000000000000e+02
5.960000000000000000e+02
5.880000000000000000e+02
5.920000000000000000e+02
5.920000000000000000e+02
5.920000000000000000e+02
5.920000000000000000e+02
5.880000000000000000e+02
5.920000000000000000e+02
5.920000000000000000e+02
5.960000000000000000e+02
6.040000000000000000e+02
6.080000000000000000e+02
6.080000000000000000e+02
6.120000000000000000e+02
6.080000000000000000e+02
6.080000000000000000e+02
6.093333333333333712e+02
4.880000000000000000e+02
6.040000000000000000e+02
6.080000000000000000e+02
6.080000000000000000e+02
6.080000000000000000e+02
6.080000000000000000e+02
6.160000000000000000e+02
5.960000000000000000e+02
5.960000000000000000e+02
5.920000000000000000e+02
5.920000000000000000e+02
5.920000000000000000e+02
5.880000000000000000e+02
5.920000000000000000e+02
5.920000000000000000e+02
5.920000000000000000e+02
5.960000000000000000e+02
5.960000000000000000e+02
5.960000000000000000e+02
5.920000000000000000e+02
5.960000000000000000e+02
5.920000000000000000e+02
5.960000000000000000e+02
5.920000000000000000e+02
5.960000000000000000e+02
6.000000000000000000e+02
5.960000000000000000e+02
5.960000000000000000e+02
5.920000000000000000e+02
5.920000000000000000e+02
5.920000000000000000e+02
5.880000000000000000e+02
5.920000000000000000e+02
5.880000000000000000e+02
5.920000000000000000e+02
6.040000000000000000e+02
6.000000000000000000e+02
5.960000000000000000e+02
6.253333333333333712e+02
6.140000000000000000e+02
6.040000000000000000e+02
4.840000000000000000e+02
4.840000000000000000e+02
6.040000000000000000e+02
6.080000000000000000e+02
6.080000000000000000e+02
6.000000000000000000e+02
6.040000000000000000e+02
6.000000000000000000e+02
6.020000000000000000e+02
5.920000000000000000e+02
5.880000000000000000e+02
5.920000000000000000e+02
5.920000000000000000e+02
5.880000000000000000e+02
5.990000000000000000e+02
5.960000000000000000e+02
5.960000000000000000e+02
5.960000000000000000e+02
6.040000000000000000e+02
5.960000000000000000e+02
5.960000000000000000e+02
5.760000000000000000e+02
5.940000000000000000e+02
5.880000000000000000e+02
5.960000000000000000e+02
5.960000000000000000e+02
5.960000000000000000e+02
5.920000000000000000e+02
5.880000000000000000e+02
5.920000000000000000e+02
5.920000000000000000e+02
5.920000000000000000e+02
5.880000000000000000e+02
5.920000000000000000e+02
5.880000000000000000e+02
5.920000000000000000e+02
6.040000000000000000e+02
6.040000000000000000e+02
6.040000000000000000e+02
6.070000000000000000e+02
6.080000000000000000e+02
6.120000000000000000e+02
4.760000000000000000e+02
5.930000000000000000e+02
5.920000000000000000e+02
6.040000000000000000e+02
6.160000000000000000e+02
6.120000000000000000e+02
6.200000000000000000e+02
6.000000000000000000e+02
5.960000000000000000e+02
5.920000000000000000e+02
5.880000000000000000e+02
5.840000000000000000e+02
5.920000000000000000e+02
5.920000000000000000e+02
5.960000000000000000e+02
5.920000000000000000e+02
5.920000000000000000e+02
5.840000000000000000e+02
6.040000000000000000e+02
6.040000000000000000e+02
5.960000000000000000e+02
5.960000000000000000e+02
6.300000000000000000e+02
5.960000000000000000e+02
5.920000000000000000e+02
5.880000000000000000e+02
5.920000000000000000e+02
6.030000000000000000e+02
6.106666666666666288e+02
5.880000000000000000e+02
5.920000000000000000e+02
5.880000000000000000e+02
5.880000000000000000e+02
5.840000000000000000e+02
5.920000000000000000e+02
6.000000000000000000e+02
6.066666666666666288e+02
5.880000000000000000e+02
5.880000000000000000e+02
6.040000000000000000e+02
6.000000000000000000e+02
4.960000000000000000e+02
4.920000000000000000e+02
4.880000000000000000e+02
4.920000000000000000e+02
4.866666666666666856e+02
5.930000000000000000e+02
6.160000000000000000e+02
6.220000000000000000e+02
6.440000000000000000e+02
6.000000000000000000e+02
5.880000000000000000e+02
5.840000000000000000e+02
5.840000000000000000e+02
5.880000000000000000e+02
5.880000000000000000e+02
5.880000000000000000e+02
5.920000000000000000e+02
6.050000000000000000e+02
6.000000000000000000e+02
5.920000000000000000e+02
5.940000000000000000e+02
5.960000000000000000e+02
6.030000000000000000e+02
6.000000000000000000e+02
5.920000000000000000e+02
5.960000000000000000e+02
5.880000000000000000e+02
5.960000000000000000e+02
5.980000000000000000e+02
6.020000000000000000e+02
5.900000000000000000e+02
5.930000000000000000e+02
5.893333333333333712e+02
6.340000000000000000e+02
5.960000000000000000e+02
6.000000000000000000e+02
6.120000000000000000e+02
6.080000000000000000e+02
5.960000000000000000e+02
5.920000000000000000e+02
6.000000000000000000e+02
5.880000000000000000e+02
5.960000000000000000e+02
5.980000000000000000e+02
5.960000000000000000e+02
5.960000000000000000e+02
5.440000000000000000e+02
6.830000000000000000e+02
6.720000000000000000e+02
5.800000000000000000e+02
5.960000000000000000e+02
6.080000000000000000e+02
6.000000000000000000e+02
5.920000000000000000e+02
5.920000000000000000e+02
5.960000000000000000e+02
5.880000000000000000e+02
5.960000000000000000e+02
5.920000000000000000e+02
6.040000000000000000e+02
6.160000000000000000e+02
6.160000000000000000e+02
6.320000000000000000e+02
6.000000000000000000e+02
5.933333333333333712e+02
