7.670000000000000000e+02
4.030000000000000000e+02
4.120000000000000000e+02
7.506666666666666288e+02
4.320000000000000000e+02
4.400000000000000000e+02
4.460000000000000000e+02
4.320000000000000000e+02
4.226666666666666856e+02
4.090000000000000000e+02
4.080000000000000000e+02
4.080000000000000000e+02
3.920000000000000000e+02
4.040000000000000000e+02
4.080000000000000000e+02
4.080000000000000000e+02
4.080000000000000000e+02
4.160000000000000000e+02
4.080000000000000000e+02
4.000000000000000000e+02
4.150000000000000000e+02
7.230000000000000000e+02
7.470000000000000000e+02
6.853333333333333712e+02
7.480000000000000000e+02
3.986666666666666856e+02
4.120000000000000000e+02
4.120000000000000000e+02
4.080000000000000000e+02
4.090000000000000000e+02
4.240000000000000000e+02
4.240000000000000000e+02
7.520000000000000000e+02
7.400000000000000000e+02
4.000000000000000000e+02
4.030000000000000000e+02
4.160000000000000000e+02
4.040000000000000000e+02
4.080000000000000000e+02
7.520000000000000000e+02
4.000000000000000000e+02
7.440000000000000000e+02
4.240000000000000000e+02
4.220000000000000000e+02
4.160000000000000000e+02
4.080000000000000000e+02
4.080000000000000000e+02
7.520000000000000000e+02
7.500000000000000000e+02
7.460000000000000000e+02
4.010000000000000000e+02
4.360000000000000000e+02
4.010000000000000000e+02
4.293333333333333144e+02
4.010000000000000000e+02
4.040000000000000000e+02
4.066666666666666856e+02
4.080000000000000000e+02
4.620000000000000000e+02
4.000000000000000000e+02
4.000000000000000000e+02
4.000000000000000000e+02
4.000000000000000000e+02
4.000000000000000000e+02
4.000000000000000000e+02
4.066666666666666856e+02
4.080000000000000000e+02
4.080000000000000000e+02
4.080000000000000000e+02
4.040000000000000000e+02
4.080000000000000000e+02
7.530000000000000000e+02
4.120000000000000000e+02
4.080000000000000000e+02
4.050000000000000000e+02
3.920000000000000000e+02
4.050000000000000000e+02
7.540000000000000000e+02
7.280000000000000000e+02
7.440000000000000000e+02
7.493333333333333712e+02
7.480000000000000000e+02
7.520000000000000000e+02
4.080000000000000000e+02
7.460000000000000000e+02
4.080000000000000000e+02
4.040000000000000000e+02
4.080000000000000000e+02
4.080000000000000000e+02
4.080000000000000000e+02
4.120000000000000000e+02
4.000000000000000000e+02
4.000000000000000000e+02
4.000000000000000000e+02
4.040000000000000000e+02
4.040000000000000000e+02
4.080000000000000000e+02
4.040000000000000000e+02
4.080000000000000000e+02
4.040000000000000000e+02
4.000000000000000000e+02
4.360000000000000000e+02
4.120000000000000000e+02
4.080000000000000000e+02
3.960000000000000000e+02
4.160000000000000000e+02
4.040000000000000000e+02
4.120000000000000000e+02
3.920000000000000000e+02
6.880000000000000000e+02
7.440000000000000000e+02
7.420000000000000000e+02
7.440000000000000000e+02
6.820000000000000000e+02
7.613333333333333712e+02
4.600000000000000000e+02
4.186666666666666856e+02
4.080000000000000000e+02
3.960000000000000000e+02
4.000000000000000000e+02
4.080000000000000000e+02
4.080000000000000000e+02
4.133333333333333144e+02
4.000000000000000000e+02
4.040000000000000000e+02
4.000000000000000000e+02
4.040000000000000000e+02
4.080000000000000000e+02
4.040000000000000000e+02
4.130000000000000000e+02
4.040000000000000000e+02
3.960000000000000000e+02
4.040000000000000000e+02
4.040000000000000000e+02
4.000000000000000000e+02
4.280000000000000000e+02
3.920000000000000000e+02
4.000000000000000000e+02
4.070000000000000000e+02
4.000000000000000000e+02
7.540000000000000000e+02
4.040000000000000000e+02
6.800000000000000000e+02
4.093333333333333144e+02
4.280000000000000000e+02
7.266666666666666288e+02
7.586666666666666288e+02
7.520000000000000000e+02
7.546666666666666288e+02
4.060000000000000000e+02
4.040000000000000000e+02
4.040000000000000000e+02
4.040000000000000000e+02
4.000000000000000000e+02
4.080000000000000000e+02
4.000000000000000000e+02
3.960000000000000000e+02
4.080000000000000000e+02
4.080000000000000000e+02
4.080000000000000000e+02
4.026666666666666856e+02
4.030000000000000000e+02
4.000000000000000000e+02
4.000000000000000000e+02
4.000000000000000000e+02
4.080000000000000000e+02
4.040000000000000000e+02
4.040000000000000000e+02
4.160000000000000000e+02
4.080000000000000000e+02
4.120000000000000000e+02
4.120000000000000000e+02
4.640000000000000000e+02
4.080000000000000000e+02
4.120000000000000000e+02
5.960000000000000000e+02
7.510000000000000000e+02
7.333333333333333712e+02
4.240000000000000000e+02
4.160000000000000000e+02
4.120000000000000000e+02
4.120000000000000000e+02
4.080000000000000000e+02
4.200000000000000000e+02
4.040000000000000000e+02
4.070000000000000000e+02
4.040000000000000000e+02
4.040000000000000000e+02
4.040000000000000000e+02
4.010000000000000000e+02
4.000000000000000000e+02
4.080000000000000000e+02
4.120000000000000000e+02
4.000000000000000000e+02
4.000000000000000000e+02
4.000000000000000000e+02
4.040000000000000000e+02
4.040000000000000000e+02
4.000000000000000000e+02
4.040000000000000000e+02
4.200000000000000000e+02
4.120000000000000000e+02
4.240000000000000000e+02
4.200000000000000000e+02
4.120000000000000000e+02
4.240000000000000000e+02
4.320000000000000000e+02
7.480000000000000000e+02
4.090000000000000000e+02
4.360000000000000000e+02
4.160000000000000000e+02
4.120000000000000000e+02
4.200000000000000000e+02
4.160000000000000000e+02
4.080000000000000000e+02
4.160000000000000000e+02
4.040000000000000000e+02
4.040000000000000000e+02
4.000000000000000000e+02
4.040000000000000000e+02
4.080000000000000000e+02
4.040000000000000000e+02
4.320000000000000000e+02
4.160000000000000000e+02
4.160000000000000000e+02
4.120000000000000000e+02
4.040000000000000000e+02
4.040000000000000000e+02
4.000000000000000000e+02
4.040000000000000000e+02
4.040000000000000000e+02
4.000000000000000000e+02
4.040000000000000000e+02
4.020000000000000000e+02
4.200000000000000000e+02
4.160000000000000000e+02
4.170000000000000000e+02
4.200000000000000000e+02
4.520000000000000000e+02
4.400000000000000000e+02
7.493333333333333712e+02
4.320000000000000000e+02
4.200000000000000000e+02
4.850000000000000000e+02
4.200000000000000000e+02
4.160000000000000000e+02
4.160000000000000000e+02
4.120000000000000000e+02
4.026666666666666856e+02
4.040000000000000000e+02
4.040000000000000000e+02
4.000000000000000000e+02
4.000000000000000000e+02
4.040000000000000000e+02
4.200000000000000000e+02
4.120000000000000000e+02
4.160000000000000000e+02
4.200000000000000000e+02
4.040000000000000000e+02
4.000000000000000000e+02
4.000000000000000000e+02
4.040000000000000000e+02
4.040000000000000000e+02
3.960000000000000000e+02
4.120000000000000000e+02
4.173333333333333144e+02
4.000000000000000000e+02
4.040000000000000000e+02
4.760000000000000000e+02
4.080000000000000000e+02
4.040000000000000000e+02
7.550000000000000000e+02
7.520000000000000000e+02
7.480000000000000000e+02
4.120000000000000000e+02
4.120000000000000000e+02
4.040000000000000000e+02
3.960000000000000000e+02
4.080000000000000000e+02
4.240000000000000000e+02
4.080000000000000000e+02
4.040000000000000000e+02
4.080000000000000000e+02
4.040000000000000000e+02
4.000000000000000000e+02
3.960000000000000000e+02
4.160000000000000000e+02
4.080000000000000000e+02
4.080000000000000000e+02
4.120000000000000000e+02
4.440000000000000000e+02
4.040000000000000000e+02
4.000000000000000000e+02
4.080000000000000000e+02
4.080000000000000000e+02
4.080000000000000000e+02
3.960000000000000000e+02
4.120000000000000000e+02
4.060000000000000000e+02
7.140000000000000000e+02
7.560000000000000000e+02
4.080000000000000000e+02
7.453333333333333712e+02
4.040000000000000000e+02
4.120000000000000000e+02
4.090000000000000000e+02
7.506666666666666288e+02
4.840000000000000000e+02
4.200000000000000000e+02
4.920000000000000000e+02
4.200000000000000000e+02
4.240000000000000000e+02
4.040000000000000000e+02
4.070000000000000000e+02
4.090000000000000000e+02
4.040000000000000000e+02
4.000000000000000000e+02
4.040000000000000000e+02
4.040000000000000000e+02
4.160000000000000000e+02
4.160000000000000000e+02
4.200000000000000000e+02
4.120000000000000000e+02
4.040000000000000000e+02
4.040000000000000000e+02
4.200000000000000000e+02
4.160000000000000000e+02
4.080000000000000000e+02
4.180000000000000000e+02
4.360000000000000000e+02
4.200000000000000000e+02
4.346666666666666856e+02
4.720000000000000000e+02
4.220000000000000000e+02
4.160000000000000000e+02
7.453333333333333712e+02
7.590000000000000000e+02
7.550000000000000000e+02
4.230000000000000000e+02
6.800000000000000000e+02
6.800000000000000000e+02
7.540000000000000000e+02
4.040000000000000000e+02
4.320000000000000000e+02
4.040000000000000000e+02
4.240000000000000000e+02
4.200000000000000000e+02
4.240000000000000000e+02
4.480000000000000000e+02
4.160000000000000000e+02
4.240000000000000000e+02
4.200000000000000000e+02
4.040000000000000000e+02
4.120000000000000000e+02
4.080000000000000000e+02
4.360000000000000000e+02
4.240000000000000000e+02
4.200000000000000000e+02
4.240000000000000000e+02
4.320000000000000000e+02
4.040000000000000000e+02
4.080000000000000000e+02
3.960000000000000000e+02
6.880000000000000000e+02
7.533333333333333712e+02
7.480000000000000000e+02
7.400000000000000000e+02
7.280000000000000000e+02
7.546666666666666288e+02
7.266666666666666288e+02
7.140000000000000000e+02
7.540000000000000000e+02
4.040000000000000000e+02
3.960000000000000000e+02
4.240000000000000000e+02
4.160000000000000000e+02
3.960000000000000000e+02
4.440000000000000000e+02
4.360000000000000000e+02
4.240000000000000000e+02
4.200000000000000000e+02
4.120000000000000000e+02
4.040000000000000000e+02
4.080000000000000000e+02
4.040000000000000000e+02
4.120000000000000000e+02
4.160000000000000000e+02
4.160000000000000000e+02
4.280000000000000000e+02
4.500000000000000000e+02
4.360000000000000000e+02
3.946666666666666856e+02
4.400000000000000000e+02
3.950000000000000000e+02
4.000000000000000000e+02
4.080000000000000000e+02
4.040000000000000000e+02
4.000000000000000000e+02
3.960000000000000000e+02
7.453333333333333712e+02
7.520000000000000000e+02
4.760000000000000000e+02
4.040000000000000000e+02
4.040000000000000000e+02
3.960000000000000000e+02
4.040000000000000000e+02
7.480000000000000000e+02
4.080000000000000000e+02
4.040000000000000000e+02
4.040000000000000000e+02
4.120000000000000000e+02
3.960000000000000000e+02
4.320000000000000000e+02
4.080000000000000000e+02
4.080000000000000000e+02
4.080000000000000000e+02
4.320000000000000000e+02
4.266666666666666856e+02
4.240000000000000000e+02
4.340000000000000000e+02
4.480000000000000000e+02
7.540000000000000000e+02
4.120000000000000000e+02
4.120000000000000000e+02
4.080000000000000000e+02
7.573333333333333712e+02
4.080000000000000000e+02
4.040000000000000000e+02
4.280000000000000000e+02
4.220000000000000000e+02
3.933333333333333144e+02
4.280000000000000000e+02
