5.760000000000000000e+02
5.720000000000000000e+02
5.640000000000000000e+02
5.840000000000000000e+02
5.840000000000000000e+02
5.920000000000000000e+02
6.520000000000000000e+02
5.920000000000000000e+02
5.800000000000000000e+02
5.930000000000000000e+02
5.840000000000000000e+02
5.906666666666666288e+02
6.480000000000000000e+02
6.400000000000000000e+02
5.960000000000000000e+02
6.040000000000000000e+02
6.000000000000000000e+02
5.920000000000000000e+02
6.000000000000000000e+02
5.880000000000000000e+02
5.920000000000000000e+02
5.880000000000000000e+02
5.920000000000000000e+02
5.960000000000000000e+02
5.830000000000000000e+02
5.980000000000000000e+02
6.260000000000000000e+02
6.053333333333333712e+02
5.866666666666666288e+02
5.920000000000000000e+02
5.920000000000000000e+02
5.920000000000000000e+02
5.880000000000000000e+02
5.820000000000000000e+02
5.840000000000000000e+02
5.960000000000000000e+02
7.960000000000000000e+02
7.800000000000000000e+02
7.760000000000000000e+02
6.653333333333333712e+02
5.720000000000000000e+02
5.450000000000000000e+02
5.240000000000000000e+02
5.230000000000000000e+02
6.600000000000000000e+02
7.840000000000000000e+02
7.920000000000000000e+02
5.880000000000000000e+02
6.140000000000000000e+02
5.960000000000000000e+02
6.160000000000000000e+02
5.893333333333333712e+02
5.840000000000000000e+02
5.826666666666666288e+02
6.480000000000000000e+02
5.960000000000000000e+02
5.920000000000000000e+02
6.000000000000000000e+02
6.280000000000000000e+02
6.220000000000000000e+02
5.840000000000000000e+02
5.880000000000000000e+02
5.920000000000000000e+02
5.920000000000000000e+02
5.880000000000000000e+02
5.800000000000000000e+02
6.030000000000000000e+02
6.000000000000000000e+02
6.053333333333333712e+02
6.066666666666666288e+02
5.940000000000000000e+02
5.946666666666666288e+02
5.970000000000000000e+02
6.200000000000000000e+02
5.800000000000000000e+02
6.050000000000000000e+02
6.000000000000000000e+02
5.960000000000000000e+02
7.960000000000000000e+02
7.960000000000000000e+02
7.960000000000000000e+02
5.893333333333333712e+02
5.800000000000000000e+02
5.120000000000000000e+02
4.920000000000000000e+02
4.920000000000000000e+02
5.840000000000000000e+02
7.960000000000000000e+02
7.960000000000000000e+02
5.960000000000000000e+02
6.080000000000000000e+02
6.050000000000000000e+02
6.080000000000000000e+02
5.960000000000000000e+02
5.960000000000000000e+02
6.480000000000000000e+02
6.430000000000000000e+02
5.893333333333333712e+02
5.880000000000000000e+02
6.000000000000000000e+02
5.920000000000000000e+02
5.880000000000000000e+02
5.840000000000000000e+02
5.880000000000000000e+02
5.986666666666666288e+02
5.880000000000000000e+02
5.920000000000000000e+02
5.840000000000000000e+02
5.840000000000000000e+02
5.910000000000000000e+02
5.920000000000000000e+02
5.960000000000000000e+02
5.920000000000000000e+02
5.920000000000000000e+02
5.920000000000000000e+02
5.920000000000000000e+02
5.960000000000000000e+02
5.960000000000000000e+02
5.960000000000000000e+02
5.880000000000000000e+02
6.146666666666666288e+02
6.040000000000000000e+02
5.760000000000000000e+02
6.333333333333333712e+02
5.960000000000000000e+02
6.050000000000000000e+02
4.840000000000000000e+02
5.960000000000000000e+02
6.080000000000000000e+02
6.120000000000000000e+02
6.130000000000000000e+02
6.000000000000000000e+02
6.040000000000000000e+02
5.920000000000000000e+02
5.920000000000000000e+02
5.960000000000000000e+02
5.960000000000000000e+02
5.920000000000000000e+02
5.920000000000000000e+02
5.920000000000000000e+02
5.880000000000000000e+02
5.960000000000000000e+02
5.920000000000000000e+02
5.920000000000000000e+02
5.920000000000000000e+02
5.920000000000000000e+02
5.960000000000000000e+02
5.960000000000000000e+02
7.720000000000000000e+02
5.920000000000000000e+02
5.920000000000000000e+02
5.920000000000000000e+02
5.960000000000000000e+02
5.880000000000000000e+02
5.920000000000000000e+02
5.880000000000000000e+02
5.880000000000000000e+02
5.880000000000000000e+02
5.960000000000000000e+02
5.960000000000000000e+02
5.960000000000000000e+02
6.040000000000000000e+02
6.080000000000000000e+02
6.080000000000000000e+02
6.040000000000000000e+02
6.080000000000000000e+02
6.040000000000000000e+02
6.000000000000000000e+02
5.030000000000000000e+02
4.960000000000000000e+02
6.080000000000000000e+02
6.050000000000000000e+02
6.040000000000000000e+02
6.080000000000000000e+02
6.240000000000000000e+02
5.920000000000000000e+02
5.920000000000000000e+02
5.920000000000000000e+02
5.920000000000000000e+02
5.920000000000000000e+02
5.920000000000000000e+02
5.920000000000000000e+02
5.880000000000000000e+02
5.920000000000000000e+02
5.920000000000000000e+02
5.920000000000000000e+02
7.960000000000000000e+02
6.060000000000000000e+02
5.920000000000000000e+02
6.020000000000000000e+02
6.030000000000000000e+02
7.960000000000000000e+02
7.960000000000000000e+02
5.880000000000000000e+02
5.920000000000000000e+02
5.920000000000000000e+02
5.920000000000000000e+02
5.920000000000000000e+02
5.960000000000000000e+02
5.920000000000000000e+02
5.960000000000000000e+02
5.920000000000000000e+02
5.960000000000000000e+02
5.970000000000000000e+02
6.120000000000000000e+02
6.080000000000000000e+02
6.080000000000000000e+02
6.080000000000000000e+02
4.920000000000000000e+02
4.920000000000000000e+02
4.920000000000000000e+02
4.920000000000000000e+02
4.970000000000000000e+02
6.040000000000000000e+02
6.120000000000000000e+02
6.040000000000000000e+02
6.040000000000000000e+02
5.920000000000000000e+02
5.920000000000000000e+02
5.920000000000000000e+02
5.920000000000000000e+02
5.920000000000000000e+02
5.920000000000000000e+02
5.880000000000000000e+02
5.960000000000000000e+02
5.920000000000000000e+02
5.890000000000000000e+02
7.960000000000000000e+02
7.960000000000000000e+02
7.960000000000000000e+02
5.960000000000000000e+02
5.930000000000000000e+02
5.960000000000000000e+02
5.990000000000000000e+02
7.960000000000000000e+02
5.920000000000000000e+02
5.920000000000000000e+02
5.920000000000000000e+02
5.920000000000000000e+02
5.890000000000000000e+02
5.920000000000000000e+02
5.920000000000000000e+02
5.920000000000000000e+02
5.920000000000000000e+02
5.960000000000000000e+02
6.000000000000000000e+02
6.000000000000000000e+02
6.040000000000000000e+02
6.040000000000000000e+02
6.040000000000000000e+02
4.960000000000000000e+02
4.880000000000000000e+02
4.840000000000000000e+02
6.040000000000000000e+02
6.080000000000000000e+02
6.080000000000000000e+02
6.080000000000000000e+02
6.080000000000000000e+02
6.080000000000000000e+02
5.960000000000000000e+02
5.960000000000000000e+02
5.920000000000000000e+02
5.920000000000000000e+02
5.920000000000000000e+02
5.880000000000000000e+02
5.920000000000000000e+02
5.960000000000000000e+02
5.880000000000000000e+02
5.880000000000000000e+02
5.920000000000000000e+02
5.960000000000000000e+02
5.960000000000000000e+02
5.960000000000000000e+02
5.920000000000000000e+02
5.960000000000000000e+02
5.960000000000000000e+02
5.880000000000000000e+02
5.960000000000000000e+02
5.960000000000000000e+02
5.920000000000000000e+02
5.920000000000000000e+02
5.920000000000000000e+02
5.920000000000000000e+02
5.920000000000000000e+02
5.920000000000000000e+02
5.920000000000000000e+02
5.960000000000000000e+02
6.080000000000000000e+02
6.080000000000000000e+02
6.080000000000000000e+02
6.080000000000000000e+02
6.080000000000000000e+02
6.040000000000000000e+02
4.866666666666666856e+02
4.880000000000000000e+02
4.960000000000000000e+02
6.080000000000000000e+02
6.146666666666666288e+02
6.080000000000000000e+02
6.090000000000000000e+02
6.053333333333333712e+02
5.960000000000000000e+02
5.960000000000000000e+02
5.880000000000000000e+02
5.920000000000000000e+02
5.920000000000000000e+02
5.920000000000000000e+02
5.880000000000000000e+02
5.960000000000000000e+02
5.920000000000000000e+02
6.000000000000000000e+02
5.960000000000000000e+02
7.760000000000000000e+02
6.000000000000000000e+02
5.920000000000000000e+02
5.920000000000000000e+02
5.960000000000000000e+02
5.960000000000000000e+02
5.973333333333333712e+02
6.000000000000000000e+02
5.880000000000000000e+02
5.880000000000000000e+02
5.880000000000000000e+02
5.880000000000000000e+02
5.920000000000000000e+02
5.920000000000000000e+02
5.880000000000000000e+02
5.920000000000000000e+02
5.960000000000000000e+02
5.960000000000000000e+02
6.080000000000000000e+02
6.040000000000000000e+02
6.080000000000000000e+02
6.000000000000000000e+02
6.080000000000000000e+02
4.880000000000000000e+02
5.960000000000000000e+02
6.080000000000000000e+02
6.040000000000000000e+02
6.080000000000000000e+02
6.040000000000000000e+02
6.080000000000000000e+02
6.020000000000000000e+02
5.920000000000000000e+02
5.960000000000000000e+02
5.880000000000000000e+02
5.920000000000000000e+02
5.880000000000000000e+02
5.880000000000000000e+02
5.920000000000000000e+02
5.920000000000000000e+02
5.920000000000000000e+02
5.900000000000000000e+02
5.920000000000000000e+02
5.920000000000000000e+02
5.906666666666666288e+02
5.920000000000000000e+02
5.920000000000000000e+02
5.910000000000000000e+02
5.946666666666666288e+02
5.810000000000000000e+02
5.880000000000000000e+02
5.920000000000000000e+02
5.930000000000000000e+02
5.920000000000000000e+02
5.960000000000000000e+02
5.920000000000000000e+02
5.880000000000000000e+02
5.880000000000000000e+02
5.920000000000000000e+02
5.960000000000000000e+02
5.910000000000000000e+02
6.040000000000000000e+02
6.040000000000000000e+02
6.040000000000000000e+02
6.060000000000000000e+02
6.000000000000000000e+02
5.880000000000000000e+02
4.960000000000000000e+02
5.920000000000000000e+02
5.960000000000000000e+02
6.000000000000000000e+02
6.120000000000000000e+02
7.080000000000000000e+02
5.880000000000000000e+02
5.880000000000000000e+02
5.920000000000000000e+02
5.880000000000000000e+02
5.880000000000000000e+02
5.920000000000000000e+02
5.920000000000000000e+02
5.920000000000000000e+02
6.240000000000000000e+02
5.960000000000000000e+02
5.960000000000000000e+02
5.920000000000000000e+02
5.960000000000000000e+02
5.920000000000000000e+02
5.920000000000000000e+02
6.520000000000000000e+02
5.880000000000000000e+02
5.880000000000000000e+02
6.120000000000000000e+02
5.960000000000000000e+02
5.960000000000000000e+02
6.080000000000000000e+02
5.770000000000000000e+02
5.920000000000000000e+02
5.880000000000000000e+02
5.880000000000000000e+02
5.880000000000000000e+02
5.800000000000000000e+02
6.120000000000000000e+02
5.960000000000000000e+02
6.000000000000000000e+02
5.920000000000000000e+02
5.946666666666666288e+02
5.840000000000000000e+02
5.920000000000000000e+02
4.920000000000000000e+02
5.890000000000000000e+02
5.920000000000000000e+02
5.760000000000000000e+02
5.840000000000000000e+02
5.840000000000000000e+02
5.920000000000000000e+02
6.080000000000000000e+02
6.040000000000000000e+02
5.960000000000000000e+02
5.920000000000000000e+02
6.000000000000000000e+02
5.920000000000000000e+02
5.920000000000000000e+02
5.960000000000000000e+02
6.040000000000000000e+02
5.920000000000000000e+02
6.000000000000000000e+02
6.400000000000000000e+02
5.920000000000000000e+02
5.960000000000000000e+02
5.920000000000000000e+02
