5.790000000000000000e+02
5.800000000000000000e+02
5.720000000000000000e+02
6.653333333333333712e+02
7.760000000000000000e+02
5.920000000000000000e+02
6.000000000000000000e+02
5.800000000000000000e+02
5.960000000000000000e+02
5.840000000000000000e+02
5.840000000000000000e+02
6.000000000000000000e+02
6.360000000000000000e+02
5.880000000000000000e+02
5.960000000000000000e+02
6.150000000000000000e+02
6.280000000000000000e+02
6.280000000000000000e+02
5.840000000000000000e+02
5.920000000000000000e+02
5.920000000000000000e+02
5.920000000000000000e+02
5.880000000000000000e+02
5.840000000000000000e+02
5.880000000000000000e+02
5.800000000000000000e+02
6.060000000000000000e+02
5.980000000000000000e+02
5.920000000000000000e+02
6.440000000000000000e+02
6.360000000000000000e+02
5.840000000000000000e+02
5.840000000000000000e+02
5.880000000000000000e+02
6.040000000000000000e+02
6.190000000000000000e+02
5.880000000000000000e+02
7.920000000000000000e+02
7.800000000000000000e+02
6.600000000000000000e+02
5.870000000000000000e+02
5.733333333333333712e+02
5.720000000000000000e+02
5.800000000000000000e+02
5.920000000000000000e+02
7.960000000000000000e+02
7.960000000000000000e+02
7.960000000000000000e+02
5.880000000000000000e+02
6.080000000000000000e+02
5.920000000000000000e+02
5.880000000000000000e+02
6.340000000000000000e+02
5.960000000000000000e+02
5.880000000000000000e+02
5.860000000000000000e+02
5.840000000000000000e+02
5.920000000000000000e+02
5.900000000000000000e+02
5.840000000000000000e+02
5.820000000000000000e+02
5.840000000000000000e+02
5.880000000000000000e+02
5.880000000000000000e+02
5.920000000000000000e+02
5.800000000000000000e+02
5.920000000000000000e+02
5.880000000000000000e+02
5.920000000000000000e+02
5.920000000000000000e+02
5.880000000000000000e+02
5.850000000000000000e+02
5.880000000000000000e+02
5.920000000000000000e+02
5.920000000000000000e+02
6.000000000000000000e+02
5.960000000000000000e+02
6.080000000000000000e+02
7.960000000000000000e+02
7.960000000000000000e+02
5.880000000000000000e+02
6.100000000000000000e+02
5.840000000000000000e+02
4.960000000000000000e+02
5.040000000000000000e+02
5.920000000000000000e+02
5.880000000000000000e+02
6.220000000000000000e+02
5.960000000000000000e+02
6.080000000000000000e+02
5.840000000000000000e+02
5.946666666666666288e+02
5.960000000000000000e+02
5.920000000000000000e+02
5.960000000000000000e+02
5.920000000000000000e+02
5.880000000000000000e+02
5.760000000000000000e+02
5.960000000000000000e+02
5.920000000000000000e+02
5.960000000000000000e+02
5.880000000000000000e+02
6.300000000000000000e+02
5.880000000000000000e+02
5.880000000000000000e+02
5.880000000000000000e+02
5.920000000000000000e+02
5.880000000000000000e+02
5.880000000000000000e+02
5.920000000000000000e+02
5.960000000000000000e+02
5.950000000000000000e+02
5.880000000000000000e+02
5.920000000000000000e+02
5.880000000000000000e+02
5.960000000000000000e+02
5.960000000000000000e+02
5.920000000000000000e+02
5.960000000000000000e+02
6.080000000000000000e+02
6.160000000000000000e+02
6.040000000000000000e+02
6.080000000000000000e+02
6.080000000000000000e+02
6.040000000000000000e+02
6.093333333333333712e+02
6.120000000000000000e+02
5.840000000000000000e+02
6.000000000000000000e+02
6.120000000000000000e+02
6.050000000000000000e+02
6.080000000000000000e+02
6.040000000000000000e+02
5.880000000000000000e+02
5.920000000000000000e+02
5.920000000000000000e+02
5.920000000000000000e+02
5.880000000000000000e+02
5.920000000000000000e+02
5.880000000000000000e+02
5.880000000000000000e+02
5.960000000000000000e+02
5.920000000000000000e+02
5.920000000000000000e+02
5.920000000000000000e+02
5.960000000000000000e+02
5.920000000000000000e+02
5.920000000000000000e+02
5.920000000000000000e+02
5.960000000000000000e+02
5.960000000000000000e+02
5.920000000000000000e+02
5.920000000000000000e+02
5.880000000000000000e+02
5.920000000000000000e+02
5.920000000000000000e+02
5.920000000000000000e+02
5.920000000000000000e+02
5.920000000000000000e+02
5.920000000000000000e+02
5.920000000000000000e+02
6.040000000000000000e+02
6.040000000000000000e+02
6.080000000000000000e+02
6.080000000000000000e+02
6.080000000000000000e+02
6.040000000000000000e+02
6.080000000000000000e+02
4.920000000000000000e+02
4.920000000000000000e+02
6.080000000000000000e+02
6.080000000000000000e+02
6.080000000000000000e+02
6.080000000000000000e+02
6.040000000000000000e+02
5.960000000000000000e+02
5.920000000000000000e+02
5.920000000000000000e+02
5.920000000000000000e+02
5.920000000000000000e+02
5.920000000000000000e+02
5.880000000000000000e+02
5.880000000000000000e+02
5.960000000000000000e+02
5.960000000000000000e+02
5.920000000000000000e+02
5.960000000000000000e+02
6.000000000000000000e+02
5.960000000000000000e+02
6.000000000000000000e+02
5.960000000000000000e+02
6.040000000000000000e+02
5.960000000000000000e+02
5.920000000000000000e+02
5.960000000000000000e+02
5.920000000000000000e+02
5.880000000000000000e+02
5.880000000000000000e+02
5.920000000000000000e+02
5.880000000000000000e+02
5.920000000000000000e+02
5.960000000000000000e+02
5.960000000000000000e+02
6.040000000000000000e+02
6.040000000000000000e+02
6.040000000000000000e+02
6.040000000000000000e+02
6.080000000000000000e+02
6.120000000000000000e+02
4.880000000000000000e+02
4.880000000000000000e+02
6.120000000000000000e+02
6.080000000000000000e+02
6.040000000000000000e+02
6.080000000000000000e+02
6.000000000000000000e+02
6.080000000000000000e+02
5.880000000000000000e+02
5.960000000000000000e+02
5.920000000000000000e+02
5.880000000000000000e+02
5.920000000000000000e+02
5.880000000000000000e+02
5.880000000000000000e+02
5.960000000000000000e+02
5.920000000000000000e+02
5.920000000000000000e+02
5.920000000000000000e+02
5.960000000000000000e+02
5.960000000000000000e+02
5.960000000000000000e+02
5.960000000000000000e+02
5.960000000000000000e+02
5.960000000000000000e+02
5.960000000000000000e+02
5.840000000000000000e+02
5.880000000000000000e+02
5.920000000000000000e+02
5.920000000000000000e+02
5.920000000000000000e+02
5.920000000000000000e+02
5.880000000000000000e+02
5.920000000000000000e+02
5.960000000000000000e+02
5.920000000000000000e+02
6.080000000000000000e+02
6.080000000000000000e+02
6.080000000000000000e+02
6.080000000000000000e+02
6.080000000000000000e+02
6.080000000000000000e+02
6.080000000000000000e+02
4.800000000000000000e+02
4.880000000000000000e+02
6.080000000000000000e+02
6.040000000000000000e+02
6.040000000000000000e+02
6.120000000000000000e+02
6.160000000000000000e+02
5.960000000000000000e+02
5.960000000000000000e+02
5.920000000000000000e+02
5.920000000000000000e+02
5.920000000000000000e+02
5.920000000000000000e+02
5.880000000000000000e+02
5.960000000000000000e+02
5.920000000000000000e+02
5.960000000000000000e+02
5.920000000000000000e+02
5.960000000000000000e+02
5.920000000000000000e+02
5.930000000000000000e+02
5.920000000000000000e+02
5.960000000000000000e+02
6.060000000000000000e+02
5.960000000000000000e+02
6.000000000000000000e+02
5.960000000000000000e+02
5.920000000000000000e+02
5.920000000000000000e+02
5.880000000000000000e+02
5.890000000000000000e+02
5.920000000000000000e+02
5.890000000000000000e+02
5.880000000000000000e+02
6.000000000000000000e+02
6.000000000000000000e+02
6.070000000000000000e+02
6.000000000000000000e+02
6.200000000000000000e+02
6.120000000000000000e+02
6.040000000000000000e+02
4.840000000000000000e+02
4.840000000000000000e+02
6.040000000000000000e+02
6.080000000000000000e+02
6.070000000000000000e+02
6.040000000000000000e+02
6.040000000000000000e+02
6.066666666666666288e+02
5.910000000000000000e+02
5.920000000000000000e+02
5.960000000000000000e+02
5.920000000000000000e+02
5.880000000000000000e+02
5.920000000000000000e+02
5.920000000000000000e+02
5.930000000000000000e+02
5.960000000000000000e+02
5.960000000000000000e+02
6.000000000000000000e+02
5.960000000000000000e+02
6.000000000000000000e+02
5.760000000000000000e+02
5.880000000000000000e+02
5.880000000000000000e+02
5.960000000000000000e+02
5.960000000000000000e+02
5.960000000000000000e+02
5.920000000000000000e+02
5.880000000000000000e+02
5.920000000000000000e+02
5.960000000000000000e+02
5.950000000000000000e+02
5.920000000000000000e+02
5.880000000000000000e+02
5.920000000000000000e+02
5.920000000000000000e+02
6.000000000000000000e+02
6.040000000000000000e+02
6.040000000000000000e+02
6.040000000000000000e+02
6.080000000000000000e+02
6.040000000000000000e+02
6.320000000000000000e+02
4.960000000000000000e+02
5.960000000000000000e+02
6.040000000000000000e+02
6.160000000000000000e+02
6.120000000000000000e+02
6.200000000000000000e+02
6.000000000000000000e+02
6.026666666666666288e+02
5.920000000000000000e+02
5.880000000000000000e+02
5.840000000000000000e+02
5.920000000000000000e+02
5.920000000000000000e+02
5.920000000000000000e+02
5.920000000000000000e+02
5.880000000000000000e+02
5.840000000000000000e+02
6.000000000000000000e+02
6.040000000000000000e+02
5.960000000000000000e+02
5.960000000000000000e+02
6.360000000000000000e+02
5.960000000000000000e+02
5.920000000000000000e+02
5.920000000000000000e+02
6.040000000000000000e+02
5.986666666666666288e+02
6.240000000000000000e+02
5.960000000000000000e+02
5.920000000000000000e+02
5.920000000000000000e+02
5.880000000000000000e+02
5.840000000000000000e+02
5.960000000000000000e+02
5.986666666666666288e+02
5.970000000000000000e+02
5.880000000000000000e+02
5.880000000000000000e+02
6.030000000000000000e+02
6.000000000000000000e+02
4.960000000000000000e+02
4.920000000000000000e+02
4.880000000000000000e+02
4.920000000000000000e+02
6.040000000000000000e+02
5.960000000000000000e+02
6.040000000000000000e+02
6.220000000000000000e+02
5.933333333333333712e+02
6.000000000000000000e+02
5.880000000000000000e+02
5.840000000000000000e+02
5.840000000000000000e+02
5.840000000000000000e+02
5.880000000000000000e+02
5.880000000000000000e+02
6.040000000000000000e+02
6.050000000000000000e+02
6.000000000000000000e+02
5.920000000000000000e+02
5.960000000000000000e+02
5.960000000000000000e+02
5.980000000000000000e+02
6.010000000000000000e+02
5.920000000000000000e+02
6.000000000000000000e+02
5.920000000000000000e+02
5.960000000000000000e+02
5.960000000000000000e+02
6.020000000000000000e+02
6.110000000000000000e+02
6.140000000000000000e+02
5.960000000000000000e+02
6.340000000000000000e+02
5.960000000000000000e+02
6.000000000000000000e+02
6.120000000000000000e+02
6.000000000000000000e+02
5.960000000000000000e+02
5.960000000000000000e+02
6.800000000000000000e+02
5.880000000000000000e+02
5.946666666666666288e+02
4.840000000000000000e+02
5.920000000000000000e+02
5.400000000000000000e+02
5.440000000000000000e+02
6.840000000000000000e+02
6.720000000000000000e+02
5.810000000000000000e+02
5.960000000000000000e+02
5.940000000000000000e+02
6.120000000000000000e+02
5.930000000000000000e+02
5.920000000000000000e+02
5.960000000000000000e+02
6.066666666666666288e+02
5.920000000000000000e+02
5.880000000000000000e+02
6.040000000000000000e+02
6.160000000000000000e+02
6.200000000000000000e+02
6.400000000000000000e+02
6.030000000000000000e+02
5.920000000000000000e+02
