7.770000000000000000e+02
4.880000000000000000e+02
4.800000000000000000e+02
5.400000000000000000e+02
4.906666666666666856e+02
4.940000000000000000e+02
5.400000000000000000e+02
5.440000000000000000e+02
5.000000000000000000e+02
5.040000000000000000e+02
5.160000000000000000e+02
7.520000000000000000e+02
5.080000000000000000e+02
5.000000000000000000e+02
4.960000000000000000e+02
4.930000000000000000e+02
5.000000000000000000e+02
5.240000000000000000e+02
4.880000000000000000e+02
7.480000000000000000e+02
5.040000000000000000e+02
5.040000000000000000e+02
7.453333333333333712e+02
4.920000000000000000e+02
4.940000000000000000e+02
5.040000000000000000e+02
5.000000000000000000e+02
5.200000000000000000e+02
5.040000000000000000e+02
5.080000000000000000e+02
4.960000000000000000e+02
5.080000000000000000e+02
5.720000000000000000e+02
5.120000000000000000e+02
5.053333333333333144e+02
4.960000000000000000e+02
4.960000000000000000e+02
4.960000000000000000e+02
5.040000000000000000e+02
5.000000000000000000e+02
7.940000000000000000e+02
7.773333333333333712e+02
7.820000000000000000e+02
7.906666666666666288e+02
4.960000000000000000e+02
4.960000000000000000e+02
4.920000000000000000e+02
4.960000000000000000e+02
4.920000000000000000e+02
5.010000000000000000e+02
4.970000000000000000e+02
5.030000000000000000e+02
5.040000000000000000e+02
5.000000000000000000e+02
4.960000000000000000e+02
5.040000000000000000e+02
5.000000000000000000e+02
4.960000000000000000e+02
4.960000000000000000e+02
5.000000000000000000e+02
5.000000000000000000e+02
7.520000000000000000e+02
5.213333333333333712e+02
6.860000000000000000e+02
7.480000000000000000e+02
4.950000000000000000e+02
5.040000000000000000e+02
5.060000000000000000e+02
5.000000000000000000e+02
4.960000000000000000e+02
5.000000000000000000e+02
5.080000000000000000e+02
4.960000000000000000e+02
4.970000000000000000e+02
5.000000000000000000e+02
4.970000000000000000e+02
5.000000000000000000e+02
5.000000000000000000e+02
4.960000000000000000e+02
4.960000000000000000e+02
5.000000000000000000e+02
6.930000000000000000e+02
7.960000000000000000e+02
7.960000000000000000e+02
7.960000000000000000e+02
4.960000000000000000e+02
4.960000000000000000e+02
4.960000000000000000e+02
4.960000000000000000e+02
4.960000000000000000e+02
4.920000000000000000e+02
4.960000000000000000e+02
4.960000000000000000e+02
5.000000000000000000e+02
5.000000000000000000e+02
4.960000000000000000e+02
5.000000000000000000e+02
5.000000000000000000e+02
5.010000000000000000e+02
5.040000000000000000e+02
5.080000000000000000e+02
5.040000000000000000e+02
5.586666666666666288e+02
7.370000000000000000e+02
7.170000000000000000e+02
4.893333333333333144e+02
4.960000000000000000e+02
4.986666666666666856e+02
5.000000000000000000e+02
5.120000000000000000e+02
4.970000000000000000e+02
5.160000000000000000e+02
4.880000000000000000e+02
4.946666666666666856e+02
4.960000000000000000e+02
5.000000000000000000e+02
5.040000000000000000e+02
4.960000000000000000e+02
4.960000000000000000e+02
4.960000000000000000e+02
4.920000000000000000e+02
4.960000000000000000e+02
4.880000000000000000e+02
5.120000000000000000e+02
5.200000000000000000e+02
5.010000000000000000e+02
5.000000000000000000e+02
5.000000000000000000e+02
5.040000000000000000e+02
5.000000000000000000e+02
5.040000000000000000e+02
5.000000000000000000e+02
5.040000000000000000e+02
5.000000000000000000e+02
5.000000000000000000e+02
7.493333333333333712e+02
4.960000000000000000e+02
4.960000000000000000e+02
5.000000000000000000e+02
5.180000000000000000e+02
5.120000000000000000e+02
5.040000000000000000e+02
5.040000000000000000e+02
4.940000000000000000e+02
5.000000000000000000e+02
5.026666666666666856e+02
5.100000000000000000e+02
5.480000000000000000e+02
7.510000000000000000e+02
6.720000000000000000e+02
5.040000000000000000e+02
5.580000000000000000e+02
5.040000000000000000e+02
5.000000000000000000e+02
5.040000000000000000e+02
5.040000000000000000e+02
5.200000000000000000e+02
5.000000000000000000e+02
5.000000000000000000e+02
4.960000000000000000e+02
5.280000000000000000e+02
5.040000000000000000e+02
5.000000000000000000e+02
5.000000000000000000e+02
4.920000000000000000e+02
4.960000000000000000e+02
4.960000000000000000e+02
5.000000000000000000e+02
5.000000000000000000e+02
5.000000000000000000e+02
4.960000000000000000e+02
4.960000000000000000e+02
4.960000000000000000e+02
4.960000000000000000e+02
4.960000000000000000e+02
4.920000000000000000e+02
4.920000000000000000e+02
4.960000000000000000e+02
4.960000000000000000e+02
5.080000000000000000e+02
5.080000000000000000e+02
5.010000000000000000e+02
4.960000000000000000e+02
4.960000000000000000e+02
5.160000000000000000e+02
5.240000000000000000e+02
5.230000000000000000e+02
5.200000000000000000e+02
6.760000000000000000e+02
5.280000000000000000e+02
5.130000000000000000e+02
5.120000000000000000e+02
5.120000000000000000e+02
5.213333333333333712e+02
5.040000000000000000e+02
5.080000000000000000e+02
5.040000000000000000e+02
5.040000000000000000e+02
5.040000000000000000e+02
4.950000000000000000e+02
4.960000000000000000e+02
4.960000000000000000e+02
4.960000000000000000e+02
4.960000000000000000e+02
4.960000000000000000e+02
4.960000000000000000e+02
4.960000000000000000e+02
4.920000000000000000e+02
4.960000000000000000e+02
5.000000000000000000e+02
5.000000000000000000e+02
5.040000000000000000e+02
4.933333333333333144e+02
4.960000000000000000e+02
5.000000000000000000e+02
4.960000000000000000e+02
4.960000000000000000e+02
4.960000000000000000e+02
4.960000000000000000e+02
5.000000000000000000e+02
5.000000000000000000e+02
5.000000000000000000e+02
5.080000000000000000e+02
5.000000000000000000e+02
5.000000000000000000e+02
5.130000000000000000e+02
5.000000000000000000e+02
5.000000000000000000e+02
5.040000000000000000e+02
5.160000000000000000e+02
6.853333333333333712e+02
4.910000000000000000e+02
5.600000000000000000e+02
5.120000000000000000e+02
4.960000000000000000e+02
5.270000000000000000e+02
5.260000000000000000e+02
5.080000000000000000e+02
6.786666666666666288e+02
5.080000000000000000e+02
5.080000000000000000e+02
5.080000000000000000e+02
5.040000000000000000e+02
4.960000000000000000e+02
5.000000000000000000e+02
4.960000000000000000e+02
5.000000000000000000e+02
5.000000000000000000e+02
4.960000000000000000e+02
4.960000000000000000e+02
4.990000000000000000e+02
5.000000000000000000e+02
5.040000000000000000e+02
5.000000000000000000e+02
5.000000000000000000e+02
4.960000000000000000e+02
4.960000000000000000e+02
4.960000000000000000e+02
5.040000000000000000e+02
5.000000000000000000e+02
5.000000000000000000e+02
5.000000000000000000e+02
5.060000000000000000e+02
5.040000000000000000e+02
5.160000000000000000e+02
4.920000000000000000e+02
5.040000000000000000e+02
5.080000000000000000e+02
5.130000000000000000e+02
5.080000000000000000e+02
5.160000000000000000e+02
5.360000000000000000e+02
7.500000000000000000e+02
7.520000000000000000e+02
7.506666666666666288e+02
5.226666666666666288e+02
5.180000000000000000e+02
5.110000000000000000e+02
5.050000000000000000e+02
5.080000000000000000e+02
5.080000000000000000e+02
5.040000000000000000e+02
5.040000000000000000e+02
5.080000000000000000e+02
4.880000000000000000e+02
4.946666666666666856e+02
5.000000000000000000e+02
5.000000000000000000e+02
4.960000000000000000e+02
4.960000000000000000e+02
4.960000000000000000e+02
4.960000000000000000e+02
5.000000000000000000e+02
5.040000000000000000e+02
4.960000000000000000e+02
5.040000000000000000e+02
5.040000000000000000e+02
4.970000000000000000e+02
4.960000000000000000e+02
5.000000000000000000e+02
5.000000000000000000e+02
5.000000000000000000e+02
5.000000000000000000e+02
4.960000000000000000e+02
5.000000000000000000e+02
4.960000000000000000e+02
5.120000000000000000e+02
5.120000000000000000e+02
5.080000000000000000e+02
5.000000000000000000e+02
5.040000000000000000e+02
5.080000000000000000e+02
5.000000000000000000e+02
5.340000000000000000e+02
7.180000000000000000e+02
7.440000000000000000e+02
7.533333333333333712e+02
5.460000000000000000e+02
5.120000000000000000e+02
5.040000000000000000e+02
5.000000000000000000e+02
5.040000000000000000e+02
5.040000000000000000e+02
5.640000000000000000e+02
5.000000000000000000e+02
5.030000000000000000e+02
4.893333333333333144e+02
4.960000000000000000e+02
5.000000000000000000e+02
5.000000000000000000e+02
4.960000000000000000e+02
4.960000000000000000e+02
4.960000000000000000e+02
4.880000000000000000e+02
4.920000000000000000e+02
5.200000000000000000e+02
4.920000000000000000e+02
5.080000000000000000e+02
5.000000000000000000e+02
4.960000000000000000e+02
5.000000000000000000e+02
5.000000000000000000e+02
5.000000000000000000e+02
5.000000000000000000e+02
5.000000000000000000e+02
5.040000000000000000e+02
5.080000000000000000e+02
5.000000000000000000e+02
5.040000000000000000e+02
5.000000000000000000e+02
5.040000000000000000e+02
5.360000000000000000e+02
5.120000000000000000e+02
5.226666666666666288e+02
5.200000000000000000e+02
5.000000000000000000e+02
5.060000000000000000e+02
5.080000000000000000e+02
5.060000000000000000e+02
5.200000000000000000e+02
7.480000000000000000e+02
4.960000000000000000e+02
4.960000000000000000e+02
5.160000000000000000e+02
5.000000000000000000e+02
5.040000000000000000e+02
5.080000000000000000e+02
4.960000000000000000e+02
5.280000000000000000e+02
5.120000000000000000e+02
5.040000000000000000e+02
5.000000000000000000e+02
5.000000000000000000e+02
5.000000000000000000e+02
5.000000000000000000e+02
5.040000000000000000e+02
4.880000000000000000e+02
5.000000000000000000e+02
5.040000000000000000e+02
5.760000000000000000e+02
4.960000000000000000e+02
5.000000000000000000e+02
4.960000000000000000e+02
4.960000000000000000e+02
4.960000000000000000e+02
5.000000000000000000e+02
5.080000000000000000e+02
5.320000000000000000e+02
5.360000000000000000e+02
4.920000000000000000e+02
5.000000000000000000e+02
5.040000000000000000e+02
5.000000000000000000e+02
5.040000000000000000e+02
5.000000000000000000e+02
5.013333333333333144e+02
4.990000000000000000e+02
4.933333333333333144e+02
5.010000000000000000e+02
4.960000000000000000e+02
4.960000000000000000e+02
4.960000000000000000e+02
4.840000000000000000e+02
4.840000000000000000e+02
4.950000000000000000e+02
4.930000000000000000e+02
5.180000000000000000e+02
4.950000000000000000e+02
5.390000000000000000e+02
7.560000000000000000e+02
5.320000000000000000e+02
5.133333333333333712e+02
5.040000000000000000e+02
4.960000000000000000e+02
4.880000000000000000e+02
4.880000000000000000e+02
4.920000000000000000e+02
4.920000000000000000e+02
4.920000000000000000e+02
4.960000000000000000e+02
7.733333333333333712e+02
7.840000000000000000e+02
4.960000000000000000e+02
4.960000000000000000e+02
5.000000000000000000e+02
4.960000000000000000e+02
4.960000000000000000e+02
4.960000000000000000e+02
5.080000000000000000e+02
5.080000000000000000e+02
5.266666666666666288e+02
5.480000000000000000e+02
5.000000000000000000e+02
4.960000000000000000e+02
5.000000000000000000e+02
5.420000000000000000e+02
4.880000000000000000e+02
4.840000000000000000e+02
5.000000000000000000e+02
5.000000000000000000e+02
5.000000000000000000e+02
