7.760000000000000000e+02
4.880000000000000000e+02
4.880000000000000000e+02
5.400000000000000000e+02
4.940000000000000000e+02
4.920000000000000000e+02
5.400000000000000000e+02
5.480000000000000000e+02
5.000000000000000000e+02
5.080000000000000000e+02
5.160000000000000000e+02
5.120000000000000000e+02
4.973333333333333144e+02
5.000000000000000000e+02
4.960000000000000000e+02
4.960000000000000000e+02
5.000000000000000000e+02
5.210000000000000000e+02
4.920000000000000000e+02
4.866666666666666856e+02
5.090000000000000000e+02
5.130000000000000000e+02
4.920000000000000000e+02
4.920000000000000000e+02
5.200000000000000000e+02
5.140000000000000000e+02
5.000000000000000000e+02
5.040000000000000000e+02
5.080000000000000000e+02
5.080000000000000000e+02
4.960000000000000000e+02
5.080000000000000000e+02
5.000000000000000000e+02
5.160000000000000000e+02
5.000000000000000000e+02
5.000000000000000000e+02
4.960000000000000000e+02
4.960000000000000000e+02
5.040000000000000000e+02
5.040000000000000000e+02
7.910000000000000000e+02
7.760000000000000000e+02
7.880000000000000000e+02
5.120000000000000000e+02
4.920000000000000000e+02
4.920000000000000000e+02
4.960000000000000000e+02
4.960000000000000000e+02
4.960000000000000000e+02
5.040000000000000000e+02
4.960000000000000000e+02
5.040000000000000000e+02
5.040000000000000000e+02
5.000000000000000000e+02
4.960000000000000000e+02
5.000000000000000000e+02
5.000000000000000000e+02
4.960000000000000000e+02
4.920000000000000000e+02
5.026666666666666856e+02
5.040000000000000000e+02
7.520000000000000000e+02
7.600000000000000000e+02
5.120000000000000000e+02
7.480000000000000000e+02
4.960000000000000000e+02
5.030000000000000000e+02
5.080000000000000000e+02
5.000000000000000000e+02
4.960000000000000000e+02
5.000000000000000000e+02
5.080000000000000000e+02
4.960000000000000000e+02
5.040000000000000000e+02
5.000000000000000000e+02
4.960000000000000000e+02
5.000000000000000000e+02
5.000000000000000000e+02
4.960000000000000000e+02
4.960000000000000000e+02
5.000000000000000000e+02
5.080000000000000000e+02
7.960000000000000000e+02
7.960000000000000000e+02
7.960000000000000000e+02
4.960000000000000000e+02
4.960000000000000000e+02
4.960000000000000000e+02
4.960000000000000000e+02
4.960000000000000000e+02
4.920000000000000000e+02
4.960000000000000000e+02
5.000000000000000000e+02
5.000000000000000000e+02
5.000000000000000000e+02
4.960000000000000000e+02
5.000000000000000000e+02
5.040000000000000000e+02
5.000000000000000000e+02
5.040000000000000000e+02
5.080000000000000000e+02
5.120000000000000000e+02
5.000000000000000000e+02
7.560000000000000000e+02
5.050000000000000000e+02
4.880000000000000000e+02
4.960000000000000000e+02
4.986666666666666856e+02
5.000000000000000000e+02
5.120000000000000000e+02
5.000000000000000000e+02
5.200000000000000000e+02
4.986666666666666856e+02
4.946666666666666856e+02
4.960000000000000000e+02
4.960000000000000000e+02
5.040000000000000000e+02
5.000000000000000000e+02
4.960000000000000000e+02
4.960000000000000000e+02
4.960000000000000000e+02
4.960000000000000000e+02
4.960000000000000000e+02
5.120000000000000000e+02
5.230000000000000000e+02
5.010000000000000000e+02
5.000000000000000000e+02
5.040000000000000000e+02
5.000000000000000000e+02
5.000000000000000000e+02
5.010000000000000000e+02
5.000000000000000000e+02
5.000000000000000000e+02
5.000000000000000000e+02
5.000000000000000000e+02
5.060000000000000000e+02
4.960000000000000000e+02
5.000000000000000000e+02
5.000000000000000000e+02
5.080000000000000000e+02
5.080000000000000000e+02
5.040000000000000000e+02
5.040000000000000000e+02
4.920000000000000000e+02
5.000000000000000000e+02
5.000000000000000000e+02
5.050000000000000000e+02
7.520000000000000000e+02
5.200000000000000000e+02
7.490000000000000000e+02
5.020000000000000000e+02
5.580000000000000000e+02
5.040000000000000000e+02
5.000000000000000000e+02
5.040000000000000000e+02
5.040000000000000000e+02
5.200000000000000000e+02
5.000000000000000000e+02
5.000000000000000000e+02
5.000000000000000000e+02
5.240000000000000000e+02
5.000000000000000000e+02
5.000000000000000000e+02
5.000000000000000000e+02
4.920000000000000000e+02
4.960000000000000000e+02
4.960000000000000000e+02
5.000000000000000000e+02
5.000000000000000000e+02
5.040000000000000000e+02
5.000000000000000000e+02
4.960000000000000000e+02
4.960000000000000000e+02
4.960000000000000000e+02
4.960000000000000000e+02
4.920000000000000000e+02
4.960000000000000000e+02
5.000000000000000000e+02
4.960000000000000000e+02
4.990000000000000000e+02
5.080000000000000000e+02
4.960000000000000000e+02
4.960000000000000000e+02
5.000000000000000000e+02
5.040000000000000000e+02
5.240000000000000000e+02
5.230000000000000000e+02
5.200000000000000000e+02
7.550000000000000000e+02
5.400000000000000000e+02
5.120000000000000000e+02
5.120000000000000000e+02
5.160000000000000000e+02
5.210000000000000000e+02
5.080000000000000000e+02
5.080000000000000000e+02
5.060000000000000000e+02
5.080000000000000000e+02
5.080000000000000000e+02
4.960000000000000000e+02
4.960000000000000000e+02
4.960000000000000000e+02
4.920000000000000000e+02
4.960000000000000000e+02
4.960000000000000000e+02
4.960000000000000000e+02
4.960000000000000000e+02
4.920000000000000000e+02
5.040000000000000000e+02
5.000000000000000000e+02
5.040000000000000000e+02
5.040000000000000000e+02
4.920000000000000000e+02
4.960000000000000000e+02
5.000000000000000000e+02
4.960000000000000000e+02
4.960000000000000000e+02
5.000000000000000000e+02
4.960000000000000000e+02
5.000000000000000000e+02
4.960000000000000000e+02
5.120000000000000000e+02
5.080000000000000000e+02
5.040000000000000000e+02
5.000000000000000000e+02
5.120000000000000000e+02
5.093333333333333144e+02
5.000000000000000000e+02
5.000000000000000000e+02
5.160000000000000000e+02
7.490000000000000000e+02
7.510000000000000000e+02
5.530000000000000000e+02
5.160000000000000000e+02
5.040000000000000000e+02
5.270000000000000000e+02
5.160000000000000000e+02
5.800000000000000000e+02
5.080000000000000000e+02
5.080000000000000000e+02
5.120000000000000000e+02
5.080000000000000000e+02
5.040000000000000000e+02
5.000000000000000000e+02
4.960000000000000000e+02
4.960000000000000000e+02
5.000000000000000000e+02
4.960000000000000000e+02
4.960000000000000000e+02
4.960000000000000000e+02
5.000000000000000000e+02
5.000000000000000000e+02
5.040000000000000000e+02
5.000000000000000000e+02
5.000000000000000000e+02
4.960000000000000000e+02
4.960000000000000000e+02
4.960000000000000000e+02
5.000000000000000000e+02
5.000000000000000000e+02
5.000000000000000000e+02
5.000000000000000000e+02
5.060000000000000000e+02
5.080000000000000000e+02
5.160000000000000000e+02
4.960000000000000000e+02
5.040000000000000000e+02
5.080000000000000000e+02
5.120000000000000000e+02
5.080000000000000000e+02
5.080000000000000000e+02
5.360000000000000000e+02
7.500000000000000000e+02
7.710000000000000000e+02
6.930000000000000000e+02
7.520000000000000000e+02
5.180000000000000000e+02
5.110000000000000000e+02
5.080000000000000000e+02
5.040000000000000000e+02
5.080000000000000000e+02
5.080000000000000000e+02
5.040000000000000000e+02
5.080000000000000000e+02
4.880000000000000000e+02
4.960000000000000000e+02
5.030000000000000000e+02
5.000000000000000000e+02
4.960000000000000000e+02
4.960000000000000000e+02
4.960000000000000000e+02
4.960000000000000000e+02
5.000000000000000000e+02
5.040000000000000000e+02
4.960000000000000000e+02
5.000000000000000000e+02
5.040000000000000000e+02
4.960000000000000000e+02
4.960000000000000000e+02
4.960000000000000000e+02
5.000000000000000000e+02
5.000000000000000000e+02
5.000000000000000000e+02
4.960000000000000000e+02
5.000000000000000000e+02
5.000000000000000000e+02
5.120000000000000000e+02
5.120000000000000000e+02
5.080000000000000000e+02
5.000000000000000000e+02
5.040000000000000000e+02
5.080000000000000000e+02
5.040000000000000000e+02
5.213333333333333712e+02
5.240000000000000000e+02
7.470000000000000000e+02
7.490000000000000000e+02
5.440000000000000000e+02
5.120000000000000000e+02
5.040000000000000000e+02
4.960000000000000000e+02
5.000000000000000000e+02
5.040000000000000000e+02
5.640000000000000000e+02
5.040000000000000000e+02
5.000000000000000000e+02
5.000000000000000000e+02
5.000000000000000000e+02
5.000000000000000000e+02
4.960000000000000000e+02
4.960000000000000000e+02
4.960000000000000000e+02
4.960000000000000000e+02
5.400000000000000000e+02
4.920000000000000000e+02
5.020000000000000000e+02
5.000000000000000000e+02
5.080000000000000000e+02
5.030000000000000000e+02
4.960000000000000000e+02
5.000000000000000000e+02
5.000000000000000000e+02
5.000000000000000000e+02
5.040000000000000000e+02
5.040000000000000000e+02
5.040000000000000000e+02
5.080000000000000000e+02
5.000000000000000000e+02
5.080000000000000000e+02
5.106666666666666856e+02
5.040000000000000000e+02
5.540000000000000000e+02
5.070000000000000000e+02
5.080000000000000000e+02
5.200000000000000000e+02
5.000000000000000000e+02
7.500000000000000000e+02
6.820000000000000000e+02
6.760000000000000000e+02
5.200000000000000000e+02
7.530000000000000000e+02
4.920000000000000000e+02
5.000000000000000000e+02
5.170000000000000000e+02
4.960000000000000000e+02
5.040000000000000000e+02
5.080000000000000000e+02
4.920000000000000000e+02
5.280000000000000000e+02
5.120000000000000000e+02
5.000000000000000000e+02
5.040000000000000000e+02
5.000000000000000000e+02
5.000000000000000000e+02
5.000000000000000000e+02
5.000000000000000000e+02
4.880000000000000000e+02
4.973333333333333144e+02
5.040000000000000000e+02
5.760000000000000000e+02
4.920000000000000000e+02
4.960000000000000000e+02
4.960000000000000000e+02
4.920000000000000000e+02
4.960000000000000000e+02
5.000000000000000000e+02
5.080000000000000000e+02
5.210000000000000000e+02
5.360000000000000000e+02
4.920000000000000000e+02
5.040000000000000000e+02
5.080000000000000000e+02
5.000000000000000000e+02
5.040000000000000000e+02
5.040000000000000000e+02
5.013333333333333144e+02
5.000000000000000000e+02
4.990000000000000000e+02
4.970000000000000000e+02
4.960000000000000000e+02
4.960000000000000000e+02
4.920000000000000000e+02
4.840000000000000000e+02
5.413333333333333712e+02
5.000000000000000000e+02
4.960000000000000000e+02
5.400000000000000000e+02
5.040000000000000000e+02
4.960000000000000000e+02
5.130000000000000000e+02
5.253333333333333712e+02
5.133333333333333712e+02
5.000000000000000000e+02
4.960000000000000000e+02
4.880000000000000000e+02
4.880000000000000000e+02
4.920000000000000000e+02
4.960000000000000000e+02
4.920000000000000000e+02
4.960000000000000000e+02
7.733333333333333712e+02
7.866666666666666288e+02
4.960000000000000000e+02
4.960000000000000000e+02
4.920000000000000000e+02
4.960000000000000000e+02
4.960000000000000000e+02
5.000000000000000000e+02
5.080000000000000000e+02
5.080000000000000000e+02
5.210000000000000000e+02
5.380000000000000000e+02
5.000000000000000000e+02
4.980000000000000000e+02
5.000000000000000000e+02
4.800000000000000000e+02
4.880000000000000000e+02
4.880000000000000000e+02
4.960000000000000000e+02
5.000000000000000000e+02
4.960000000000000000e+02
