4.810000000000000000e+02
5.520000000000000000e+02
6.760000000000000000e+02
7.800000000000000000e+02
7.800000000000000000e+02
7.960000000000000000e+02
6.620000000000000000e+02
6.680000000000000000e+02
4.000000000000000000e+02
4.450000000000000000e+02
4.200000000000000000e+02
4.120000000000000000e+02
4.080000000000000000e+02
4.170000000000000000e+02
7.720000000000000000e+02
7.720000000000000000e+02
7.760000000000000000e+02
4.026666666666666856e+02
4.080000000000000000e+02
4.040000000000000000e+02
4.080000000000000000e+02
7.440000000000000000e+02
4.050000000000000000e+02
4.040000000000000000e+02
4.040000000000000000e+02
4.000000000000000000e+02
7.960000000000000000e+02
7.670000000000000000e+02
4.080000000000000000e+02
4.080000000000000000e+02
4.140000000000000000e+02
3.960000000000000000e+02
4.520000000000000000e+02
4.506666666666666856e+02
4.530000000000000000e+02
7.440000000000000000e+02
7.840000000000000000e+02
7.800000000000000000e+02
7.760000000000000000e+02
6.680000000000000000e+02
6.173333333333333712e+02
4.720000000000000000e+02
4.040000000000000000e+02
6.640000000000000000e+02
6.670000000000000000e+02
7.840000000000000000e+02
7.880000000000000000e+02
7.920000000000000000e+02
4.120000000000000000e+02
4.000000000000000000e+02
3.960000000000000000e+02
4.053333333333333144e+02
4.120000000000000000e+02
4.200000000000000000e+02
4.000000000000000000e+02
4.080000000000000000e+02
7.540000000000000000e+02
7.960000000000000000e+02
4.160000000000000000e+02
4.080000000000000000e+02
4.000000000000000000e+02
4.040000000000000000e+02
4.120000000000000000e+02
7.680000000000000000e+02
4.040000000000000000e+02
4.000000000000000000e+02
4.160000000000000000e+02
4.080000000000000000e+02
3.973333333333333144e+02
7.960000000000000000e+02
7.960000000000000000e+02
7.840000000000000000e+02
4.080000000000000000e+02
4.040000000000000000e+02
4.290000000000000000e+02
4.520000000000000000e+02
3.960000000000000000e+02
7.960000000000000000e+02
7.960000000000000000e+02
7.960000000000000000e+02
7.920000000000000000e+02
7.960000000000000000e+02
7.630000000000000000e+02
4.010000000000000000e+02
3.906666666666666856e+02
4.040000000000000000e+02
7.960000000000000000e+02
7.960000000000000000e+02
7.960000000000000000e+02
4.000000000000000000e+02
3.960000000000000000e+02
4.040000000000000000e+02
4.000000000000000000e+02
4.080000000000000000e+02
4.120000000000000000e+02
4.013333333333333144e+02
4.080000000000000000e+02
7.960000000000000000e+02
7.960000000000000000e+02
7.960000000000000000e+02
7.960000000000000000e+02
7.950000000000000000e+02
7.880000000000000000e+02
7.960000000000000000e+02
7.960000000000000000e+02
7.960000000000000000e+02
7.960000000000000000e+02
7.960000000000000000e+02
7.960000000000000000e+02
7.960000000000000000e+02
7.960000000000000000e+02
7.960000000000000000e+02
7.960000000000000000e+02
4.000000000000000000e+02
4.040000000000000000e+02
4.060000000000000000e+02
4.040000000000000000e+02
4.000000000000000000e+02
4.040000000000000000e+02
4.000000000000000000e+02
4.080000000000000000e+02
4.120000000000000000e+02
4.080000000000000000e+02
3.960000000000000000e+02
4.040000000000000000e+02
7.506666666666666288e+02
4.160000000000000000e+02
4.120000000000000000e+02
4.040000000000000000e+02
4.080000000000000000e+02
4.160000000000000000e+02
3.880000000000000000e+02
3.853333333333333144e+02
4.040000000000000000e+02
4.040000000000000000e+02
4.040000000000000000e+02
3.960000000000000000e+02
4.040000000000000000e+02
4.040000000000000000e+02
4.040000000000000000e+02
7.960000000000000000e+02
7.960000000000000000e+02
7.960000000000000000e+02
7.760000000000000000e+02
7.960000000000000000e+02
7.960000000000000000e+02
7.960000000000000000e+02
7.960000000000000000e+02
7.960000000000000000e+02
7.880000000000000000e+02
7.960000000000000000e+02
7.960000000000000000e+02
7.960000000000000000e+02
7.960000000000000000e+02
7.960000000000000000e+02
4.000000000000000000e+02
4.040000000000000000e+02
4.040000000000000000e+02
4.000000000000000000e+02
4.040000000000000000e+02
4.000000000000000000e+02
4.000000000000000000e+02
4.040000000000000000e+02
4.120000000000000000e+02
4.120000000000000000e+02
4.000000000000000000e+02
4.040000000000000000e+02
4.080000000000000000e+02
4.280000000000000000e+02
4.200000000000000000e+02
4.040000000000000000e+02
4.160000000000000000e+02
4.040000000000000000e+02
4.040000000000000000e+02
4.040000000000000000e+02
3.960000000000000000e+02
4.000000000000000000e+02
4.000000000000000000e+02
4.000000000000000000e+02
4.040000000000000000e+02
4.040000000000000000e+02
7.960000000000000000e+02
7.960000000000000000e+02
7.960000000000000000e+02
7.960000000000000000e+02
7.960000000000000000e+02
7.960000000000000000e+02
7.920000000000000000e+02
7.960000000000000000e+02
7.960000000000000000e+02
7.960000000000000000e+02
7.960000000000000000e+02
7.960000000000000000e+02
7.960000000000000000e+02
7.960000000000000000e+02
7.960000000000000000e+02
7.800000000000000000e+02
4.040000000000000000e+02
4.000000000000000000e+02
4.000000000000000000e+02
4.000000000000000000e+02
4.000000000000000000e+02
4.000000000000000000e+02
4.000000000000000000e+02
4.080000000000000000e+02
4.080000000000000000e+02
4.030000000000000000e+02
4.080000000000000000e+02
4.120000000000000000e+02
4.150000000000000000e+02
4.160000000000000000e+02
4.160000000000000000e+02
4.160000000000000000e+02
4.000000000000000000e+02
4.040000000000000000e+02
4.000000000000000000e+02
4.000000000000000000e+02
4.000000000000000000e+02
4.040000000000000000e+02
4.000000000000000000e+02
4.040000000000000000e+02
4.000000000000000000e+02
4.000000000000000000e+02
4.040000000000000000e+02
7.960000000000000000e+02
7.960000000000000000e+02
7.760000000000000000e+02
7.960000000000000000e+02
7.960000000000000000e+02
7.960000000000000000e+02
7.960000000000000000e+02
7.960000000000000000e+02
7.960000000000000000e+02
7.960000000000000000e+02
7.880000000000000000e+02
7.840000000000000000e+02
7.800000000000000000e+02
4.040000000000000000e+02
4.000000000000000000e+02
4.000000000000000000e+02
4.000000000000000000e+02
4.000000000000000000e+02
4.000000000000000000e+02
4.000000000000000000e+02
4.000000000000000000e+02
4.000000000000000000e+02
4.040000000000000000e+02
4.040000000000000000e+02
4.000000000000000000e+02
4.200000000000000000e+02
4.160000000000000000e+02
4.120000000000000000e+02
4.160000000000000000e+02
4.160000000000000000e+02
4.160000000000000000e+02
4.090000000000000000e+02
4.040000000000000000e+02
4.040000000000000000e+02
4.000000000000000000e+02
4.000000000000000000e+02
4.000000000000000000e+02
4.040000000000000000e+02
4.040000000000000000e+02
4.000000000000000000e+02
4.000000000000000000e+02
4.040000000000000000e+02
4.080000000000000000e+02
4.080000000000000000e+02
7.720000000000000000e+02
7.760000000000000000e+02
7.813333333333333712e+02
7.960000000000000000e+02
7.920000000000000000e+02
7.653333333333333712e+02
7.960000000000000000e+02
7.960000000000000000e+02
7.960000000000000000e+02
7.960000000000000000e+02
7.960000000000000000e+02
7.960000000000000000e+02
7.960000000000000000e+02
3.960000000000000000e+02
3.960000000000000000e+02
4.000000000000000000e+02
4.000000000000000000e+02
3.960000000000000000e+02
3.960000000000000000e+02
3.960000000000000000e+02
4.000000000000000000e+02
4.000000000000000000e+02
4.000000000000000000e+02
4.120000000000000000e+02
4.120000000000000000e+02
4.160000000000000000e+02
4.200000000000000000e+02
4.160000000000000000e+02
7.390000000000000000e+02
4.120000000000000000e+02
4.120000000000000000e+02
4.066666666666666856e+02
3.980000000000000000e+02
3.920000000000000000e+02
3.960000000000000000e+02
4.040000000000000000e+02
4.040000000000000000e+02
4.040000000000000000e+02
4.040000000000000000e+02
4.360000000000000000e+02
7.960000000000000000e+02
7.920000000000000000e+02
7.960000000000000000e+02
7.760000000000000000e+02
7.720000000000000000e+02
7.760000000000000000e+02
7.960000000000000000e+02
7.960000000000000000e+02
7.960000000000000000e+02
7.960000000000000000e+02
7.960000000000000000e+02
7.960000000000000000e+02
7.920000000000000000e+02
7.960000000000000000e+02
7.960000000000000000e+02
4.120000000000000000e+02
4.040000000000000000e+02
4.040000000000000000e+02
4.040000000000000000e+02
4.000000000000000000e+02
3.960000000000000000e+02
4.040000000000000000e+02
4.040000000000000000e+02
4.040000000000000000e+02
4.120000000000000000e+02
4.200000000000000000e+02
4.160000000000000000e+02
4.120000000000000000e+02
4.360000000000000000e+02
4.160000000000000000e+02
4.160000000000000000e+02
4.120000000000000000e+02
7.960000000000000000e+02
4.346666666666666856e+02
4.040000000000000000e+02
4.000000000000000000e+02
4.360000000000000000e+02
4.360000000000000000e+02
4.360000000000000000e+02
7.960000000000000000e+02
4.160000000000000000e+02
4.160000000000000000e+02
3.893333333333333144e+02
7.800000000000000000e+02
7.960000000000000000e+02
7.960000000000000000e+02
7.960000000000000000e+02
7.840000000000000000e+02
7.960000000000000000e+02
7.960000000000000000e+02
7.960000000000000000e+02
7.840000000000000000e+02
7.840000000000000000e+02
7.453333333333333712e+02
7.410000000000000000e+02
4.320000000000000000e+02
4.160000000000000000e+02
4.160000000000000000e+02
4.120000000000000000e+02
4.120000000000000000e+02
4.160000000000000000e+02
4.120000000000000000e+02
4.200000000000000000e+02
4.120000000000000000e+02
7.960000000000000000e+02
7.960000000000000000e+02
4.080000000000000000e+02
4.200000000000000000e+02
4.200000000000000000e+02
4.480000000000000000e+02
4.680000000000000000e+02
4.140000000000000000e+02
4.240000000000000000e+02
6.320000000000000000e+02
4.220000000000000000e+02
4.000000000000000000e+02
4.280000000000000000e+02
4.040000000000000000e+02
4.000000000000000000e+02
4.160000000000000000e+02
4.200000000000000000e+02
4.200000000000000000e+02
7.960000000000000000e+02
4.180000000000000000e+02
4.040000000000000000e+02
7.680000000000000000e+02
4.040000000000000000e+02
7.960000000000000000e+02
7.960000000000000000e+02
7.960000000000000000e+02
7.380000000000000000e+02
4.040000000000000000e+02
7.960000000000000000e+02
7.960000000000000000e+02
7.960000000000000000e+02
4.080000000000000000e+02
3.960000000000000000e+02
4.280000000000000000e+02
4.140000000000000000e+02
7.960000000000000000e+02
7.960000000000000000e+02
4.026666666666666856e+02
7.960000000000000000e+02
4.080000000000000000e+02
4.120000000000000000e+02
3.826666666666666856e+02
3.960000000000000000e+02
7.653333333333333712e+02
7.560000000000000000e+02
4.360000000000000000e+02
4.000000000000000000e+02
4.560000000000000000e+02
4.240000000000000000e+02
4.560000000000000000e+02
7.440000000000000000e+02
6.800000000000000000e+02
6.930000000000000000e+02
7.800000000000000000e+02
4.040000000000000000e+02
7.960000000000000000e+02
4.040000000000000000e+02
4.040000000000000000e+02
4.080000000000000000e+02
4.070000000000000000e+02
4.040000000000000000e+02
4.040000000000000000e+02
4.000000000000000000e+02
4.080000000000000000e+02
4.040000000000000000e+02
7.960000000000000000e+02
4.040000000000000000e+02
4.000000000000000000e+02
7.500000000000000000e+02
