4.840000000000000000e+02
5.520000000000000000e+02
6.810000000000000000e+02
6.746666666666666288e+02
7.880000000000000000e+02
7.960000000000000000e+02
6.620000000000000000e+02
6.680000000000000000e+02
4.000000000000000000e+02
4.440000000000000000e+02
4.200000000000000000e+02
4.080000000000000000e+02
4.080000000000000000e+02
4.170000000000000000e+02
7.720000000000000000e+02
7.760000000000000000e+02
7.760000000000000000e+02
4.000000000000000000e+02
4.040000000000000000e+02
4.040000000000000000e+02
4.080000000000000000e+02
3.940000000000000000e+02
4.040000000000000000e+02
4.040000000000000000e+02
7.960000000000000000e+02
3.960000000000000000e+02
7.850000000000000000e+02
7.666666666666666288e+02
4.080000000000000000e+02
4.080000000000000000e+02
7.960000000000000000e+02
4.010000000000000000e+02
4.520000000000000000e+02
3.940000000000000000e+02
4.490000000000000000e+02
4.510000000000000000e+02
7.820000000000000000e+02
7.800000000000000000e+02
7.800000000000000000e+02
6.680000000000000000e+02
6.170000000000000000e+02
4.720000000000000000e+02
4.070000000000000000e+02
4.013333333333333144e+02
6.640000000000000000e+02
7.880000000000000000e+02
7.880000000000000000e+02
7.920000000000000000e+02
4.120000000000000000e+02
4.000000000000000000e+02
3.960000000000000000e+02
4.120000000000000000e+02
4.120000000000000000e+02
4.440000000000000000e+02
4.340000000000000000e+02
4.053333333333333144e+02
7.860000000000000000e+02
7.960000000000000000e+02
4.160000000000000000e+02
4.120000000000000000e+02
4.000000000000000000e+02
4.040000000000000000e+02
4.080000000000000000e+02
7.720000000000000000e+02
4.030000000000000000e+02
4.000000000000000000e+02
4.160000000000000000e+02
4.120000000000000000e+02
3.973333333333333144e+02
7.960000000000000000e+02
7.960000000000000000e+02
4.160000000000000000e+02
4.080000000000000000e+02
4.040000000000000000e+02
4.080000000000000000e+02
4.400000000000000000e+02
4.000000000000000000e+02
7.960000000000000000e+02
7.960000000000000000e+02
7.960000000000000000e+02
7.960000000000000000e+02
7.920000000000000000e+02
3.960000000000000000e+02
4.040000000000000000e+02
4.000000000000000000e+02
4.080000000000000000e+02
7.960000000000000000e+02
7.960000000000000000e+02
7.960000000000000000e+02
7.960000000000000000e+02
4.000000000000000000e+02
4.040000000000000000e+02
4.010000000000000000e+02
4.080000000000000000e+02
4.080000000000000000e+02
4.013333333333333144e+02
4.050000000000000000e+02
7.960000000000000000e+02
7.960000000000000000e+02
7.960000000000000000e+02
7.960000000000000000e+02
7.950000000000000000e+02
7.840000000000000000e+02
7.960000000000000000e+02
7.960000000000000000e+02
7.960000000000000000e+02
7.960000000000000000e+02
7.960000000000000000e+02
7.960000000000000000e+02
7.960000000000000000e+02
7.960000000000000000e+02
7.960000000000000000e+02
7.960000000000000000e+02
4.040000000000000000e+02
4.040000000000000000e+02
4.040000000000000000e+02
4.040000000000000000e+02
4.000000000000000000e+02
4.040000000000000000e+02
4.000000000000000000e+02
4.080000000000000000e+02
4.080000000000000000e+02
4.080000000000000000e+02
3.960000000000000000e+02
4.030000000000000000e+02
7.480000000000000000e+02
4.186666666666666856e+02
4.160000000000000000e+02
4.040000000000000000e+02
4.080000000000000000e+02
4.160000000000000000e+02
3.940000000000000000e+02
4.410000000000000000e+02
4.080000000000000000e+02
4.040000000000000000e+02
4.040000000000000000e+02
3.960000000000000000e+02
4.080000000000000000e+02
4.040000000000000000e+02
4.040000000000000000e+02
7.960000000000000000e+02
7.960000000000000000e+02
7.960000000000000000e+02
7.800000000000000000e+02
4.070000000000000000e+02
7.960000000000000000e+02
7.960000000000000000e+02
7.960000000000000000e+02
7.960000000000000000e+02
7.960000000000000000e+02
7.960000000000000000e+02
7.960000000000000000e+02
7.960000000000000000e+02
7.960000000000000000e+02
4.040000000000000000e+02
4.040000000000000000e+02
4.040000000000000000e+02
4.000000000000000000e+02
4.000000000000000000e+02
4.000000000000000000e+02
4.000000000000000000e+02
4.000000000000000000e+02
4.000000000000000000e+02
4.160000000000000000e+02
4.120000000000000000e+02
4.000000000000000000e+02
4.050000000000000000e+02
4.040000000000000000e+02
4.280000000000000000e+02
4.200000000000000000e+02
4.040000000000000000e+02
4.200000000000000000e+02
4.040000000000000000e+02
4.040000000000000000e+02
4.040000000000000000e+02
3.960000000000000000e+02
4.000000000000000000e+02
4.000000000000000000e+02
4.000000000000000000e+02
4.040000000000000000e+02
4.040000000000000000e+02
7.960000000000000000e+02
7.960000000000000000e+02
7.960000000000000000e+02
7.960000000000000000e+02
7.960000000000000000e+02
7.960000000000000000e+02
7.880000000000000000e+02
7.960000000000000000e+02
7.960000000000000000e+02
7.960000000000000000e+02
7.960000000000000000e+02
7.960000000000000000e+02
7.960000000000000000e+02
7.960000000000000000e+02
7.960000000000000000e+02
7.800000000000000000e+02
4.040000000000000000e+02
4.000000000000000000e+02
4.000000000000000000e+02
4.000000000000000000e+02
4.000000000000000000e+02
4.000000000000000000e+02
4.000000000000000000e+02
4.010000000000000000e+02
4.040000000000000000e+02
3.960000000000000000e+02
4.080000000000000000e+02
4.080000000000000000e+02
4.200000000000000000e+02
4.160000000000000000e+02
4.160000000000000000e+02
4.160000000000000000e+02
4.040000000000000000e+02
4.040000000000000000e+02
4.000000000000000000e+02
4.000000000000000000e+02
4.000000000000000000e+02
4.040000000000000000e+02
4.000000000000000000e+02
4.000000000000000000e+02
4.000000000000000000e+02
4.000000000000000000e+02
4.040000000000000000e+02
7.870000000000000000e+02
7.960000000000000000e+02
7.760000000000000000e+02
7.800000000000000000e+02
7.960000000000000000e+02
7.960000000000000000e+02
7.960000000000000000e+02
7.960000000000000000e+02
7.960000000000000000e+02
7.960000000000000000e+02
7.920000000000000000e+02
7.840000000000000000e+02
7.840000000000000000e+02
4.040000000000000000e+02
4.000000000000000000e+02
4.040000000000000000e+02
4.000000000000000000e+02
4.040000000000000000e+02
4.000000000000000000e+02
4.040000000000000000e+02
4.000000000000000000e+02
4.000000000000000000e+02
4.040000000000000000e+02
4.040000000000000000e+02
4.040000000000000000e+02
4.240000000000000000e+02
4.160000000000000000e+02
4.120000000000000000e+02
4.200000000000000000e+02
4.160000000000000000e+02
4.160000000000000000e+02
4.000000000000000000e+02
4.040000000000000000e+02
4.040000000000000000e+02
4.000000000000000000e+02
4.000000000000000000e+02
4.000000000000000000e+02
4.040000000000000000e+02
4.000000000000000000e+02
4.040000000000000000e+02
4.000000000000000000e+02
4.040000000000000000e+02
4.080000000000000000e+02
4.080000000000000000e+02
7.720000000000000000e+02
7.760000000000000000e+02
7.813333333333333712e+02
7.920000000000000000e+02
7.920000000000000000e+02
7.960000000000000000e+02
7.960000000000000000e+02
7.960000000000000000e+02
7.960000000000000000e+02
7.960000000000000000e+02
4.040000000000000000e+02
7.960000000000000000e+02
4.120000000000000000e+02
4.000000000000000000e+02
3.960000000000000000e+02
4.000000000000000000e+02
4.000000000000000000e+02
3.960000000000000000e+02
3.960000000000000000e+02
3.960000000000000000e+02
4.040000000000000000e+02
4.000000000000000000e+02
4.000000000000000000e+02
4.120000000000000000e+02
4.120000000000000000e+02
4.160000000000000000e+02
4.160000000000000000e+02
4.160000000000000000e+02
7.390000000000000000e+02
4.066666666666666856e+02
4.120000000000000000e+02
3.920000000000000000e+02
4.000000000000000000e+02
3.940000000000000000e+02
3.960000000000000000e+02
4.040000000000000000e+02
4.040000000000000000e+02
4.040000000000000000e+02
4.040000000000000000e+02
4.320000000000000000e+02
7.960000000000000000e+02
7.960000000000000000e+02
7.960000000000000000e+02
7.760000000000000000e+02
7.960000000000000000e+02
7.760000000000000000e+02
7.940000000000000000e+02
7.960000000000000000e+02
7.960000000000000000e+02
7.960000000000000000e+02
7.960000000000000000e+02
7.960000000000000000e+02
7.960000000000000000e+02
7.960000000000000000e+02
4.280000000000000000e+02
4.080000000000000000e+02
4.080000000000000000e+02
4.070000000000000000e+02
4.040000000000000000e+02
4.040000000000000000e+02
3.960000000000000000e+02
4.080000000000000000e+02
4.080000000000000000e+02
4.040000000000000000e+02
4.080000000000000000e+02
4.200000000000000000e+02
4.160000000000000000e+02
4.080000000000000000e+02
4.186666666666666856e+02
4.160000000000000000e+02
4.160000000000000000e+02
4.120000000000000000e+02
7.960000000000000000e+02
7.960000000000000000e+02
4.000000000000000000e+02
3.960000000000000000e+02
4.360000000000000000e+02
4.360000000000000000e+02
4.360000000000000000e+02
4.400000000000000000e+02
4.160000000000000000e+02
4.160000000000000000e+02
3.960000000000000000e+02
7.800000000000000000e+02
7.960000000000000000e+02
7.960000000000000000e+02
7.960000000000000000e+02
7.840000000000000000e+02
7.960000000000000000e+02
7.960000000000000000e+02
7.700000000000000000e+02
7.840000000000000000e+02
7.800000000000000000e+02
7.840000000000000000e+02
7.370000000000000000e+02
4.320000000000000000e+02
4.280000000000000000e+02
4.160000000000000000e+02
4.160000000000000000e+02
4.120000000000000000e+02
4.120000000000000000e+02
4.120000000000000000e+02
4.160000000000000000e+02
4.120000000000000000e+02
7.960000000000000000e+02
7.960000000000000000e+02
4.080000000000000000e+02
4.146666666666666856e+02
4.200000000000000000e+02
4.480000000000000000e+02
4.640000000000000000e+02
4.140000000000000000e+02
4.280000000000000000e+02
6.320000000000000000e+02
4.200000000000000000e+02
4.000000000000000000e+02
4.240000000000000000e+02
4.000000000000000000e+02
4.000000000000000000e+02
4.160000000000000000e+02
4.200000000000000000e+02
4.200000000000000000e+02
7.960000000000000000e+02
4.180000000000000000e+02
4.080000000000000000e+02
7.680000000000000000e+02
4.040000000000000000e+02
7.960000000000000000e+02
7.960000000000000000e+02
7.960000000000000000e+02
4.740000000000000000e+02
4.040000000000000000e+02
7.960000000000000000e+02
4.000000000000000000e+02
7.960000000000000000e+02
4.080000000000000000e+02
3.960000000000000000e+02
4.320000000000000000e+02
4.140000000000000000e+02
7.830000000000000000e+02
7.960000000000000000e+02
4.000000000000000000e+02
7.906666666666666288e+02
4.080000000000000000e+02
4.120000000000000000e+02
7.650000000000000000e+02
3.960000000000000000e+02
7.600000000000000000e+02
7.520000000000000000e+02
4.360000000000000000e+02
4.000000000000000000e+02
4.560000000000000000e+02
4.240000000000000000e+02
4.560000000000000000e+02
6.840000000000000000e+02
6.800000000000000000e+02
6.930000000000000000e+02
7.800000000000000000e+02
4.040000000000000000e+02
4.040000000000000000e+02
4.040000000000000000e+02
4.080000000000000000e+02
4.080000000000000000e+02
4.000000000000000000e+02
4.010000000000000000e+02
4.040000000000000000e+02
4.000000000000000000e+02
4.080000000000000000e+02
4.040000000000000000e+02
7.960000000000000000e+02
4.000000000000000000e+02
4.000000000000000000e+02
7.666666666666666288e+02
