7.960000000000000000e+02
4.920000000000000000e+02
4.920000000000000000e+02
5.600000000000000000e+02
5.080000000000000000e+02
5.200000000000000000e+02
5.240000000000000000e+02
5.440000000000000000e+02
4.946666666666666856e+02
5.000000000000000000e+02
5.050000000000000000e+02
5.010000000000000000e+02
5.000000000000000000e+02
5.040000000000000000e+02
5.040000000000000000e+02
4.960000000000000000e+02
4.960000000000000000e+02
5.200000000000000000e+02
4.920000000000000000e+02
5.280000000000000000e+02
5.320000000000000000e+02
5.130000000000000000e+02
5.013333333333333144e+02
4.920000000000000000e+02
5.160000000000000000e+02
5.040000000000000000e+02
5.040000000000000000e+02
5.240000000000000000e+02
5.040000000000000000e+02
5.040000000000000000e+02
4.960000000000000000e+02
7.920000000000000000e+02
7.880000000000000000e+02
5.080000000000000000e+02
5.000000000000000000e+02
5.000000000000000000e+02
4.960000000000000000e+02
4.960000000000000000e+02
5.000000000000000000e+02
5.000000000000000000e+02
7.940000000000000000e+02
7.800000000000000000e+02
7.920000000000000000e+02
7.920000000000000000e+02
4.930000000000000000e+02
4.960000000000000000e+02
4.960000000000000000e+02
4.960000000000000000e+02
4.960000000000000000e+02
4.960000000000000000e+02
5.000000000000000000e+02
5.040000000000000000e+02
5.000000000000000000e+02
5.000000000000000000e+02
5.000000000000000000e+02
5.000000000000000000e+02
4.960000000000000000e+02
4.960000000000000000e+02
4.880000000000000000e+02
4.980000000000000000e+02
4.920000000000000000e+02
5.360000000000000000e+02
7.520000000000000000e+02
7.960000000000000000e+02
5.680000000000000000e+02
7.660000000000000000e+02
4.990000000000000000e+02
5.000000000000000000e+02
5.000000000000000000e+02
5.400000000000000000e+02
4.990000000000000000e+02
5.080000000000000000e+02
5.020000000000000000e+02
4.960000000000000000e+02
5.000000000000000000e+02
5.000000000000000000e+02
5.040000000000000000e+02
5.000000000000000000e+02
4.970000000000000000e+02
4.960000000000000000e+02
5.000000000000000000e+02
7.960000000000000000e+02
7.960000000000000000e+02
7.960000000000000000e+02
7.960000000000000000e+02
7.960000000000000000e+02
4.960000000000000000e+02
4.960000000000000000e+02
4.960000000000000000e+02
4.920000000000000000e+02
4.920000000000000000e+02
4.960000000000000000e+02
5.000000000000000000e+02
5.000000000000000000e+02
4.970000000000000000e+02
5.040000000000000000e+02
5.000000000000000000e+02
4.960000000000000000e+02
5.000000000000000000e+02
5.040000000000000000e+02
5.120000000000000000e+02
7.890000000000000000e+02
5.590000000000000000e+02
7.210000000000000000e+02
7.960000000000000000e+02
5.140000000000000000e+02
5.000000000000000000e+02
5.000000000000000000e+02
7.880000000000000000e+02
5.000000000000000000e+02
7.840000000000000000e+02
7.800000000000000000e+02
7.960000000000000000e+02
7.760000000000000000e+02
4.960000000000000000e+02
4.970000000000000000e+02
5.000000000000000000e+02
5.000000000000000000e+02
5.000000000000000000e+02
4.960000000000000000e+02
4.960000000000000000e+02
5.000000000000000000e+02
4.920000000000000000e+02
5.000000000000000000e+02
5.130000000000000000e+02
5.186666666666666288e+02
4.970000000000000000e+02
5.000000000000000000e+02
5.040000000000000000e+02
5.000000000000000000e+02
5.000000000000000000e+02
5.010000000000000000e+02
5.000000000000000000e+02
5.000000000000000000e+02
5.040000000000000000e+02
5.010000000000000000e+02
5.000000000000000000e+02
7.810000000000000000e+02
7.800000000000000000e+02
7.800000000000000000e+02
7.800000000000000000e+02
7.720000000000000000e+02
7.680000000000000000e+02
7.840000000000000000e+02
7.840000000000000000e+02
5.040000000000000000e+02
5.186666666666666288e+02
7.640000000000000000e+02
7.960000000000000000e+02
7.660000000000000000e+02
7.720000000000000000e+02
7.720000000000000000e+02
7.720000000000000000e+02
7.800000000000000000e+02
7.880000000000000000e+02
4.910000000000000000e+02
7.800000000000000000e+02
7.800000000000000000e+02
5.000000000000000000e+02
4.960000000000000000e+02
4.840000000000000000e+02
4.960000000000000000e+02
4.960000000000000000e+02
4.960000000000000000e+02
4.960000000000000000e+02
4.960000000000000000e+02
5.000000000000000000e+02
5.000000000000000000e+02
4.960000000000000000e+02
5.000000000000000000e+02
4.960000000000000000e+02
4.960000000000000000e+02
4.960000000000000000e+02
4.960000000000000000e+02
4.960000000000000000e+02
4.960000000000000000e+02
5.000000000000000000e+02
4.960000000000000000e+02
7.706666666666666288e+02
5.120000000000000000e+02
5.080000000000000000e+02
7.960000000000000000e+02
7.960000000000000000e+02
7.960000000000000000e+02
5.160000000000000000e+02
7.960000000000000000e+02
7.960000000000000000e+02
5.240000000000000000e+02
7.680000000000000000e+02
7.600000000000000000e+02
7.560000000000000000e+02
7.960000000000000000e+02
7.960000000000000000e+02
7.960000000000000000e+02
7.960000000000000000e+02
7.960000000000000000e+02
7.960000000000000000e+02
7.960000000000000000e+02
5.080000000000000000e+02
7.960000000000000000e+02
5.000000000000000000e+02
4.960000000000000000e+02
4.960000000000000000e+02
4.960000000000000000e+02
4.960000000000000000e+02
4.960000000000000000e+02
4.960000000000000000e+02
4.960000000000000000e+02
5.000000000000000000e+02
5.000000000000000000e+02
5.000000000000000000e+02
5.040000000000000000e+02
4.920000000000000000e+02
4.960000000000000000e+02
4.960000000000000000e+02
5.000000000000000000e+02
5.000000000000000000e+02
5.000000000000000000e+02
4.960000000000000000e+02
5.000000000000000000e+02
7.960000000000000000e+02
7.960000000000000000e+02
7.960000000000000000e+02
7.960000000000000000e+02
7.960000000000000000e+02
7.960000000000000000e+02
7.960000000000000000e+02
7.960000000000000000e+02
7.960000000000000000e+02
7.860000000000000000e+02
7.630000000000000000e+02
7.960000000000000000e+02
7.960000000000000000e+02
7.960000000000000000e+02
7.960000000000000000e+02
7.960000000000000000e+02
7.960000000000000000e+02
7.960000000000000000e+02
7.960000000000000000e+02
5.080000000000000000e+02
7.960000000000000000e+02
7.960000000000000000e+02
5.030000000000000000e+02
4.960000000000000000e+02
4.960000000000000000e+02
4.960000000000000000e+02
4.960000000000000000e+02
5.000000000000000000e+02
4.960000000000000000e+02
4.960000000000000000e+02
5.000000000000000000e+02
5.000000000000000000e+02
5.000000000000000000e+02
5.040000000000000000e+02
4.960000000000000000e+02
5.000000000000000000e+02
5.000000000000000000e+02
4.960000000000000000e+02
4.960000000000000000e+02
5.000000000000000000e+02
5.000000000000000000e+02
4.920000000000000000e+02
7.960000000000000000e+02
7.960000000000000000e+02
7.960000000000000000e+02
5.040000000000000000e+02
7.880000000000000000e+02
5.090000000000000000e+02
7.960000000000000000e+02
7.960000000000000000e+02
7.960000000000000000e+02
7.960000000000000000e+02
7.960000000000000000e+02
7.900000000000000000e+02
7.800000000000000000e+02
7.840000000000000000e+02
7.960000000000000000e+02
7.730000000000000000e+02
7.720000000000000000e+02
7.760000000000000000e+02
7.840000000000000000e+02
7.960000000000000000e+02
7.960000000000000000e+02
7.960000000000000000e+02
4.920000000000000000e+02
5.000000000000000000e+02
4.986666666666666856e+02
5.000000000000000000e+02
4.960000000000000000e+02
4.960000000000000000e+02
5.000000000000000000e+02
5.000000000000000000e+02
5.000000000000000000e+02
5.040000000000000000e+02
5.000000000000000000e+02
5.040000000000000000e+02
4.960000000000000000e+02
4.960000000000000000e+02
4.960000000000000000e+02
5.000000000000000000e+02
5.000000000000000000e+02
5.000000000000000000e+02
5.000000000000000000e+02
5.000000000000000000e+02
5.000000000000000000e+02
5.040000000000000000e+02
7.960000000000000000e+02
7.760000000000000000e+02
7.720000000000000000e+02
7.720000000000000000e+02
7.760000000000000000e+02
5.080000000000000000e+02
5.120000000000000000e+02
5.146666666666666288e+02
7.420000000000000000e+02
5.320000000000000000e+02
5.106666666666666856e+02
7.920000000000000000e+02
5.080000000000000000e+02
5.080000000000000000e+02
7.960000000000000000e+02
5.080000000000000000e+02
5.080000000000000000e+02
5.160000000000000000e+02
5.080000000000000000e+02
5.040000000000000000e+02
5.000000000000000000e+02
4.960000000000000000e+02
5.000000000000000000e+02
4.970000000000000000e+02
5.000000000000000000e+02
4.960000000000000000e+02
5.000000000000000000e+02
5.040000000000000000e+02
4.960000000000000000e+02
5.013333333333333144e+02
5.000000000000000000e+02
5.040000000000000000e+02
4.960000000000000000e+02
5.000000000000000000e+02
5.000000000000000000e+02
4.960000000000000000e+02
5.000000000000000000e+02
4.970000000000000000e+02
5.040000000000000000e+02
5.040000000000000000e+02
4.960000000000000000e+02
5.080000000000000000e+02
5.120000000000000000e+02
7.960000000000000000e+02
5.080000000000000000e+02
7.960000000000000000e+02
7.960000000000000000e+02
7.720000000000000000e+02
7.920000000000000000e+02
7.920000000000000000e+02
7.400000000000000000e+02
7.480000000000000000e+02
7.440000000000000000e+02
5.800000000000000000e+02
7.600000000000000000e+02
7.960000000000000000e+02
7.920000000000000000e+02
7.893333333333333712e+02
5.040000000000000000e+02
4.900000000000000000e+02
5.040000000000000000e+02
5.080000000000000000e+02
4.960000000000000000e+02
5.040000000000000000e+02
5.000000000000000000e+02
5.000000000000000000e+02
4.960000000000000000e+02
4.920000000000000000e+02
4.960000000000000000e+02
5.000000000000000000e+02
4.960000000000000000e+02
5.120000000000000000e+02
4.960000000000000000e+02
7.800000000000000000e+02
4.960000000000000000e+02
4.920000000000000000e+02
4.960000000000000000e+02
5.000000000000000000e+02
5.000000000000000000e+02
5.000000000000000000e+02
4.960000000000000000e+02
5.240000000000000000e+02
5.080000000000000000e+02
5.133333333333333712e+02
5.000000000000000000e+02
5.030000000000000000e+02
5.080000000000000000e+02
4.960000000000000000e+02
4.960000000000000000e+02
5.000000000000000000e+02
5.040000000000000000e+02
5.000000000000000000e+02
5.173333333333333712e+02
5.160000000000000000e+02
7.480000000000000000e+02
4.890000000000000000e+02
5.340000000000000000e+02
5.000000000000000000e+02
5.000000000000000000e+02
5.000000000000000000e+02
5.040000000000000000e+02
5.040000000000000000e+02
5.000000000000000000e+02
5.120000000000000000e+02
5.280000000000000000e+02
4.920000000000000000e+02
4.920000000000000000e+02
6.030000000000000000e+02
5.000000000000000000e+02
4.960000000000000000e+02
5.240000000000000000e+02
5.120000000000000000e+02
5.040000000000000000e+02
5.013333333333333144e+02
7.900000000000000000e+02
5.040000000000000000e+02
5.000000000000000000e+02
5.293333333333333712e+02
5.040000000000000000e+02
5.000000000000000000e+02
4.960000000000000000e+02
5.040000000000000000e+02
5.080000000000000000e+02
5.040000000000000000e+02
5.146666666666666288e+02
5.470000000000000000e+02
5.030000000000000000e+02
4.920000000000000000e+02
4.960000000000000000e+02
5.120000000000000000e+02
4.920000000000000000e+02
4.800000000000000000e+02
4.960000000000000000e+02
5.040000000000000000e+02
4.960000000000000000e+02
