4.840000000000000000e+02
5.560000000000000000e+02
6.810000000000000000e+02
7.800000000000000000e+02
7.880000000000000000e+02
7.960000000000000000e+02
6.620000000000000000e+02
7.960000000000000000e+02
4.000000000000000000e+02
4.000000000000000000e+02
4.340000000000000000e+02
4.080000000000000000e+02
4.080000000000000000e+02
4.133333333333333144e+02
7.720000000000000000e+02
7.720000000000000000e+02
7.760000000000000000e+02
4.026666666666666856e+02
4.080000000000000000e+02
4.040000000000000000e+02
4.080000000000000000e+02
6.053333333333333712e+02
3.940000000000000000e+02
4.040000000000000000e+02
7.960000000000000000e+02
4.000000000000000000e+02
7.720000000000000000e+02
7.690000000000000000e+02
4.093333333333333144e+02
4.120000000000000000e+02
7.960000000000000000e+02
4.010000000000000000e+02
3.960000000000000000e+02
3.920000000000000000e+02
4.520000000000000000e+02
4.520000000000000000e+02
4.120000000000000000e+02
7.800000000000000000e+02
7.760000000000000000e+02
6.680000000000000000e+02
6.170000000000000000e+02
4.720000000000000000e+02
4.040000000000000000e+02
7.960000000000000000e+02
6.653333333333333712e+02
7.880000000000000000e+02
7.920000000000000000e+02
7.920000000000000000e+02
4.130000000000000000e+02
4.080000000000000000e+02
3.960000000000000000e+02
4.053333333333333144e+02
4.120000000000000000e+02
4.400000000000000000e+02
3.960000000000000000e+02
4.020000000000000000e+02
7.860000000000000000e+02
7.960000000000000000e+02
4.120000000000000000e+02
4.120000000000000000e+02
4.000000000000000000e+02
4.060000000000000000e+02
4.120000000000000000e+02
7.680000000000000000e+02
4.040000000000000000e+02
4.040000000000000000e+02
4.200000000000000000e+02
4.080000000000000000e+02
7.960000000000000000e+02
7.960000000000000000e+02
7.960000000000000000e+02
4.160000000000000000e+02
4.120000000000000000e+02
4.080000000000000000e+02
7.960000000000000000e+02
4.560000000000000000e+02
4.000000000000000000e+02
7.960000000000000000e+02
7.960000000000000000e+02
7.960000000000000000e+02
7.920000000000000000e+02
7.960000000000000000e+02
4.000000000000000000e+02
4.000000000000000000e+02
4.000000000000000000e+02
4.080000000000000000e+02
7.960000000000000000e+02
7.960000000000000000e+02
7.960000000000000000e+02
4.000000000000000000e+02
3.960000000000000000e+02
4.040000000000000000e+02
4.040000000000000000e+02
4.040000000000000000e+02
4.080000000000000000e+02
4.040000000000000000e+02
4.050000000000000000e+02
7.960000000000000000e+02
7.960000000000000000e+02
7.960000000000000000e+02
7.960000000000000000e+02
7.950000000000000000e+02
7.840000000000000000e+02
7.960000000000000000e+02
7.960000000000000000e+02
7.960000000000000000e+02
7.960000000000000000e+02
7.960000000000000000e+02
7.960000000000000000e+02
7.960000000000000000e+02
7.960000000000000000e+02
7.960000000000000000e+02
7.960000000000000000e+02
4.040000000000000000e+02
4.040000000000000000e+02
4.000000000000000000e+02
4.040000000000000000e+02
4.040000000000000000e+02
4.000000000000000000e+02
4.000000000000000000e+02
4.120000000000000000e+02
4.080000000000000000e+02
4.080000000000000000e+02
4.000000000000000000e+02
4.080000000000000000e+02
4.900000000000000000e+02
4.360000000000000000e+02
4.150000000000000000e+02
4.080000000000000000e+02
4.120000000000000000e+02
4.120000000000000000e+02
3.880000000000000000e+02
3.850000000000000000e+02
4.080000000000000000e+02
4.040000000000000000e+02
4.040000000000000000e+02
3.960000000000000000e+02
4.080000000000000000e+02
4.040000000000000000e+02
4.040000000000000000e+02
7.960000000000000000e+02
7.960000000000000000e+02
7.960000000000000000e+02
7.760000000000000000e+02
7.733333333333333712e+02
7.960000000000000000e+02
7.960000000000000000e+02
7.960000000000000000e+02
7.960000000000000000e+02
7.880000000000000000e+02
7.960000000000000000e+02
7.960000000000000000e+02
7.960000000000000000e+02
7.960000000000000000e+02
4.040000000000000000e+02
4.000000000000000000e+02
4.040000000000000000e+02
4.000000000000000000e+02
4.000000000000000000e+02
4.040000000000000000e+02
4.000000000000000000e+02
4.000000000000000000e+02
4.040000000000000000e+02
4.160000000000000000e+02
4.120000000000000000e+02
4.000000000000000000e+02
4.040000000000000000e+02
4.040000000000000000e+02
4.280000000000000000e+02
4.160000000000000000e+02
4.040000000000000000e+02
4.200000000000000000e+02
4.000000000000000000e+02
4.040000000000000000e+02
4.040000000000000000e+02
4.000000000000000000e+02
4.000000000000000000e+02
3.960000000000000000e+02
4.040000000000000000e+02
4.040000000000000000e+02
4.040000000000000000e+02
7.960000000000000000e+02
7.960000000000000000e+02
7.960000000000000000e+02
7.960000000000000000e+02
7.960000000000000000e+02
7.960000000000000000e+02
7.920000000000000000e+02
7.960000000000000000e+02
7.960000000000000000e+02
7.960000000000000000e+02
7.960000000000000000e+02
7.960000000000000000e+02
7.960000000000000000e+02
7.960000000000000000e+02
7.960000000000000000e+02
7.820000000000000000e+02
4.000000000000000000e+02
4.000000000000000000e+02
4.000000000000000000e+02
4.000000000000000000e+02
4.000000000000000000e+02
4.000000000000000000e+02
4.040000000000000000e+02
4.010000000000000000e+02
4.080000000000000000e+02
3.960000000000000000e+02
4.080000000000000000e+02
4.120000000000000000e+02
4.200000000000000000e+02
4.160000000000000000e+02
4.160000000000000000e+02
4.160000000000000000e+02
4.040000000000000000e+02
4.040000000000000000e+02
4.000000000000000000e+02
4.000000000000000000e+02
4.000000000000000000e+02
4.040000000000000000e+02
4.040000000000000000e+02
4.000000000000000000e+02
4.040000000000000000e+02
4.000000000000000000e+02
4.040000000000000000e+02
7.870000000000000000e+02
7.960000000000000000e+02
7.760000000000000000e+02
7.960000000000000000e+02
7.960000000000000000e+02
7.960000000000000000e+02
7.960000000000000000e+02
7.960000000000000000e+02
7.960000000000000000e+02
7.960000000000000000e+02
7.880000000000000000e+02
7.840000000000000000e+02
7.800000000000000000e+02
4.040000000000000000e+02
4.000000000000000000e+02
4.040000000000000000e+02
4.000000000000000000e+02
4.040000000000000000e+02
4.000000000000000000e+02
4.040000000000000000e+02
4.000000000000000000e+02
4.000000000000000000e+02
4.040000000000000000e+02
4.040000000000000000e+02
4.040000000000000000e+02
4.240000000000000000e+02
4.160000000000000000e+02
4.120000000000000000e+02
4.160000000000000000e+02
4.160000000000000000e+02
4.160000000000000000e+02
4.040000000000000000e+02
4.040000000000000000e+02
4.040000000000000000e+02
4.000000000000000000e+02
4.000000000000000000e+02
4.000000000000000000e+02
4.040000000000000000e+02
4.000000000000000000e+02
4.000000000000000000e+02
4.000000000000000000e+02
4.040000000000000000e+02
4.080000000000000000e+02
4.080000000000000000e+02
7.680000000000000000e+02
7.760000000000000000e+02
7.880000000000000000e+02
7.960000000000000000e+02
7.920000000000000000e+02
7.950000000000000000e+02
7.960000000000000000e+02
7.960000000000000000e+02
7.960000000000000000e+02
7.960000000000000000e+02
4.040000000000000000e+02
7.960000000000000000e+02
4.080000000000000000e+02
3.960000000000000000e+02
3.960000000000000000e+02
4.000000000000000000e+02
4.000000000000000000e+02
3.960000000000000000e+02
3.960000000000000000e+02
3.960000000000000000e+02
4.000000000000000000e+02
4.000000000000000000e+02
4.000000000000000000e+02
4.120000000000000000e+02
4.120000000000000000e+02
4.160000000000000000e+02
4.200000000000000000e+02
4.200000000000000000e+02
6.720000000000000000e+02
4.120000000000000000e+02
4.120000000000000000e+02
3.920000000000000000e+02
4.000000000000000000e+02
3.920000000000000000e+02
3.920000000000000000e+02
4.040000000000000000e+02
4.080000000000000000e+02
4.040000000000000000e+02
4.080000000000000000e+02
4.180000000000000000e+02
7.960000000000000000e+02
7.960000000000000000e+02
7.960000000000000000e+02
7.760000000000000000e+02
7.760000000000000000e+02
7.760000000000000000e+02
7.940000000000000000e+02
7.960000000000000000e+02
7.960000000000000000e+02
7.960000000000000000e+02
7.960000000000000000e+02
7.960000000000000000e+02
7.920000000000000000e+02
7.960000000000000000e+02
4.320000000000000000e+02
4.120000000000000000e+02
4.080000000000000000e+02
4.040000000000000000e+02
4.040000000000000000e+02
4.000000000000000000e+02
3.960000000000000000e+02
4.080000000000000000e+02
4.080000000000000000e+02
4.040000000000000000e+02
4.160000000000000000e+02
4.200000000000000000e+02
4.160000000000000000e+02
4.120000000000000000e+02
4.360000000000000000e+02
4.160000000000000000e+02
4.160000000000000000e+02
4.120000000000000000e+02
7.960000000000000000e+02
7.960000000000000000e+02
4.040000000000000000e+02
3.960000000000000000e+02
4.360000000000000000e+02
4.360000000000000000e+02
3.813333333333333144e+02
4.400000000000000000e+02
4.120000000000000000e+02
4.200000000000000000e+02
4.040000000000000000e+02
7.610000000000000000e+02
7.960000000000000000e+02
7.960000000000000000e+02
7.960000000000000000e+02
7.840000000000000000e+02
7.960000000000000000e+02
7.960000000000000000e+02
7.700000000000000000e+02
7.840000000000000000e+02
7.800000000000000000e+02
6.840000000000000000e+02
7.410000000000000000e+02
4.320000000000000000e+02
4.120000000000000000e+02
4.160000000000000000e+02
4.120000000000000000e+02
4.130000000000000000e+02
4.160000000000000000e+02
4.160000000000000000e+02
4.160000000000000000e+02
4.120000000000000000e+02
7.960000000000000000e+02
7.960000000000000000e+02
7.960000000000000000e+02
4.230000000000000000e+02
4.200000000000000000e+02
4.480000000000000000e+02
4.640000000000000000e+02
4.240000000000000000e+02
4.240000000000000000e+02
4.240000000000000000e+02
4.220000000000000000e+02
4.000000000000000000e+02
4.240000000000000000e+02
4.000000000000000000e+02
4.000000000000000000e+02
4.160000000000000000e+02
4.200000000000000000e+02
4.200000000000000000e+02
7.960000000000000000e+02
4.186666666666666856e+02
4.040000000000000000e+02
3.990000000000000000e+02
4.080000000000000000e+02
7.960000000000000000e+02
7.960000000000000000e+02
7.960000000000000000e+02
6.840000000000000000e+02
4.070000000000000000e+02
4.000000000000000000e+02
4.020000000000000000e+02
7.960000000000000000e+02
4.040000000000000000e+02
4.040000000000000000e+02
4.280000000000000000e+02
4.000000000000000000e+02
7.960000000000000000e+02
7.960000000000000000e+02
4.026666666666666856e+02
3.813333333333333144e+02
4.080000000000000000e+02
4.120000000000000000e+02
4.133333333333333144e+02
3.960000000000000000e+02
7.560000000000000000e+02
7.520000000000000000e+02
4.400000000000000000e+02
4.000000000000000000e+02
4.560000000000000000e+02
4.093333333333333144e+02
4.560000000000000000e+02
7.440000000000000000e+02
6.800000000000000000e+02
7.360000000000000000e+02
7.800000000000000000e+02
4.020000000000000000e+02
7.440000000000000000e+02
4.013333333333333144e+02
4.040000000000000000e+02
4.080000000000000000e+02
7.550000000000000000e+02
4.000000000000000000e+02
4.000000000000000000e+02
4.000000000000000000e+02
4.000000000000000000e+02
4.040000000000000000e+02
7.960000000000000000e+02
4.000000000000000000e+02
4.000000000000000000e+02
4.080000000000000000e+02
