7.920000000000000000e+02
4.920000000000000000e+02
4.920000000000000000e+02
5.040000000000000000e+02
5.080000000000000000e+02
5.200000000000000000e+02
5.190000000000000000e+02
4.890000000000000000e+02
4.920000000000000000e+02
5.000000000000000000e+02
5.080000000000000000e+02
4.960000000000000000e+02
5.000000000000000000e+02
5.000000000000000000e+02
5.000000000000000000e+02
4.960000000000000000e+02
4.960000000000000000e+02
5.000000000000000000e+02
4.880000000000000000e+02
5.360000000000000000e+02
5.320000000000000000e+02
5.160000000000000000e+02
5.013333333333333144e+02
4.920000000000000000e+02
5.160000000000000000e+02
5.106666666666666856e+02
5.000000000000000000e+02
5.240000000000000000e+02
5.040000000000000000e+02
5.040000000000000000e+02
7.960000000000000000e+02
5.093333333333333144e+02
7.880000000000000000e+02
5.120000000000000000e+02
5.000000000000000000e+02
4.960000000000000000e+02
4.960000000000000000e+02
5.000000000000000000e+02
5.000000000000000000e+02
5.040000000000000000e+02
7.960000000000000000e+02
7.810000000000000000e+02
7.820000000000000000e+02
5.120000000000000000e+02
4.960000000000000000e+02
4.960000000000000000e+02
4.960000000000000000e+02
4.960000000000000000e+02
4.960000000000000000e+02
4.960000000000000000e+02
4.960000000000000000e+02
5.040000000000000000e+02
5.040000000000000000e+02
5.000000000000000000e+02
5.000000000000000000e+02
5.000000000000000000e+02
4.960000000000000000e+02
4.960000000000000000e+02
4.960000000000000000e+02
5.030000000000000000e+02
4.920000000000000000e+02
5.293333333333333712e+02
6.980000000000000000e+02
6.890000000000000000e+02
7.750000000000000000e+02
4.986666666666666856e+02
5.000000000000000000e+02
5.000000000000000000e+02
4.960000000000000000e+02
5.106666666666666856e+02
5.000000000000000000e+02
5.040000000000000000e+02
4.960000000000000000e+02
7.760000000000000000e+02
4.973333333333333144e+02
4.960000000000000000e+02
5.040000000000000000e+02
5.000000000000000000e+02
5.000000000000000000e+02
5.000000000000000000e+02
5.040000000000000000e+02
7.960000000000000000e+02
7.960000000000000000e+02
7.960000000000000000e+02
7.960000000000000000e+02
7.960000000000000000e+02
4.960000000000000000e+02
4.960000000000000000e+02
4.920000000000000000e+02
4.920000000000000000e+02
4.920000000000000000e+02
4.960000000000000000e+02
4.960000000000000000e+02
5.040000000000000000e+02
5.000000000000000000e+02
5.000000000000000000e+02
5.000000000000000000e+02
5.000000000000000000e+02
5.000000000000000000e+02
5.040000000000000000e+02
5.120000000000000000e+02
7.750000000000000000e+02
5.573333333333333712e+02
6.890000000000000000e+02
7.960000000000000000e+02
5.080000000000000000e+02
5.000000000000000000e+02
4.933333333333333144e+02
7.850000000000000000e+02
5.000000000000000000e+02
7.826666666666666288e+02
7.800000000000000000e+02
7.960000000000000000e+02
7.760000000000000000e+02
4.960000000000000000e+02
5.000000000000000000e+02
5.000000000000000000e+02
4.960000000000000000e+02
5.000000000000000000e+02
4.960000000000000000e+02
4.960000000000000000e+02
5.000000000000000000e+02
4.960000000000000000e+02
5.000000000000000000e+02
5.200000000000000000e+02
5.040000000000000000e+02
5.000000000000000000e+02
5.040000000000000000e+02
5.000000000000000000e+02
4.960000000000000000e+02
5.080000000000000000e+02
5.000000000000000000e+02
5.000000000000000000e+02
5.000000000000000000e+02
5.040000000000000000e+02
5.080000000000000000e+02
4.960000000000000000e+02
7.800000000000000000e+02
7.800000000000000000e+02
7.800000000000000000e+02
7.760000000000000000e+02
7.760000000000000000e+02
7.680000000000000000e+02
7.760000000000000000e+02
7.880000000000000000e+02
5.040000000000000000e+02
5.150000000000000000e+02
7.620000000000000000e+02
7.540000000000000000e+02
7.586666666666666288e+02
7.720000000000000000e+02
7.680000000000000000e+02
7.720000000000000000e+02
7.800000000000000000e+02
7.880000000000000000e+02
4.940000000000000000e+02
7.800000000000000000e+02
7.800000000000000000e+02
5.040000000000000000e+02
5.000000000000000000e+02
4.930000000000000000e+02
4.933333333333333144e+02
4.960000000000000000e+02
4.960000000000000000e+02
4.933333333333333144e+02
5.000000000000000000e+02
4.960000000000000000e+02
5.000000000000000000e+02
4.960000000000000000e+02
5.000000000000000000e+02
5.000000000000000000e+02
4.960000000000000000e+02
4.960000000000000000e+02
4.960000000000000000e+02
4.960000000000000000e+02
4.960000000000000000e+02
4.960000000000000000e+02
4.960000000000000000e+02
4.960000000000000000e+02
5.080000000000000000e+02
5.040000000000000000e+02
7.960000000000000000e+02
7.960000000000000000e+02
7.960000000000000000e+02
5.160000000000000000e+02
7.960000000000000000e+02
7.960000000000000000e+02
7.960000000000000000e+02
7.680000000000000000e+02
5.360000000000000000e+02
5.093333333333333144e+02
7.960000000000000000e+02
7.960000000000000000e+02
7.960000000000000000e+02
7.960000000000000000e+02
7.960000000000000000e+02
7.960000000000000000e+02
7.960000000000000000e+02
5.080000000000000000e+02
7.960000000000000000e+02
4.960000000000000000e+02
4.960000000000000000e+02
4.960000000000000000e+02
4.960000000000000000e+02
4.960000000000000000e+02
4.960000000000000000e+02
4.960000000000000000e+02
4.920000000000000000e+02
4.960000000000000000e+02
5.000000000000000000e+02
5.000000000000000000e+02
5.000000000000000000e+02
4.920000000000000000e+02
5.000000000000000000e+02
5.000000000000000000e+02
5.000000000000000000e+02
4.960000000000000000e+02
5.000000000000000000e+02
4.960000000000000000e+02
5.040000000000000000e+02
7.960000000000000000e+02
7.960000000000000000e+02
7.960000000000000000e+02
7.960000000000000000e+02
7.960000000000000000e+02
7.960000000000000000e+02
7.960000000000000000e+02
7.960000000000000000e+02
7.960000000000000000e+02
7.570000000000000000e+02
7.630000000000000000e+02
5.030000000000000000e+02
7.600000000000000000e+02
7.960000000000000000e+02
7.960000000000000000e+02
7.960000000000000000e+02
7.960000000000000000e+02
7.960000000000000000e+02
7.960000000000000000e+02
5.093333333333333144e+02
7.960000000000000000e+02
7.960000000000000000e+02
5.013333333333333144e+02
4.960000000000000000e+02
4.960000000000000000e+02
4.960000000000000000e+02
5.000000000000000000e+02
4.960000000000000000e+02
5.000000000000000000e+02
4.960000000000000000e+02
5.000000000000000000e+02
5.000000000000000000e+02
5.000000000000000000e+02
5.000000000000000000e+02
5.000000000000000000e+02
5.000000000000000000e+02
4.960000000000000000e+02
4.960000000000000000e+02
4.960000000000000000e+02
5.000000000000000000e+02
5.000000000000000000e+02
4.920000000000000000e+02
7.960000000000000000e+02
7.960000000000000000e+02
7.960000000000000000e+02
7.950000000000000000e+02
7.880000000000000000e+02
5.080000000000000000e+02
7.960000000000000000e+02
7.960000000000000000e+02
7.720000000000000000e+02
7.813333333333333712e+02
7.960000000000000000e+02
7.920000000000000000e+02
7.840000000000000000e+02
7.840000000000000000e+02
7.960000000000000000e+02
7.720000000000000000e+02
7.760000000000000000e+02
7.760000000000000000e+02
7.840000000000000000e+02
7.960000000000000000e+02
7.960000000000000000e+02
7.960000000000000000e+02
4.960000000000000000e+02
5.000000000000000000e+02
5.000000000000000000e+02
5.000000000000000000e+02
5.000000000000000000e+02
4.960000000000000000e+02
4.960000000000000000e+02
4.960000000000000000e+02
5.000000000000000000e+02
5.040000000000000000e+02
5.040000000000000000e+02
5.040000000000000000e+02
4.960000000000000000e+02
4.960000000000000000e+02
4.960000000000000000e+02
5.000000000000000000e+02
5.000000000000000000e+02
5.000000000000000000e+02
5.000000000000000000e+02
5.000000000000000000e+02
5.040000000000000000e+02
5.040000000000000000e+02
7.960000000000000000e+02
7.760000000000000000e+02
7.720000000000000000e+02
7.720000000000000000e+02
7.760000000000000000e+02
5.080000000000000000e+02
7.890000000000000000e+02
5.146666666666666288e+02
7.520000000000000000e+02
6.820000000000000000e+02
5.080000000000000000e+02
7.930000000000000000e+02
7.866666666666666288e+02
5.080000000000000000e+02
7.960000000000000000e+02
5.026666666666666856e+02
5.080000000000000000e+02
5.120000000000000000e+02
5.110000000000000000e+02
5.040000000000000000e+02
5.040000000000000000e+02
4.960000000000000000e+02
5.000000000000000000e+02
5.000000000000000000e+02
5.000000000000000000e+02
4.960000000000000000e+02
4.960000000000000000e+02
5.030000000000000000e+02
4.920000000000000000e+02
4.950000000000000000e+02
5.040000000000000000e+02
5.040000000000000000e+02
5.026666666666666856e+02
5.040000000000000000e+02
5.000000000000000000e+02
4.960000000000000000e+02
4.970000000000000000e+02
5.000000000000000000e+02
5.000000000000000000e+02
5.040000000000000000e+02
4.960000000000000000e+02
5.080000000000000000e+02
5.120000000000000000e+02
7.960000000000000000e+02
5.080000000000000000e+02
7.960000000000000000e+02
7.960000000000000000e+02
7.720000000000000000e+02
7.920000000000000000e+02
5.040000000000000000e+02
7.400000000000000000e+02
7.480000000000000000e+02
7.520000000000000000e+02
5.800000000000000000e+02
7.610000000000000000e+02
7.960000000000000000e+02
7.920000000000000000e+02
7.800000000000000000e+02
5.140000000000000000e+02
5.106666666666666856e+02
5.080000000000000000e+02
5.080000000000000000e+02
5.000000000000000000e+02
5.040000000000000000e+02
5.040000000000000000e+02
4.960000000000000000e+02
4.920000000000000000e+02
4.920000000000000000e+02
4.960000000000000000e+02
5.000000000000000000e+02
5.000000000000000000e+02
5.066666666666666856e+02
4.920000000000000000e+02
5.120000000000000000e+02
4.960000000000000000e+02
4.920000000000000000e+02
4.960000000000000000e+02
4.960000000000000000e+02
4.960000000000000000e+02
5.000000000000000000e+02
5.000000000000000000e+02
4.960000000000000000e+02
5.080000000000000000e+02
5.133333333333333712e+02
5.030000000000000000e+02
5.050000000000000000e+02
5.070000000000000000e+02
5.000000000000000000e+02
5.520000000000000000e+02
5.000000000000000000e+02
5.030000000000000000e+02
5.040000000000000000e+02
5.200000000000000000e+02
6.800000000000000000e+02
4.930000000000000000e+02
4.970000000000000000e+02
5.360000000000000000e+02
5.060000000000000000e+02
5.000000000000000000e+02
5.040000000000000000e+02
5.040000000000000000e+02
5.000000000000000000e+02
5.000000000000000000e+02
5.160000000000000000e+02
5.200000000000000000e+02
4.920000000000000000e+02
4.920000000000000000e+02
5.226666666666666288e+02
4.960000000000000000e+02
4.960000000000000000e+02
5.240000000000000000e+02
5.040000000000000000e+02
5.010000000000000000e+02
5.013333333333333144e+02
7.906666666666666288e+02
5.040000000000000000e+02
5.000000000000000000e+02
4.920000000000000000e+02
5.000000000000000000e+02
5.000000000000000000e+02
4.960000000000000000e+02
5.040000000000000000e+02
5.080000000000000000e+02
5.040000000000000000e+02
5.160000000000000000e+02
5.480000000000000000e+02
5.000000000000000000e+02
4.933333333333333144e+02
4.960000000000000000e+02
5.160000000000000000e+02
4.973333333333333144e+02
4.800000000000000000e+02
4.960000000000000000e+02
5.040000000000000000e+02
4.960000000000000000e+02
