7.800000000000000000e+02
4.880000000000000000e+02
4.840000000000000000e+02
5.400000000000000000e+02
4.940000000000000000e+02
4.940000000000000000e+02
4.960000000000000000e+02
5.440000000000000000e+02
4.940000000000000000e+02
5.040000000000000000e+02
5.160000000000000000e+02
7.540000000000000000e+02
4.973333333333333144e+02
5.000000000000000000e+02
5.000000000000000000e+02
4.960000000000000000e+02
5.040000000000000000e+02
5.240000000000000000e+02
5.060000000000000000e+02
4.866666666666666856e+02
5.040000000000000000e+02
5.040000000000000000e+02
4.920000000000000000e+02
4.880000000000000000e+02
5.200000000000000000e+02
5.040000000000000000e+02
5.000000000000000000e+02
5.186666666666666288e+02
5.040000000000000000e+02
5.080000000000000000e+02
4.960000000000000000e+02
5.080000000000000000e+02
5.070000000000000000e+02
5.160000000000000000e+02
5.000000000000000000e+02
4.960000000000000000e+02
4.960000000000000000e+02
5.000000000000000000e+02
5.040000000000000000e+02
5.040000000000000000e+02
7.910000000000000000e+02
7.773333333333333712e+02
7.890000000000000000e+02
5.120000000000000000e+02
4.960000000000000000e+02
4.920000000000000000e+02
5.000000000000000000e+02
4.960000000000000000e+02
4.930000000000000000e+02
5.010000000000000000e+02
4.960000000000000000e+02
5.030000000000000000e+02
5.040000000000000000e+02
5.000000000000000000e+02
5.000000000000000000e+02
5.000000000000000000e+02
4.960000000000000000e+02
4.960000000000000000e+02
4.920000000000000000e+02
5.026666666666666856e+02
5.040000000000000000e+02
7.440000000000000000e+02
5.213333333333333712e+02
6.920000000000000000e+02
6.840000000000000000e+02
4.950000000000000000e+02
5.000000000000000000e+02
5.040000000000000000e+02
4.960000000000000000e+02
4.960000000000000000e+02
5.000000000000000000e+02
5.080000000000000000e+02
5.040000000000000000e+02
5.053333333333333144e+02
5.000000000000000000e+02
4.960000000000000000e+02
5.000000000000000000e+02
5.000000000000000000e+02
5.000000000000000000e+02
4.960000000000000000e+02
5.000000000000000000e+02
6.930000000000000000e+02
7.960000000000000000e+02
7.960000000000000000e+02
7.960000000000000000e+02
4.960000000000000000e+02
5.000000000000000000e+02
4.960000000000000000e+02
4.920000000000000000e+02
4.960000000000000000e+02
4.920000000000000000e+02
4.960000000000000000e+02
5.000000000000000000e+02
5.080000000000000000e+02
5.000000000000000000e+02
4.960000000000000000e+02
5.000000000000000000e+02
5.040000000000000000e+02
5.010000000000000000e+02
5.040000000000000000e+02
5.080000000000000000e+02
5.040000000000000000e+02
5.070000000000000000e+02
7.370000000000000000e+02
7.170000000000000000e+02
4.893333333333333144e+02
4.933333333333333144e+02
4.986666666666666856e+02
5.000000000000000000e+02
5.040000000000000000e+02
5.000000000000000000e+02
5.170000000000000000e+02
4.880000000000000000e+02
4.920000000000000000e+02
4.920000000000000000e+02
4.960000000000000000e+02
5.000000000000000000e+02
5.000000000000000000e+02
4.960000000000000000e+02
4.960000000000000000e+02
4.960000000000000000e+02
4.960000000000000000e+02
4.920000000000000000e+02
4.973333333333333144e+02
5.200000000000000000e+02
5.010000000000000000e+02
4.960000000000000000e+02
5.040000000000000000e+02
5.000000000000000000e+02
5.000000000000000000e+02
5.040000000000000000e+02
5.000000000000000000e+02
5.000000000000000000e+02
5.000000000000000000e+02
5.000000000000000000e+02
5.040000000000000000e+02
4.960000000000000000e+02
4.773333333333333144e+02
5.080000000000000000e+02
5.080000000000000000e+02
5.280000000000000000e+02
5.040000000000000000e+02
5.040000000000000000e+02
4.920000000000000000e+02
5.040000000000000000e+02
5.000000000000000000e+02
5.160000000000000000e+02
7.520000000000000000e+02
7.510000000000000000e+02
7.440000000000000000e+02
4.960000000000000000e+02
4.973333333333333144e+02
4.970000000000000000e+02
5.000000000000000000e+02
5.000000000000000000e+02
5.040000000000000000e+02
5.200000000000000000e+02
5.000000000000000000e+02
5.040000000000000000e+02
5.000000000000000000e+02
5.240000000000000000e+02
5.040000000000000000e+02
4.960000000000000000e+02
4.960000000000000000e+02
4.920000000000000000e+02
4.960000000000000000e+02
5.000000000000000000e+02
5.000000000000000000e+02
4.960000000000000000e+02
5.000000000000000000e+02
4.960000000000000000e+02
4.960000000000000000e+02
4.960000000000000000e+02
4.960000000000000000e+02
4.960000000000000000e+02
4.920000000000000000e+02
4.920000000000000000e+02
4.960000000000000000e+02
4.920000000000000000e+02
5.080000000000000000e+02
5.080000000000000000e+02
5.000000000000000000e+02
4.960000000000000000e+02
5.000000000000000000e+02
5.160000000000000000e+02
5.280000000000000000e+02
5.230000000000000000e+02
5.160000000000000000e+02
7.480000000000000000e+02
5.373333333333333712e+02
5.130000000000000000e+02
5.100000000000000000e+02
5.090000000000000000e+02
5.360000000000000000e+02
5.040000000000000000e+02
5.080000000000000000e+02
5.040000000000000000e+02
5.040000000000000000e+02
5.080000000000000000e+02
4.960000000000000000e+02
4.960000000000000000e+02
4.960000000000000000e+02
4.920000000000000000e+02
4.960000000000000000e+02
4.960000000000000000e+02
4.960000000000000000e+02
4.960000000000000000e+02
4.920000000000000000e+02
5.040000000000000000e+02
4.970000000000000000e+02
5.040000000000000000e+02
5.040000000000000000e+02
4.920000000000000000e+02
4.960000000000000000e+02
5.000000000000000000e+02
4.960000000000000000e+02
5.000000000000000000e+02
4.960000000000000000e+02
4.960000000000000000e+02
5.000000000000000000e+02
5.000000000000000000e+02
5.000000000000000000e+02
5.050000000000000000e+02
5.080000000000000000e+02
5.000000000000000000e+02
5.160000000000000000e+02
5.000000000000000000e+02
5.000000000000000000e+02
5.000000000000000000e+02
5.120000000000000000e+02
6.100000000000000000e+02
4.960000000000000000e+02
7.500000000000000000e+02
5.160000000000000000e+02
5.040000000000000000e+02
5.240000000000000000e+02
5.120000000000000000e+02
7.350000000000000000e+02
5.080000000000000000e+02
5.080000000000000000e+02
5.120000000000000000e+02
5.080000000000000000e+02
5.040000000000000000e+02
4.960000000000000000e+02
4.960000000000000000e+02
5.000000000000000000e+02
5.000000000000000000e+02
4.960000000000000000e+02
4.960000000000000000e+02
4.960000000000000000e+02
5.040000000000000000e+02
5.040000000000000000e+02
5.000000000000000000e+02
5.000000000000000000e+02
5.000000000000000000e+02
4.960000000000000000e+02
4.960000000000000000e+02
5.000000000000000000e+02
4.960000000000000000e+02
5.000000000000000000e+02
5.000000000000000000e+02
4.960000000000000000e+02
5.080000000000000000e+02
5.080000000000000000e+02
5.080000000000000000e+02
4.800000000000000000e+02
5.040000000000000000e+02
5.080000000000000000e+02
5.120000000000000000e+02
5.120000000000000000e+02
5.080000000000000000e+02
5.360000000000000000e+02
5.340000000000000000e+02
7.710000000000000000e+02
7.573333333333333712e+02
5.220000000000000000e+02
5.160000000000000000e+02
5.110000000000000000e+02
5.080000000000000000e+02
5.040000000000000000e+02
5.080000000000000000e+02
5.040000000000000000e+02
5.040000000000000000e+02
4.960000000000000000e+02
4.880000000000000000e+02
4.960000000000000000e+02
5.040000000000000000e+02
5.000000000000000000e+02
5.000000000000000000e+02
4.970000000000000000e+02
4.960000000000000000e+02
4.960000000000000000e+02
5.000000000000000000e+02
5.040000000000000000e+02
4.960000000000000000e+02
5.040000000000000000e+02
5.040000000000000000e+02
4.960000000000000000e+02
4.960000000000000000e+02
5.000000000000000000e+02
5.000000000000000000e+02
5.040000000000000000e+02
4.960000000000000000e+02
4.960000000000000000e+02
5.000000000000000000e+02
5.000000000000000000e+02
5.080000000000000000e+02
5.120000000000000000e+02
5.120000000000000000e+02
5.070000000000000000e+02
5.080000000000000000e+02
5.080000000000000000e+02
5.040000000000000000e+02
5.320000000000000000e+02
7.180000000000000000e+02
7.180000000000000000e+02
7.490000000000000000e+02
5.440000000000000000e+02
5.080000000000000000e+02
5.040000000000000000e+02
5.000000000000000000e+02
5.040000000000000000e+02
5.040000000000000000e+02
5.060000000000000000e+02
4.940000000000000000e+02
5.040000000000000000e+02
4.893333333333333144e+02
5.000000000000000000e+02
5.000000000000000000e+02
4.960000000000000000e+02
5.000000000000000000e+02
4.960000000000000000e+02
4.960000000000000000e+02
4.880000000000000000e+02
4.920000000000000000e+02
5.160000000000000000e+02
4.960000000000000000e+02
5.080000000000000000e+02
5.040000000000000000e+02
4.960000000000000000e+02
4.950000000000000000e+02
5.000000000000000000e+02
5.000000000000000000e+02
5.000000000000000000e+02
5.040000000000000000e+02
5.040000000000000000e+02
5.080000000000000000e+02
5.000000000000000000e+02
5.120000000000000000e+02
5.000000000000000000e+02
5.000000000000000000e+02
5.493333333333333712e+02
5.120000000000000000e+02
5.280000000000000000e+02
5.280000000000000000e+02
5.000000000000000000e+02
7.500000000000000000e+02
5.200000000000000000e+02
5.040000000000000000e+02
5.360000000000000000e+02
7.480000000000000000e+02
4.920000000000000000e+02
4.960000000000000000e+02
5.170000000000000000e+02
5.000000000000000000e+02
5.040000000000000000e+02
5.080000000000000000e+02
4.920000000000000000e+02
5.020000000000000000e+02
5.120000000000000000e+02
5.000000000000000000e+02
5.040000000000000000e+02
5.000000000000000000e+02
5.000000000000000000e+02
5.000000000000000000e+02
4.960000000000000000e+02
4.960000000000000000e+02
4.973333333333333144e+02
5.040000000000000000e+02
5.013333333333333144e+02
4.920000000000000000e+02
4.960000000000000000e+02
4.960000000000000000e+02
5.000000000000000000e+02
4.960000000000000000e+02
5.000000000000000000e+02
5.106666666666666856e+02
5.360000000000000000e+02
5.360000000000000000e+02
4.920000000000000000e+02
5.040000000000000000e+02
5.040000000000000000e+02
4.970000000000000000e+02
5.040000000000000000e+02
5.120000000000000000e+02
5.093333333333333144e+02
5.000000000000000000e+02
4.933333333333333144e+02
4.910000000000000000e+02
4.960000000000000000e+02
4.960000000000000000e+02
4.920000000000000000e+02
4.840000000000000000e+02
4.840000000000000000e+02
4.960000000000000000e+02
4.960000000000000000e+02
5.400000000000000000e+02
5.100000000000000000e+02
4.960000000000000000e+02
7.490000000000000000e+02
5.320000000000000000e+02
5.040000000000000000e+02
5.000000000000000000e+02
4.960000000000000000e+02
4.880000000000000000e+02
5.460000000000000000e+02
4.920000000000000000e+02
4.960000000000000000e+02
4.920000000000000000e+02
4.960000000000000000e+02
7.893333333333333712e+02
4.933333333333333144e+02
4.950000000000000000e+02
4.920000000000000000e+02
5.000000000000000000e+02
4.960000000000000000e+02
4.960000000000000000e+02
4.960000000000000000e+02
5.080000000000000000e+02
5.080000000000000000e+02
5.210000000000000000e+02
5.480000000000000000e+02
5.040000000000000000e+02
4.960000000000000000e+02
5.000000000000000000e+02
4.800000000000000000e+02
4.880000000000000000e+02
4.840000000000000000e+02
4.960000000000000000e+02
5.000000000000000000e+02
4.960000000000000000e+02
