-3.141592653589793116e-01
-3.141592653589793116e-01
-3.141592653589793116e-01
-3.141592653589793116e-01
-3.141592653589793116e-01
-3.141592653589793116e-01
-3.141592653589793116e-01
-3.141592653589793116e-01
-3.141592653589793116e-01
-3.141592653589793116e-01
-3.141592653589793116e-01
-3.141592653589793116e-01
-3.141592653589793116e-01
-3.141592653589793116e-01
-3.141592653589793116e-01
-3.141592653589793116e-01
-2.905973204570558854e-01
-2.905973204570558854e-01
-2.905973204570558854e-01
-2.905973204570558854e-01
-2.905973204570558854e-01
-2.905973204570558854e-01
-2.905973204570558854e-01
-2.905973204570558854e-01
-2.905973204570558854e-01
-2.905973204570558854e-01
-2.905973204570558854e-01
-2.905973204570558854e-01
-2.905973204570558854e-01
-2.905973204570558854e-01
-2.905973204570558854e-01
-2.905973204570558854e-01
-2.670353755551324038e-01
-2.670353755551324038e-01
-2.670353755551324038e-01
-2.670353755551324038e-01
-2.670353755551324038e-01
-2.670353755551324038e-01
-2.670353755551324038e-01
-2.670353755551324038e-01
-2.670353755551324038e-01
-2.670353755551324038e-01
-2.670353755551324038e-01
-2.670353755551324038e-01
-2.670353755551324038e-01
-2.670353755551324038e-01
-2.670353755551324038e-01
-2.670353755551324038e-01
-2.434734306532090053e-01
-2.434734306532090053e-01
-2.434734306532090053e-01
-2.434734306532090053e-01
-2.434734306532090053e-01
-2.434734306532090053e-01
-2.434734306532090053e-01
-2.434734306532090053e-01
-2.434734306532090053e-01
-2.434734306532090053e-01
-2.434734306532090053e-01
-2.434734306532090053e-01
-2.434734306532090053e-01
-2.434734306532090053e-01
-2.434734306532090053e-01
-2.434734306532090053e-01
-2.199114857512854959e-01
-2.199114857512854959e-01
-2.199114857512854959e-01
-2.199114857512854959e-01
-2.199114857512854959e-01
-2.199114857512854959e-01
-2.199114857512854959e-01
-2.199114857512854959e-01
-2.199114857512854959e-01
-2.199114857512854959e-01
-2.199114857512854959e-01
-2.199114857512854959e-01
-2.199114857512854959e-01
-2.199114857512854959e-01
-2.199114857512854959e-01
-2.199114857512854959e-01
-1.963495408493620697e-01
-1.963495408493620697e-01
-1.963495408493620697e-01
-1.963495408493620697e-01
-1.963495408493620697e-01
-1.963495408493620697e-01
-1.963495408493620697e-01
-1.963495408493620697e-01
-1.963495408493620697e-01
-1.963495408493620697e-01
-1.963495408493620697e-01
-1.963495408493620697e-01
-1.963495408493620697e-01
-1.963495408493620697e-01
-1.963495408493620697e-01
-1.963495408493620697e-01
-1.727875959474386436e-01
-1.727875959474386436e-01
-1.727875959474386436e-01
-1.727875959474386436e-01
-1.727875959474386436e-01
-1.727875959474386436e-01
-1.727875959474386436e-01
-1.727875959474386436e-01
-1.727875959474386436e-01
-1.727875959474386436e-01
-1.727875959474386436e-01
-1.727875959474386436e-01
-1.727875959474386436e-01
-1.727875959474386436e-01
-1.727875959474386436e-01
-1.727875959474386436e-01
-1.492256510455151897e-01
-1.492256510455151897e-01
-1.492256510455151897e-01
-1.492256510455151897e-01
-1.492256510455151897e-01
-1.492256510455151897e-01
-1.492256510455151897e-01
-1.492256510455151897e-01
-1.492256510455151897e-01
-1.492256510455151897e-01
-1.492256510455151897e-01
-1.492256510455151897e-01
-1.492256510455151897e-01
-1.492256510455151897e-01
-1.492256510455151897e-01
-1.492256510455151897e-01
-1.256637061435917357e-01
-1.256637061435917357e-01
-1.256637061435917357e-01
-1.256637061435917357e-01
-1.256637061435917357e-01
-1.256637061435917357e-01
-1.256637061435917357e-01
-1.256637061435917357e-01
-1.256637061435917357e-01
-1.256637061435917357e-01
-1.256637061435917357e-01
-1.256637061435917357e-01
-1.256637061435917357e-01
-1.256637061435917357e-01
-1.256637061435917357e-01
-1.256637061435917357e-01
-1.021017612416682818e-01
-1.021017612416682818e-01
-1.021017612416682818e-01
-1.021017612416682818e-01
-1.021017612416682818e-01
-1.021017612416682818e-01
-1.021017612416682818e-01
-1.021017612416682818e-01
-1.021017612416682818e-01
-1.021017612416682818e-01
-1.021017612416682818e-01
-1.021017612416682818e-01
-1.021017612416682818e-01
-1.021017612416682818e-01
-1.021017612416682818e-01
-1.021017612416682818e-01
-7.853981633974482790e-02
-7.853981633974482790e-02
-7.853981633974482790e-02
-7.853981633974482790e-02
-7.853981633974482790e-02
-7.853981633974482790e-02
-7.853981633974482790e-02
-7.853981633974482790e-02
-7.853981633974482790e-02
-7.853981633974482790e-02
-7.853981633974482790e-02
-7.853981633974482790e-02
-7.853981633974482790e-02
-7.853981633974482790e-02
-7.853981633974482790e-02
-7.853981633974482790e-02
-5.497787143782137398e-02
-5.497787143782137398e-02
-5.497787143782137398e-02
-5.497787143782137398e-02
-5.497787143782137398e-02
-5.497787143782137398e-02
-5.497787143782137398e-02
-5.497787143782137398e-02
-5.497787143782137398e-02
-5.497787143782137398e-02
-5.497787143782137398e-02
-5.497787143782137398e-02
-5.497787143782137398e-02
-5.497787143782137398e-02
-5.497787143782137398e-02
-5.497787143782137398e-02
-3.141592653589793394e-02
-3.141592653589793394e-02
-3.141592653589793394e-02
-3.141592653589793394e-02
-3.141592653589793394e-02
-3.141592653589793394e-02
-3.141592653589793394e-02
-3.141592653589793394e-02
-3.141592653589793394e-02
-3.141592653589793394e-02
-3.141592653589793394e-02
-3.141592653589793394e-02
-3.141592653589793394e-02
-3.141592653589793394e-02
-3.141592653589793394e-02
-3.141592653589793394e-02
-7.853981633974483484e-03
-7.853981633974483484e-03
-7.853981633974483484e-03
-7.853981633974483484e-03
-7.853981633974483484e-03
-7.853981633974483484e-03
-7.853981633974483484e-03
-7.853981633974483484e-03
-7.853981633974483484e-03
-7.853981633974483484e-03
-7.853981633974483484e-03
-7.853981633974483484e-03
-7.853981633974483484e-03
-7.853981633974483484e-03
-7.853981633974483484e-03
-7.853981633974483484e-03
1.570796326794896697e-02
1.570796326794896697e-02
1.570796326794896697e-02
1.570796326794896697e-02
1.570796326794896697e-02
1.570796326794896697e-02
1.570796326794896697e-02
1.570796326794896697e-02
1.570796326794896697e-02
1.570796326794896697e-02
1.570796326794896697e-02
1.570796326794896697e-02
1.570796326794896697e-02
1.570796326794896697e-02
1.570796326794896697e-02
1.570796326794896697e-02
3.926990816987241395e-02
3.926990816987241395e-02
3.926990816987241395e-02
3.926990816987241395e-02
3.926990816987241395e-02
3.926990816987241395e-02
3.926990816987241395e-02
3.926990816987241395e-02
3.926990816987241395e-02
3.926990816987241395e-02
3.926990816987241395e-02
3.926990816987241395e-02
3.926990816987241395e-02
3.926990816987241395e-02
3.926990816987241395e-02
3.926990816987241395e-02
6.283185307179586787e-02
6.283185307179586787e-02
6.283185307179586787e-02
6.283185307179586787e-02
6.283185307179586787e-02
6.283185307179586787e-02
6.283185307179586787e-02
6.283185307179586787e-02
6.283185307179586787e-02
6.283185307179586787e-02
6.283185307179586787e-02
6.283185307179586787e-02
6.283185307179586787e-02
6.283185307179586787e-02
6.283185307179586787e-02
6.283185307179586787e-02
8.639379797371932179e-02
8.639379797371932179e-02
8.639379797371932179e-02
8.639379797371932179e-02
8.639379797371932179e-02
8.639379797371932179e-02
8.639379797371932179e-02
8.639379797371932179e-02
8.639379797371932179e-02
8.639379797371932179e-02
8.639379797371932179e-02
8.639379797371932179e-02
8.639379797371932179e-02
8.639379797371932179e-02
8.639379797371932179e-02
8.639379797371932179e-02
1.099557428756427480e-01
1.099557428756427480e-01
1.099557428756427480e-01
1.099557428756427480e-01
1.099557428756427480e-01
1.099557428756427480e-01
1.099557428756427480e-01
1.099557428756427480e-01
1.099557428756427480e-01
1.099557428756427480e-01
1.099557428756427480e-01
1.099557428756427480e-01
1.099557428756427480e-01
1.099557428756427480e-01
1.099557428756427480e-01
1.099557428756427480e-01
1.335176877775662019e-01
1.335176877775662019e-01
1.335176877775662019e-01
1.335176877775662019e-01
1.335176877775662019e-01
1.335176877775662019e-01
1.335176877775662019e-01
1.335176877775662019e-01
1.335176877775662019e-01
1.335176877775662019e-01
1.335176877775662019e-01
1.335176877775662019e-01
1.335176877775662019e-01
1.335176877775662019e-01
1.335176877775662019e-01
1.335176877775662019e-01
1.570796326794896558e-01
1.570796326794896558e-01
1.570796326794896558e-01
1.570796326794896558e-01
1.570796326794896558e-01
1.570796326794896558e-01
1.570796326794896558e-01
1.570796326794896558e-01
1.570796326794896558e-01
1.570796326794896558e-01
1.570796326794896558e-01
1.570796326794896558e-01
1.570796326794896558e-01
1.570796326794896558e-01
1.570796326794896558e-01
1.570796326794896558e-01
1.806415775814131097e-01
1.806415775814131097e-01
1.806415775814131097e-01
1.806415775814131097e-01
1.806415775814131097e-01
1.806415775814131097e-01
1.806415775814131097e-01
1.806415775814131097e-01
1.806415775814131097e-01
1.806415775814131097e-01
1.806415775814131097e-01
1.806415775814131097e-01
1.806415775814131097e-01
1.806415775814131097e-01
1.806415775814131097e-01
1.806415775814131097e-01
2.042035224833365636e-01
2.042035224833365636e-01
2.042035224833365636e-01
2.042035224833365636e-01
2.042035224833365636e-01
2.042035224833365636e-01
2.042035224833365636e-01
2.042035224833365636e-01
2.042035224833365636e-01
2.042035224833365636e-01
2.042035224833365636e-01
2.042035224833365636e-01
2.042035224833365636e-01
2.042035224833365636e-01
2.042035224833365636e-01
2.042035224833365636e-01
2.277654673852600176e-01
2.277654673852600176e-01
2.277654673852600176e-01
2.277654673852600176e-01
2.277654673852600176e-01
2.277654673852600176e-01
2.277654673852600176e-01
2.277654673852600176e-01
2.277654673852600176e-01
2.277654673852600176e-01
2.277654673852600176e-01
2.277654673852600176e-01
2.277654673852600176e-01
2.277654673852600176e-01
2.277654673852600176e-01
2.277654673852600176e-01
2.513274122871834715e-01
2.513274122871834715e-01
2.513274122871834715e-01
2.513274122871834715e-01
2.513274122871834715e-01
2.513274122871834715e-01
2.513274122871834715e-01
2.513274122871834715e-01
2.513274122871834715e-01
2.513274122871834715e-01
2.513274122871834715e-01
2.513274122871834715e-01
2.513274122871834715e-01
2.513274122871834715e-01
2.513274122871834715e-01
2.513274122871834715e-01
2.748893571891068976e-01
2.748893571891068976e-01
2.748893571891068976e-01
2.748893571891068976e-01
2.748893571891068976e-01
2.748893571891068976e-01
2.748893571891068976e-01
2.748893571891068976e-01
2.748893571891068976e-01
2.748893571891068976e-01
2.748893571891068976e-01
2.748893571891068976e-01
2.748893571891068976e-01
2.748893571891068976e-01
2.748893571891068976e-01
2.748893571891068976e-01
2.984513020910303793e-01
2.984513020910303793e-01
2.984513020910303793e-01
2.984513020910303793e-01
2.984513020910303793e-01
2.984513020910303793e-01
2.984513020910303793e-01
2.984513020910303793e-01
2.984513020910303793e-01
2.984513020910303793e-01
2.984513020910303793e-01
2.984513020910303793e-01
2.984513020910303793e-01
2.984513020910303793e-01
2.984513020910303793e-01
2.984513020910303793e-01
