7.760000000000000000e+02
4.920000000000000000e+02
5.440000000000000000e+02
5.413333333333333712e+02
5.400000000000000000e+02
4.940000000000000000e+02
5.400000000000000000e+02
5.480000000000000000e+02
5.000000000000000000e+02
5.040000000000000000e+02
5.080000000000000000e+02
7.440000000000000000e+02
4.973333333333333144e+02
5.040000000000000000e+02
4.960000000000000000e+02
4.960000000000000000e+02
5.040000000000000000e+02
5.210000000000000000e+02
4.920000000000000000e+02
5.320000000000000000e+02
5.090000000000000000e+02
5.040000000000000000e+02
4.880000000000000000e+02
4.920000000000000000e+02
5.200000000000000000e+02
5.040000000000000000e+02
5.040000000000000000e+02
5.160000000000000000e+02
5.040000000000000000e+02
5.080000000000000000e+02
4.960000000000000000e+02
5.080000000000000000e+02
5.000000000000000000e+02
5.160000000000000000e+02
5.000000000000000000e+02
4.960000000000000000e+02
4.960000000000000000e+02
4.960000000000000000e+02
5.040000000000000000e+02
5.000000000000000000e+02
7.940000000000000000e+02
7.770000000000000000e+02
7.820000000000000000e+02
5.150000000000000000e+02
4.920000000000000000e+02
4.960000000000000000e+02
5.000000000000000000e+02
4.960000000000000000e+02
4.960000000000000000e+02
5.010000000000000000e+02
4.960000000000000000e+02
5.000000000000000000e+02
5.040000000000000000e+02
5.000000000000000000e+02
4.970000000000000000e+02
5.000000000000000000e+02
4.960000000000000000e+02
4.960000000000000000e+02
4.920000000000000000e+02
5.040000000000000000e+02
5.040000000000000000e+02
7.520000000000000000e+02
5.213333333333333712e+02
7.506666666666666288e+02
6.800000000000000000e+02
4.960000000000000000e+02
5.040000000000000000e+02
5.080000000000000000e+02
5.000000000000000000e+02
4.960000000000000000e+02
5.050000000000000000e+02
5.080000000000000000e+02
5.040000000000000000e+02
5.120000000000000000e+02
5.000000000000000000e+02
4.960000000000000000e+02
5.000000000000000000e+02
5.000000000000000000e+02
4.960000000000000000e+02
4.960000000000000000e+02
5.000000000000000000e+02
5.000000000000000000e+02
7.960000000000000000e+02
7.960000000000000000e+02
7.960000000000000000e+02
4.960000000000000000e+02
4.960000000000000000e+02
4.960000000000000000e+02
4.960000000000000000e+02
4.960000000000000000e+02
4.920000000000000000e+02
4.920000000000000000e+02
5.000000000000000000e+02
5.000000000000000000e+02
5.000000000000000000e+02
4.960000000000000000e+02
5.000000000000000000e+02
5.000000000000000000e+02
5.000000000000000000e+02
5.030000000000000000e+02
5.040000000000000000e+02
5.040000000000000000e+02
5.000000000000000000e+02
7.370000000000000000e+02
7.640000000000000000e+02
4.820000000000000000e+02
4.960000000000000000e+02
4.920000000000000000e+02
5.000000000000000000e+02
5.120000000000000000e+02
5.000000000000000000e+02
5.200000000000000000e+02
4.986666666666666856e+02
4.920000000000000000e+02
4.960000000000000000e+02
4.960000000000000000e+02
5.000000000000000000e+02
4.960000000000000000e+02
4.960000000000000000e+02
4.960000000000000000e+02
4.920000000000000000e+02
4.960000000000000000e+02
4.920000000000000000e+02
5.190000000000000000e+02
5.160000000000000000e+02
5.040000000000000000e+02
5.000000000000000000e+02
5.040000000000000000e+02
5.040000000000000000e+02
5.000000000000000000e+02
5.040000000000000000e+02
5.000000000000000000e+02
5.040000000000000000e+02
5.000000000000000000e+02
5.000000000000000000e+02
5.060000000000000000e+02
4.960000000000000000e+02
4.960000000000000000e+02
5.000000000000000000e+02
5.040000000000000000e+02
5.280000000000000000e+02
5.040000000000000000e+02
5.000000000000000000e+02
5.000000000000000000e+02
5.270000000000000000e+02
5.000000000000000000e+02
5.120000000000000000e+02
5.410000000000000000e+02
5.200000000000000000e+02
7.450000000000000000e+02
5.000000000000000000e+02
5.580000000000000000e+02
4.970000000000000000e+02
5.000000000000000000e+02
5.040000000000000000e+02
5.040000000000000000e+02
5.200000000000000000e+02
5.000000000000000000e+02
5.000000000000000000e+02
5.000000000000000000e+02
5.280000000000000000e+02
5.040000000000000000e+02
5.000000000000000000e+02
5.000000000000000000e+02
4.960000000000000000e+02
4.960000000000000000e+02
4.960000000000000000e+02
5.000000000000000000e+02
4.960000000000000000e+02
5.040000000000000000e+02
4.960000000000000000e+02
4.960000000000000000e+02
4.990000000000000000e+02
4.960000000000000000e+02
4.960000000000000000e+02
4.920000000000000000e+02
5.000000000000000000e+02
4.960000000000000000e+02
4.960000000000000000e+02
5.080000000000000000e+02
5.080000000000000000e+02
4.960000000000000000e+02
5.000000000000000000e+02
5.000000000000000000e+02
5.160000000000000000e+02
5.240000000000000000e+02
5.133333333333333712e+02
5.160000000000000000e+02
7.550000000000000000e+02
5.280000000000000000e+02
5.080000000000000000e+02
5.120000000000000000e+02
5.150000000000000000e+02
5.080000000000000000e+02
5.040000000000000000e+02
5.080000000000000000e+02
5.040000000000000000e+02
5.040000000000000000e+02
5.040000000000000000e+02
4.960000000000000000e+02
4.980000000000000000e+02
4.960000000000000000e+02
4.920000000000000000e+02
4.960000000000000000e+02
4.960000000000000000e+02
4.960000000000000000e+02
4.960000000000000000e+02
4.920000000000000000e+02
4.960000000000000000e+02
4.970000000000000000e+02
5.040000000000000000e+02
5.040000000000000000e+02
4.920000000000000000e+02
4.960000000000000000e+02
4.960000000000000000e+02
4.960000000000000000e+02
5.000000000000000000e+02
4.960000000000000000e+02
4.960000000000000000e+02
5.000000000000000000e+02
5.000000000000000000e+02
5.000000000000000000e+02
5.040000000000000000e+02
5.010000000000000000e+02
5.080000000000000000e+02
5.160000000000000000e+02
5.093333333333333144e+02
5.000000000000000000e+02
5.000000000000000000e+02
6.866666666666666288e+02
6.853333333333333712e+02
7.510000000000000000e+02
5.530000000000000000e+02
5.160000000000000000e+02
5.000000000000000000e+02
5.320000000000000000e+02
5.260000000000000000e+02
5.800000000000000000e+02
5.080000000000000000e+02
5.080000000000000000e+02
5.120000000000000000e+02
5.080000000000000000e+02
5.040000000000000000e+02
4.960000000000000000e+02
4.960000000000000000e+02
5.000000000000000000e+02
5.000000000000000000e+02
4.960000000000000000e+02
5.000000000000000000e+02
4.960000000000000000e+02
4.990000000000000000e+02
5.000000000000000000e+02
5.040000000000000000e+02
5.000000000000000000e+02
5.000000000000000000e+02
4.960000000000000000e+02
4.960000000000000000e+02
5.000000000000000000e+02
4.960000000000000000e+02
5.000000000000000000e+02
5.000000000000000000e+02
5.000000000000000000e+02
5.120000000000000000e+02
5.040000000000000000e+02
5.160000000000000000e+02
4.960000000000000000e+02
5.530000000000000000e+02
5.080000000000000000e+02
5.160000000000000000e+02
5.000000000000000000e+02
5.080000000000000000e+02
5.240000000000000000e+02
7.500000000000000000e+02
5.360000000000000000e+02
7.573333333333333712e+02
7.340000000000000000e+02
5.180000000000000000e+02
5.200000000000000000e+02
5.080000000000000000e+02
5.080000000000000000e+02
5.040000000000000000e+02
5.040000000000000000e+02
5.040000000000000000e+02
5.080000000000000000e+02
4.880000000000000000e+02
4.960000000000000000e+02
5.000000000000000000e+02
5.000000000000000000e+02
5.000000000000000000e+02
4.960000000000000000e+02
4.960000000000000000e+02
4.960000000000000000e+02
5.000000000000000000e+02
5.040000000000000000e+02
4.960000000000000000e+02
5.000000000000000000e+02
5.000000000000000000e+02
4.970000000000000000e+02
4.960000000000000000e+02
4.960000000000000000e+02
5.000000000000000000e+02
5.000000000000000000e+02
5.000000000000000000e+02
5.000000000000000000e+02
5.000000000000000000e+02
5.000000000000000000e+02
5.120000000000000000e+02
5.080000000000000000e+02
5.080000000000000000e+02
5.000000000000000000e+02
5.080000000000000000e+02
5.080000000000000000e+02
5.040000000000000000e+02
5.213333333333333712e+02
7.520000000000000000e+02
7.180000000000000000e+02
4.920000000000000000e+02
5.520000000000000000e+02
5.080000000000000000e+02
5.050000000000000000e+02
5.000000000000000000e+02
5.080000000000000000e+02
5.040000000000000000e+02
5.340000000000000000e+02
5.000000000000000000e+02
5.010000000000000000e+02
4.970000000000000000e+02
5.000000000000000000e+02
5.000000000000000000e+02
4.960000000000000000e+02
5.000000000000000000e+02
4.960000000000000000e+02
4.960000000000000000e+02
5.060000000000000000e+02
4.920000000000000000e+02
5.160000000000000000e+02
5.000000000000000000e+02
5.060000000000000000e+02
5.030000000000000000e+02
5.000000000000000000e+02
5.000000000000000000e+02
5.000000000000000000e+02
5.000000000000000000e+02
5.000000000000000000e+02
5.040000000000000000e+02
5.040000000000000000e+02
5.080000000000000000e+02
5.000000000000000000e+02
5.080000000000000000e+02
5.106666666666666856e+02
5.000000000000000000e+02
5.053333333333333144e+02
5.050000000000000000e+02
5.280000000000000000e+02
5.280000000000000000e+02
5.160000000000000000e+02
7.190000000000000000e+02
6.820000000000000000e+02
5.060000000000000000e+02
5.333333333333333712e+02
5.290000000000000000e+02
4.960000000000000000e+02
4.960000000000000000e+02
5.120000000000000000e+02
4.960000000000000000e+02
5.040000000000000000e+02
5.080000000000000000e+02
5.040000000000000000e+02
5.320000000000000000e+02
5.120000000000000000e+02
5.000000000000000000e+02
5.040000000000000000e+02
5.000000000000000000e+02
5.000000000000000000e+02
5.000000000000000000e+02
5.000000000000000000e+02
4.880000000000000000e+02
5.000000000000000000e+02
5.040000000000000000e+02
5.200000000000000000e+02
4.960000000000000000e+02
4.960000000000000000e+02
4.920000000000000000e+02
4.960000000000000000e+02
4.960000000000000000e+02
5.040000000000000000e+02
5.000000000000000000e+02
5.360000000000000000e+02
5.360000000000000000e+02
5.010000000000000000e+02
5.040000000000000000e+02
5.040000000000000000e+02
5.000000000000000000e+02
5.040000000000000000e+02
5.120000000000000000e+02
5.093333333333333144e+02
5.000000000000000000e+02
4.933333333333333144e+02
5.000000000000000000e+02
4.960000000000000000e+02
4.960000000000000000e+02
4.920000000000000000e+02
4.880000000000000000e+02
5.413333333333333712e+02
4.960000000000000000e+02
4.930000000000000000e+02
5.180000000000000000e+02
5.040000000000000000e+02
5.000000000000000000e+02
5.130000000000000000e+02
5.040000000000000000e+02
5.000000000000000000e+02
5.000000000000000000e+02
4.960000000000000000e+02
4.920000000000000000e+02
5.460000000000000000e+02
4.920000000000000000e+02
4.920000000000000000e+02
4.920000000000000000e+02
4.960000000000000000e+02
7.320000000000000000e+02
4.960000000000000000e+02
4.960000000000000000e+02
4.920000000000000000e+02
5.000000000000000000e+02
4.960000000000000000e+02
4.920000000000000000e+02
5.000000000000000000e+02
5.080000000000000000e+02
5.080000000000000000e+02
5.210000000000000000e+02
5.480000000000000000e+02
5.040000000000000000e+02
4.960000000000000000e+02
5.000000000000000000e+02
5.440000000000000000e+02
4.880000000000000000e+02
4.880000000000000000e+02
4.920000000000000000e+02
5.040000000000000000e+02
5.000000000000000000e+02
