7.640000000000000000e+02
4.030000000000000000e+02
4.120000000000000000e+02
7.506666666666666288e+02
4.320000000000000000e+02
4.400000000000000000e+02
7.493333333333333712e+02
4.280000000000000000e+02
4.200000000000000000e+02
4.120000000000000000e+02
4.080000000000000000e+02
4.080000000000000000e+02
3.920000000000000000e+02
3.960000000000000000e+02
4.120000000000000000e+02
4.106666666666666856e+02
4.100000000000000000e+02
4.200000000000000000e+02
4.040000000000000000e+02
4.040000000000000000e+02
4.120000000000000000e+02
4.120000000000000000e+02
7.390000000000000000e+02
6.853333333333333712e+02
7.480000000000000000e+02
4.040000000000000000e+02
4.120000000000000000e+02
4.120000000000000000e+02
4.066666666666666856e+02
7.520000000000000000e+02
4.240000000000000000e+02
4.240000000000000000e+02
7.520000000000000000e+02
4.160000000000000000e+02
4.000000000000000000e+02
4.030000000000000000e+02
4.160000000000000000e+02
4.040000000000000000e+02
4.120000000000000000e+02
6.820000000000000000e+02
4.000000000000000000e+02
4.960000000000000000e+02
4.300000000000000000e+02
4.080000000000000000e+02
4.160000000000000000e+02
7.450000000000000000e+02
4.080000000000000000e+02
7.453333333333333712e+02
7.500000000000000000e+02
7.460000000000000000e+02
4.010000000000000000e+02
4.360000000000000000e+02
4.000000000000000000e+02
4.293333333333333144e+02
4.000000000000000000e+02
4.040000000000000000e+02
7.140000000000000000e+02
4.120000000000000000e+02
4.620000000000000000e+02
4.000000000000000000e+02
4.000000000000000000e+02
4.000000000000000000e+02
4.000000000000000000e+02
4.000000000000000000e+02
4.000000000000000000e+02
4.120000000000000000e+02
4.080000000000000000e+02
4.040000000000000000e+02
4.010000000000000000e+02
4.060000000000000000e+02
4.080000000000000000e+02
7.500000000000000000e+02
4.080000000000000000e+02
4.040000000000000000e+02
4.040000000000000000e+02
3.920000000000000000e+02
4.040000000000000000e+02
7.540000000000000000e+02
7.460000000000000000e+02
7.506666666666666288e+02
7.140000000000000000e+02
7.390000000000000000e+02
7.480000000000000000e+02
7.280000000000000000e+02
4.530000000000000000e+02
4.080000000000000000e+02
4.040000000000000000e+02
4.080000000000000000e+02
4.080000000000000000e+02
4.080000000000000000e+02
4.040000000000000000e+02
4.000000000000000000e+02
4.000000000000000000e+02
4.000000000000000000e+02
4.040000000000000000e+02
4.080000000000000000e+02
4.080000000000000000e+02
4.040000000000000000e+02
4.080000000000000000e+02
4.040000000000000000e+02
4.000000000000000000e+02
4.360000000000000000e+02
4.120000000000000000e+02
4.040000000000000000e+02
3.960000000000000000e+02
4.160000000000000000e+02
4.040000000000000000e+02
4.240000000000000000e+02
3.960000000000000000e+02
4.230000000000000000e+02
6.773333333333333712e+02
7.480000000000000000e+02
7.520000000000000000e+02
7.480000000000000000e+02
7.210000000000000000e+02
4.600000000000000000e+02
4.186666666666666856e+02
4.080000000000000000e+02
3.910000000000000000e+02
4.000000000000000000e+02
4.040000000000000000e+02
4.080000000000000000e+02
4.240000000000000000e+02
4.000000000000000000e+02
4.040000000000000000e+02
4.000000000000000000e+02
4.040000000000000000e+02
4.040000000000000000e+02
4.040000000000000000e+02
4.160000000000000000e+02
4.040000000000000000e+02
4.000000000000000000e+02
4.040000000000000000e+02
4.080000000000000000e+02
4.000000000000000000e+02
4.150000000000000000e+02
4.240000000000000000e+02
4.080000000000000000e+02
4.093333333333333144e+02
3.980000000000000000e+02
7.460000000000000000e+02
4.040000000000000000e+02
6.800000000000000000e+02
4.310000000000000000e+02
4.270000000000000000e+02
4.210000000000000000e+02
7.586666666666666288e+02
7.520000000000000000e+02
4.000000000000000000e+02
4.120000000000000000e+02
4.120000000000000000e+02
4.040000000000000000e+02
4.120000000000000000e+02
4.000000000000000000e+02
4.080000000000000000e+02
4.000000000000000000e+02
4.040000000000000000e+02
4.040000000000000000e+02
4.040000000000000000e+02
4.080000000000000000e+02
4.000000000000000000e+02
4.000000000000000000e+02
4.040000000000000000e+02
4.000000000000000000e+02
4.000000000000000000e+02
4.040000000000000000e+02
4.040000000000000000e+02
4.000000000000000000e+02
4.160000000000000000e+02
4.040000000000000000e+02
4.160000000000000000e+02
4.080000000000000000e+02
4.600000000000000000e+02
4.080000000000000000e+02
4.120000000000000000e+02
6.933333333333333712e+02
7.510000000000000000e+02
7.520000000000000000e+02
4.240000000000000000e+02
4.160000000000000000e+02
4.120000000000000000e+02
4.120000000000000000e+02
4.120000000000000000e+02
4.160000000000000000e+02
4.093333333333333144e+02
4.040000000000000000e+02
4.080000000000000000e+02
4.000000000000000000e+02
4.000000000000000000e+02
4.040000000000000000e+02
4.040000000000000000e+02
4.080000000000000000e+02
4.080000000000000000e+02
4.000000000000000000e+02
4.000000000000000000e+02
4.000000000000000000e+02
4.040000000000000000e+02
4.040000000000000000e+02
4.000000000000000000e+02
4.040000000000000000e+02
4.240000000000000000e+02
4.120000000000000000e+02
4.240000000000000000e+02
4.160000000000000000e+02
4.160000000000000000e+02
4.240000000000000000e+02
4.280000000000000000e+02
7.250000000000000000e+02
4.133333333333333144e+02
4.260000000000000000e+02
4.210000000000000000e+02
4.160000000000000000e+02
4.200000000000000000e+02
4.160000000000000000e+02
4.160000000000000000e+02
4.120000000000000000e+02
4.040000000000000000e+02
4.040000000000000000e+02
4.040000000000000000e+02
4.040000000000000000e+02
4.080000000000000000e+02
4.040000000000000000e+02
4.240000000000000000e+02
4.160000000000000000e+02
4.120000000000000000e+02
4.120000000000000000e+02
4.000000000000000000e+02
4.040000000000000000e+02
4.000000000000000000e+02
4.040000000000000000e+02
4.040000000000000000e+02
4.040000000000000000e+02
3.960000000000000000e+02
4.120000000000000000e+02
4.146666666666666856e+02
4.160000000000000000e+02
4.200000000000000000e+02
4.160000000000000000e+02
4.420000000000000000e+02
4.413333333333333144e+02
4.920000000000000000e+02
4.300000000000000000e+02
4.420000000000000000e+02
4.210000000000000000e+02
4.120000000000000000e+02
4.200000000000000000e+02
4.120000000000000000e+02
4.120000000000000000e+02
4.000000000000000000e+02
4.040000000000000000e+02
4.040000000000000000e+02
4.040000000000000000e+02
4.040000000000000000e+02
4.040000000000000000e+02
4.066666666666666856e+02
4.120000000000000000e+02
4.160000000000000000e+02
4.160000000000000000e+02
4.000000000000000000e+02
4.040000000000000000e+02
4.000000000000000000e+02
4.040000000000000000e+02
4.040000000000000000e+02
4.000000000000000000e+02
4.120000000000000000e+02
4.120000000000000000e+02
3.980000000000000000e+02
3.960000000000000000e+02
4.760000000000000000e+02
4.080000000000000000e+02
4.120000000000000000e+02
6.773333333333333712e+02
7.410000000000000000e+02
7.480000000000000000e+02
7.413333333333333712e+02
4.120000000000000000e+02
4.080000000000000000e+02
4.106666666666666856e+02
4.120000000000000000e+02
4.140000000000000000e+02
4.120000000000000000e+02
4.040000000000000000e+02
4.040000000000000000e+02
4.040000000000000000e+02
3.960000000000000000e+02
3.920000000000000000e+02
4.120000000000000000e+02
4.080000000000000000e+02
4.080000000000000000e+02
4.120000000000000000e+02
4.440000000000000000e+02
3.960000000000000000e+02
4.010000000000000000e+02
4.050000000000000000e+02
4.040000000000000000e+02
4.220000000000000000e+02
4.093333333333333144e+02
4.080000000000000000e+02
4.080000000000000000e+02
7.460000000000000000e+02
4.080000000000000000e+02
4.080000000000000000e+02
7.453333333333333712e+02
4.080000000000000000e+02
4.120000000000000000e+02
4.120000000000000000e+02
4.000000000000000000e+02
4.850000000000000000e+02
4.213333333333333144e+02
4.260000000000000000e+02
4.160000000000000000e+02
4.120000000000000000e+02
4.080000000000000000e+02
4.000000000000000000e+02
4.040000000000000000e+02
4.040000000000000000e+02
4.000000000000000000e+02
4.000000000000000000e+02
4.040000000000000000e+02
4.080000000000000000e+02
4.160000000000000000e+02
4.120000000000000000e+02
4.120000000000000000e+02
4.080000000000000000e+02
4.040000000000000000e+02
4.200000000000000000e+02
4.160000000000000000e+02
4.120000000000000000e+02
4.280000000000000000e+02
4.360000000000000000e+02
4.250000000000000000e+02
4.320000000000000000e+02
7.293333333333333712e+02
4.200000000000000000e+02
4.160000000000000000e+02
4.090000000000000000e+02
7.590000000000000000e+02
7.520000000000000000e+02
4.360000000000000000e+02
4.020000000000000000e+02
7.160000000000000000e+02
7.560000000000000000e+02
4.000000000000000000e+02
4.320000000000000000e+02
4.070000000000000000e+02
4.200000000000000000e+02
4.200000000000000000e+02
4.240000000000000000e+02
4.480000000000000000e+02
4.160000000000000000e+02
4.240000000000000000e+02
4.240000000000000000e+02
4.810000000000000000e+02
4.120000000000000000e+02
4.080000000000000000e+02
4.360000000000000000e+02
4.290000000000000000e+02
4.160000000000000000e+02
4.320000000000000000e+02
4.320000000000000000e+02
4.160000000000000000e+02
4.080000000000000000e+02
3.940000000000000000e+02
7.320000000000000000e+02
6.840000000000000000e+02
7.470000000000000000e+02
7.340000000000000000e+02
7.280000000000000000e+02
4.000000000000000000e+02
4.580000000000000000e+02
7.140000000000000000e+02
4.040000000000000000e+02
4.050000000000000000e+02
4.040000000000000000e+02
4.320000000000000000e+02
4.120000000000000000e+02
4.040000000000000000e+02
4.440000000000000000e+02
4.360000000000000000e+02
4.240000000000000000e+02
4.080000000000000000e+02
4.160000000000000000e+02
4.120000000000000000e+02
4.040000000000000000e+02
4.040000000000000000e+02
4.120000000000000000e+02
4.120000000000000000e+02
4.160000000000000000e+02
4.200000000000000000e+02
4.500000000000000000e+02
4.360000000000000000e+02
4.140000000000000000e+02
4.440000000000000000e+02
4.410000000000000000e+02
3.960000000000000000e+02
4.080000000000000000e+02
7.520000000000000000e+02
4.000000000000000000e+02
3.960000000000000000e+02
7.320000000000000000e+02
6.800000000000000000e+02
7.430000000000000000e+02
4.080000000000000000e+02
4.213333333333333144e+02
3.960000000000000000e+02
4.040000000000000000e+02
4.146666666666666856e+02
4.080000000000000000e+02
4.080000000000000000e+02
7.520000000000000000e+02
4.160000000000000000e+02
3.960000000000000000e+02
4.360000000000000000e+02
4.190000000000000000e+02
4.080000000000000000e+02
4.080000000000000000e+02
4.160000000000000000e+02
4.280000000000000000e+02
4.250000000000000000e+02
4.346666666666666856e+02
4.430000000000000000e+02
7.030000000000000000e+02
4.070000000000000000e+02
4.130000000000000000e+02
4.080000000000000000e+02
6.840000000000000000e+02
4.120000000000000000e+02
3.960000000000000000e+02
4.026666666666666856e+02
4.130000000000000000e+02
4.146666666666666856e+02
4.280000000000000000e+02
