4.840000000000000000e+02
5.560000000000000000e+02
6.810000000000000000e+02
6.706666666666666288e+02
7.840000000000000000e+02
7.960000000000000000e+02
6.620000000000000000e+02
4.020000000000000000e+02
4.000000000000000000e+02
4.000000000000000000e+02
4.200000000000000000e+02
4.120000000000000000e+02
4.080000000000000000e+02
4.133333333333333144e+02
7.680000000000000000e+02
7.760000000000000000e+02
7.800000000000000000e+02
4.040000000000000000e+02
4.040000000000000000e+02
4.040000000000000000e+02
4.080000000000000000e+02
3.940000000000000000e+02
4.080000000000000000e+02
4.040000000000000000e+02
7.960000000000000000e+02
4.000000000000000000e+02
7.720000000000000000e+02
7.680000000000000000e+02
4.080000000000000000e+02
4.120000000000000000e+02
7.960000000000000000e+02
3.960000000000000000e+02
4.520000000000000000e+02
4.506666666666666856e+02
4.490000000000000000e+02
4.520000000000000000e+02
4.120000000000000000e+02
7.770000000000000000e+02
7.800000000000000000e+02
6.680000000000000000e+02
6.173333333333333712e+02
4.720000000000000000e+02
4.660000000000000000e+02
6.680000000000000000e+02
7.850000000000000000e+02
7.840000000000000000e+02
7.880000000000000000e+02
7.960000000000000000e+02
4.160000000000000000e+02
4.080000000000000000e+02
3.960000000000000000e+02
4.053333333333333144e+02
4.120000000000000000e+02
4.430000000000000000e+02
4.340000000000000000e+02
4.020000000000000000e+02
7.560000000000000000e+02
7.960000000000000000e+02
4.120000000000000000e+02
4.120000000000000000e+02
4.000000000000000000e+02
4.040000000000000000e+02
4.120000000000000000e+02
7.720000000000000000e+02
4.040000000000000000e+02
4.040000000000000000e+02
4.170000000000000000e+02
4.120000000000000000e+02
4.000000000000000000e+02
7.960000000000000000e+02
7.960000000000000000e+02
4.160000000000000000e+02
4.080000000000000000e+02
4.080000000000000000e+02
7.960000000000000000e+02
4.400000000000000000e+02
4.546666666666666856e+02
7.960000000000000000e+02
7.960000000000000000e+02
7.960000000000000000e+02
7.960000000000000000e+02
7.920000000000000000e+02
7.630000000000000000e+02
4.010000000000000000e+02
4.000000000000000000e+02
4.040000000000000000e+02
4.040000000000000000e+02
7.960000000000000000e+02
7.960000000000000000e+02
4.000000000000000000e+02
3.960000000000000000e+02
4.040000000000000000e+02
4.040000000000000000e+02
4.040000000000000000e+02
4.120000000000000000e+02
4.050000000000000000e+02
4.040000000000000000e+02
7.960000000000000000e+02
7.960000000000000000e+02
7.960000000000000000e+02
7.960000000000000000e+02
7.920000000000000000e+02
7.840000000000000000e+02
7.950000000000000000e+02
7.960000000000000000e+02
7.960000000000000000e+02
7.960000000000000000e+02
7.960000000000000000e+02
7.960000000000000000e+02
7.960000000000000000e+02
7.960000000000000000e+02
7.960000000000000000e+02
7.960000000000000000e+02
4.030000000000000000e+02
4.040000000000000000e+02
4.040000000000000000e+02
4.000000000000000000e+02
4.000000000000000000e+02
4.000000000000000000e+02
4.000000000000000000e+02
4.080000000000000000e+02
4.110000000000000000e+02
4.080000000000000000e+02
4.000000000000000000e+02
4.030000000000000000e+02
7.506666666666666288e+02
4.360000000000000000e+02
4.120000000000000000e+02
4.040000000000000000e+02
4.080000000000000000e+02
4.160000000000000000e+02
3.880000000000000000e+02
4.410000000000000000e+02
3.960000000000000000e+02
4.040000000000000000e+02
4.080000000000000000e+02
3.960000000000000000e+02
4.040000000000000000e+02
4.040000000000000000e+02
4.040000000000000000e+02
7.960000000000000000e+02
7.960000000000000000e+02
7.960000000000000000e+02
7.760000000000000000e+02
4.080000000000000000e+02
7.960000000000000000e+02
7.960000000000000000e+02
7.960000000000000000e+02
7.960000000000000000e+02
7.880000000000000000e+02
7.960000000000000000e+02
7.960000000000000000e+02
7.960000000000000000e+02
7.960000000000000000e+02
7.960000000000000000e+02
4.040000000000000000e+02
4.040000000000000000e+02
4.000000000000000000e+02
4.000000000000000000e+02
4.000000000000000000e+02
4.000000000000000000e+02
4.000000000000000000e+02
4.040000000000000000e+02
4.160000000000000000e+02
4.160000000000000000e+02
4.000000000000000000e+02
4.050000000000000000e+02
4.080000000000000000e+02
4.280000000000000000e+02
4.160000000000000000e+02
4.090000000000000000e+02
4.160000000000000000e+02
4.040000000000000000e+02
4.040000000000000000e+02
4.040000000000000000e+02
4.000000000000000000e+02
4.000000000000000000e+02
3.960000000000000000e+02
4.040000000000000000e+02
4.040000000000000000e+02
4.040000000000000000e+02
7.960000000000000000e+02
7.920000000000000000e+02
7.960000000000000000e+02
7.960000000000000000e+02
7.960000000000000000e+02
7.960000000000000000e+02
7.800000000000000000e+02
7.960000000000000000e+02
7.960000000000000000e+02
7.960000000000000000e+02
7.960000000000000000e+02
7.960000000000000000e+02
7.960000000000000000e+02
7.960000000000000000e+02
7.960000000000000000e+02
7.820000000000000000e+02
4.020000000000000000e+02
4.000000000000000000e+02
4.000000000000000000e+02
4.000000000000000000e+02
4.000000000000000000e+02
4.000000000000000000e+02
4.000000000000000000e+02
4.010000000000000000e+02
4.040000000000000000e+02
4.030000000000000000e+02
4.080000000000000000e+02
4.120000000000000000e+02
4.200000000000000000e+02
4.160000000000000000e+02
4.160000000000000000e+02
4.130000000000000000e+02
4.060000000000000000e+02
4.040000000000000000e+02
4.040000000000000000e+02
4.000000000000000000e+02
4.000000000000000000e+02
4.040000000000000000e+02
4.000000000000000000e+02
4.000000000000000000e+02
4.040000000000000000e+02
4.000000000000000000e+02
4.040000000000000000e+02
7.960000000000000000e+02
7.960000000000000000e+02
7.760000000000000000e+02
7.960000000000000000e+02
7.960000000000000000e+02
7.960000000000000000e+02
7.960000000000000000e+02
7.960000000000000000e+02
7.960000000000000000e+02
7.960000000000000000e+02
7.960000000000000000e+02
7.840000000000000000e+02
7.800000000000000000e+02
4.040000000000000000e+02
4.000000000000000000e+02
4.000000000000000000e+02
4.040000000000000000e+02
4.040000000000000000e+02
4.000000000000000000e+02
4.040000000000000000e+02
4.000000000000000000e+02
4.000000000000000000e+02
4.000000000000000000e+02
4.040000000000000000e+02
4.040000000000000000e+02
4.240000000000000000e+02
4.160000000000000000e+02
4.120000000000000000e+02
4.160000000000000000e+02
4.160000000000000000e+02
4.160000000000000000e+02
4.040000000000000000e+02
4.040000000000000000e+02
4.080000000000000000e+02
4.000000000000000000e+02
4.000000000000000000e+02
4.000000000000000000e+02
4.040000000000000000e+02
4.040000000000000000e+02
4.000000000000000000e+02
4.000000000000000000e+02
4.040000000000000000e+02
4.120000000000000000e+02
4.080000000000000000e+02
7.720000000000000000e+02
7.760000000000000000e+02
7.880000000000000000e+02
7.920000000000000000e+02
7.920000000000000000e+02
7.950000000000000000e+02
7.960000000000000000e+02
7.960000000000000000e+02
7.960000000000000000e+02
7.960000000000000000e+02
7.960000000000000000e+02
7.960000000000000000e+02
4.120000000000000000e+02
4.000000000000000000e+02
3.960000000000000000e+02
4.000000000000000000e+02
4.000000000000000000e+02
3.960000000000000000e+02
3.960000000000000000e+02
3.960000000000000000e+02
4.080000000000000000e+02
4.000000000000000000e+02
4.000000000000000000e+02
4.120000000000000000e+02
4.120000000000000000e+02
4.120000000000000000e+02
4.160000000000000000e+02
4.160000000000000000e+02
7.390000000000000000e+02
4.066666666666666856e+02
4.120000000000000000e+02
3.920000000000000000e+02
4.000000000000000000e+02
3.920000000000000000e+02
3.960000000000000000e+02
3.986666666666666856e+02
4.080000000000000000e+02
4.040000000000000000e+02
4.040000000000000000e+02
4.360000000000000000e+02
7.960000000000000000e+02
7.920000000000000000e+02
7.960000000000000000e+02
7.760000000000000000e+02
7.720000000000000000e+02
7.760000000000000000e+02
7.960000000000000000e+02
7.960000000000000000e+02
7.960000000000000000e+02
7.960000000000000000e+02
7.960000000000000000e+02
7.960000000000000000e+02
7.920000000000000000e+02
7.960000000000000000e+02
4.280000000000000000e+02
4.080000000000000000e+02
4.080000000000000000e+02
4.070000000000000000e+02
4.040000000000000000e+02
4.000000000000000000e+02
4.000000000000000000e+02
3.970000000000000000e+02
4.080000000000000000e+02
4.040000000000000000e+02
4.160000000000000000e+02
4.200000000000000000e+02
4.160000000000000000e+02
4.120000000000000000e+02
4.186666666666666856e+02
4.160000000000000000e+02
4.160000000000000000e+02
4.120000000000000000e+02
4.146666666666666856e+02
4.346666666666666856e+02
4.000000000000000000e+02
3.960000000000000000e+02
4.360000000000000000e+02
4.360000000000000000e+02
3.813333333333333144e+02
4.400000000000000000e+02
4.160000000000000000e+02
4.160000000000000000e+02
4.226666666666666856e+02
7.800000000000000000e+02
7.930000000000000000e+02
7.960000000000000000e+02
7.960000000000000000e+02
7.840000000000000000e+02
7.960000000000000000e+02
7.960000000000000000e+02
7.960000000000000000e+02
7.840000000000000000e+02
7.800000000000000000e+02
7.580000000000000000e+02
7.380000000000000000e+02
4.320000000000000000e+02
4.120000000000000000e+02
4.200000000000000000e+02
4.120000000000000000e+02
4.130000000000000000e+02
4.160000000000000000e+02
4.160000000000000000e+02
4.200000000000000000e+02
4.120000000000000000e+02
7.960000000000000000e+02
7.960000000000000000e+02
4.080000000000000000e+02
4.230000000000000000e+02
4.200000000000000000e+02
4.260000000000000000e+02
4.680000000000000000e+02
4.200000000000000000e+02
4.240000000000000000e+02
6.320000000000000000e+02
4.240000000000000000e+02
3.960000000000000000e+02
4.240000000000000000e+02
4.000000000000000000e+02
4.040000000000000000e+02
4.160000000000000000e+02
4.200000000000000000e+02
4.200000000000000000e+02
7.960000000000000000e+02
4.180000000000000000e+02
4.040000000000000000e+02
7.720000000000000000e+02
4.040000000000000000e+02
7.960000000000000000e+02
7.960000000000000000e+02
7.960000000000000000e+02
7.660000000000000000e+02
4.070000000000000000e+02
7.960000000000000000e+02
4.000000000000000000e+02
7.960000000000000000e+02
4.080000000000000000e+02
4.000000000000000000e+02
4.280000000000000000e+02
4.000000000000000000e+02
7.590000000000000000e+02
7.960000000000000000e+02
3.960000000000000000e+02
7.960000000000000000e+02
4.050000000000000000e+02
4.120000000000000000e+02
7.650000000000000000e+02
4.000000000000000000e+02
7.560000000000000000e+02
7.560000000000000000e+02
4.400000000000000000e+02
4.000000000000000000e+02
4.560000000000000000e+02
4.240000000000000000e+02
4.560000000000000000e+02
6.666666666666666288e+02
6.800000000000000000e+02
6.930000000000000000e+02
7.800000000000000000e+02
4.040000000000000000e+02
7.960000000000000000e+02
4.040000000000000000e+02
4.040000000000000000e+02
4.080000000000000000e+02
4.000000000000000000e+02
4.000000000000000000e+02
4.040000000000000000e+02
4.000000000000000000e+02
4.080000000000000000e+02
4.040000000000000000e+02
7.960000000000000000e+02
4.040000000000000000e+02
4.000000000000000000e+02
7.480000000000000000e+02
