4.880000000000000000e+02
5.560000000000000000e+02
6.810000000000000000e+02
6.746666666666666288e+02
7.880000000000000000e+02
7.960000000000000000e+02
6.620000000000000000e+02
4.040000000000000000e+02
4.000000000000000000e+02
4.400000000000000000e+02
4.200000000000000000e+02
4.110000000000000000e+02
4.080000000000000000e+02
4.173333333333333144e+02
7.720000000000000000e+02
7.760000000000000000e+02
7.800000000000000000e+02
4.040000000000000000e+02
4.080000000000000000e+02
4.040000000000000000e+02
4.040000000000000000e+02
3.940000000000000000e+02
4.080000000000000000e+02
4.080000000000000000e+02
7.960000000000000000e+02
4.000000000000000000e+02
7.720000000000000000e+02
7.680000000000000000e+02
4.080000000000000000e+02
4.080000000000000000e+02
7.960000000000000000e+02
4.010000000000000000e+02
3.960000000000000000e+02
4.506666666666666856e+02
4.490000000000000000e+02
7.440000000000000000e+02
7.840000000000000000e+02
7.770000000000000000e+02
7.800000000000000000e+02
6.680000000000000000e+02
6.160000000000000000e+02
4.720000000000000000e+02
4.040000000000000000e+02
6.680000000000000000e+02
6.670000000000000000e+02
7.840000000000000000e+02
7.880000000000000000e+02
7.920000000000000000e+02
4.160000000000000000e+02
4.000000000000000000e+02
4.000000000000000000e+02
4.120000000000000000e+02
4.120000000000000000e+02
4.400000000000000000e+02
4.340000000000000000e+02
4.080000000000000000e+02
7.540000000000000000e+02
7.960000000000000000e+02
7.960000000000000000e+02
4.080000000000000000e+02
4.000000000000000000e+02
4.040000000000000000e+02
4.160000000000000000e+02
7.720000000000000000e+02
4.000000000000000000e+02
4.040000000000000000e+02
4.160000000000000000e+02
4.120000000000000000e+02
7.960000000000000000e+02
7.960000000000000000e+02
7.960000000000000000e+02
4.120000000000000000e+02
4.080000000000000000e+02
4.040000000000000000e+02
7.960000000000000000e+02
4.520000000000000000e+02
3.960000000000000000e+02
4.560000000000000000e+02
7.960000000000000000e+02
7.960000000000000000e+02
7.920000000000000000e+02
7.960000000000000000e+02
3.960000000000000000e+02
4.000000000000000000e+02
3.906666666666666856e+02
4.040000000000000000e+02
7.960000000000000000e+02
7.960000000000000000e+02
7.960000000000000000e+02
7.960000000000000000e+02
3.960000000000000000e+02
4.040000000000000000e+02
4.000000000000000000e+02
4.080000000000000000e+02
4.120000000000000000e+02
4.013333333333333144e+02
4.050000000000000000e+02
7.960000000000000000e+02
7.960000000000000000e+02
7.960000000000000000e+02
7.960000000000000000e+02
7.920000000000000000e+02
7.880000000000000000e+02
7.960000000000000000e+02
7.960000000000000000e+02
7.960000000000000000e+02
7.960000000000000000e+02
7.960000000000000000e+02
7.960000000000000000e+02
7.960000000000000000e+02
7.960000000000000000e+02
7.960000000000000000e+02
7.960000000000000000e+02
4.000000000000000000e+02
4.040000000000000000e+02
4.060000000000000000e+02
4.040000000000000000e+02
4.040000000000000000e+02
4.000000000000000000e+02
4.000000000000000000e+02
4.080000000000000000e+02
4.080000000000000000e+02
4.040000000000000000e+02
4.000000000000000000e+02
4.040000000000000000e+02
4.900000000000000000e+02
4.160000000000000000e+02
4.150000000000000000e+02
4.080000000000000000e+02
4.120000000000000000e+02
4.120000000000000000e+02
3.880000000000000000e+02
3.850000000000000000e+02
4.040000000000000000e+02
4.040000000000000000e+02
4.040000000000000000e+02
3.960000000000000000e+02
4.080000000000000000e+02
4.040000000000000000e+02
4.040000000000000000e+02
7.960000000000000000e+02
7.960000000000000000e+02
7.960000000000000000e+02
7.760000000000000000e+02
7.960000000000000000e+02
7.960000000000000000e+02
7.960000000000000000e+02
7.960000000000000000e+02
7.960000000000000000e+02
7.880000000000000000e+02
7.960000000000000000e+02
7.960000000000000000e+02
7.960000000000000000e+02
7.960000000000000000e+02
7.960000000000000000e+02
4.040000000000000000e+02
4.040000000000000000e+02
4.000000000000000000e+02
4.000000000000000000e+02
4.000000000000000000e+02
4.000000000000000000e+02
4.000000000000000000e+02
4.000000000000000000e+02
4.160000000000000000e+02
4.120000000000000000e+02
4.000000000000000000e+02
4.080000000000000000e+02
4.080000000000000000e+02
4.280000000000000000e+02
4.200000000000000000e+02
4.040000000000000000e+02
4.093333333333333144e+02
4.040000000000000000e+02
4.040000000000000000e+02
4.040000000000000000e+02
4.000000000000000000e+02
4.000000000000000000e+02
3.960000000000000000e+02
4.040000000000000000e+02
4.040000000000000000e+02
4.040000000000000000e+02
4.040000000000000000e+02
7.920000000000000000e+02
7.960000000000000000e+02
7.960000000000000000e+02
7.960000000000000000e+02
7.960000000000000000e+02
7.880000000000000000e+02
7.960000000000000000e+02
7.960000000000000000e+02
7.960000000000000000e+02
7.960000000000000000e+02
7.960000000000000000e+02
7.960000000000000000e+02
7.960000000000000000e+02
7.960000000000000000e+02
7.800000000000000000e+02
4.020000000000000000e+02
4.000000000000000000e+02
4.000000000000000000e+02
4.000000000000000000e+02
4.000000000000000000e+02
4.000000000000000000e+02
4.000000000000000000e+02
4.010000000000000000e+02
4.040000000000000000e+02
3.960000000000000000e+02
4.080000000000000000e+02
4.080000000000000000e+02
4.160000000000000000e+02
4.160000000000000000e+02
4.160000000000000000e+02
4.160000000000000000e+02
4.040000000000000000e+02
4.040000000000000000e+02
4.000000000000000000e+02
4.000000000000000000e+02
4.000000000000000000e+02
4.040000000000000000e+02
4.040000000000000000e+02
4.040000000000000000e+02
4.040000000000000000e+02
4.000000000000000000e+02
4.040000000000000000e+02
7.960000000000000000e+02
7.960000000000000000e+02
7.760000000000000000e+02
7.960000000000000000e+02
7.960000000000000000e+02
7.960000000000000000e+02
7.960000000000000000e+02
7.960000000000000000e+02
7.960000000000000000e+02
7.960000000000000000e+02
7.960000000000000000e+02
7.800000000000000000e+02
7.800000000000000000e+02
4.040000000000000000e+02
4.000000000000000000e+02
4.040000000000000000e+02
4.000000000000000000e+02
4.000000000000000000e+02
4.000000000000000000e+02
4.040000000000000000e+02
4.000000000000000000e+02
4.000000000000000000e+02
4.040000000000000000e+02
4.040000000000000000e+02
4.040000000000000000e+02
4.150000000000000000e+02
4.160000000000000000e+02
4.120000000000000000e+02
4.160000000000000000e+02
4.160000000000000000e+02
4.160000000000000000e+02
4.040000000000000000e+02
4.040000000000000000e+02
4.040000000000000000e+02
4.000000000000000000e+02
4.000000000000000000e+02
4.000000000000000000e+02
4.000000000000000000e+02
4.000000000000000000e+02
4.000000000000000000e+02
4.000000000000000000e+02
4.000000000000000000e+02
4.080000000000000000e+02
4.080000000000000000e+02
7.720000000000000000e+02
7.720000000000000000e+02
7.880000000000000000e+02
7.960000000000000000e+02
7.960000000000000000e+02
7.950000000000000000e+02
7.960000000000000000e+02
7.960000000000000000e+02
7.960000000000000000e+02
7.960000000000000000e+02
7.960000000000000000e+02
7.960000000000000000e+02
4.080000000000000000e+02
4.000000000000000000e+02
3.960000000000000000e+02
4.000000000000000000e+02
4.000000000000000000e+02
3.960000000000000000e+02
3.960000000000000000e+02
3.960000000000000000e+02
4.040000000000000000e+02
4.000000000000000000e+02
4.000000000000000000e+02
4.120000000000000000e+02
4.120000000000000000e+02
4.120000000000000000e+02
4.200000000000000000e+02
4.160000000000000000e+02
7.390000000000000000e+02
4.066666666666666856e+02
4.120000000000000000e+02
3.920000000000000000e+02
4.000000000000000000e+02
3.920000000000000000e+02
3.960000000000000000e+02
3.986666666666666856e+02
4.040000000000000000e+02
4.040000000000000000e+02
4.040000000000000000e+02
4.180000000000000000e+02
7.960000000000000000e+02
7.920000000000000000e+02
7.960000000000000000e+02
7.760000000000000000e+02
7.760000000000000000e+02
7.760000000000000000e+02
7.940000000000000000e+02
7.960000000000000000e+02
7.960000000000000000e+02
7.960000000000000000e+02
7.960000000000000000e+02
7.960000000000000000e+02
7.960000000000000000e+02
7.960000000000000000e+02
4.280000000000000000e+02
4.160000000000000000e+02
4.040000000000000000e+02
4.040000000000000000e+02
4.040000000000000000e+02
4.000000000000000000e+02
3.960000000000000000e+02
3.970000000000000000e+02
4.040000000000000000e+02
4.040000000000000000e+02
4.120000000000000000e+02
4.200000000000000000e+02
4.160000000000000000e+02
4.080000000000000000e+02
4.360000000000000000e+02
4.180000000000000000e+02
4.160000000000000000e+02
4.120000000000000000e+02
7.960000000000000000e+02
7.960000000000000000e+02
4.000000000000000000e+02
4.000000000000000000e+02
4.360000000000000000e+02
4.360000000000000000e+02
4.413333333333333144e+02
7.960000000000000000e+02
4.160000000000000000e+02
4.160000000000000000e+02
4.040000000000000000e+02
7.800000000000000000e+02
7.930000000000000000e+02
7.960000000000000000e+02
7.960000000000000000e+02
7.880000000000000000e+02
7.960000000000000000e+02
7.960000000000000000e+02
7.960000000000000000e+02
7.840000000000000000e+02
7.800000000000000000e+02
7.453333333333333712e+02
4.940000000000000000e+02
4.320000000000000000e+02
4.120000000000000000e+02
4.160000000000000000e+02
4.160000000000000000e+02
4.160000000000000000e+02
4.120000000000000000e+02
4.120000000000000000e+02
4.200000000000000000e+02
4.160000000000000000e+02
7.960000000000000000e+02
7.960000000000000000e+02
4.040000000000000000e+02
4.200000000000000000e+02
4.200000000000000000e+02
4.260000000000000000e+02
4.640000000000000000e+02
4.200000000000000000e+02
4.280000000000000000e+02
6.300000000000000000e+02
4.200000000000000000e+02
4.000000000000000000e+02
4.280000000000000000e+02
4.093333333333333144e+02
4.000000000000000000e+02
4.160000000000000000e+02
4.200000000000000000e+02
4.200000000000000000e+02
7.960000000000000000e+02
7.960000000000000000e+02
4.040000000000000000e+02
7.720000000000000000e+02
4.080000000000000000e+02
4.066666666666666856e+02
7.960000000000000000e+02
7.960000000000000000e+02
7.960000000000000000e+02
4.070000000000000000e+02
4.000000000000000000e+02
4.000000000000000000e+02
7.960000000000000000e+02
4.066666666666666856e+02
4.000000000000000000e+02
4.280000000000000000e+02
4.000000000000000000e+02
7.960000000000000000e+02
7.960000000000000000e+02
4.026666666666666856e+02
7.960000000000000000e+02
4.080000000000000000e+02
4.120000000000000000e+02
3.826666666666666856e+02
3.960000000000000000e+02
7.560000000000000000e+02
7.520000000000000000e+02
7.520000000000000000e+02
4.100000000000000000e+02
4.560000000000000000e+02
4.093333333333333144e+02
4.600000000000000000e+02
4.590000000000000000e+02
6.800000000000000000e+02
7.360000000000000000e+02
7.800000000000000000e+02
4.040000000000000000e+02
7.440000000000000000e+02
4.010000000000000000e+02
4.040000000000000000e+02
4.080000000000000000e+02
4.000000000000000000e+02
4.000000000000000000e+02
4.040000000000000000e+02
4.000000000000000000e+02
4.000000000000000000e+02
4.040000000000000000e+02
7.960000000000000000e+02
4.030000000000000000e+02
4.000000000000000000e+02
4.180000000000000000e+02
