7.920000000000000000e+02
4.920000000000000000e+02
4.920000000000000000e+02
4.940000000000000000e+02
5.080000000000000000e+02
5.120000000000000000e+02
5.190000000000000000e+02
4.933333333333333144e+02
4.946666666666666856e+02
5.000000000000000000e+02
5.040000000000000000e+02
4.973333333333333144e+02
5.000000000000000000e+02
5.040000000000000000e+02
5.000000000000000000e+02
5.000000000000000000e+02
4.920000000000000000e+02
5.020000000000000000e+02
4.900000000000000000e+02
5.360000000000000000e+02
5.320000000000000000e+02
5.120000000000000000e+02
5.013333333333333144e+02
4.920000000000000000e+02
5.160000000000000000e+02
5.040000000000000000e+02
5.040000000000000000e+02
5.240000000000000000e+02
5.040000000000000000e+02
5.040000000000000000e+02
5.013333333333333144e+02
5.080000000000000000e+02
7.880000000000000000e+02
5.120000000000000000e+02
5.040000000000000000e+02
5.000000000000000000e+02
4.960000000000000000e+02
4.960000000000000000e+02
5.000000000000000000e+02
5.000000000000000000e+02
7.920000000000000000e+02
7.810000000000000000e+02
7.880000000000000000e+02
5.120000000000000000e+02
4.960000000000000000e+02
4.920000000000000000e+02
4.920000000000000000e+02
4.960000000000000000e+02
4.960000000000000000e+02
4.960000000000000000e+02
4.960000000000000000e+02
5.040000000000000000e+02
5.040000000000000000e+02
5.000000000000000000e+02
5.000000000000000000e+02
4.960000000000000000e+02
4.960000000000000000e+02
4.960000000000000000e+02
4.880000000000000000e+02
4.960000000000000000e+02
4.920000000000000000e+02
7.600000000000000000e+02
5.460000000000000000e+02
7.960000000000000000e+02
6.933333333333333712e+02
6.880000000000000000e+02
4.960000000000000000e+02
5.000000000000000000e+02
4.960000000000000000e+02
5.400000000000000000e+02
5.000000000000000000e+02
5.080000000000000000e+02
4.960000000000000000e+02
7.760000000000000000e+02
4.960000000000000000e+02
4.960000000000000000e+02
5.040000000000000000e+02
5.000000000000000000e+02
4.960000000000000000e+02
4.960000000000000000e+02
5.000000000000000000e+02
7.960000000000000000e+02
7.960000000000000000e+02
7.960000000000000000e+02
7.960000000000000000e+02
4.960000000000000000e+02
4.960000000000000000e+02
4.960000000000000000e+02
4.960000000000000000e+02
4.920000000000000000e+02
4.920000000000000000e+02
4.920000000000000000e+02
5.000000000000000000e+02
5.000000000000000000e+02
5.000000000000000000e+02
5.040000000000000000e+02
5.040000000000000000e+02
4.946666666666666856e+02
5.000000000000000000e+02
5.040000000000000000e+02
5.040000000000000000e+02
7.690000000000000000e+02
7.560000000000000000e+02
7.210000000000000000e+02
7.960000000000000000e+02
7.893333333333333712e+02
4.960000000000000000e+02
7.800000000000000000e+02
7.850000000000000000e+02
5.080000000000000000e+02
7.840000000000000000e+02
7.800000000000000000e+02
7.960000000000000000e+02
7.760000000000000000e+02
4.950000000000000000e+02
5.000000000000000000e+02
5.000000000000000000e+02
5.000000000000000000e+02
5.000000000000000000e+02
4.960000000000000000e+02
4.960000000000000000e+02
5.000000000000000000e+02
5.000000000000000000e+02
5.000000000000000000e+02
5.210000000000000000e+02
5.040000000000000000e+02
4.960000000000000000e+02
5.000000000000000000e+02
5.040000000000000000e+02
4.960000000000000000e+02
5.040000000000000000e+02
5.010000000000000000e+02
5.000000000000000000e+02
5.000000000000000000e+02
5.000000000000000000e+02
5.000000000000000000e+02
7.800000000000000000e+02
7.810000000000000000e+02
7.800000000000000000e+02
7.800000000000000000e+02
7.760000000000000000e+02
7.720000000000000000e+02
5.020000000000000000e+02
7.760000000000000000e+02
7.880000000000000000e+02
5.040000000000000000e+02
5.120000000000000000e+02
7.600000000000000000e+02
5.160000000000000000e+02
7.506666666666666288e+02
7.720000000000000000e+02
7.680000000000000000e+02
7.720000000000000000e+02
7.800000000000000000e+02
7.840000000000000000e+02
7.760000000000000000e+02
7.800000000000000000e+02
7.800000000000000000e+02
5.040000000000000000e+02
5.000000000000000000e+02
4.840000000000000000e+02
4.960000000000000000e+02
4.960000000000000000e+02
4.960000000000000000e+02
4.900000000000000000e+02
5.000000000000000000e+02
5.000000000000000000e+02
5.000000000000000000e+02
5.000000000000000000e+02
5.000000000000000000e+02
4.960000000000000000e+02
4.960000000000000000e+02
4.960000000000000000e+02
4.960000000000000000e+02
4.960000000000000000e+02
4.960000000000000000e+02
4.960000000000000000e+02
4.960000000000000000e+02
5.000000000000000000e+02
5.120000000000000000e+02
5.040000000000000000e+02
7.960000000000000000e+02
7.960000000000000000e+02
7.960000000000000000e+02
5.120000000000000000e+02
5.213333333333333712e+02
7.960000000000000000e+02
5.240000000000000000e+02
7.680000000000000000e+02
5.360000000000000000e+02
5.080000000000000000e+02
7.960000000000000000e+02
7.960000000000000000e+02
7.960000000000000000e+02
7.960000000000000000e+02
7.960000000000000000e+02
7.960000000000000000e+02
7.960000000000000000e+02
7.960000000000000000e+02
7.960000000000000000e+02
4.960000000000000000e+02
4.960000000000000000e+02
4.960000000000000000e+02
4.960000000000000000e+02
4.960000000000000000e+02
5.000000000000000000e+02
4.960000000000000000e+02
4.920000000000000000e+02
5.000000000000000000e+02
5.000000000000000000e+02
5.040000000000000000e+02
5.040000000000000000e+02
4.973333333333333144e+02
4.960000000000000000e+02
5.000000000000000000e+02
4.960000000000000000e+02
4.960000000000000000e+02
4.960000000000000000e+02
4.960000000000000000e+02
5.040000000000000000e+02
7.960000000000000000e+02
7.960000000000000000e+02
7.960000000000000000e+02
7.960000000000000000e+02
7.960000000000000000e+02
7.960000000000000000e+02
7.960000000000000000e+02
7.960000000000000000e+02
7.960000000000000000e+02
7.570000000000000000e+02
5.240000000000000000e+02
7.960000000000000000e+02
7.600000000000000000e+02
7.960000000000000000e+02
7.960000000000000000e+02
7.960000000000000000e+02
7.960000000000000000e+02
7.960000000000000000e+02
7.960000000000000000e+02
5.093333333333333144e+02
7.960000000000000000e+02
7.960000000000000000e+02
4.960000000000000000e+02
5.000000000000000000e+02
5.000000000000000000e+02
4.960000000000000000e+02
5.000000000000000000e+02
4.960000000000000000e+02
4.960000000000000000e+02
4.960000000000000000e+02
5.000000000000000000e+02
5.000000000000000000e+02
5.000000000000000000e+02
5.040000000000000000e+02
5.000000000000000000e+02
5.000000000000000000e+02
4.960000000000000000e+02
5.000000000000000000e+02
5.000000000000000000e+02
5.000000000000000000e+02
5.000000000000000000e+02
4.920000000000000000e+02
7.960000000000000000e+02
7.960000000000000000e+02
7.960000000000000000e+02
5.040000000000000000e+02
7.880000000000000000e+02
5.080000000000000000e+02
7.960000000000000000e+02
7.960000000000000000e+02
7.960000000000000000e+02
7.813333333333333712e+02
7.930000000000000000e+02
7.920000000000000000e+02
7.840000000000000000e+02
7.840000000000000000e+02
7.880000000000000000e+02
7.760000000000000000e+02
7.720000000000000000e+02
7.760000000000000000e+02
7.850000000000000000e+02
7.960000000000000000e+02
7.960000000000000000e+02
7.960000000000000000e+02
4.960000000000000000e+02
4.960000000000000000e+02
4.960000000000000000e+02
4.960000000000000000e+02
4.960000000000000000e+02
4.960000000000000000e+02
4.960000000000000000e+02
5.000000000000000000e+02
5.000000000000000000e+02
5.040000000000000000e+02
5.040000000000000000e+02
5.040000000000000000e+02
5.000000000000000000e+02
4.960000000000000000e+02
4.960000000000000000e+02
4.960000000000000000e+02
5.000000000000000000e+02
4.960000000000000000e+02
5.000000000000000000e+02
5.000000000000000000e+02
5.000000000000000000e+02
5.000000000000000000e+02
7.960000000000000000e+02
7.760000000000000000e+02
7.760000000000000000e+02
7.720000000000000000e+02
7.760000000000000000e+02
5.093333333333333144e+02
5.120000000000000000e+02
5.200000000000000000e+02
7.426666666666666288e+02
7.440000000000000000e+02
5.106666666666666856e+02
7.920000000000000000e+02
7.880000000000000000e+02
5.080000000000000000e+02
7.960000000000000000e+02
5.040000000000000000e+02
5.080000000000000000e+02
5.160000000000000000e+02
5.120000000000000000e+02
5.040000000000000000e+02
5.000000000000000000e+02
5.000000000000000000e+02
5.000000000000000000e+02
5.000000000000000000e+02
4.960000000000000000e+02
4.960000000000000000e+02
4.960000000000000000e+02
5.040000000000000000e+02
4.920000000000000000e+02
5.080000000000000000e+02
5.040000000000000000e+02
5.000000000000000000e+02
4.920000000000000000e+02
5.000000000000000000e+02
5.000000000000000000e+02
4.960000000000000000e+02
4.970000000000000000e+02
5.000000000000000000e+02
5.000000000000000000e+02
5.080000000000000000e+02
5.013333333333333144e+02
5.080000000000000000e+02
5.160000000000000000e+02
7.960000000000000000e+02
7.960000000000000000e+02
7.960000000000000000e+02
7.960000000000000000e+02
7.940000000000000000e+02
7.920000000000000000e+02
7.920000000000000000e+02
7.453333333333333712e+02
6.860000000000000000e+02
7.330000000000000000e+02
5.066666666666666856e+02
7.610000000000000000e+02
7.950000000000000000e+02
7.920000000000000000e+02
5.093333333333333144e+02
5.040000000000000000e+02
4.980000000000000000e+02
5.040000000000000000e+02
5.080000000000000000e+02
4.960000000000000000e+02
5.000000000000000000e+02
5.000000000000000000e+02
4.960000000000000000e+02
4.960000000000000000e+02
4.960000000000000000e+02
4.960000000000000000e+02
5.000000000000000000e+02
5.000000000000000000e+02
5.066666666666666856e+02
4.990000000000000000e+02
5.120000000000000000e+02
4.960000000000000000e+02
4.920000000000000000e+02
4.960000000000000000e+02
5.000000000000000000e+02
5.000000000000000000e+02
5.000000000000000000e+02
5.000000000000000000e+02
5.240000000000000000e+02
5.080000000000000000e+02
5.240000000000000000e+02
5.000000000000000000e+02
5.030000000000000000e+02
5.120000000000000000e+02
4.960000000000000000e+02
5.530000000000000000e+02
5.000000000000000000e+02
5.310000000000000000e+02
5.000000000000000000e+02
5.260000000000000000e+02
5.360000000000000000e+02
4.920000000000000000e+02
4.970000000000000000e+02
5.360000000000000000e+02
5.000000000000000000e+02
5.040000000000000000e+02
5.000000000000000000e+02
5.040000000000000000e+02
5.000000000000000000e+02
4.960000000000000000e+02
5.160000000000000000e+02
5.280000000000000000e+02
4.920000000000000000e+02
5.493333333333333712e+02
5.120000000000000000e+02
4.990000000000000000e+02
4.960000000000000000e+02
5.240000000000000000e+02
5.040000000000000000e+02
5.040000000000000000e+02
4.960000000000000000e+02
7.900000000000000000e+02
5.000000000000000000e+02
5.040000000000000000e+02
4.920000000000000000e+02
4.960000000000000000e+02
5.000000000000000000e+02
4.960000000000000000e+02
5.040000000000000000e+02
5.080000000000000000e+02
5.040000000000000000e+02
5.070000000000000000e+02
5.480000000000000000e+02
4.960000000000000000e+02
4.920000000000000000e+02
4.960000000000000000e+02
5.120000000000000000e+02
4.973333333333333144e+02
4.800000000000000000e+02
4.960000000000000000e+02
5.040000000000000000e+02
4.960000000000000000e+02
