7.360000000000000000e+02
7.506666666666666288e+02
7.230000000000000000e+02
7.493333333333333712e+02
7.520000000000000000e+02
7.440000000000000000e+02
7.640000000000000000e+02
7.480000000000000000e+02
7.250000000000000000e+02
7.400000000000000000e+02
6.950000000000000000e+02
6.960000000000000000e+02
6.920000000000000000e+02
6.880000000000000000e+02
7.510000000000000000e+02
6.920000000000000000e+02
7.420000000000000000e+02
7.050000000000000000e+02
7.360000000000000000e+02
6.940000000000000000e+02
7.000000000000000000e+02
7.440000000000000000e+02
7.413333333333333712e+02
7.480000000000000000e+02
7.400000000000000000e+02
6.946666666666666288e+02
6.960000000000000000e+02
7.450000000000000000e+02
7.453333333333333712e+02
7.570000000000000000e+02
7.480000000000000000e+02
6.826666666666666288e+02
6.690000000000000000e+02
7.360000000000000000e+02
7.480000000000000000e+02
7.370000000000000000e+02
7.400000000000000000e+02
7.540000000000000000e+02
7.270000000000000000e+02
6.880000000000000000e+02
6.960000000000000000e+02
6.920000000000000000e+02
7.560000000000000000e+02
6.893333333333333712e+02
7.400000000000000000e+02
6.900000000000000000e+02
7.546666666666666288e+02
6.850000000000000000e+02
7.546666666666666288e+02
7.470000000000000000e+02
7.480000000000000000e+02
6.906666666666666288e+02
7.520000000000000000e+02
6.893333333333333712e+02
7.430000000000000000e+02
6.920000000000000000e+02
6.920000000000000000e+02
7.060000000000000000e+02
6.960000000000000000e+02
6.900000000000000000e+02
6.930000000000000000e+02
6.820000000000000000e+02
7.460000000000000000e+02
7.570000000000000000e+02
6.840000000000000000e+02
7.000000000000000000e+02
6.960000000000000000e+02
6.820000000000000000e+02
7.370000000000000000e+02
7.580000000000000000e+02
7.540000000000000000e+02
7.470000000000000000e+02
7.490000000000000000e+02
7.510000000000000000e+02
6.870000000000000000e+02
7.490000000000000000e+02
7.540000000000000000e+02
7.550000000000000000e+02
7.493333333333333712e+02
7.430000000000000000e+02
7.466666666666666288e+02
7.520000000000000000e+02
6.920000000000000000e+02
6.860000000000000000e+02
6.960000000000000000e+02
6.906666666666666288e+02
6.920000000000000000e+02
7.520000000000000000e+02
7.506666666666666288e+02
7.506666666666666288e+02
7.520000000000000000e+02
7.506666666666666288e+02
6.826666666666666288e+02
7.400000000000000000e+02
7.560000000000000000e+02
6.813333333333333712e+02
7.540000000000000000e+02
7.440000000000000000e+02
7.280000000000000000e+02
7.440000000000000000e+02
7.466666666666666288e+02
6.900000000000000000e+02
7.493333333333333712e+02
7.426666666666666288e+02
7.520000000000000000e+02
7.470000000000000000e+02
7.510000000000000000e+02
7.660000000000000000e+02
7.470000000000000000e+02
7.470000000000000000e+02
6.860000000000000000e+02
7.480000000000000000e+02
6.850000000000000000e+02
6.810000000000000000e+02
6.900000000000000000e+02
6.810000000000000000e+02
6.820000000000000000e+02
7.493333333333333712e+02
7.480000000000000000e+02
7.500000000000000000e+02
7.480000000000000000e+02
7.600000000000000000e+02
7.550000000000000000e+02
7.520000000000000000e+02
6.990000000000000000e+02
7.590000000000000000e+02
7.320000000000000000e+02
7.560000000000000000e+02
7.430000000000000000e+02
7.080000000000000000e+02
7.520000000000000000e+02
7.540000000000000000e+02
7.560000000000000000e+02
6.840000000000000000e+02
7.440000000000000000e+02
6.860000000000000000e+02
7.480000000000000000e+02
6.840000000000000000e+02
7.480000000000000000e+02
6.973333333333333712e+02
7.493333333333333712e+02
7.490000000000000000e+02
6.866666666666666288e+02
7.550000000000000000e+02
7.480000000000000000e+02
7.493333333333333712e+02
6.906666666666666288e+02
7.400000000000000000e+02
7.466666666666666288e+02
6.813333333333333712e+02
7.600000000000000000e+02
6.760000000000000000e+02
7.500000000000000000e+02
6.800000000000000000e+02
7.370000000000000000e+02
6.853333333333333712e+02
6.850000000000000000e+02
7.600000000000000000e+02
7.590000000000000000e+02
7.493333333333333712e+02
7.540000000000000000e+02
7.480000000000000000e+02
7.480000000000000000e+02
7.493333333333333712e+02
7.560000000000000000e+02
7.500000000000000000e+02
7.546666666666666288e+02
7.170000000000000000e+02
7.530000000000000000e+02
6.750000000000000000e+02
6.920000000000000000e+02
6.980000000000000000e+02
7.550000000000000000e+02
7.480000000000000000e+02
7.520000000000000000e+02
7.170000000000000000e+02
7.540000000000000000e+02
7.560000000000000000e+02
7.520000000000000000e+02
7.550000000000000000e+02
7.600000000000000000e+02
7.493333333333333712e+02
7.533333333333333712e+02
7.850000000000000000e+02
7.226666666666666288e+02
6.970000000000000000e+02
6.866666666666666288e+02
7.500000000000000000e+02
7.450000000000000000e+02
7.460000000000000000e+02
7.520000000000000000e+02
7.480000000000000000e+02
7.400000000000000000e+02
7.506666666666666288e+02
7.460000000000000000e+02
6.786666666666666288e+02
6.840000000000000000e+02
7.480000000000000000e+02
6.906666666666666288e+02
7.480000000000000000e+02
7.440000000000000000e+02
7.000000000000000000e+02
7.500000000000000000e+02
7.480000000000000000e+02
6.800000000000000000e+02
7.470000000000000000e+02
6.860000000000000000e+02
7.440000000000000000e+02
6.826666666666666288e+02
7.426666666666666288e+02
6.780000000000000000e+02
6.760000000000000000e+02
7.480000000000000000e+02
6.893333333333333712e+02
6.773333333333333712e+02
6.893333333333333712e+02
7.480000000000000000e+02
6.800000000000000000e+02
7.470000000000000000e+02
6.750000000000000000e+02
7.600000000000000000e+02
6.893333333333333712e+02
7.250000000000000000e+02
7.560000000000000000e+02
7.510000000000000000e+02
7.520000000000000000e+02
7.530000000000000000e+02
7.520000000000000000e+02
7.480000000000000000e+02
7.260000000000000000e+02
7.520000000000000000e+02
7.000000000000000000e+02
7.466666666666666288e+02
7.420000000000000000e+02
7.426666666666666288e+02
7.560000000000000000e+02
7.560000000000000000e+02
7.506666666666666288e+02
7.400000000000000000e+02
6.826666666666666288e+02
7.386666666666666288e+02
7.510000000000000000e+02
7.440000000000000000e+02
7.400000000000000000e+02
7.450000000000000000e+02
7.520000000000000000e+02
7.493333333333333712e+02
6.813333333333333712e+02
7.490000000000000000e+02
7.520000000000000000e+02
5.700000000000000000e+02
6.090000000000000000e+02
6.146666666666666288e+02
5.770000000000000000e+02
7.460000000000000000e+02
7.466666666666666288e+02
