7.480000000000000000e+02
7.520000000000000000e+02
7.230000000000000000e+02
7.530000000000000000e+02
7.490000000000000000e+02
7.520000000000000000e+02
7.640000000000000000e+02
7.400000000000000000e+02
7.346666666666666288e+02
7.400000000000000000e+02
7.546666666666666288e+02
6.960000000000000000e+02
6.920000000000000000e+02
6.990000000000000000e+02
6.906666666666666288e+02
7.506666666666666288e+02
7.520000000000000000e+02
7.470000000000000000e+02
7.506666666666666288e+02
6.940000000000000000e+02
7.000000000000000000e+02
7.440000000000000000e+02
7.413333333333333712e+02
7.320000000000000000e+02
7.080000000000000000e+02
7.410000000000000000e+02
6.340000000000000000e+02
7.500000000000000000e+02
7.400000000000000000e+02
7.540000000000000000e+02
7.480000000000000000e+02
7.453333333333333712e+02
7.580000000000000000e+02
7.350000000000000000e+02
7.480000000000000000e+02
7.480000000000000000e+02
7.400000000000000000e+02
5.786666666666666288e+02
6.946666666666666288e+02
6.940000000000000000e+02
7.010000000000000000e+02
6.920000000000000000e+02
6.860000000000000000e+02
7.060000000000000000e+02
7.450000000000000000e+02
6.900000000000000000e+02
7.490000000000000000e+02
7.493333333333333712e+02
7.460000000000000000e+02
6.880000000000000000e+02
7.586666666666666288e+02
7.586666666666666288e+02
7.470000000000000000e+02
7.480000000000000000e+02
7.440000000000000000e+02
6.933333333333333712e+02
6.870000000000000000e+02
6.893333333333333712e+02
6.813333333333333712e+02
7.373333333333333712e+02
6.930000000000000000e+02
6.940000000000000000e+02
7.460000000000000000e+02
7.570000000000000000e+02
6.840000000000000000e+02
7.000000000000000000e+02
7.060000000000000000e+02
6.840000000000000000e+02
7.370000000000000000e+02
7.480000000000000000e+02
7.540000000000000000e+02
7.470000000000000000e+02
7.530000000000000000e+02
6.880000000000000000e+02
7.453333333333333712e+02
6.890000000000000000e+02
7.560000000000000000e+02
7.540000000000000000e+02
7.530000000000000000e+02
7.450000000000000000e+02
7.000000000000000000e+02
6.800000000000000000e+02
7.400000000000000000e+02
6.860000000000000000e+02
6.840000000000000000e+02
7.580000000000000000e+02
7.280000000000000000e+02
7.520000000000000000e+02
7.533333333333333712e+02
7.520000000000000000e+02
7.530000000000000000e+02
7.546666666666666288e+02
6.826666666666666288e+02
7.440000000000000000e+02
7.560000000000000000e+02
7.493333333333333712e+02
7.560000000000000000e+02
7.480000000000000000e+02
7.253333333333333712e+02
7.480000000000000000e+02
7.466666666666666288e+02
6.900000000000000000e+02
7.500000000000000000e+02
7.470000000000000000e+02
7.440000000000000000e+02
7.453333333333333712e+02
6.826666666666666288e+02
7.470000000000000000e+02
7.500000000000000000e+02
7.430000000000000000e+02
7.660000000000000000e+02
7.480000000000000000e+02
6.850000000000000000e+02
6.870000000000000000e+02
6.920000000000000000e+02
6.810000000000000000e+02
6.680000000000000000e+02
7.493333333333333712e+02
7.573333333333333712e+02
7.130000000000000000e+02
5.293333333333333712e+02
7.420000000000000000e+02
7.560000000000000000e+02
7.440000000000000000e+02
6.990000000000000000e+02
6.930000000000000000e+02
7.320000000000000000e+02
7.480000000000000000e+02
7.300000000000000000e+02
7.040000000000000000e+02
6.950000000000000000e+02
7.560000000000000000e+02
7.560000000000000000e+02
7.460000000000000000e+02
6.840000000000000000e+02
7.480000000000000000e+02
7.600000000000000000e+02
6.826666666666666288e+02
6.746666666666666288e+02
7.306666666666666288e+02
7.493333333333333712e+02
7.490000000000000000e+02
6.866666666666666288e+02
7.510000000000000000e+02
7.560000000000000000e+02
7.493333333333333712e+02
7.480000000000000000e+02
7.426666666666666288e+02
7.493333333333333712e+02
7.520000000000000000e+02
6.840000000000000000e+02
7.470000000000000000e+02
7.590000000000000000e+02
7.520000000000000000e+02
6.773333333333333712e+02
6.853333333333333712e+02
6.740000000000000000e+02
7.600000000000000000e+02
7.590000000000000000e+02
6.910000000000000000e+02
6.973333333333333712e+02
7.493333333333333712e+02
7.480000000000000000e+02
7.420000000000000000e+02
7.560000000000000000e+02
6.860000000000000000e+02
6.893333333333333712e+02
7.340000000000000000e+02
6.706666666666666288e+02
7.340000000000000000e+02
6.813333333333333712e+02
7.480000000000000000e+02
7.550000000000000000e+02
7.480000000000000000e+02
7.520000000000000000e+02
7.480000000000000000e+02
7.000000000000000000e+02
7.530000000000000000e+02
7.500000000000000000e+02
7.550000000000000000e+02
7.493333333333333712e+02
7.510000000000000000e+02
7.510000000000000000e+02
7.530000000000000000e+02
7.330000000000000000e+02
7.420000000000000000e+02
7.550000000000000000e+02
7.453333333333333712e+02
7.453333333333333712e+02
7.510000000000000000e+02
7.520000000000000000e+02
7.470000000000000000e+02
7.500000000000000000e+02
7.493333333333333712e+02
7.480000000000000000e+02
7.470000000000000000e+02
6.830000000000000000e+02
6.840000000000000000e+02
6.820000000000000000e+02
7.480000000000000000e+02
7.480000000000000000e+02
7.370000000000000000e+02
7.426666666666666288e+02
6.840000000000000000e+02
6.800000000000000000e+02
7.480000000000000000e+02
7.530000000000000000e+02
7.500000000000000000e+02
7.466666666666666288e+02
7.426666666666666288e+02
6.780000000000000000e+02
6.760000000000000000e+02
7.520000000000000000e+02
6.900000000000000000e+02
7.560000000000000000e+02
6.880000000000000000e+02
6.573333333333333712e+02
6.770000000000000000e+02
6.840000000000000000e+02
7.580000000000000000e+02
7.270000000000000000e+02
7.053333333333333712e+02
7.480000000000000000e+02
7.520000000000000000e+02
7.493333333333333712e+02
7.430000000000000000e+02
7.480000000000000000e+02
7.510000000000000000e+02
7.440000000000000000e+02
5.453333333333333712e+02
6.760000000000000000e+02
6.773333333333333712e+02
7.480000000000000000e+02
6.710000000000000000e+02
7.426666666666666288e+02
6.733333333333333712e+02
6.506666666666666288e+02
7.380000000000000000e+02
6.920000000000000000e+02
7.453333333333333712e+02
7.480000000000000000e+02
7.540000000000000000e+02
7.460000000000000000e+02
7.573333333333333712e+02
7.060000000000000000e+02
7.520000000000000000e+02
7.480000000000000000e+02
6.813333333333333712e+02
6.720000000000000000e+02
7.520000000000000000e+02
6.706666666666666288e+02
5.740000000000000000e+02
5.690000000000000000e+02
6.653333333333333712e+02
6.520000000000000000e+02
7.466666666666666288e+02
