4.720000000000000000e+02
5.480000000000000000e+02
6.640000000000000000e+02
6.640000000000000000e+02
7.760000000000000000e+02
7.520000000000000000e+02
7.350000000000000000e+02
7.320000000000000000e+02
7.400000000000000000e+02
7.410000000000000000e+02
7.160000000000000000e+02
7.620000000000000000e+02
7.490000000000000000e+02
7.440000000000000000e+02
7.480000000000000000e+02
7.400000000000000000e+02
6.760000000000000000e+02
6.800000000000000000e+02
7.380000000000000000e+02
7.360000000000000000e+02
7.440000000000000000e+02
7.480000000000000000e+02
6.860000000000000000e+02
6.880000000000000000e+02
6.800000000000000000e+02
7.426666666666666288e+02
7.466666666666666288e+02
7.590000000000000000e+02
6.613333333333333712e+02
6.760000000000000000e+02
6.870000000000000000e+02
7.300000000000000000e+02
6.790000000000000000e+02
7.080000000000000000e+02
7.013333333333333712e+02
7.240000000000000000e+02
7.600000000000000000e+02
7.680000000000000000e+02
7.720000000000000000e+02
6.120000000000000000e+02
5.400000000000000000e+02
5.373333333333333712e+02
5.050000000000000000e+02
5.040000000000000000e+02
5.840000000000000000e+02
7.960000000000000000e+02
7.960000000000000000e+02
7.960000000000000000e+02
6.600000000000000000e+02
7.960000000000000000e+02
6.880000000000000000e+02
6.920000000000000000e+02
6.850000000000000000e+02
6.940000000000000000e+02
6.820000000000000000e+02
3.920000000000000000e+02
6.840000000000000000e+02
6.830000000000000000e+02
6.880000000000000000e+02
7.453333333333333712e+02
7.440000000000000000e+02
3.880000000000000000e+02
3.946666666666666856e+02
3.910000000000000000e+02
3.880000000000000000e+02
6.773333333333333712e+02
7.480000000000000000e+02
6.800000000000000000e+02
6.800000000000000000e+02
6.786666666666666288e+02
7.360000000000000000e+02
7.340000000000000000e+02
7.200000000000000000e+02
7.120000000000000000e+02
6.680000000000000000e+02
4.413333333333333144e+02
6.840000000000000000e+02
6.640000000000000000e+02
7.960000000000000000e+02
7.960000000000000000e+02
6.520000000000000000e+02
6.520000000000000000e+02
5.540000000000000000e+02
5.080000000000000000e+02
5.210000000000000000e+02
5.360000000000000000e+02
6.586666666666666288e+02
6.530000000000000000e+02
7.960000000000000000e+02
7.960000000000000000e+02
6.760000000000000000e+02
6.840000000000000000e+02
7.453333333333333712e+02
7.400000000000000000e+02
6.880000000000000000e+02
6.680000000000000000e+02
6.690000000000000000e+02
6.680000000000000000e+02
6.670000000000000000e+02
7.440000000000000000e+02
7.400000000000000000e+02
6.920000000000000000e+02
7.600000000000000000e+02
7.510000000000000000e+02
7.530000000000000000e+02
3.880000000000000000e+02
3.840000000000000000e+02
7.000000000000000000e+02
7.520000000000000000e+02
6.790000000000000000e+02
7.440000000000000000e+02
6.690000000000000000e+02
6.760000000000000000e+02
4.440000000000000000e+02
4.360000000000000000e+02
6.760000000000000000e+02
6.790000000000000000e+02
4.080000000000000000e+02
6.640000000000000000e+02
7.920000000000000000e+02
7.960000000000000000e+02
7.960000000000000000e+02
7.960000000000000000e+02
6.600000000000000000e+02
4.040000000000000000e+02
4.790000000000000000e+02
6.380000000000000000e+02
6.800000000000000000e+02
4.030000000000000000e+02
7.960000000000000000e+02
6.626666666666666288e+02
6.613333333333333712e+02
4.280000000000000000e+02
6.850000000000000000e+02
6.560000000000000000e+02
6.720000000000000000e+02
6.720000000000000000e+02
6.760000000000000000e+02
6.720000000000000000e+02
4.040000000000000000e+02
6.720000000000000000e+02
7.040000000000000000e+02
6.840000000000000000e+02
7.120000000000000000e+02
6.840000000000000000e+02
6.760000000000000000e+02
6.840000000000000000e+02
6.740000000000000000e+02
6.690000000000000000e+02
6.840000000000000000e+02
6.820000000000000000e+02
4.066666666666666856e+02
7.080000000000000000e+02
4.080000000000000000e+02
4.080000000000000000e+02
4.120000000000000000e+02
4.320000000000000000e+02
6.800000000000000000e+02
6.800000000000000000e+02
6.960000000000000000e+02
7.000000000000000000e+02
4.160000000000000000e+02
6.690000000000000000e+02
6.720000000000000000e+02
6.733333333333333712e+02
6.820000000000000000e+02
7.620000000000000000e+02
7.533333333333333712e+02
6.280000000000000000e+02
7.440000000000000000e+02
7.360000000000000000e+02
4.480000000000000000e+02
6.960000000000000000e+02
4.160000000000000000e+02
4.160000000000000000e+02
4.080000000000000000e+02
4.053333333333333144e+02
3.960000000000000000e+02
3.960000000000000000e+02
6.880000000000000000e+02
4.013333333333333144e+02
4.120000000000000000e+02
4.120000000000000000e+02
4.640000000000000000e+02
6.680000000000000000e+02
6.720000000000000000e+02
6.720000000000000000e+02
6.600000000000000000e+02
7.420000000000000000e+02
3.880000000000000000e+02
6.720000000000000000e+02
6.840000000000000000e+02
6.680000000000000000e+02
6.680000000000000000e+02
6.760000000000000000e+02
4.040000000000000000e+02
4.080000000000000000e+02
4.000000000000000000e+02
3.920000000000000000e+02
4.000000000000000000e+02
3.960000000000000000e+02
3.840000000000000000e+02
3.880000000000000000e+02
4.080000000000000000e+02
4.120000000000000000e+02
4.160000000000000000e+02
6.773333333333333712e+02
6.706666666666666288e+02
4.266666666666666856e+02
4.440000000000000000e+02
4.360000000000000000e+02
4.320000000000000000e+02
4.373333333333333144e+02
4.120000000000000000e+02
4.080000000000000000e+02
4.040000000000000000e+02
3.880000000000000000e+02
3.880000000000000000e+02
3.800000000000000000e+02
3.800000000000000000e+02
3.840000000000000000e+02
3.880000000000000000e+02
3.960000000000000000e+02
4.040000000000000000e+02
4.040000000000000000e+02
4.200000000000000000e+02
6.746666666666666288e+02
6.760000000000000000e+02
6.773333333333333712e+02
6.760000000000000000e+02
6.710000000000000000e+02
6.760000000000000000e+02
6.720000000000000000e+02
6.730000000000000000e+02
3.840000000000000000e+02
6.680000000000000000e+02
6.720000000000000000e+02
4.000000000000000000e+02
4.000000000000000000e+02
3.880000000000000000e+02
3.880000000000000000e+02
3.840000000000000000e+02
6.120000000000000000e+02
6.120000000000000000e+02
3.840000000000000000e+02
3.920000000000000000e+02
3.920000000000000000e+02
5.840000000000000000e+02
5.840000000000000000e+02
4.400000000000000000e+02
4.320000000000000000e+02
4.320000000000000000e+02
4.360000000000000000e+02
4.400000000000000000e+02
4.093333333333333144e+02
4.106666666666666856e+02
4.120000000000000000e+02
3.880000000000000000e+02
3.880000000000000000e+02
3.840000000000000000e+02
3.840000000000000000e+02
3.800000000000000000e+02
3.840000000000000000e+02
6.080000000000000000e+02
3.920000000000000000e+02
3.920000000000000000e+02
3.920000000000000000e+02
4.080000000000000000e+02
4.360000000000000000e+02
4.440000000000000000e+02
6.680000000000000000e+02
6.630000000000000000e+02
7.000000000000000000e+02
6.906666666666666288e+02
6.920000000000000000e+02
6.670000000000000000e+02
6.680000000000000000e+02
4.360000000000000000e+02
4.010000000000000000e+02
3.880000000000000000e+02
3.880000000000000000e+02
3.880000000000000000e+02
3.920000000000000000e+02
3.880000000000000000e+02
3.840000000000000000e+02
3.800000000000000000e+02
3.840000000000000000e+02
6.040000000000000000e+02
3.880000000000000000e+02
3.840000000000000000e+02
3.933333333333333144e+02
4.080000000000000000e+02
4.360000000000000000e+02
4.400000000000000000e+02
4.260000000000000000e+02
4.240000000000000000e+02
4.280000000000000000e+02
4.080000000000000000e+02
4.000000000000000000e+02
4.000000000000000000e+02
4.000000000000000000e+02
3.866666666666666856e+02
3.840000000000000000e+02
3.840000000000000000e+02
3.830000000000000000e+02
3.920000000000000000e+02
3.880000000000000000e+02
3.920000000000000000e+02
6.680000000000000000e+02
3.960000000000000000e+02
4.493333333333333144e+02
6.760000000000000000e+02
6.720000000000000000e+02
6.750000000000000000e+02
6.800000000000000000e+02
7.573333333333333712e+02
6.760000000000000000e+02
6.720000000000000000e+02
6.720000000000000000e+02
6.720000000000000000e+02
6.760000000000000000e+02
4.080000000000000000e+02
3.960000000000000000e+02
3.920000000000000000e+02
5.960000000000000000e+02
6.880000000000000000e+02
3.920000000000000000e+02
3.880000000000000000e+02
3.840000000000000000e+02
3.880000000000000000e+02
4.040000000000000000e+02
4.080000000000000000e+02
4.000000000000000000e+02
4.280000000000000000e+02
6.680000000000000000e+02
6.560000000000000000e+02
6.720000000000000000e+02
6.640000000000000000e+02
6.640000000000000000e+02
4.000000000000000000e+02
3.920000000000000000e+02
3.960000000000000000e+02
4.000000000000000000e+02
3.960000000000000000e+02
3.920000000000000000e+02
3.920000000000000000e+02
3.920000000000000000e+02
3.960000000000000000e+02
4.200000000000000000e+02
4.200000000000000000e+02
6.893333333333333712e+02
6.760000000000000000e+02
6.770000000000000000e+02
6.760000000000000000e+02
6.640000000000000000e+02
4.570000000000000000e+02
3.880000000000000000e+02
7.080000000000000000e+02
3.860000000000000000e+02
6.626666666666666288e+02
6.290000000000000000e+02
3.960000000000000000e+02
6.760000000000000000e+02
6.880000000000000000e+02
4.280000000000000000e+02
4.160000000000000000e+02
4.120000000000000000e+02
6.600000000000000000e+02
6.760000000000000000e+02
3.920000000000000000e+02
3.960000000000000000e+02
3.960000000000000000e+02
4.080000000000000000e+02
6.920000000000000000e+02
4.580000000000000000e+02
4.520000000000000000e+02
4.560000000000000000e+02
6.760000000000000000e+02
3.960000000000000000e+02
6.600000000000000000e+02
6.706666666666666288e+02
6.680000000000000000e+02
6.840000000000000000e+02
6.813333333333333712e+02
4.013333333333333144e+02
4.000000000000000000e+02
6.680000000000000000e+02
6.760000000000000000e+02
6.800000000000000000e+02
4.040000000000000000e+02
3.920000000000000000e+02
6.680000000000000000e+02
6.853333333333333712e+02
6.800000000000000000e+02
6.760000000000000000e+02
6.920000000000000000e+02
6.640000000000000000e+02
6.813333333333333712e+02
6.720000000000000000e+02
6.870000000000000000e+02
7.000000000000000000e+02
7.240000000000000000e+02
6.430000000000000000e+02
6.213333333333333712e+02
6.840000000000000000e+02
6.840000000000000000e+02
6.760000000000000000e+02
4.360000000000000000e+02
6.840000000000000000e+02
6.870000000000000000e+02
6.680000000000000000e+02
6.680000000000000000e+02
6.960000000000000000e+02
6.960000000000000000e+02
6.280000000000000000e+02
6.270000000000000000e+02
6.800000000000000000e+02
6.760000000000000000e+02
6.840000000000000000e+02
3.980000000000000000e+02
4.620000000000000000e+02
4.560000000000000000e+02
6.760000000000000000e+02
7.413333333333333712e+02
7.600000000000000000e+02
7.410000000000000000e+02
4.440000000000000000e+02
4.400000000000000000e+02
7.660000000000000000e+02
6.750000000000000000e+02
4.440000000000000000e+02
4.010000000000000000e+02
3.893333333333333144e+02
7.420000000000000000e+02
6.800000000000000000e+02
6.853333333333333712e+02
7.306666666666666288e+02
6.560000000000000000e+02
7.680000000000000000e+02
6.560000000000000000e+02
6.730000000000000000e+02
