4.720000000000000000e+02
5.520000000000000000e+02
6.600000000000000000e+02
6.600000000000000000e+02
7.720000000000000000e+02
7.620000000000000000e+02
7.790000000000000000e+02
6.920000000000000000e+02
7.450000000000000000e+02
6.760000000000000000e+02
6.600000000000000000e+02
7.666666666666666288e+02
7.850000000000000000e+02
6.950000000000000000e+02
6.960000000000000000e+02
6.820000000000000000e+02
6.813333333333333712e+02
7.920000000000000000e+02
7.800000000000000000e+02
7.840000000000000000e+02
6.920000000000000000e+02
7.440000000000000000e+02
7.853333333333333712e+02
7.800000000000000000e+02
5.050000000000000000e+02
7.253333333333333712e+02
7.520000000000000000e+02
7.280000000000000000e+02
7.960000000000000000e+02
5.360000000000000000e+02
7.373333333333333712e+02
7.466666666666666288e+02
5.146666666666666288e+02
7.480000000000000000e+02
7.480000000000000000e+02
5.920000000000000000e+02
7.640000000000000000e+02
7.680000000000000000e+02
7.760000000000000000e+02
6.120000000000000000e+02
5.360000000000000000e+02
5.360000000000000000e+02
5.080000000000000000e+02
5.080000000000000000e+02
6.680000000000000000e+02
7.960000000000000000e+02
7.960000000000000000e+02
7.960000000000000000e+02
7.960000000000000000e+02
7.960000000000000000e+02
7.440000000000000000e+02
6.880000000000000000e+02
5.380000000000000000e+02
7.350000000000000000e+02
7.506666666666666288e+02
7.690000000000000000e+02
5.120000000000000000e+02
7.370000000000000000e+02
7.310000000000000000e+02
7.506666666666666288e+02
7.390000000000000000e+02
7.610000000000000000e+02
5.100000000000000000e+02
7.930000000000000000e+02
7.860000000000000000e+02
7.706666666666666288e+02
5.260000000000000000e+02
7.620000000000000000e+02
7.610000000000000000e+02
7.733333333333333712e+02
7.640000000000000000e+02
7.420000000000000000e+02
7.600000000000000000e+02
7.630000000000000000e+02
7.400000000000000000e+02
7.466666666666666288e+02
7.693333333333333712e+02
7.760000000000000000e+02
7.960000000000000000e+02
7.960000000000000000e+02
7.960000000000000000e+02
6.530000000000000000e+02
5.520000000000000000e+02
5.040000000000000000e+02
5.040000000000000000e+02
5.080000000000000000e+02
6.400000000000000000e+02
7.960000000000000000e+02
7.960000000000000000e+02
7.960000000000000000e+02
7.520000000000000000e+02
7.600000000000000000e+02
7.600000000000000000e+02
7.520000000000000000e+02
7.960000000000000000e+02
7.440000000000000000e+02
7.373333333333333712e+02
7.620000000000000000e+02
7.120000000000000000e+02
7.933333333333333712e+02
7.600000000000000000e+02
7.440000000000000000e+02
7.360000000000000000e+02
7.960000000000000000e+02
7.320000000000000000e+02
7.360000000000000000e+02
7.613333333333333712e+02
7.400000000000000000e+02
7.480000000000000000e+02
5.270000000000000000e+02
5.460000000000000000e+02
6.220000000000000000e+02
7.860000000000000000e+02
7.920000000000000000e+02
7.920000000000000000e+02
7.893333333333333712e+02
7.880000000000000000e+02
7.920000000000000000e+02
7.730000000000000000e+02
7.880000000000000000e+02
7.780000000000000000e+02
7.960000000000000000e+02
7.960000000000000000e+02
6.280000000000000000e+02
5.240000000000000000e+02
5.120000000000000000e+02
5.080000000000000000e+02
5.160000000000000000e+02
5.133333333333333712e+02
5.520000000000000000e+02
5.480000000000000000e+02
5.760000000000000000e+02
5.280000000000000000e+02
5.200000000000000000e+02
7.800000000000000000e+02
7.800000000000000000e+02
7.810000000000000000e+02
7.800000000000000000e+02
5.240000000000000000e+02
7.920000000000000000e+02
7.613333333333333712e+02
5.170000000000000000e+02
7.840000000000000000e+02
7.533333333333333712e+02
7.626666666666666288e+02
7.840000000000000000e+02
7.340000000000000000e+02
7.960000000000000000e+02
7.520000000000000000e+02
7.840000000000000000e+02
5.070000000000000000e+02
7.240000000000000000e+02
7.920000000000000000e+02
5.280000000000000000e+02
5.320000000000000000e+02
5.180000000000000000e+02
5.160000000000000000e+02
5.160000000000000000e+02
7.880000000000000000e+02
7.840000000000000000e+02
5.240000000000000000e+02
5.290000000000000000e+02
5.680000000000000000e+02
7.760000000000000000e+02
5.810000000000000000e+02
5.120000000000000000e+02
5.280000000000000000e+02
5.120000000000000000e+02
5.480000000000000000e+02
5.520000000000000000e+02
5.520000000000000000e+02
7.800000000000000000e+02
5.160000000000000000e+02
5.080000000000000000e+02
5.320000000000000000e+02
5.240000000000000000e+02
5.120000000000000000e+02
7.880000000000000000e+02
7.840000000000000000e+02
5.200000000000000000e+02
5.080000000000000000e+02
5.370000000000000000e+02
5.320000000000000000e+02
5.160000000000000000e+02
5.213333333333333712e+02
7.840000000000000000e+02
7.770000000000000000e+02
7.870000000000000000e+02
7.880000000000000000e+02
7.920000000000000000e+02
7.853333333333333712e+02
7.960000000000000000e+02
7.880000000000000000e+02
7.146666666666666288e+02
5.120000000000000000e+02
5.360000000000000000e+02
5.330000000000000000e+02
5.360000000000000000e+02
5.280000000000000000e+02
5.400000000000000000e+02
5.240000000000000000e+02
5.080000000000000000e+02
5.120000000000000000e+02
5.320000000000000000e+02
5.240000000000000000e+02
5.160000000000000000e+02
7.660000000000000000e+02
7.680000000000000000e+02
5.520000000000000000e+02
5.520000000000000000e+02
5.280000000000000000e+02
5.240000000000000000e+02
5.320000000000000000e+02
5.520000000000000000e+02
5.200000000000000000e+02
5.120000000000000000e+02
5.160000000000000000e+02
5.040000000000000000e+02
5.040000000000000000e+02
5.000000000000000000e+02
5.000000000000000000e+02
5.120000000000000000e+02
5.160000000000000000e+02
5.200000000000000000e+02
5.440000000000000000e+02
5.200000000000000000e+02
5.160000000000000000e+02
5.140000000000000000e+02
7.920000000000000000e+02
7.650000000000000000e+02
7.600000000000000000e+02
7.480000000000000000e+02
7.760000000000000000e+02
7.830000000000000000e+02
5.130000000000000000e+02
5.080000000000000000e+02
5.640000000000000000e+02
5.440000000000000000e+02
5.120000000000000000e+02
5.120000000000000000e+02
5.120000000000000000e+02
5.000000000000000000e+02
7.240000000000000000e+02
7.280000000000000000e+02
7.250000000000000000e+02
5.080000000000000000e+02
5.040000000000000000e+02
5.200000000000000000e+02
5.480000000000000000e+02
5.440000000000000000e+02
5.140000000000000000e+02
5.240000000000000000e+02
5.240000000000000000e+02
5.120000000000000000e+02
5.560000000000000000e+02
5.440000000000000000e+02
5.200000000000000000e+02
5.240000000000000000e+02
5.000000000000000000e+02
4.946666666666666856e+02
7.200000000000000000e+02
7.280000000000000000e+02
5.000000000000000000e+02
5.080000000000000000e+02
5.040000000000000000e+02
5.120000000000000000e+02
5.120000000000000000e+02
5.600000000000000000e+02
5.040000000000000000e+02
7.893333333333333712e+02
7.840000000000000000e+02
7.800000000000000000e+02
7.426666666666666288e+02
7.453333333333333712e+02
7.490000000000000000e+02
7.760000000000000000e+02
7.920000000000000000e+02
5.160000000000000000e+02
5.186666666666666288e+02
5.210000000000000000e+02
5.080000000000000000e+02
5.040000000000000000e+02
5.080000000000000000e+02
5.040000000000000000e+02
7.240000000000000000e+02
7.240000000000000000e+02
7.160000000000000000e+02
7.280000000000000000e+02
5.240000000000000000e+02
5.160000000000000000e+02
5.130000000000000000e+02
5.480000000000000000e+02
5.120000000000000000e+02
5.120000000000000000e+02
5.080000000000000000e+02
5.040000000000000000e+02
5.040000000000000000e+02
5.440000000000000000e+02
5.080000000000000000e+02
5.120000000000000000e+02
5.080000000000000000e+02
5.120000000000000000e+02
5.150000000000000000e+02
7.240000000000000000e+02
5.040000000000000000e+02
5.040000000000000000e+02
5.040000000000000000e+02
4.960000000000000000e+02
5.310000000000000000e+02
5.240000000000000000e+02
7.910000000000000000e+02
7.880000000000000000e+02
7.360000000000000000e+02
7.586666666666666288e+02
7.613333333333333712e+02
5.040000000000000000e+02
7.800000000000000000e+02
5.620000000000000000e+02
5.390000000000000000e+02
7.960000000000000000e+02
5.650000000000000000e+02
5.460000000000000000e+02
5.250000000000000000e+02
5.200000000000000000e+02
5.120000000000000000e+02
5.040000000000000000e+02
5.000000000000000000e+02
5.160000000000000000e+02
5.160000000000000000e+02
5.000000000000000000e+02
5.160000000000000000e+02
5.080000000000000000e+02
5.040000000000000000e+02
5.000000000000000000e+02
4.970000000000000000e+02
4.920000000000000000e+02
4.760000000000000000e+02
5.350000000000000000e+02
5.426666666666666288e+02
5.630000000000000000e+02
5.560000000000000000e+02
5.120000000000000000e+02
5.160000000000000000e+02
5.200000000000000000e+02
7.840000000000000000e+02
5.040000000000000000e+02
7.840000000000000000e+02
7.840000000000000000e+02
7.840000000000000000e+02
7.880000000000000000e+02
5.200000000000000000e+02
5.380000000000000000e+02
7.960000000000000000e+02
7.360000000000000000e+02
7.800000000000000000e+02
7.640000000000000000e+02
7.546666666666666288e+02
7.480000000000000000e+02
7.520000000000000000e+02
7.746666666666666288e+02
6.893333333333333712e+02
7.460000000000000000e+02
7.680000000000000000e+02
7.280000000000000000e+02
7.920000000000000000e+02
7.866666666666666288e+02
7.720000000000000000e+02
7.800000000000000000e+02
5.150000000000000000e+02
7.840000000000000000e+02
7.840000000000000000e+02
7.900000000000000000e+02
7.880000000000000000e+02
7.920000000000000000e+02
7.920000000000000000e+02
5.560000000000000000e+02
5.520000000000000000e+02
5.520000000000000000e+02
4.800000000000000000e+02
5.480000000000000000e+02
5.520000000000000000e+02
5.720000000000000000e+02
7.640000000000000000e+02
7.640000000000000000e+02
7.880000000000000000e+02
7.900000000000000000e+02
7.960000000000000000e+02
5.600000000000000000e+02
5.600000000000000000e+02
7.440000000000000000e+02
7.453333333333333712e+02
5.330000000000000000e+02
7.890000000000000000e+02
7.790000000000000000e+02
7.320000000000000000e+02
7.386666666666666288e+02
7.380000000000000000e+02
7.780000000000000000e+02
7.520000000000000000e+02
7.560000000000000000e+02
7.600000000000000000e+02
7.573333333333333712e+02
5.066666666666666856e+02
7.500000000000000000e+02
7.410000000000000000e+02
7.960000000000000000e+02
7.920000000000000000e+02
7.920000000000000000e+02
7.860000000000000000e+02
7.893333333333333712e+02
5.520000000000000000e+02
7.920000000000000000e+02
7.880000000000000000e+02
7.880000000000000000e+02
7.546666666666666288e+02
7.560000000000000000e+02
4.760000000000000000e+02
5.533333333333333712e+02
5.420000000000000000e+02
4.800000000000000000e+02
4.800000000000000000e+02
5.240000000000000000e+02
5.280000000000000000e+02
7.760000000000000000e+02
7.720000000000000000e+02
7.800000000000000000e+02
7.840000000000000000e+02
7.950000000000000000e+02
7.546666666666666288e+02
5.440000000000000000e+02
6.900000000000000000e+02
6.840000000000000000e+02
7.860000000000000000e+02
7.300000000000000000e+02
7.140000000000000000e+02
7.586666666666666288e+02
7.626666666666666288e+02
7.026666666666666288e+02
7.720000000000000000e+02
7.506666666666666288e+02
7.500000000000000000e+02
