4.960000000000000000e+02
4.840000000000000000e+02
6.320000000000000000e+02
6.570000000000000000e+02
7.960000000000000000e+02
7.960000000000000000e+02
6.680000000000000000e+02
6.420000000000000000e+02
7.506666666666666288e+02
6.700000000000000000e+02
7.813333333333333712e+02
7.640000000000000000e+02
5.853333333333333712e+02
5.840000000000000000e+02
7.410000000000000000e+02
7.386666666666666288e+02
7.490000000000000000e+02
6.840000000000000000e+02
7.320000000000000000e+02
5.973333333333333712e+02
6.010000000000000000e+02
6.340000000000000000e+02
6.040000000000000000e+02
7.440000000000000000e+02
7.506666666666666288e+02
7.340000000000000000e+02
7.400000000000000000e+02
7.440000000000000000e+02
5.920000000000000000e+02
7.506666666666666288e+02
7.520000000000000000e+02
6.080000000000000000e+02
7.420000000000000000e+02
7.560000000000000000e+02
7.370000000000000000e+02
6.600000000000000000e+02
7.960000000000000000e+02
7.960000000000000000e+02
6.360000000000000000e+02
6.320000000000000000e+02
4.880000000000000000e+02
4.920000000000000000e+02
4.920000000000000000e+02
4.880000000000000000e+02
6.280000000000000000e+02
6.360000000000000000e+02
7.960000000000000000e+02
7.960000000000000000e+02
6.720000000000000000e+02
7.960000000000000000e+02
7.500000000000000000e+02
7.506666666666666288e+02
6.240000000000000000e+02
6.880000000000000000e+02
7.520000000000000000e+02
6.013333333333333712e+02
6.440000000000000000e+02
6.620000000000000000e+02
7.390000000000000000e+02
6.160000000000000000e+02
7.430000000000000000e+02
6.080000000000000000e+02
6.386666666666666288e+02
5.970000000000000000e+02
6.280000000000000000e+02
7.520000000000000000e+02
6.773333333333333712e+02
5.960000000000000000e+02
5.986666666666666288e+02
7.450000000000000000e+02
6.260000000000000000e+02
6.230000000000000000e+02
7.430000000000000000e+02
6.013333333333333712e+02
6.500000000000000000e+02
7.960000000000000000e+02
7.960000000000000000e+02
7.810000000000000000e+02
7.960000000000000000e+02
7.960000000000000000e+02
7.080000000000000000e+02
6.120000000000000000e+02
4.840000000000000000e+02
4.760000000000000000e+02
4.800000000000000000e+02
5.400000000000000000e+02
5.800000000000000000e+02
6.400000000000000000e+02
7.960000000000000000e+02
7.960000000000000000e+02
6.440000000000000000e+02
6.280000000000000000e+02
5.986666666666666288e+02
6.610000000000000000e+02
7.510000000000000000e+02
6.880000000000000000e+02
7.450000000000000000e+02
7.500000000000000000e+02
7.520000000000000000e+02
6.800000000000000000e+02
7.210000000000000000e+02
7.510000000000000000e+02
7.470000000000000000e+02
7.340000000000000000e+02
6.933333333333333712e+02
5.930000000000000000e+02
7.530000000000000000e+02
7.480000000000000000e+02
6.740000000000000000e+02
7.546666666666666288e+02
7.546666666666666288e+02
5.920000000000000000e+02
6.110000000000000000e+02
6.820000000000000000e+02
6.200000000000000000e+02
6.130000000000000000e+02
7.510000000000000000e+02
7.960000000000000000e+02
6.213333333333333712e+02
6.250000000000000000e+02
7.960000000000000000e+02
7.960000000000000000e+02
6.413333333333333712e+02
5.870000000000000000e+02
5.320000000000000000e+02
5.280000000000000000e+02
5.240000000000000000e+02
5.280000000000000000e+02
5.310000000000000000e+02
6.320000000000000000e+02
6.360000000000000000e+02
7.840000000000000000e+02
7.960000000000000000e+02
7.960000000000000000e+02
5.920000000000000000e+02
6.600000000000000000e+02
6.600000000000000000e+02
6.540000000000000000e+02
6.500000000000000000e+02
6.333333333333333712e+02
7.440000000000000000e+02
5.930000000000000000e+02
7.690000000000000000e+02
7.573333333333333712e+02
7.613333333333333712e+02
7.560000000000000000e+02
6.880000000000000000e+02
7.460000000000000000e+02
7.400000000000000000e+02
7.530000000000000000e+02
7.530000000000000000e+02
6.580000000000000000e+02
5.860000000000000000e+02
6.810000000000000000e+02
6.760000000000000000e+02
6.620000000000000000e+02
6.826666666666666288e+02
6.440000000000000000e+02
6.490000000000000000e+02
6.120000000000000000e+02
6.500000000000000000e+02
6.560000000000000000e+02
5.640000000000000000e+02
6.280000000000000000e+02
6.200000000000000000e+02
5.560000000000000000e+02
5.560000000000000000e+02
5.480000000000000000e+02
5.520000000000000000e+02
5.650000000000000000e+02
5.720000000000000000e+02
5.720000000000000000e+02
6.440000000000000000e+02
5.920000000000000000e+02
6.480000000000000000e+02
6.280000000000000000e+02
6.040000000000000000e+02
5.960000000000000000e+02
5.960000000000000000e+02
5.960000000000000000e+02
6.040000000000000000e+02
6.720000000000000000e+02
6.800000000000000000e+02
7.480000000000000000e+02
6.730000000000000000e+02
6.570000000000000000e+02
6.030000000000000000e+02
7.350000000000000000e+02
7.530000000000000000e+02
6.706666666666666288e+02
7.440000000000000000e+02
7.410000000000000000e+02
6.530000000000000000e+02
6.000000000000000000e+02
5.960000000000000000e+02
6.653333333333333712e+02
6.320000000000000000e+02
6.000000000000000000e+02
6.000000000000000000e+02
5.990000000000000000e+02
6.000000000000000000e+02
6.000000000000000000e+02
6.240000000000000000e+02
6.350000000000000000e+02
6.133333333333333712e+02
6.420000000000000000e+02
5.840000000000000000e+02
5.840000000000000000e+02
5.840000000000000000e+02
5.880000000000000000e+02
5.080000000000000000e+02
5.840000000000000000e+02
5.880000000000000000e+02
6.000000000000000000e+02
6.200000000000000000e+02
6.280000000000000000e+02
5.840000000000000000e+02
5.880000000000000000e+02
7.960000000000000000e+02
7.960000000000000000e+02
5.920000000000000000e+02
6.000000000000000000e+02
5.960000000000000000e+02
5.960000000000000000e+02
5.960000000000000000e+02
5.920000000000000000e+02
7.410000000000000000e+02
5.900000000000000000e+02
7.570000000000000000e+02
7.453333333333333712e+02
7.466666666666666288e+02
7.506666666666666288e+02
6.260000000000000000e+02
5.920000000000000000e+02
5.880000000000000000e+02
6.546666666666666288e+02
6.000000000000000000e+02
6.000000000000000000e+02
6.080000000000000000e+02
5.880000000000000000e+02
5.920000000000000000e+02
5.840000000000000000e+02
7.960000000000000000e+02
7.960000000000000000e+02
5.960000000000000000e+02
5.920000000000000000e+02
6.600000000000000000e+02
6.280000000000000000e+02
6.280000000000000000e+02
6.253333333333333712e+02
5.720000000000000000e+02
5.080000000000000000e+02
6.280000000000000000e+02
5.640000000000000000e+02
6.200000000000000000e+02
6.320000000000000000e+02
6.200000000000000000e+02
6.360000000000000000e+02
5.960000000000000000e+02
5.960000000000000000e+02
5.880000000000000000e+02
5.840000000000000000e+02
5.840000000000000000e+02
5.840000000000000000e+02
5.800000000000000000e+02
6.040000000000000000e+02
6.000000000000000000e+02
5.990000000000000000e+02
6.440000000000000000e+02
5.950000000000000000e+02
6.680000000000000000e+02
6.093333333333333712e+02
7.533333333333333712e+02
7.450000000000000000e+02
7.510000000000000000e+02
6.106666666666666288e+02
7.200000000000000000e+02
6.240000000000000000e+02
5.920000000000000000e+02
6.053333333333333712e+02
5.840000000000000000e+02
5.960000000000000000e+02
6.000000000000000000e+02
5.880000000000000000e+02
5.880000000000000000e+02
5.840000000000000000e+02
6.000000000000000000e+02
6.000000000000000000e+02
5.990000000000000000e+02
6.350000000000000000e+02
6.200000000000000000e+02
6.080000000000000000e+02
5.680000000000000000e+02
5.000000000000000000e+02
4.600000000000000000e+02
5.880000000000000000e+02
6.000000000000000000e+02
6.120000000000000000e+02
6.280000000000000000e+02
6.720000000000000000e+02
6.066666666666666288e+02
7.960000000000000000e+02
7.960000000000000000e+02
5.800000000000000000e+02
7.960000000000000000e+02
6.030000000000000000e+02
5.920000000000000000e+02
5.840000000000000000e+02
6.240000000000000000e+02
6.200000000000000000e+02
6.000000000000000000e+02
6.710000000000000000e+02
7.440000000000000000e+02
7.533333333333333712e+02
6.933333333333333712e+02
6.026666666666666288e+02
6.800000000000000000e+02
5.890000000000000000e+02
5.960000000000000000e+02
6.466666666666666288e+02
6.430000000000000000e+02
6.200000000000000000e+02
6.080000000000000000e+02
6.000000000000000000e+02
6.000000000000000000e+02
5.920000000000000000e+02
5.920000000000000000e+02
6.120000000000000000e+02
6.120000000000000000e+02
6.040000000000000000e+02
6.480000000000000000e+02
6.080000000000000000e+02
6.320000000000000000e+02
5.200000000000000000e+02
5.240000000000000000e+02
4.560000000000000000e+02
4.760000000000000000e+02
5.360000000000000000e+02
6.200000000000000000e+02
6.120000000000000000e+02
5.880000000000000000e+02
5.840000000000000000e+02
6.000000000000000000e+02
6.200000000000000000e+02
6.330000000000000000e+02
5.840000000000000000e+02
5.950000000000000000e+02
6.180000000000000000e+02
6.240000000000000000e+02
6.400000000000000000e+02
6.170000000000000000e+02
7.440000000000000000e+02
6.660000000000000000e+02
5.920000000000000000e+02
5.920000000000000000e+02
7.520000000000000000e+02
6.250000000000000000e+02
6.240000000000000000e+02
6.360000000000000000e+02
7.533333333333333712e+02
6.840000000000000000e+02
6.293333333333333712e+02
6.693333333333333712e+02
6.060000000000000000e+02
6.200000000000000000e+02
6.346666666666666288e+02
6.280000000000000000e+02
6.000000000000000000e+02
6.400000000000000000e+02
6.440000000000000000e+02
6.480000000000000000e+02
5.880000000000000000e+02
6.690000000000000000e+02
6.160000000000000000e+02
6.200000000000000000e+02
6.200000000000000000e+02
4.920000000000000000e+02
4.960000000000000000e+02
5.000000000000000000e+02
5.680000000000000000e+02
6.000000000000000000e+02
6.200000000000000000e+02
6.160000000000000000e+02
6.440000000000000000e+02
6.460000000000000000e+02
6.440000000000000000e+02
6.400000000000000000e+02
5.920000000000000000e+02
5.920000000000000000e+02
5.880000000000000000e+02
6.613333333333333712e+02
6.000000000000000000e+02
5.950000000000000000e+02
7.120000000000000000e+02
6.720000000000000000e+02
7.490000000000000000e+02
6.060000000000000000e+02
6.080000000000000000e+02
6.040000000000000000e+02
7.480000000000000000e+02
6.860000000000000000e+02
6.480000000000000000e+02
6.580000000000000000e+02
7.426666666666666288e+02
6.230000000000000000e+02
6.293333333333333712e+02
7.550000000000000000e+02
7.480000000000000000e+02
5.840000000000000000e+02
7.493333333333333712e+02
7.430000000000000000e+02
7.400000000000000000e+02
6.200000000000000000e+02
7.960000000000000000e+02
7.760000000000000000e+02
6.480000000000000000e+02
6.370000000000000000e+02
5.800000000000000000e+02
5.640000000000000000e+02
5.600000000000000000e+02
5.100000000000000000e+02
5.480000000000000000e+02
6.360000000000000000e+02
6.400000000000000000e+02
7.870000000000000000e+02
7.920000000000000000e+02
7.960000000000000000e+02
7.850000000000000000e+02
7.960000000000000000e+02
7.466666666666666288e+02
7.053333333333333712e+02
6.390000000000000000e+02
5.800000000000000000e+02
7.600000000000000000e+02
7.460000000000000000e+02
6.380000000000000000e+02
6.310000000000000000e+02
6.680000000000000000e+02
6.880000000000000000e+02
5.973333333333333712e+02
7.600000000000000000e+02
