4.720000000000000000e+02
5.480000000000000000e+02
5.550000000000000000e+02
6.680000000000000000e+02
7.760000000000000000e+02
6.720000000000000000e+02
7.413333333333333712e+02
7.320000000000000000e+02
7.400000000000000000e+02
7.220000000000000000e+02
7.140000000000000000e+02
6.466666666666666288e+02
7.530000000000000000e+02
7.440000000000000000e+02
7.560000000000000000e+02
7.400000000000000000e+02
6.760000000000000000e+02
6.720000000000000000e+02
6.893333333333333712e+02
7.440000000000000000e+02
7.520000000000000000e+02
7.480000000000000000e+02
7.440000000000000000e+02
7.480000000000000000e+02
7.520000000000000000e+02
6.840000000000000000e+02
7.540000000000000000e+02
7.560000000000000000e+02
6.640000000000000000e+02
6.066666666666666288e+02
6.910000000000000000e+02
7.666666666666666288e+02
6.890000000000000000e+02
7.000000000000000000e+02
7.000000000000000000e+02
7.260000000000000000e+02
7.600000000000000000e+02
7.680000000000000000e+02
7.720000000000000000e+02
6.120000000000000000e+02
5.400000000000000000e+02
5.373333333333333712e+02
5.080000000000000000e+02
5.080000000000000000e+02
5.840000000000000000e+02
7.960000000000000000e+02
7.960000000000000000e+02
7.960000000000000000e+02
6.800000000000000000e+02
7.960000000000000000e+02
6.880000000000000000e+02
6.960000000000000000e+02
7.533333333333333712e+02
6.893333333333333712e+02
6.893333333333333712e+02
3.920000000000000000e+02
6.840000000000000000e+02
6.880000000000000000e+02
6.830000000000000000e+02
7.480000000000000000e+02
7.480000000000000000e+02
7.560000000000000000e+02
4.000000000000000000e+02
3.840000000000000000e+02
3.880000000000000000e+02
6.773333333333333712e+02
7.480000000000000000e+02
6.760000000000000000e+02
6.840000000000000000e+02
6.800000000000000000e+02
7.360000000000000000e+02
6.720000000000000000e+02
7.200000000000000000e+02
7.170000000000000000e+02
6.680000000000000000e+02
4.453333333333333144e+02
7.740000000000000000e+02
6.480000000000000000e+02
7.960000000000000000e+02
7.960000000000000000e+02
6.520000000000000000e+02
6.520000000000000000e+02
5.560000000000000000e+02
5.120000000000000000e+02
5.240000000000000000e+02
5.400000000000000000e+02
6.560000000000000000e+02
7.960000000000000000e+02
7.960000000000000000e+02
7.960000000000000000e+02
6.720000000000000000e+02
6.840000000000000000e+02
6.800000000000000000e+02
7.400000000000000000e+02
6.880000000000000000e+02
6.840000000000000000e+02
6.680000000000000000e+02
6.680000000000000000e+02
6.706666666666666288e+02
7.440000000000000000e+02
7.400000000000000000e+02
6.840000000000000000e+02
7.600000000000000000e+02
7.510000000000000000e+02
7.493333333333333712e+02
3.850000000000000000e+02
7.590000000000000000e+02
7.590000000000000000e+02
7.480000000000000000e+02
6.760000000000000000e+02
6.840000000000000000e+02
6.720000000000000000e+02
6.840000000000000000e+02
7.066666666666666288e+02
4.360000000000000000e+02
6.760000000000000000e+02
6.800000000000000000e+02
4.040000000000000000e+02
4.080000000000000000e+02
7.830000000000000000e+02
7.960000000000000000e+02
7.960000000000000000e+02
7.960000000000000000e+02
7.960000000000000000e+02
4.040000000000000000e+02
4.790000000000000000e+02
6.380000000000000000e+02
6.800000000000000000e+02
4.000000000000000000e+02
7.960000000000000000e+02
6.640000000000000000e+02
4.400000000000000000e+02
4.280000000000000000e+02
6.853333333333333712e+02
6.560000000000000000e+02
6.620000000000000000e+02
6.720000000000000000e+02
6.760000000000000000e+02
6.760000000000000000e+02
4.000000000000000000e+02
4.020000000000000000e+02
7.040000000000000000e+02
6.960000000000000000e+02
7.413333333333333712e+02
6.890000000000000000e+02
6.760000000000000000e+02
6.790000000000000000e+02
6.740000000000000000e+02
6.760000000000000000e+02
6.840000000000000000e+02
6.820000000000000000e+02
4.010000000000000000e+02
7.080000000000000000e+02
6.800000000000000000e+02
4.050000000000000000e+02
4.080000000000000000e+02
4.320000000000000000e+02
6.800000000000000000e+02
6.840000000000000000e+02
6.960000000000000000e+02
7.040000000000000000e+02
4.146666666666666856e+02
6.680000000000000000e+02
6.760000000000000000e+02
6.880000000000000000e+02
6.820000000000000000e+02
7.580000000000000000e+02
6.950000000000000000e+02
4.480000000000000000e+02
7.440000000000000000e+02
7.420000000000000000e+02
4.470000000000000000e+02
6.960000000000000000e+02
4.160000000000000000e+02
4.160000000000000000e+02
4.120000000000000000e+02
4.053333333333333144e+02
3.960000000000000000e+02
3.960000000000000000e+02
6.880000000000000000e+02
4.000000000000000000e+02
4.040000000000000000e+02
4.120000000000000000e+02
4.106666666666666856e+02
4.640000000000000000e+02
6.710000000000000000e+02
6.546666666666666288e+02
6.640000000000000000e+02
7.420000000000000000e+02
3.840000000000000000e+02
6.720000000000000000e+02
6.693333333333333712e+02
6.720000000000000000e+02
6.680000000000000000e+02
6.746666666666666288e+02
4.080000000000000000e+02
4.080000000000000000e+02
4.000000000000000000e+02
3.920000000000000000e+02
4.000000000000000000e+02
3.920000000000000000e+02
3.840000000000000000e+02
3.920000000000000000e+02
4.040000000000000000e+02
4.080000000000000000e+02
4.200000000000000000e+02
6.720000000000000000e+02
4.973333333333333144e+02
4.360000000000000000e+02
4.420000000000000000e+02
4.360000000000000000e+02
4.320000000000000000e+02
4.420000000000000000e+02
4.120000000000000000e+02
4.080000000000000000e+02
4.040000000000000000e+02
3.980000000000000000e+02
3.880000000000000000e+02
3.840000000000000000e+02
3.800000000000000000e+02
3.840000000000000000e+02
3.880000000000000000e+02
3.960000000000000000e+02
4.040000000000000000e+02
4.000000000000000000e+02
4.160000000000000000e+02
6.746666666666666288e+02
6.760000000000000000e+02
6.700000000000000000e+02
6.720000000000000000e+02
6.720000000000000000e+02
6.800000000000000000e+02
6.800000000000000000e+02
6.720000000000000000e+02
6.760000000000000000e+02
6.680000000000000000e+02
6.720000000000000000e+02
4.000000000000000000e+02
3.960000000000000000e+02
3.880000000000000000e+02
3.880000000000000000e+02
3.840000000000000000e+02
3.840000000000000000e+02
6.120000000000000000e+02
3.840000000000000000e+02
3.920000000000000000e+02
3.920000000000000000e+02
5.840000000000000000e+02
5.840000000000000000e+02
4.400000000000000000e+02
4.320000000000000000e+02
4.360000000000000000e+02
4.360000000000000000e+02
4.390000000000000000e+02
4.266666666666666856e+02
4.106666666666666856e+02
3.890000000000000000e+02
3.880000000000000000e+02
3.880000000000000000e+02
3.800000000000000000e+02
3.840000000000000000e+02
3.800000000000000000e+02
3.840000000000000000e+02
6.120000000000000000e+02
3.906666666666666856e+02
3.920000000000000000e+02
3.920000000000000000e+02
4.080000000000000000e+02
4.400000000000000000e+02
4.400000000000000000e+02
6.720000000000000000e+02
6.600000000000000000e+02
6.920000000000000000e+02
6.880000000000000000e+02
6.920000000000000000e+02
6.700000000000000000e+02
6.680000000000000000e+02
4.333333333333333144e+02
4.010000000000000000e+02
3.880000000000000000e+02
3.880000000000000000e+02
3.880000000000000000e+02
3.920000000000000000e+02
3.840000000000000000e+02
3.840000000000000000e+02
3.840000000000000000e+02
3.840000000000000000e+02
6.010000000000000000e+02
3.880000000000000000e+02
3.840000000000000000e+02
4.040000000000000000e+02
4.040000000000000000e+02
4.360000000000000000e+02
4.360000000000000000e+02
3.960000000000000000e+02
4.240000000000000000e+02
4.280000000000000000e+02
4.080000000000000000e+02
4.040000000000000000e+02
4.000000000000000000e+02
4.000000000000000000e+02
3.840000000000000000e+02
3.840000000000000000e+02
3.840000000000000000e+02
6.840000000000000000e+02
3.920000000000000000e+02
3.880000000000000000e+02
3.920000000000000000e+02
3.950000000000000000e+02
3.920000000000000000e+02
4.440000000000000000e+02
6.760000000000000000e+02
6.720000000000000000e+02
6.653333333333333712e+02
7.386666666666666288e+02
7.426666666666666288e+02
6.800000000000000000e+02
6.720000000000000000e+02
6.660000000000000000e+02
6.720000000000000000e+02
6.720000000000000000e+02
4.040000000000000000e+02
4.000000000000000000e+02
3.920000000000000000e+02
3.906666666666666856e+02
6.880000000000000000e+02
3.920000000000000000e+02
3.850000000000000000e+02
3.840000000000000000e+02
3.920000000000000000e+02
4.040000000000000000e+02
4.080000000000000000e+02
4.000000000000000000e+02
4.280000000000000000e+02
6.680000000000000000e+02
6.520000000000000000e+02
6.680000000000000000e+02
6.680000000000000000e+02
6.613333333333333712e+02
4.000000000000000000e+02
3.920000000000000000e+02
4.000000000000000000e+02
4.000000000000000000e+02
3.960000000000000000e+02
3.920000000000000000e+02
3.920000000000000000e+02
3.920000000000000000e+02
3.960000000000000000e+02
4.200000000000000000e+02
4.200000000000000000e+02
6.840000000000000000e+02
6.760000000000000000e+02
6.800000000000000000e+02
6.710000000000000000e+02
6.720000000000000000e+02
7.600000000000000000e+02
3.880000000000000000e+02
7.080000000000000000e+02
3.860000000000000000e+02
6.600000000000000000e+02
6.770000000000000000e+02
3.960000000000000000e+02
6.720000000000000000e+02
6.880000000000000000e+02
6.933333333333333712e+02
4.160000000000000000e+02
4.160000000000000000e+02
6.600000000000000000e+02
6.760000000000000000e+02
3.920000000000000000e+02
3.960000000000000000e+02
3.960000000000000000e+02
4.040000000000000000e+02
6.920000000000000000e+02
4.560000000000000000e+02
4.520000000000000000e+02
6.680000000000000000e+02
6.760000000000000000e+02
3.960000000000000000e+02
6.600000000000000000e+02
6.706666666666666288e+02
6.720000000000000000e+02
6.840000000000000000e+02
4.360000000000000000e+02
3.960000000000000000e+02
4.000000000000000000e+02
6.680000000000000000e+02
6.760000000000000000e+02
6.800000000000000000e+02
6.950000000000000000e+02
3.986666666666666856e+02
6.720000000000000000e+02
6.800000000000000000e+02
6.800000000000000000e+02
6.693333333333333712e+02
6.920000000000000000e+02
6.680000000000000000e+02
6.740000000000000000e+02
6.720000000000000000e+02
6.800000000000000000e+02
7.533333333333333712e+02
7.053333333333333712e+02
6.146666666666666288e+02
6.360000000000000000e+02
6.800000000000000000e+02
6.840000000000000000e+02
6.820000000000000000e+02
4.360000000000000000e+02
6.840000000000000000e+02
6.810000000000000000e+02
6.773333333333333712e+02
6.680000000000000000e+02
6.960000000000000000e+02
6.880000000000000000e+02
6.280000000000000000e+02
6.270000000000000000e+02
6.800000000000000000e+02
4.720000000000000000e+02
6.760000000000000000e+02
6.653333333333333712e+02
4.600000000000000000e+02
4.520000000000000000e+02
6.810000000000000000e+02
7.420000000000000000e+02
7.560000000000000000e+02
7.410000000000000000e+02
7.420000000000000000e+02
4.440000000000000000e+02
3.880000000000000000e+02
6.720000000000000000e+02
4.480000000000000000e+02
3.970000000000000000e+02
3.950000000000000000e+02
7.506666666666666288e+02
6.840000000000000000e+02
7.480000000000000000e+02
7.050000000000000000e+02
7.680000000000000000e+02
6.500000000000000000e+02
6.500000000000000000e+02
6.730000000000000000e+02
