4.960000000000000000e+02
4.800000000000000000e+02
6.320000000000000000e+02
6.520000000000000000e+02
7.960000000000000000e+02
7.960000000000000000e+02
7.950000000000000000e+02
6.400000000000000000e+02
7.260000000000000000e+02
7.960000000000000000e+02
6.660000000000000000e+02
7.600000000000000000e+02
7.520000000000000000e+02
5.840000000000000000e+02
7.586666666666666288e+02
7.400000000000000000e+02
6.110000000000000000e+02
7.400000000000000000e+02
7.453333333333333712e+02
6.000000000000000000e+02
7.230000000000000000e+02
6.333333333333333712e+02
6.040000000000000000e+02
7.440000000000000000e+02
6.090000000000000000e+02
6.893333333333333712e+02
7.400000000000000000e+02
7.466666666666666288e+02
6.480000000000000000e+02
7.560000000000000000e+02
7.520000000000000000e+02
6.080000000000000000e+02
7.270000000000000000e+02
6.880000000000000000e+02
6.920000000000000000e+02
6.546666666666666288e+02
7.960000000000000000e+02
7.960000000000000000e+02
6.400000000000000000e+02
6.320000000000000000e+02
4.880000000000000000e+02
4.920000000000000000e+02
4.920000000000000000e+02
4.920000000000000000e+02
6.350000000000000000e+02
6.360000000000000000e+02
7.960000000000000000e+02
7.960000000000000000e+02
7.960000000000000000e+02
6.770000000000000000e+02
7.370000000000000000e+02
7.506666666666666288e+02
6.050000000000000000e+02
7.520000000000000000e+02
7.520000000000000000e+02
6.013333333333333712e+02
7.520000000000000000e+02
6.653333333333333712e+02
7.573333333333333712e+02
6.160000000000000000e+02
7.520000000000000000e+02
6.080000000000000000e+02
6.320000000000000000e+02
6.370000000000000000e+02
7.600000000000000000e+02
7.480000000000000000e+02
7.533333333333333712e+02
6.690000000000000000e+02
5.986666666666666288e+02
7.533333333333333712e+02
6.240000000000000000e+02
6.230000000000000000e+02
7.320000000000000000e+02
5.870000000000000000e+02
7.480000000000000000e+02
7.960000000000000000e+02
7.013333333333333712e+02
7.960000000000000000e+02
7.960000000000000000e+02
7.960000000000000000e+02
7.080000000000000000e+02
6.120000000000000000e+02
4.800000000000000000e+02
4.760000000000000000e+02
4.800000000000000000e+02
5.400000000000000000e+02
5.420000000000000000e+02
6.400000000000000000e+02
7.933333333333333712e+02
7.960000000000000000e+02
6.440000000000000000e+02
6.373333333333333712e+02
5.940000000000000000e+02
6.000000000000000000e+02
6.490000000000000000e+02
6.880000000000000000e+02
7.440000000000000000e+02
7.500000000000000000e+02
6.226666666666666288e+02
6.800000000000000000e+02
7.460000000000000000e+02
7.410000000000000000e+02
7.770000000000000000e+02
7.340000000000000000e+02
6.906666666666666288e+02
7.520000000000000000e+02
7.780000000000000000e+02
7.490000000000000000e+02
7.490000000000000000e+02
7.550000000000000000e+02
7.546666666666666288e+02
5.866666666666666288e+02
6.260000000000000000e+02
6.800000000000000000e+02
6.240000000000000000e+02
6.130000000000000000e+02
7.470000000000000000e+02
7.960000000000000000e+02
6.120000000000000000e+02
6.250000000000000000e+02
7.960000000000000000e+02
7.960000000000000000e+02
6.400000000000000000e+02
6.440000000000000000e+02
5.320000000000000000e+02
5.280000000000000000e+02
5.240000000000000000e+02
5.320000000000000000e+02
6.240000000000000000e+02
6.320000000000000000e+02
6.330000000000000000e+02
7.960000000000000000e+02
7.960000000000000000e+02
7.960000000000000000e+02
5.946666666666666288e+02
5.933333333333333712e+02
6.560000000000000000e+02
6.106666666666666288e+02
6.700000000000000000e+02
6.333333333333333712e+02
6.420000000000000000e+02
7.600000000000000000e+02
7.520000000000000000e+02
7.470000000000000000e+02
7.520000000000000000e+02
6.880000000000000000e+02
6.893333333333333712e+02
7.460000000000000000e+02
7.490000000000000000e+02
6.050000000000000000e+02
7.450000000000000000e+02
6.493333333333333712e+02
5.980000000000000000e+02
6.840000000000000000e+02
6.600000000000000000e+02
6.600000000000000000e+02
6.180000000000000000e+02
6.400000000000000000e+02
6.520000000000000000e+02
6.080000000000000000e+02
6.480000000000000000e+02
6.560000000000000000e+02
5.640000000000000000e+02
6.280000000000000000e+02
6.240000000000000000e+02
5.560000000000000000e+02
5.560000000000000000e+02
5.520000000000000000e+02
5.480000000000000000e+02
5.710000000000000000e+02
5.720000000000000000e+02
5.750000000000000000e+02
6.450000000000000000e+02
5.920000000000000000e+02
6.540000000000000000e+02
6.280000000000000000e+02
6.040000000000000000e+02
5.960000000000000000e+02
5.960000000000000000e+02
5.960000000000000000e+02
6.000000000000000000e+02
6.720000000000000000e+02
6.760000000000000000e+02
6.950000000000000000e+02
6.260000000000000000e+02
7.410000000000000000e+02
6.880000000000000000e+02
7.520000000000000000e+02
6.600000000000000000e+02
7.500000000000000000e+02
6.580000000000000000e+02
7.530000000000000000e+02
6.600000000000000000e+02
5.860000000000000000e+02
5.990000000000000000e+02
6.653333333333333712e+02
6.320000000000000000e+02
6.040000000000000000e+02
5.980000000000000000e+02
5.960000000000000000e+02
6.000000000000000000e+02
6.000000000000000000e+02
6.210000000000000000e+02
6.280000000000000000e+02
6.133333333333333712e+02
6.560000000000000000e+02
5.866666666666666288e+02
5.840000000000000000e+02
5.880000000000000000e+02
5.880000000000000000e+02
5.090000000000000000e+02
5.840000000000000000e+02
5.840000000000000000e+02
6.000000000000000000e+02
6.240000000000000000e+02
5.600000000000000000e+02
5.840000000000000000e+02
5.880000000000000000e+02
5.880000000000000000e+02
7.960000000000000000e+02
5.980000000000000000e+02
6.000000000000000000e+02
5.960000000000000000e+02
6.480000000000000000e+02
5.960000000000000000e+02
5.960000000000000000e+02
7.400000000000000000e+02
5.900000000000000000e+02
6.580000000000000000e+02
7.470000000000000000e+02
7.466666666666666288e+02
7.520000000000000000e+02
6.800000000000000000e+02
7.480000000000000000e+02
5.946666666666666288e+02
7.413333333333333712e+02
6.000000000000000000e+02
6.000000000000000000e+02
6.080000000000000000e+02
5.920000000000000000e+02
5.920000000000000000e+02
5.840000000000000000e+02
7.960000000000000000e+02
7.960000000000000000e+02
5.920000000000000000e+02
5.920000000000000000e+02
6.600000000000000000e+02
6.280000000000000000e+02
6.280000000000000000e+02
5.840000000000000000e+02
5.720000000000000000e+02
5.080000000000000000e+02
6.280000000000000000e+02
5.640000000000000000e+02
6.200000000000000000e+02
6.320000000000000000e+02
6.280000000000000000e+02
6.320000000000000000e+02
6.040000000000000000e+02
5.960000000000000000e+02
5.960000000000000000e+02
5.840000000000000000e+02
5.840000000000000000e+02
5.880000000000000000e+02
5.800000000000000000e+02
6.040000000000000000e+02
6.000000000000000000e+02
5.990000000000000000e+02
6.133333333333333712e+02
5.920000000000000000e+02
6.010000000000000000e+02
7.500000000000000000e+02
7.470000000000000000e+02
7.470000000000000000e+02
7.510000000000000000e+02
6.740000000000000000e+02
6.760000000000000000e+02
6.240000000000000000e+02
5.920000000000000000e+02
6.280000000000000000e+02
5.880000000000000000e+02
5.960000000000000000e+02
5.960000000000000000e+02
5.880000000000000000e+02
5.880000000000000000e+02
5.840000000000000000e+02
6.000000000000000000e+02
6.000000000000000000e+02
5.990000000000000000e+02
6.350000000000000000e+02
6.200000000000000000e+02
6.120000000000000000e+02
5.920000000000000000e+02
5.000000000000000000e+02
4.933333333333333144e+02
5.813333333333333712e+02
6.000000000000000000e+02
6.120000000000000000e+02
6.280000000000000000e+02
6.750000000000000000e+02
6.120000000000000000e+02
7.960000000000000000e+02
7.960000000000000000e+02
5.840000000000000000e+02
7.960000000000000000e+02
5.960000000000000000e+02
5.930000000000000000e+02
5.840000000000000000e+02
6.240000000000000000e+02
6.160000000000000000e+02
6.000000000000000000e+02
6.866666666666666288e+02
7.466666666666666288e+02
7.026666666666666288e+02
7.573333333333333712e+02
6.180000000000000000e+02
6.800000000000000000e+02
5.920000000000000000e+02
6.000000000000000000e+02
6.466666666666666288e+02
6.430000000000000000e+02
6.160000000000000000e+02
6.040000000000000000e+02
6.080000000000000000e+02
6.000000000000000000e+02
5.920000000000000000e+02
5.920000000000000000e+02
6.020000000000000000e+02
6.080000000000000000e+02
6.080000000000000000e+02
6.520000000000000000e+02
6.080000000000000000e+02
6.320000000000000000e+02
5.200000000000000000e+02
5.240000000000000000e+02
4.560000000000000000e+02
4.760000000000000000e+02
5.360000000000000000e+02
6.200000000000000000e+02
6.120000000000000000e+02
6.026666666666666288e+02
5.840000000000000000e+02
5.933333333333333712e+02
6.200000000000000000e+02
6.360000000000000000e+02
5.813333333333333712e+02
5.920000000000000000e+02
6.240000000000000000e+02
6.280000000000000000e+02
6.560000000000000000e+02
6.190000000000000000e+02
6.866666666666666288e+02
6.660000000000000000e+02
5.920000000000000000e+02
6.660000000000000000e+02
6.786666666666666288e+02
7.340000000000000000e+02
7.520000000000000000e+02
7.470000000000000000e+02
6.850000000000000000e+02
5.960000000000000000e+02
6.490000000000000000e+02
6.693333333333333712e+02
6.160000000000000000e+02
6.110000000000000000e+02
6.400000000000000000e+02
6.290000000000000000e+02
6.173333333333333712e+02
5.960000000000000000e+02
6.440000000000000000e+02
6.440000000000000000e+02
7.960000000000000000e+02
6.690000000000000000e+02
6.200000000000000000e+02
6.160000000000000000e+02
6.200000000000000000e+02
4.920000000000000000e+02
4.960000000000000000e+02
5.000000000000000000e+02
5.680000000000000000e+02
6.000000000000000000e+02
6.240000000000000000e+02
6.200000000000000000e+02
6.440000000000000000e+02
6.400000000000000000e+02
6.440000000000000000e+02
6.360000000000000000e+02
5.890000000000000000e+02
5.920000000000000000e+02
5.840000000000000000e+02
6.493333333333333712e+02
6.030000000000000000e+02
7.450000000000000000e+02
6.280000000000000000e+02
6.720000000000000000e+02
7.533333333333333712e+02
6.060000000000000000e+02
6.080000000000000000e+02
6.040000000000000000e+02
6.820000000000000000e+02
6.090000000000000000e+02
6.410000000000000000e+02
7.400000000000000000e+02
7.470000000000000000e+02
6.706666666666666288e+02
6.293333333333333712e+02
7.550000000000000000e+02
7.480000000000000000e+02
5.840000000000000000e+02
6.573333333333333712e+02
7.450000000000000000e+02
6.320000000000000000e+02
6.280000000000000000e+02
5.920000000000000000e+02
6.373333333333333712e+02
6.560000000000000000e+02
6.370000000000000000e+02
5.800000000000000000e+02
5.640000000000000000e+02
5.600000000000000000e+02
4.960000000000000000e+02
5.500000000000000000e+02
6.360000000000000000e+02
6.360000000000000000e+02
7.800000000000000000e+02
7.920000000000000000e+02
7.946666666666666288e+02
7.910000000000000000e+02
7.960000000000000000e+02
6.410000000000000000e+02
7.960000000000000000e+02
7.946666666666666288e+02
6.040000000000000000e+02
5.980000000000000000e+02
7.450000000000000000e+02
6.360000000000000000e+02
7.460000000000000000e+02
6.680000000000000000e+02
7.420000000000000000e+02
7.440000000000000000e+02
7.350000000000000000e+02
