4.920000000000000000e+02
4.800000000000000000e+02
6.340000000000000000e+02
6.520000000000000000e+02
7.960000000000000000e+02
7.960000000000000000e+02
6.680000000000000000e+02
6.080000000000000000e+02
6.980000000000000000e+02
7.230000000000000000e+02
6.840000000000000000e+02
7.640000000000000000e+02
7.520000000000000000e+02
5.880000000000000000e+02
6.120000000000000000e+02
7.480000000000000000e+02
7.386666666666666288e+02
7.480000000000000000e+02
7.320000000000000000e+02
6.000000000000000000e+02
6.010000000000000000e+02
7.373333333333333712e+02
6.000000000000000000e+02
6.090000000000000000e+02
6.140000000000000000e+02
7.520000000000000000e+02
7.470000000000000000e+02
6.560000000000000000e+02
5.906666666666666288e+02
7.560000000000000000e+02
7.560000000000000000e+02
7.540000000000000000e+02
7.270000000000000000e+02
7.560000000000000000e+02
6.920000000000000000e+02
6.600000000000000000e+02
7.960000000000000000e+02
7.960000000000000000e+02
7.960000000000000000e+02
6.320000000000000000e+02
6.300000000000000000e+02
4.920000000000000000e+02
4.960000000000000000e+02
4.920000000000000000e+02
6.280000000000000000e+02
6.360000000000000000e+02
7.960000000000000000e+02
7.960000000000000000e+02
6.720000000000000000e+02
6.800000000000000000e+02
6.880000000000000000e+02
7.506666666666666288e+02
7.160000000000000000e+02
7.560000000000000000e+02
7.520000000000000000e+02
7.506666666666666288e+02
7.466666666666666288e+02
7.410000000000000000e+02
7.500000000000000000e+02
6.200000000000000000e+02
7.430000000000000000e+02
6.080000000000000000e+02
6.320000000000000000e+02
6.370000000000000000e+02
7.600000000000000000e+02
7.400000000000000000e+02
7.480000000000000000e+02
5.940000000000000000e+02
6.093333333333333712e+02
7.480000000000000000e+02
6.240000000000000000e+02
7.170000000000000000e+02
7.560000000000000000e+02
5.990000000000000000e+02
6.280000000000000000e+02
7.506666666666666288e+02
7.960000000000000000e+02
7.320000000000000000e+02
7.960000000000000000e+02
7.960000000000000000e+02
7.053333333333333712e+02
6.133333333333333712e+02
4.800000000000000000e+02
4.770000000000000000e+02
4.840000000000000000e+02
5.400000000000000000e+02
5.760000000000000000e+02
6.400000000000000000e+02
7.920000000000000000e+02
7.960000000000000000e+02
6.440000000000000000e+02
6.373333333333333712e+02
5.973333333333333712e+02
6.000000000000000000e+02
6.560000000000000000e+02
7.480000000000000000e+02
7.500000000000000000e+02
7.500000000000000000e+02
7.520000000000000000e+02
7.440000000000000000e+02
6.920000000000000000e+02
7.510000000000000000e+02
7.470000000000000000e+02
6.893333333333333712e+02
6.933333333333333712e+02
5.930000000000000000e+02
6.800000000000000000e+02
7.480000000000000000e+02
6.800000000000000000e+02
7.546666666666666288e+02
7.546666666666666288e+02
5.920000000000000000e+02
7.580000000000000000e+02
6.840000000000000000e+02
6.200000000000000000e+02
6.160000000000000000e+02
6.906666666666666288e+02
7.960000000000000000e+02
6.160000000000000000e+02
6.360000000000000000e+02
7.960000000000000000e+02
7.960000000000000000e+02
6.400000000000000000e+02
5.840000000000000000e+02
5.320000000000000000e+02
5.280000000000000000e+02
5.240000000000000000e+02
5.266666666666666288e+02
6.240000000000000000e+02
6.320000000000000000e+02
6.330000000000000000e+02
7.920000000000000000e+02
7.960000000000000000e+02
7.960000000000000000e+02
5.880000000000000000e+02
5.933333333333333712e+02
6.586666666666666288e+02
6.120000000000000000e+02
6.500000000000000000e+02
6.333333333333333712e+02
7.440000000000000000e+02
5.920000000000000000e+02
7.520000000000000000e+02
7.573333333333333712e+02
7.550000000000000000e+02
7.453333333333333712e+02
6.880000000000000000e+02
6.853333333333333712e+02
7.490000000000000000e+02
6.640000000000000000e+02
7.530000000000000000e+02
6.493333333333333712e+02
5.980000000000000000e+02
6.810000000000000000e+02
6.760000000000000000e+02
5.880000000000000000e+02
6.690000000000000000e+02
6.440000000000000000e+02
6.520000000000000000e+02
6.090000000000000000e+02
6.520000000000000000e+02
6.560000000000000000e+02
5.640000000000000000e+02
6.280000000000000000e+02
6.240000000000000000e+02
5.560000000000000000e+02
5.560000000000000000e+02
5.520000000000000000e+02
5.480000000000000000e+02
5.720000000000000000e+02
5.760000000000000000e+02
5.720000000000000000e+02
6.450000000000000000e+02
5.920000000000000000e+02
6.480000000000000000e+02
6.306666666666666288e+02
6.050000000000000000e+02
5.960000000000000000e+02
5.960000000000000000e+02
5.920000000000000000e+02
6.040000000000000000e+02
6.140000000000000000e+02
6.800000000000000000e+02
6.950000000000000000e+02
6.600000000000000000e+02
7.480000000000000000e+02
6.030000000000000000e+02
7.493333333333333712e+02
6.480000000000000000e+02
6.706666666666666288e+02
6.580000000000000000e+02
7.510000000000000000e+02
6.400000000000000000e+02
5.773333333333333712e+02
5.930000000000000000e+02
6.600000000000000000e+02
6.320000000000000000e+02
6.040000000000000000e+02
6.000000000000000000e+02
5.960000000000000000e+02
6.040000000000000000e+02
6.000000000000000000e+02
6.093333333333333712e+02
6.360000000000000000e+02
6.110000000000000000e+02
6.420000000000000000e+02
5.840000000000000000e+02
5.840000000000000000e+02
5.840000000000000000e+02
5.880000000000000000e+02
5.090000000000000000e+02
5.840000000000000000e+02
5.880000000000000000e+02
5.960000000000000000e+02
6.200000000000000000e+02
5.600000000000000000e+02
5.840000000000000000e+02
5.880000000000000000e+02
7.960000000000000000e+02
7.960000000000000000e+02
5.920000000000000000e+02
6.000000000000000000e+02
5.960000000000000000e+02
6.520000000000000000e+02
5.960000000000000000e+02
5.960000000000000000e+02
5.920000000000000000e+02
6.000000000000000000e+02
6.680000000000000000e+02
7.380000000000000000e+02
7.506666666666666288e+02
7.506666666666666288e+02
6.800000000000000000e+02
7.480000000000000000e+02
5.906666666666666288e+02
7.413333333333333712e+02
5.970000000000000000e+02
6.000000000000000000e+02
6.080000000000000000e+02
5.880000000000000000e+02
5.880000000000000000e+02
5.840000000000000000e+02
7.960000000000000000e+02
7.960000000000000000e+02
5.960000000000000000e+02
5.920000000000000000e+02
6.610000000000000000e+02
6.280000000000000000e+02
6.280000000000000000e+02
5.880000000000000000e+02
5.720000000000000000e+02
5.080000000000000000e+02
6.280000000000000000e+02
5.640000000000000000e+02
6.200000000000000000e+02
6.320000000000000000e+02
6.200000000000000000e+02
6.320000000000000000e+02
5.960000000000000000e+02
5.960000000000000000e+02
5.960000000000000000e+02
5.800000000000000000e+02
5.840000000000000000e+02
5.840000000000000000e+02
5.800000000000000000e+02
5.990000000000000000e+02
5.960000000000000000e+02
5.990000000000000000e+02
6.240000000000000000e+02
5.960000000000000000e+02
5.980000000000000000e+02
7.500000000000000000e+02
7.570000000000000000e+02
7.480000000000000000e+02
7.520000000000000000e+02
6.740000000000000000e+02
6.800000000000000000e+02
6.240000000000000000e+02
5.920000000000000000e+02
6.280000000000000000e+02
5.880000000000000000e+02
5.960000000000000000e+02
6.000000000000000000e+02
5.880000000000000000e+02
5.880000000000000000e+02
5.880000000000000000e+02
6.000000000000000000e+02
6.000000000000000000e+02
6.480000000000000000e+02
6.280000000000000000e+02
6.200000000000000000e+02
6.080000000000000000e+02
5.720000000000000000e+02
5.040000000000000000e+02
4.600000000000000000e+02
5.813333333333333712e+02
6.000000000000000000e+02
6.120000000000000000e+02
6.280000000000000000e+02
6.720000000000000000e+02
6.080000000000000000e+02
7.960000000000000000e+02
7.960000000000000000e+02
5.840000000000000000e+02
7.960000000000000000e+02
5.960000000000000000e+02
5.920000000000000000e+02
5.840000000000000000e+02
6.240000000000000000e+02
6.160000000000000000e+02
5.960000000000000000e+02
6.780000000000000000e+02
7.440000000000000000e+02
7.520000000000000000e+02
7.360000000000000000e+02
6.026666666666666288e+02
7.420000000000000000e+02
5.920000000000000000e+02
5.960000000000000000e+02
7.420000000000000000e+02
6.370000000000000000e+02
6.280000000000000000e+02
6.040000000000000000e+02
6.080000000000000000e+02
6.000000000000000000e+02
5.960000000000000000e+02
5.920000000000000000e+02
6.020000000000000000e+02
6.080000000000000000e+02
6.040000000000000000e+02
6.480000000000000000e+02
6.080000000000000000e+02
6.320000000000000000e+02
5.200000000000000000e+02
5.240000000000000000e+02
4.560000000000000000e+02
4.640000000000000000e+02
5.390000000000000000e+02
6.200000000000000000e+02
6.120000000000000000e+02
6.026666666666666288e+02
5.840000000000000000e+02
6.000000000000000000e+02
6.240000000000000000e+02
6.400000000000000000e+02
5.813333333333333712e+02
5.880000000000000000e+02
6.240000000000000000e+02
6.320000000000000000e+02
6.053333333333333712e+02
6.150000000000000000e+02
6.866666666666666288e+02
6.050000000000000000e+02
5.960000000000000000e+02
7.460000000000000000e+02
7.520000000000000000e+02
7.480000000000000000e+02
6.333333333333333712e+02
7.330000000000000000e+02
6.800000000000000000e+02
6.840000000000000000e+02
5.800000000000000000e+02
6.450000000000000000e+02
6.060000000000000000e+02
6.230000000000000000e+02
6.440000000000000000e+02
6.280000000000000000e+02
6.040000000000000000e+02
6.400000000000000000e+02
6.440000000000000000e+02
6.440000000000000000e+02
7.960000000000000000e+02
6.760000000000000000e+02
6.200000000000000000e+02
6.200000000000000000e+02
6.200000000000000000e+02
4.920000000000000000e+02
4.930000000000000000e+02
5.000000000000000000e+02
5.680000000000000000e+02
5.840000000000000000e+02
6.120000000000000000e+02
6.200000000000000000e+02
6.440000000000000000e+02
6.460000000000000000e+02
6.440000000000000000e+02
6.400000000000000000e+02
5.920000000000000000e+02
5.920000000000000000e+02
5.840000000000000000e+02
6.613333333333333712e+02
6.000000000000000000e+02
7.450000000000000000e+02
6.293333333333333712e+02
7.530000000000000000e+02
7.490000000000000000e+02
7.573333333333333712e+02
6.053333333333333712e+02
6.040000000000000000e+02
6.820000000000000000e+02
6.090000000000000000e+02
6.160000000000000000e+02
6.580000000000000000e+02
7.346666666666666288e+02
6.840000000000000000e+02
6.773333333333333712e+02
7.500000000000000000e+02
7.380000000000000000e+02
5.920000000000000000e+02
7.440000000000000000e+02
6.620000000000000000e+02
7.400000000000000000e+02
6.280000000000000000e+02
6.120000000000000000e+02
6.373333333333333712e+02
6.560000000000000000e+02
6.400000000000000000e+02
5.800000000000000000e+02
5.653333333333333712e+02
5.560000000000000000e+02
4.960000000000000000e+02
5.500000000000000000e+02
6.360000000000000000e+02
6.400000000000000000e+02
7.800000000000000000e+02
7.920000000000000000e+02
7.946666666666666288e+02
7.920000000000000000e+02
7.960000000000000000e+02
6.253333333333333712e+02
7.053333333333333712e+02
7.946666666666666288e+02
6.040000000000000000e+02
7.600000000000000000e+02
6.840000000000000000e+02
6.786666666666666288e+02
7.460000000000000000e+02
7.480000000000000000e+02
6.860000000000000000e+02
7.440000000000000000e+02
7.530000000000000000e+02
