4.720000000000000000e+02
5.520000000000000000e+02
6.640000000000000000e+02
6.600000000000000000e+02
7.733333333333333712e+02
7.480000000000000000e+02
7.790000000000000000e+02
6.920000000000000000e+02
7.540000000000000000e+02
6.760000000000000000e+02
6.546666666666666288e+02
7.690000000000000000e+02
7.850000000000000000e+02
6.950000000000000000e+02
6.650000000000000000e+02
7.430000000000000000e+02
7.750000000000000000e+02
5.400000000000000000e+02
7.420000000000000000e+02
7.840000000000000000e+02
7.430000000000000000e+02
7.440000000000000000e+02
7.920000000000000000e+02
7.333333333333333712e+02
5.150000000000000000e+02
7.906666666666666288e+02
7.533333333333333712e+02
6.840000000000000000e+02
7.320000000000000000e+02
5.340000000000000000e+02
7.010000000000000000e+02
7.440000000000000000e+02
5.146666666666666288e+02
7.490000000000000000e+02
7.480000000000000000e+02
7.653333333333333712e+02
7.670000000000000000e+02
7.680000000000000000e+02
7.720000000000000000e+02
6.120000000000000000e+02
5.320000000000000000e+02
5.360000000000000000e+02
5.080000000000000000e+02
5.080000000000000000e+02
5.893333333333333712e+02
7.960000000000000000e+02
7.960000000000000000e+02
7.960000000000000000e+02
7.840000000000000000e+02
7.960000000000000000e+02
7.440000000000000000e+02
7.360000000000000000e+02
7.333333333333333712e+02
7.400000000000000000e+02
7.640000000000000000e+02
7.510000000000000000e+02
5.213333333333333712e+02
7.370000000000000000e+02
7.400000000000000000e+02
7.400000000000000000e+02
5.140000000000000000e+02
7.260000000000000000e+02
5.100000000000000000e+02
5.173333333333333712e+02
7.910000000000000000e+02
5.470000000000000000e+02
7.710000000000000000e+02
7.620000000000000000e+02
7.640000000000000000e+02
7.600000000000000000e+02
7.560000000000000000e+02
7.493333333333333712e+02
7.610000000000000000e+02
7.600000000000000000e+02
7.400000000000000000e+02
7.400000000000000000e+02
7.640000000000000000e+02
7.680000000000000000e+02
7.960000000000000000e+02
7.960000000000000000e+02
7.960000000000000000e+02
6.520000000000000000e+02
5.520000000000000000e+02
5.040000000000000000e+02
5.040000000000000000e+02
5.120000000000000000e+02
6.360000000000000000e+02
7.920000000000000000e+02
7.960000000000000000e+02
7.960000000000000000e+02
7.520000000000000000e+02
7.670000000000000000e+02
7.520000000000000000e+02
7.520000000000000000e+02
7.960000000000000000e+02
7.440000000000000000e+02
7.373333333333333712e+02
7.040000000000000000e+02
7.640000000000000000e+02
6.880000000000000000e+02
7.800000000000000000e+02
7.320000000000000000e+02
7.240000000000000000e+02
7.960000000000000000e+02
7.320000000000000000e+02
7.800000000000000000e+02
7.400000000000000000e+02
7.373333333333333712e+02
7.453333333333333712e+02
5.240000000000000000e+02
7.466666666666666288e+02
5.290000000000000000e+02
7.860000000000000000e+02
7.880000000000000000e+02
7.920000000000000000e+02
7.920000000000000000e+02
7.880000000000000000e+02
7.920000000000000000e+02
7.760000000000000000e+02
7.760000000000000000e+02
7.920000000000000000e+02
7.960000000000000000e+02
7.960000000000000000e+02
6.280000000000000000e+02
5.240000000000000000e+02
5.160000000000000000e+02
5.080000000000000000e+02
5.160000000000000000e+02
5.133333333333333712e+02
5.520000000000000000e+02
7.600000000000000000e+02
7.610000000000000000e+02
5.280000000000000000e+02
5.200000000000000000e+02
7.786666666666666288e+02
7.800000000000000000e+02
7.880000000000000000e+02
7.870000000000000000e+02
5.240000000000000000e+02
7.960000000000000000e+02
7.613333333333333712e+02
7.186666666666666288e+02
7.690000000000000000e+02
7.640000000000000000e+02
7.720000000000000000e+02
7.840000000000000000e+02
7.933333333333333712e+02
7.960000000000000000e+02
7.900000000000000000e+02
7.840000000000000000e+02
6.820000000000000000e+02
7.213333333333333712e+02
7.920000000000000000e+02
5.280000000000000000e+02
5.280000000000000000e+02
5.120000000000000000e+02
5.160000000000000000e+02
5.160000000000000000e+02
7.880000000000000000e+02
7.880000000000000000e+02
5.240000000000000000e+02
5.320000000000000000e+02
5.573333333333333712e+02
7.760000000000000000e+02
5.790000000000000000e+02
5.160000000000000000e+02
5.240000000000000000e+02
5.080000000000000000e+02
5.440000000000000000e+02
5.480000000000000000e+02
5.520000000000000000e+02
7.800000000000000000e+02
7.800000000000000000e+02
5.080000000000000000e+02
5.360000000000000000e+02
5.240000000000000000e+02
5.120000000000000000e+02
7.880000000000000000e+02
7.840000000000000000e+02
5.160000000000000000e+02
5.040000000000000000e+02
5.400000000000000000e+02
5.360000000000000000e+02
5.253333333333333712e+02
7.870000000000000000e+02
7.866666666666666288e+02
7.770000000000000000e+02
7.870000000000000000e+02
7.880000000000000000e+02
7.920000000000000000e+02
7.813333333333333712e+02
7.960000000000000000e+02
7.840000000000000000e+02
7.080000000000000000e+02
5.160000000000000000e+02
5.270000000000000000e+02
5.360000000000000000e+02
5.440000000000000000e+02
5.280000000000000000e+02
5.400000000000000000e+02
5.120000000000000000e+02
5.080000000000000000e+02
5.120000000000000000e+02
5.320000000000000000e+02
5.230000000000000000e+02
5.160000000000000000e+02
7.640000000000000000e+02
5.520000000000000000e+02
5.480000000000000000e+02
5.520000000000000000e+02
5.320000000000000000e+02
5.280000000000000000e+02
5.240000000000000000e+02
5.480000000000000000e+02
5.200000000000000000e+02
5.160000000000000000e+02
5.120000000000000000e+02
5.080000000000000000e+02
5.040000000000000000e+02
5.000000000000000000e+02
5.000000000000000000e+02
5.120000000000000000e+02
5.160000000000000000e+02
5.200000000000000000e+02
5.400000000000000000e+02
5.200000000000000000e+02
5.120000000000000000e+02
5.140000000000000000e+02
7.870000000000000000e+02
7.760000000000000000e+02
7.600000000000000000e+02
7.480000000000000000e+02
7.720000000000000000e+02
7.820000000000000000e+02
5.130000000000000000e+02
5.140000000000000000e+02
5.370000000000000000e+02
5.560000000000000000e+02
5.120000000000000000e+02
5.120000000000000000e+02
5.160000000000000000e+02
5.080000000000000000e+02
7.280000000000000000e+02
7.280000000000000000e+02
5.040000000000000000e+02
5.080000000000000000e+02
5.000000000000000000e+02
5.200000000000000000e+02
5.480000000000000000e+02
5.440000000000000000e+02
5.080000000000000000e+02
5.240000000000000000e+02
5.240000000000000000e+02
5.120000000000000000e+02
5.480000000000000000e+02
5.440000000000000000e+02
5.240000000000000000e+02
5.390000000000000000e+02
5.000000000000000000e+02
7.200000000000000000e+02
7.240000000000000000e+02
7.280000000000000000e+02
5.040000000000000000e+02
5.040000000000000000e+02
5.040000000000000000e+02
5.080000000000000000e+02
5.253333333333333712e+02
5.600000000000000000e+02
5.590000000000000000e+02
7.893333333333333712e+02
7.800000000000000000e+02
7.800000000000000000e+02
7.480000000000000000e+02
7.420000000000000000e+02
7.666666666666666288e+02
7.760000000000000000e+02
7.800000000000000000e+02
7.920000000000000000e+02
6.480000000000000000e+02
5.240000000000000000e+02
5.080000000000000000e+02
5.040000000000000000e+02
5.040000000000000000e+02
5.080000000000000000e+02
7.240000000000000000e+02
7.240000000000000000e+02
7.120000000000000000e+02
7.280000000000000000e+02
5.240000000000000000e+02
5.200000000000000000e+02
5.640000000000000000e+02
5.506666666666666288e+02
5.230000000000000000e+02
5.120000000000000000e+02
5.080000000000000000e+02
5.040000000000000000e+02
5.040000000000000000e+02
5.400000000000000000e+02
5.040000000000000000e+02
5.080000000000000000e+02
5.080000000000000000e+02
5.080000000000000000e+02
5.120000000000000000e+02
5.120000000000000000e+02
5.040000000000000000e+02
5.040000000000000000e+02
5.040000000000000000e+02
5.000000000000000000e+02
5.280000000000000000e+02
5.240000000000000000e+02
7.920000000000000000e+02
7.880000000000000000e+02
7.410000000000000000e+02
7.800000000000000000e+02
7.600000000000000000e+02
5.040000000000000000e+02
7.866666666666666288e+02
7.480000000000000000e+02
5.390000000000000000e+02
7.960000000000000000e+02
7.733333333333333712e+02
5.360000000000000000e+02
5.250000000000000000e+02
5.200000000000000000e+02
5.120000000000000000e+02
5.040000000000000000e+02
5.000000000000000000e+02
5.120000000000000000e+02
5.120000000000000000e+02
5.010000000000000000e+02
5.160000000000000000e+02
5.040000000000000000e+02
5.320000000000000000e+02
4.960000000000000000e+02
5.000000000000000000e+02
4.920000000000000000e+02
4.800000000000000000e+02
5.330000000000000000e+02
5.560000000000000000e+02
7.960000000000000000e+02
5.560000000000000000e+02
5.120000000000000000e+02
5.160000000000000000e+02
5.200000000000000000e+02
7.840000000000000000e+02
5.040000000000000000e+02
7.840000000000000000e+02
7.840000000000000000e+02
7.840000000000000000e+02
7.840000000000000000e+02
5.280000000000000000e+02
5.360000000000000000e+02
7.960000000000000000e+02
6.880000000000000000e+02
7.800000000000000000e+02
7.760000000000000000e+02
7.546666666666666288e+02
7.880000000000000000e+02
7.760000000000000000e+02
7.900000000000000000e+02
7.266666666666666288e+02
7.960000000000000000e+02
5.580000000000000000e+02
7.360000000000000000e+02
7.920000000000000000e+02
7.800000000000000000e+02
7.720000000000000000e+02
7.800000000000000000e+02
5.150000000000000000e+02
7.840000000000000000e+02
5.213333333333333712e+02
7.840000000000000000e+02
7.880000000000000000e+02
7.920000000000000000e+02
7.920000000000000000e+02
5.560000000000000000e+02
5.520000000000000000e+02
5.520000000000000000e+02
5.506666666666666288e+02
5.480000000000000000e+02
5.560000000000000000e+02
5.680000000000000000e+02
7.640000000000000000e+02
7.960000000000000000e+02
7.880000000000000000e+02
7.960000000000000000e+02
7.960000000000000000e+02
5.640000000000000000e+02
5.600000000000000000e+02
7.440000000000000000e+02
5.440000000000000000e+02
5.320000000000000000e+02
7.890000000000000000e+02
7.746666666666666288e+02
7.360000000000000000e+02
5.186666666666666288e+02
7.520000000000000000e+02
7.780000000000000000e+02
7.440000000000000000e+02
7.520000000000000000e+02
7.580000000000000000e+02
7.680000000000000000e+02
5.080000000000000000e+02
7.500000000000000000e+02
7.540000000000000000e+02
7.960000000000000000e+02
7.920000000000000000e+02
7.920000000000000000e+02
7.840000000000000000e+02
5.580000000000000000e+02
5.560000000000000000e+02
7.920000000000000000e+02
7.880000000000000000e+02
7.840000000000000000e+02
7.520000000000000000e+02
7.560000000000000000e+02
4.880000000000000000e+02
5.560000000000000000e+02
5.440000000000000000e+02
4.800000000000000000e+02
4.800000000000000000e+02
5.280000000000000000e+02
5.280000000000000000e+02
7.760000000000000000e+02
7.720000000000000000e+02
7.786666666666666288e+02
5.200000000000000000e+02
7.700000000000000000e+02
7.546666666666666288e+02
7.590000000000000000e+02
5.470000000000000000e+02
6.840000000000000000e+02
7.860000000000000000e+02
6.840000000000000000e+02
7.780000000000000000e+02
7.520000000000000000e+02
7.626666666666666288e+02
6.866666666666666288e+02
7.720000000000000000e+02
7.506666666666666288e+02
7.520000000000000000e+02
