4.720000000000000000e+02
5.480000000000000000e+02
5.550000000000000000e+02
6.680000000000000000e+02
7.760000000000000000e+02
6.760000000000000000e+02
6.880000000000000000e+02
7.320000000000000000e+02
7.430000000000000000e+02
7.360000000000000000e+02
7.520000000000000000e+02
6.466666666666666288e+02
7.460000000000000000e+02
7.160000000000000000e+02
7.480000000000000000e+02
7.320000000000000000e+02
6.760000000000000000e+02
6.730000000000000000e+02
6.900000000000000000e+02
7.590000000000000000e+02
7.560000000000000000e+02
7.520000000000000000e+02
7.480000000000000000e+02
6.860000000000000000e+02
7.600000000000000000e+02
7.500000000000000000e+02
7.506666666666666288e+02
7.570000000000000000e+02
7.370000000000000000e+02
6.760000000000000000e+02
6.870000000000000000e+02
7.666666666666666288e+02
6.790000000000000000e+02
7.460000000000000000e+02
7.013333333333333712e+02
7.240000000000000000e+02
7.640000000000000000e+02
7.680000000000000000e+02
7.720000000000000000e+02
6.120000000000000000e+02
5.400000000000000000e+02
5.373333333333333712e+02
5.080000000000000000e+02
5.080000000000000000e+02
5.840000000000000000e+02
7.960000000000000000e+02
7.960000000000000000e+02
7.960000000000000000e+02
7.960000000000000000e+02
7.960000000000000000e+02
6.986666666666666288e+02
6.920000000000000000e+02
7.430000000000000000e+02
6.940000000000000000e+02
6.630000000000000000e+02
3.920000000000000000e+02
6.840000000000000000e+02
6.830000000000000000e+02
6.830000000000000000e+02
7.453333333333333712e+02
7.480000000000000000e+02
3.880000000000000000e+02
4.000000000000000000e+02
3.900000000000000000e+02
3.840000000000000000e+02
6.720000000000000000e+02
7.480000000000000000e+02
7.453333333333333712e+02
6.810000000000000000e+02
6.800000000000000000e+02
7.380000000000000000e+02
6.720000000000000000e+02
7.220000000000000000e+02
7.120000000000000000e+02
6.660000000000000000e+02
7.520000000000000000e+02
7.040000000000000000e+02
6.440000000000000000e+02
7.960000000000000000e+02
7.960000000000000000e+02
6.520000000000000000e+02
6.520000000000000000e+02
5.560000000000000000e+02
5.093333333333333144e+02
5.210000000000000000e+02
5.400000000000000000e+02
6.560000000000000000e+02
7.960000000000000000e+02
7.960000000000000000e+02
7.960000000000000000e+02
7.960000000000000000e+02
6.760000000000000000e+02
7.440000000000000000e+02
7.400000000000000000e+02
6.880000000000000000e+02
4.320000000000000000e+02
6.680000000000000000e+02
6.693333333333333712e+02
6.700000000000000000e+02
6.800000000000000000e+02
7.400000000000000000e+02
6.920000000000000000e+02
6.860000000000000000e+02
7.510000000000000000e+02
7.560000000000000000e+02
3.890000000000000000e+02
7.590000000000000000e+02
7.000000000000000000e+02
6.226666666666666288e+02
6.760000000000000000e+02
7.440000000000000000e+02
6.720000000000000000e+02
6.840000000000000000e+02
7.066666666666666288e+02
4.370000000000000000e+02
6.760000000000000000e+02
6.790000000000000000e+02
4.013333333333333144e+02
6.640000000000000000e+02
7.960000000000000000e+02
7.960000000000000000e+02
7.960000000000000000e+02
7.960000000000000000e+02
6.600000000000000000e+02
4.040000000000000000e+02
4.790000000000000000e+02
6.320000000000000000e+02
6.810000000000000000e+02
4.040000000000000000e+02
7.960000000000000000e+02
6.626666666666666288e+02
6.613333333333333712e+02
4.240000000000000000e+02
4.240000000000000000e+02
6.560000000000000000e+02
6.620000000000000000e+02
6.720000000000000000e+02
6.800000000000000000e+02
6.760000000000000000e+02
4.000000000000000000e+02
6.720000000000000000e+02
6.813333333333333712e+02
6.840000000000000000e+02
7.460000000000000000e+02
6.890000000000000000e+02
6.760000000000000000e+02
6.800000000000000000e+02
6.760000000000000000e+02
6.760000000000000000e+02
6.840000000000000000e+02
6.760000000000000000e+02
4.040000000000000000e+02
7.080000000000000000e+02
4.080000000000000000e+02
4.080000000000000000e+02
4.120000000000000000e+02
4.280000000000000000e+02
6.840000000000000000e+02
6.840000000000000000e+02
6.960000000000000000e+02
7.000000000000000000e+02
4.160000000000000000e+02
6.690000000000000000e+02
6.760000000000000000e+02
6.733333333333333712e+02
6.820000000000000000e+02
7.440000000000000000e+02
6.950000000000000000e+02
4.480000000000000000e+02
7.400000000000000000e+02
7.420000000000000000e+02
4.420000000000000000e+02
7.000000000000000000e+02
4.160000000000000000e+02
4.160000000000000000e+02
4.080000000000000000e+02
6.870000000000000000e+02
3.960000000000000000e+02
3.960000000000000000e+02
6.880000000000000000e+02
4.013333333333333144e+02
4.120000000000000000e+02
4.120000000000000000e+02
4.640000000000000000e+02
6.680000000000000000e+02
6.720000000000000000e+02
7.360000000000000000e+02
6.600000000000000000e+02
3.880000000000000000e+02
3.840000000000000000e+02
6.746666666666666288e+02
6.840000000000000000e+02
6.680000000000000000e+02
6.680000000000000000e+02
6.760000000000000000e+02
4.053333333333333144e+02
4.080000000000000000e+02
4.000000000000000000e+02
3.960000000000000000e+02
3.960000000000000000e+02
3.920000000000000000e+02
3.880000000000000000e+02
3.920000000000000000e+02
4.040000000000000000e+02
4.120000000000000000e+02
4.200000000000000000e+02
6.680000000000000000e+02
4.973333333333333144e+02
4.360000000000000000e+02
4.330000000000000000e+02
4.360000000000000000e+02
4.320000000000000000e+02
4.400000000000000000e+02
4.120000000000000000e+02
4.080000000000000000e+02
4.040000000000000000e+02
3.980000000000000000e+02
3.880000000000000000e+02
3.800000000000000000e+02
3.800000000000000000e+02
3.840000000000000000e+02
3.880000000000000000e+02
3.960000000000000000e+02
4.040000000000000000e+02
4.000000000000000000e+02
4.120000000000000000e+02
6.760000000000000000e+02
6.760000000000000000e+02
6.750000000000000000e+02
6.720000000000000000e+02
6.800000000000000000e+02
6.800000000000000000e+02
6.720000000000000000e+02
6.720000000000000000e+02
3.840000000000000000e+02
6.720000000000000000e+02
6.720000000000000000e+02
4.000000000000000000e+02
3.960000000000000000e+02
3.840000000000000000e+02
3.880000000000000000e+02
3.840000000000000000e+02
3.840000000000000000e+02
6.120000000000000000e+02
6.133333333333333712e+02
3.920000000000000000e+02
3.920000000000000000e+02
5.840000000000000000e+02
5.840000000000000000e+02
5.900000000000000000e+02
4.320000000000000000e+02
4.360000000000000000e+02
4.360000000000000000e+02
4.390000000000000000e+02
4.080000000000000000e+02
4.120000000000000000e+02
3.960000000000000000e+02
3.920000000000000000e+02
6.040000000000000000e+02
3.840000000000000000e+02
3.840000000000000000e+02
3.800000000000000000e+02
3.840000000000000000e+02
6.080000000000000000e+02
3.920000000000000000e+02
3.920000000000000000e+02
3.880000000000000000e+02
4.080000000000000000e+02
4.400000000000000000e+02
4.360000000000000000e+02
6.720000000000000000e+02
6.600000000000000000e+02
6.920000000000000000e+02
6.880000000000000000e+02
7.100000000000000000e+02
6.670000000000000000e+02
6.680000000000000000e+02
4.320000000000000000e+02
4.000000000000000000e+02
3.880000000000000000e+02
3.880000000000000000e+02
3.880000000000000000e+02
3.920000000000000000e+02
3.880000000000000000e+02
3.840000000000000000e+02
3.840000000000000000e+02
3.840000000000000000e+02
3.813333333333333144e+02
3.880000000000000000e+02
3.840000000000000000e+02
4.080000000000000000e+02
4.080000000000000000e+02
4.360000000000000000e+02
4.360000000000000000e+02
3.960000000000000000e+02
4.226666666666666856e+02
4.280000000000000000e+02
4.080000000000000000e+02
4.000000000000000000e+02
3.960000000000000000e+02
4.000000000000000000e+02
3.866666666666666856e+02
3.840000000000000000e+02
3.840000000000000000e+02
6.840000000000000000e+02
3.920000000000000000e+02
3.920000000000000000e+02
3.920000000000000000e+02
6.680000000000000000e+02
3.960000000000000000e+02
4.420000000000000000e+02
6.760000000000000000e+02
6.720000000000000000e+02
6.720000000000000000e+02
6.773333333333333712e+02
7.573333333333333712e+02
6.733333333333333712e+02
6.680000000000000000e+02
6.660000000000000000e+02
6.720000000000000000e+02
6.760000000000000000e+02
4.040000000000000000e+02
4.000000000000000000e+02
3.880000000000000000e+02
5.960000000000000000e+02
6.880000000000000000e+02
3.920000000000000000e+02
3.880000000000000000e+02
3.840000000000000000e+02
3.880000000000000000e+02
4.040000000000000000e+02
4.080000000000000000e+02
4.040000000000000000e+02
4.280000000000000000e+02
4.290000000000000000e+02
6.560000000000000000e+02
6.653333333333333712e+02
6.680000000000000000e+02
6.613333333333333712e+02
4.000000000000000000e+02
3.920000000000000000e+02
4.000000000000000000e+02
4.000000000000000000e+02
3.960000000000000000e+02
3.920000000000000000e+02
3.920000000000000000e+02
3.920000000000000000e+02
3.960000000000000000e+02
4.170000000000000000e+02
4.200000000000000000e+02
6.840000000000000000e+02
6.746666666666666288e+02
6.800000000000000000e+02
6.760000000000000000e+02
6.680000000000000000e+02
4.570000000000000000e+02
3.880000000000000000e+02
3.866666666666666856e+02
7.470000000000000000e+02
6.700000000000000000e+02
6.810000000000000000e+02
3.970000000000000000e+02
6.760000000000000000e+02
6.880000000000000000e+02
4.320000000000000000e+02
4.160000000000000000e+02
4.160000000000000000e+02
4.120000000000000000e+02
6.760000000000000000e+02
3.920000000000000000e+02
3.960000000000000000e+02
3.960000000000000000e+02
4.040000000000000000e+02
6.960000000000000000e+02
4.560000000000000000e+02
4.520000000000000000e+02
6.680000000000000000e+02
6.760000000000000000e+02
3.960000000000000000e+02
6.600000000000000000e+02
6.680000000000000000e+02
6.680000000000000000e+02
6.840000000000000000e+02
4.390000000000000000e+02
4.013333333333333144e+02
4.000000000000000000e+02
6.680000000000000000e+02
6.760000000000000000e+02
6.800000000000000000e+02
4.040000000000000000e+02
3.960000000000000000e+02
6.720000000000000000e+02
6.800000000000000000e+02
6.800000000000000000e+02
6.720000000000000000e+02
6.920000000000000000e+02
6.640000000000000000e+02
6.870000000000000000e+02
6.740000000000000000e+02
6.800000000000000000e+02
7.000000000000000000e+02
7.040000000000000000e+02
7.293333333333333712e+02
6.360000000000000000e+02
6.840000000000000000e+02
6.880000000000000000e+02
6.760000000000000000e+02
4.360000000000000000e+02
6.790000000000000000e+02
6.810000000000000000e+02
6.680000000000000000e+02
6.680000000000000000e+02
7.000000000000000000e+02
6.920000000000000000e+02
6.280000000000000000e+02
6.800000000000000000e+02
6.760000000000000000e+02
4.420000000000000000e+02
6.760000000000000000e+02
3.980000000000000000e+02
4.560000000000000000e+02
4.560000000000000000e+02
6.780000000000000000e+02
7.420000000000000000e+02
7.560000000000000000e+02
7.413333333333333712e+02
4.440000000000000000e+02
4.400000000000000000e+02
3.880000000000000000e+02
6.720000000000000000e+02
4.480000000000000000e+02
4.010000000000000000e+02
3.950000000000000000e+02
7.420000000000000000e+02
7.090000000000000000e+02
7.520000000000000000e+02
7.180000000000000000e+02
6.560000000000000000e+02
6.530000000000000000e+02
6.500000000000000000e+02
6.650000000000000000e+02
