4.720000000000000000e+02
5.480000000000000000e+02
6.640000000000000000e+02
6.640000000000000000e+02
7.760000000000000000e+02
6.760000000000000000e+02
7.350000000000000000e+02
7.320000000000000000e+02
7.430000000000000000e+02
7.360000000000000000e+02
7.050000000000000000e+02
6.466666666666666288e+02
7.460000000000000000e+02
7.440000000000000000e+02
7.480000000000000000e+02
7.410000000000000000e+02
6.760000000000000000e+02
6.813333333333333712e+02
7.140000000000000000e+02
7.440000000000000000e+02
7.560000000000000000e+02
7.480000000000000000e+02
7.480000000000000000e+02
6.860000000000000000e+02
6.780000000000000000e+02
7.290000000000000000e+02
7.466666666666666288e+02
7.520000000000000000e+02
6.640000000000000000e+02
7.480000000000000000e+02
6.910000000000000000e+02
7.013333333333333712e+02
6.890000000000000000e+02
7.000000000000000000e+02
7.013333333333333712e+02
7.053333333333333712e+02
7.600000000000000000e+02
7.680000000000000000e+02
7.760000000000000000e+02
6.680000000000000000e+02
6.120000000000000000e+02
5.333333333333333712e+02
5.080000000000000000e+02
5.080000000000000000e+02
5.840000000000000000e+02
7.960000000000000000e+02
7.960000000000000000e+02
7.960000000000000000e+02
6.800000000000000000e+02
7.960000000000000000e+02
6.960000000000000000e+02
6.920000000000000000e+02
7.533333333333333712e+02
6.880000000000000000e+02
6.820000000000000000e+02
3.920000000000000000e+02
6.880000000000000000e+02
6.880000000000000000e+02
6.840000000000000000e+02
7.520000000000000000e+02
7.506666666666666288e+02
3.850000000000000000e+02
4.000000000000000000e+02
3.910000000000000000e+02
3.840000000000000000e+02
6.720000000000000000e+02
7.466666666666666288e+02
7.453333333333333712e+02
6.800000000000000000e+02
6.800000000000000000e+02
7.370000000000000000e+02
6.720000000000000000e+02
7.100000000000000000e+02
7.120000000000000000e+02
6.660000000000000000e+02
4.440000000000000000e+02
7.740000000000000000e+02
6.480000000000000000e+02
7.960000000000000000e+02
7.960000000000000000e+02
6.520000000000000000e+02
6.520000000000000000e+02
5.600000000000000000e+02
5.080000000000000000e+02
5.240000000000000000e+02
5.400000000000000000e+02
6.560000000000000000e+02
6.530000000000000000e+02
7.960000000000000000e+02
7.960000000000000000e+02
6.760000000000000000e+02
6.760000000000000000e+02
6.800000000000000000e+02
7.400000000000000000e+02
6.890000000000000000e+02
6.760000000000000000e+02
6.710000000000000000e+02
6.693333333333333712e+02
6.700000000000000000e+02
6.760000000000000000e+02
6.760000000000000000e+02
6.800000000000000000e+02
7.600000000000000000e+02
7.500000000000000000e+02
7.570000000000000000e+02
3.890000000000000000e+02
7.453333333333333712e+02
7.386666666666666288e+02
7.520000000000000000e+02
6.820000000000000000e+02
6.880000000000000000e+02
6.680000000000000000e+02
6.880000000000000000e+02
4.453333333333333144e+02
4.320000000000000000e+02
6.733333333333333712e+02
6.800000000000000000e+02
4.080000000000000000e+02
6.640000000000000000e+02
7.960000000000000000e+02
7.960000000000000000e+02
7.960000000000000000e+02
7.960000000000000000e+02
7.960000000000000000e+02
4.040000000000000000e+02
5.266666666666666288e+02
6.333333333333333712e+02
6.840000000000000000e+02
4.040000000000000000e+02
7.920000000000000000e+02
6.630000000000000000e+02
6.613333333333333712e+02
4.280000000000000000e+02
6.880000000000000000e+02
6.560000000000000000e+02
6.680000000000000000e+02
6.720000000000000000e+02
6.760000000000000000e+02
6.760000000000000000e+02
4.000000000000000000e+02
6.720000000000000000e+02
7.000000000000000000e+02
6.880000000000000000e+02
7.460000000000000000e+02
6.890000000000000000e+02
6.760000000000000000e+02
6.800000000000000000e+02
6.680000000000000000e+02
6.760000000000000000e+02
6.840000000000000000e+02
6.780000000000000000e+02
6.933333333333333712e+02
7.080000000000000000e+02
4.100000000000000000e+02
4.080000000000000000e+02
4.093333333333333144e+02
4.320000000000000000e+02
6.800000000000000000e+02
6.840000000000000000e+02
6.960000000000000000e+02
7.040000000000000000e+02
4.160000000000000000e+02
6.690000000000000000e+02
6.760000000000000000e+02
4.440000000000000000e+02
7.000000000000000000e+02
7.620000000000000000e+02
7.533333333333333712e+02
4.440000000000000000e+02
7.400000000000000000e+02
7.360000000000000000e+02
4.480000000000000000e+02
6.940000000000000000e+02
4.160000000000000000e+02
4.160000000000000000e+02
4.133333333333333144e+02
6.840000000000000000e+02
3.960000000000000000e+02
3.960000000000000000e+02
6.880000000000000000e+02
4.000000000000000000e+02
4.120000000000000000e+02
4.120000000000000000e+02
4.106666666666666856e+02
4.640000000000000000e+02
6.720000000000000000e+02
7.360000000000000000e+02
6.640000000000000000e+02
6.700000000000000000e+02
7.440000000000000000e+02
6.700000000000000000e+02
6.840000000000000000e+02
6.720000000000000000e+02
6.680000000000000000e+02
6.760000000000000000e+02
4.053333333333333144e+02
4.080000000000000000e+02
4.000000000000000000e+02
3.920000000000000000e+02
4.000000000000000000e+02
3.960000000000000000e+02
3.880000000000000000e+02
3.920000000000000000e+02
4.080000000000000000e+02
4.120000000000000000e+02
4.160000000000000000e+02
6.680000000000000000e+02
4.106666666666666856e+02
4.360000000000000000e+02
4.400000000000000000e+02
4.360000000000000000e+02
4.320000000000000000e+02
6.100000000000000000e+02
4.160000000000000000e+02
4.080000000000000000e+02
4.040000000000000000e+02
3.920000000000000000e+02
3.880000000000000000e+02
3.800000000000000000e+02
3.800000000000000000e+02
3.840000000000000000e+02
3.880000000000000000e+02
3.960000000000000000e+02
4.040000000000000000e+02
4.040000000000000000e+02
4.066666666666666856e+02
6.720000000000000000e+02
6.690000000000000000e+02
6.750000000000000000e+02
6.720000000000000000e+02
6.760000000000000000e+02
6.760000000000000000e+02
6.800000000000000000e+02
6.720000000000000000e+02
3.840000000000000000e+02
6.680000000000000000e+02
6.720000000000000000e+02
4.420000000000000000e+02
3.960000000000000000e+02
3.880000000000000000e+02
3.920000000000000000e+02
3.880000000000000000e+02
3.850000000000000000e+02
6.110000000000000000e+02
3.840000000000000000e+02
3.920000000000000000e+02
3.920000000000000000e+02
5.893333333333333712e+02
5.840000000000000000e+02
4.400000000000000000e+02
4.320000000000000000e+02
4.360000000000000000e+02
4.360000000000000000e+02
4.360000000000000000e+02
4.080000000000000000e+02
4.120000000000000000e+02
3.920000000000000000e+02
3.840000000000000000e+02
6.040000000000000000e+02
3.800000000000000000e+02
3.800000000000000000e+02
3.800000000000000000e+02
3.840000000000000000e+02
6.120000000000000000e+02
3.906666666666666856e+02
3.920000000000000000e+02
3.920000000000000000e+02
4.080000000000000000e+02
4.400000000000000000e+02
4.400000000000000000e+02
6.720000000000000000e+02
6.640000000000000000e+02
6.920000000000000000e+02
6.880000000000000000e+02
6.920000000000000000e+02
4.213333333333333144e+02
6.680000000000000000e+02
4.360000000000000000e+02
4.000000000000000000e+02
3.880000000000000000e+02
3.880000000000000000e+02
3.880000000000000000e+02
3.920000000000000000e+02
3.840000000000000000e+02
3.840000000000000000e+02
3.800000000000000000e+02
3.810000000000000000e+02
6.040000000000000000e+02
3.880000000000000000e+02
3.880000000000000000e+02
3.933333333333333144e+02
4.080000000000000000e+02
4.280000000000000000e+02
4.360000000000000000e+02
4.160000000000000000e+02
4.240000000000000000e+02
4.280000000000000000e+02
4.080000000000000000e+02
4.000000000000000000e+02
4.000000000000000000e+02
4.000000000000000000e+02
3.840000000000000000e+02
3.840000000000000000e+02
3.840000000000000000e+02
6.840000000000000000e+02
3.920000000000000000e+02
3.880000000000000000e+02
3.920000000000000000e+02
6.680000000000000000e+02
3.880000000000000000e+02
4.510000000000000000e+02
6.760000000000000000e+02
6.720000000000000000e+02
6.653333333333333712e+02
6.840000000000000000e+02
7.573333333333333712e+02
6.800000000000000000e+02
6.720000000000000000e+02
6.720000000000000000e+02
6.720000000000000000e+02
6.760000000000000000e+02
6.760000000000000000e+02
4.000000000000000000e+02
3.880000000000000000e+02
3.906666666666666856e+02
6.400000000000000000e+02
3.920000000000000000e+02
3.880000000000000000e+02
3.840000000000000000e+02
3.920000000000000000e+02
4.040000000000000000e+02
4.040000000000000000e+02
4.000000000000000000e+02
4.240000000000000000e+02
6.720000000000000000e+02
6.493333333333333712e+02
6.653333333333333712e+02
6.680000000000000000e+02
6.626666666666666288e+02
4.000000000000000000e+02
3.960000000000000000e+02
4.000000000000000000e+02
4.000000000000000000e+02
3.960000000000000000e+02
3.920000000000000000e+02
3.920000000000000000e+02
3.920000000000000000e+02
3.960000000000000000e+02
4.200000000000000000e+02
4.200000000000000000e+02
6.893333333333333712e+02
6.800000000000000000e+02
6.853333333333333712e+02
6.680000000000000000e+02
6.666666666666666288e+02
7.600000000000000000e+02
3.880000000000000000e+02
7.080000000000000000e+02
7.470000000000000000e+02
6.700000000000000000e+02
6.800000000000000000e+02
3.950000000000000000e+02
6.760000000000000000e+02
6.880000000000000000e+02
4.280000000000000000e+02
4.160000000000000000e+02
4.120000000000000000e+02
6.600000000000000000e+02
6.760000000000000000e+02
3.906666666666666856e+02
3.960000000000000000e+02
3.960000000000000000e+02
4.000000000000000000e+02
6.920000000000000000e+02
4.590000000000000000e+02
4.560000000000000000e+02
6.680000000000000000e+02
6.760000000000000000e+02
3.960000000000000000e+02
6.600000000000000000e+02
6.680000000000000000e+02
6.680000000000000000e+02
6.800000000000000000e+02
4.360000000000000000e+02
4.000000000000000000e+02
4.000000000000000000e+02
6.680000000000000000e+02
6.760000000000000000e+02
6.800000000000000000e+02
4.050000000000000000e+02
3.920000000000000000e+02
6.720000000000000000e+02
6.720000000000000000e+02
6.800000000000000000e+02
6.720000000000000000e+02
7.493333333333333712e+02
6.750000000000000000e+02
6.880000000000000000e+02
6.760000000000000000e+02
6.800000000000000000e+02
7.000000000000000000e+02
6.580000000000000000e+02
7.293333333333333712e+02
6.280000000000000000e+02
6.893333333333333712e+02
6.880000000000000000e+02
6.760000000000000000e+02
4.360000000000000000e+02
6.840000000000000000e+02
6.840000000000000000e+02
6.750000000000000000e+02
6.680000000000000000e+02
6.960000000000000000e+02
6.880000000000000000e+02
6.280000000000000000e+02
6.800000000000000000e+02
6.760000000000000000e+02
6.760000000000000000e+02
6.720000000000000000e+02
4.680000000000000000e+02
4.600000000000000000e+02
4.520000000000000000e+02
6.850000000000000000e+02
7.420000000000000000e+02
7.560000000000000000e+02
6.250000000000000000e+02
4.400000000000000000e+02
4.400000000000000000e+02
7.660000000000000000e+02
6.666666666666666288e+02
4.480000000000000000e+02
4.000000000000000000e+02
7.346666666666666288e+02
7.466666666666666288e+02
6.800000000000000000e+02
6.853333333333333712e+02
7.440000000000000000e+02
7.680000000000000000e+02
6.530000000000000000e+02
6.500000000000000000e+02
6.700000000000000000e+02
