4.920000000000000000e+02
4.866666666666666856e+02
6.213333333333333712e+02
6.320000000000000000e+02
7.960000000000000000e+02
7.960000000000000000e+02
6.770000000000000000e+02
6.770000000000000000e+02
7.520000000000000000e+02
7.520000000000000000e+02
7.520000000000000000e+02
7.466666666666666288e+02
5.860000000000000000e+02
6.626666666666666288e+02
6.786666666666666288e+02
6.860000000000000000e+02
7.960000000000000000e+02
5.900000000000000000e+02
6.850000000000000000e+02
6.820000000000000000e+02
7.546666666666666288e+02
7.413333333333333712e+02
7.490000000000000000e+02
6.853333333333333712e+02
7.450000000000000000e+02
7.960000000000000000e+02
7.960000000000000000e+02
6.870000000000000000e+02
7.480000000000000000e+02
7.140000000000000000e+02
7.500000000000000000e+02
7.510000000000000000e+02
7.360000000000000000e+02
7.520000000000000000e+02
7.066666666666666288e+02
7.653333333333333712e+02
7.960000000000000000e+02
7.960000000000000000e+02
6.360000000000000000e+02
6.220000000000000000e+02
4.920000000000000000e+02
4.920000000000000000e+02
4.860000000000000000e+02
4.800000000000000000e+02
6.120000000000000000e+02
6.900000000000000000e+02
7.020000000000000000e+02
7.960000000000000000e+02
7.960000000000000000e+02
7.960000000000000000e+02
5.800000000000000000e+02
7.880000000000000000e+02
6.920000000000000000e+02
7.660000000000000000e+02
7.700000000000000000e+02
5.800000000000000000e+02
7.470000000000000000e+02
7.946666666666666288e+02
7.440000000000000000e+02
7.310000000000000000e+02
6.840000000000000000e+02
6.826666666666666288e+02
6.880000000000000000e+02
7.860000000000000000e+02
7.460000000000000000e+02
7.946666666666666288e+02
7.920000000000000000e+02
5.910000000000000000e+02
5.933333333333333712e+02
7.490000000000000000e+02
7.560000000000000000e+02
7.600000000000000000e+02
5.840000000000000000e+02
7.540000000000000000e+02
7.520000000000000000e+02
5.920000000000000000e+02
7.960000000000000000e+02
6.360000000000000000e+02
7.920000000000000000e+02
7.920000000000000000e+02
6.400000000000000000e+02
5.720000000000000000e+02
5.450000000000000000e+02
4.840000000000000000e+02
5.250000000000000000e+02
5.280000000000000000e+02
6.480000000000000000e+02
6.480000000000000000e+02
7.906666666666666288e+02
7.960000000000000000e+02
7.400000000000000000e+02
7.960000000000000000e+02
7.960000000000000000e+02
7.950000000000000000e+02
6.860000000000000000e+02
6.706666666666666288e+02
5.960000000000000000e+02
5.960000000000000000e+02
5.880000000000000000e+02
5.840000000000000000e+02
7.520000000000000000e+02
7.070000000000000000e+02
7.800000000000000000e+02
7.546666666666666288e+02
7.453333333333333712e+02
5.880000000000000000e+02
7.500000000000000000e+02
5.900000000000000000e+02
7.626666666666666288e+02
7.680000000000000000e+02
5.960000000000000000e+02
5.986666666666666288e+02
5.920000000000000000e+02
7.480000000000000000e+02
7.360000000000000000e+02
6.030000000000000000e+02
7.880000000000000000e+02
7.960000000000000000e+02
7.830000000000000000e+02
7.920000000000000000e+02
7.960000000000000000e+02
7.960000000000000000e+02
6.310000000000000000e+02
6.280000000000000000e+02
5.320000000000000000e+02
5.240000000000000000e+02
5.300000000000000000e+02
5.520000000000000000e+02
5.600000000000000000e+02
6.240000000000000000e+02
7.880000000000000000e+02
7.880000000000000000e+02
7.880000000000000000e+02
7.800000000000000000e+02
7.893333333333333712e+02
6.080000000000000000e+02
6.053333333333333712e+02
7.960000000000000000e+02
6.306666666666666288e+02
5.870000000000000000e+02
5.840000000000000000e+02
5.880000000000000000e+02
5.820000000000000000e+02
6.960000000000000000e+02
5.826666666666666288e+02
7.533333333333333712e+02
5.840000000000000000e+02
5.880000000000000000e+02
7.960000000000000000e+02
5.840000000000000000e+02
5.940000000000000000e+02
5.960000000000000000e+02
5.880000000000000000e+02
6.200000000000000000e+02
7.620000000000000000e+02
5.880000000000000000e+02
5.920000000000000000e+02
7.400000000000000000e+02
6.060000000000000000e+02
7.600000000000000000e+02
7.760000000000000000e+02
7.960000000000000000e+02
7.720000000000000000e+02
7.640000000000000000e+02
7.560000000000000000e+02
5.680000000000000000e+02
5.680000000000000000e+02
5.600000000000000000e+02
5.080000000000000000e+02
5.840000000000000000e+02
5.800000000000000000e+02
7.560000000000000000e+02
7.560000000000000000e+02
5.880000000000000000e+02
6.080000000000000000e+02
7.880000000000000000e+02
7.840000000000000000e+02
7.840000000000000000e+02
7.840000000000000000e+02
5.880000000000000000e+02
5.840000000000000000e+02
5.800000000000000000e+02
5.800000000000000000e+02
5.760000000000000000e+02
5.760000000000000000e+02
7.533333333333333712e+02
5.820000000000000000e+02
5.810000000000000000e+02
7.120000000000000000e+02
7.490000000000000000e+02
5.840000000000000000e+02
5.840000000000000000e+02
5.960000000000000000e+02
6.093333333333333712e+02
5.800000000000000000e+02
5.840000000000000000e+02
5.800000000000000000e+02
5.840000000000000000e+02
5.880000000000000000e+02
5.880000000000000000e+02
7.960000000000000000e+02
7.680000000000000000e+02
7.920000000000000000e+02
6.080000000000000000e+02
7.930000000000000000e+02
7.960000000000000000e+02
6.053333333333333712e+02
5.900000000000000000e+02
5.880000000000000000e+02
5.120000000000000000e+02
5.120000000000000000e+02
5.840000000000000000e+02
5.810000000000000000e+02
5.960000000000000000e+02
7.880000000000000000e+02
7.920000000000000000e+02
7.920000000000000000e+02
7.960000000000000000e+02
7.960000000000000000e+02
7.960000000000000000e+02
7.920000000000000000e+02
5.880000000000000000e+02
5.850000000000000000e+02
5.880000000000000000e+02
5.840000000000000000e+02
5.800000000000000000e+02
5.880000000000000000e+02
5.880000000000000000e+02
5.870000000000000000e+02
5.840000000000000000e+02
5.840000000000000000e+02
5.880000000000000000e+02
5.840000000000000000e+02
7.960000000000000000e+02
5.870000000000000000e+02
5.840000000000000000e+02
5.800000000000000000e+02
5.880000000000000000e+02
5.880000000000000000e+02
5.840000000000000000e+02
5.880000000000000000e+02
7.920000000000000000e+02
7.920000000000000000e+02
7.960000000000000000e+02
7.960000000000000000e+02
7.960000000000000000e+02
7.920000000000000000e+02
7.920000000000000000e+02
6.760000000000000000e+02
5.640000000000000000e+02
5.600000000000000000e+02
5.640000000000000000e+02
5.000000000000000000e+02
5.680000000000000000e+02
5.720000000000000000e+02
6.760000000000000000e+02
6.760000000000000000e+02
7.960000000000000000e+02
7.960000000000000000e+02
7.960000000000000000e+02
7.960000000000000000e+02
7.960000000000000000e+02
7.960000000000000000e+02
5.840000000000000000e+02
5.840000000000000000e+02
5.840000000000000000e+02
5.840000000000000000e+02
5.800000000000000000e+02
5.840000000000000000e+02
5.800000000000000000e+02
5.840000000000000000e+02
5.840000000000000000e+02
5.920000000000000000e+02
5.880000000000000000e+02
5.840000000000000000e+02
5.800000000000000000e+02
5.840000000000000000e+02
5.800000000000000000e+02
5.840000000000000000e+02
5.840000000000000000e+02
5.840000000000000000e+02
5.880000000000000000e+02
5.840000000000000000e+02
7.920000000000000000e+02
7.920000000000000000e+02
7.880000000000000000e+02
7.960000000000000000e+02
7.960000000000000000e+02
7.960000000000000000e+02
7.920000000000000000e+02
6.760000000000000000e+02
5.880000000000000000e+02
5.880000000000000000e+02
5.880000000000000000e+02
4.560000000000000000e+02
5.240000000000000000e+02
6.240000000000000000e+02
6.280000000000000000e+02
7.160000000000000000e+02
7.280000000000000000e+02
7.960000000000000000e+02
7.960000000000000000e+02
7.960000000000000000e+02
7.920000000000000000e+02
7.930000000000000000e+02
5.880000000000000000e+02
5.720000000000000000e+02
5.760000000000000000e+02
5.800000000000000000e+02
5.800000000000000000e+02
5.720000000000000000e+02
5.790000000000000000e+02
5.880000000000000000e+02
5.880000000000000000e+02
7.540000000000000000e+02
5.920000000000000000e+02
5.940000000000000000e+02
5.880000000000000000e+02
5.840000000000000000e+02
5.840000000000000000e+02
5.880000000000000000e+02
5.840000000000000000e+02
5.840000000000000000e+02
5.880000000000000000e+02
5.880000000000000000e+02
5.920000000000000000e+02
6.080000000000000000e+02
7.840000000000000000e+02
7.840000000000000000e+02
7.920000000000000000e+02
7.520000000000000000e+02
7.440000000000000000e+02
6.530000000000000000e+02
6.280000000000000000e+02
5.320000000000000000e+02
4.770000000000000000e+02
4.920000000000000000e+02
4.920000000000000000e+02
6.210000000000000000e+02
6.200000000000000000e+02
6.840000000000000000e+02
7.800000000000000000e+02
7.930000000000000000e+02
7.840000000000000000e+02
7.880000000000000000e+02
7.890000000000000000e+02
5.750000000000000000e+02
5.880000000000000000e+02
5.880000000000000000e+02
5.840000000000000000e+02
6.360000000000000000e+02
6.360000000000000000e+02
5.880000000000000000e+02
5.920000000000000000e+02
5.920000000000000000e+02
5.890000000000000000e+02
5.880000000000000000e+02
7.533333333333333712e+02
7.480000000000000000e+02
6.920000000000000000e+02
6.026666666666666288e+02
6.066666666666666288e+02
7.520000000000000000e+02
6.420000000000000000e+02
7.960000000000000000e+02
6.760000000000000000e+02
6.680000000000000000e+02
6.690000000000000000e+02
5.860000000000000000e+02
7.240000000000000000e+02
7.520000000000000000e+02
7.760000000000000000e+02
7.706666666666666288e+02
7.480000000000000000e+02
7.440000000000000000e+02
6.000000000000000000e+02
5.720000000000000000e+02
5.040000000000000000e+02
5.600000000000000000e+02
5.640000000000000000e+02
5.800000000000000000e+02
5.893333333333333712e+02
7.480000000000000000e+02
7.560000000000000000e+02
7.870000000000000000e+02
7.493333333333333712e+02
7.960000000000000000e+02
7.960000000000000000e+02
7.893333333333333712e+02
7.453333333333333712e+02
6.900000000000000000e+02
5.826666666666666288e+02
5.860000000000000000e+02
5.840000000000000000e+02
7.570000000000000000e+02
6.040000000000000000e+02
7.560000000000000000e+02
6.180000000000000000e+02
5.890000000000000000e+02
7.660000000000000000e+02
7.280000000000000000e+02
6.986666666666666288e+02
7.450000000000000000e+02
6.920000000000000000e+02
5.880000000000000000e+02
5.920000000000000000e+02
7.360000000000000000e+02
7.910000000000000000e+02
7.440000000000000000e+02
7.800000000000000000e+02
7.760000000000000000e+02
7.960000000000000000e+02
7.950000000000000000e+02
6.320000000000000000e+02
7.840000000000000000e+02
7.760000000000000000e+02
6.400000000000000000e+02
6.360000000000000000e+02
5.510000000000000000e+02
4.960000000000000000e+02
5.000000000000000000e+02
6.380000000000000000e+02
6.360000000000000000e+02
6.400000000000000000e+02
7.813333333333333712e+02
7.880000000000000000e+02
7.960000000000000000e+02
7.740000000000000000e+02
7.880000000000000000e+02
7.300000000000000000e+02
7.950000000000000000e+02
5.840000000000000000e+02
6.920000000000000000e+02
7.360000000000000000e+02
7.600000000000000000e+02
6.170000000000000000e+02
5.920000000000000000e+02
7.466666666666666288e+02
7.546666666666666288e+02
7.700000000000000000e+02
7.853333333333333712e+02
