4.960000000000000000e+02
4.866666666666666856e+02
6.266666666666666288e+02
6.320000000000000000e+02
7.960000000000000000e+02
7.960000000000000000e+02
7.260000000000000000e+02
6.770000000000000000e+02
7.560000000000000000e+02
6.800000000000000000e+02
7.520000000000000000e+02
7.520000000000000000e+02
5.980000000000000000e+02
6.840000000000000000e+02
6.840000000000000000e+02
7.210000000000000000e+02
7.960000000000000000e+02
6.060000000000000000e+02
5.933333333333333712e+02
6.800000000000000000e+02
6.800000000000000000e+02
7.440000000000000000e+02
7.440000000000000000e+02
5.990000000000000000e+02
7.400000000000000000e+02
7.480000000000000000e+02
7.960000000000000000e+02
6.800000000000000000e+02
7.493333333333333712e+02
7.470000000000000000e+02
7.520000000000000000e+02
7.413333333333333712e+02
7.466666666666666288e+02
7.520000000000000000e+02
7.066666666666666288e+02
6.680000000000000000e+02
7.960000000000000000e+02
7.960000000000000000e+02
7.960000000000000000e+02
6.280000000000000000e+02
4.920000000000000000e+02
4.920000000000000000e+02
4.760000000000000000e+02
4.800000000000000000e+02
6.120000000000000000e+02
6.760000000000000000e+02
7.960000000000000000e+02
7.960000000000000000e+02
7.960000000000000000e+02
6.320000000000000000e+02
5.786666666666666288e+02
7.813333333333333712e+02
7.740000000000000000e+02
7.410000000000000000e+02
7.640000000000000000e+02
7.546666666666666288e+02
6.860000000000000000e+02
7.960000000000000000e+02
7.460000000000000000e+02
7.310000000000000000e+02
6.880000000000000000e+02
6.810000000000000000e+02
6.880000000000000000e+02
7.400000000000000000e+02
7.460000000000000000e+02
7.680000000000000000e+02
7.920000000000000000e+02
5.906666666666666288e+02
7.370000000000000000e+02
7.490000000000000000e+02
7.410000000000000000e+02
7.600000000000000000e+02
5.820000000000000000e+02
7.540000000000000000e+02
6.610000000000000000e+02
5.933333333333333712e+02
7.960000000000000000e+02
6.360000000000000000e+02
7.920000000000000000e+02
7.920000000000000000e+02
6.360000000000000000e+02
5.720000000000000000e+02
5.450000000000000000e+02
4.840000000000000000e+02
5.280000000000000000e+02
5.280000000000000000e+02
5.880000000000000000e+02
6.440000000000000000e+02
7.920000000000000000e+02
7.960000000000000000e+02
7.360000000000000000e+02
7.960000000000000000e+02
7.960000000000000000e+02
7.920000000000000000e+02
7.960000000000000000e+02
6.600000000000000000e+02
5.960000000000000000e+02
5.940000000000000000e+02
5.880000000000000000e+02
7.493333333333333712e+02
7.560000000000000000e+02
7.640000000000000000e+02
7.733333333333333712e+02
7.520000000000000000e+02
7.626666666666666288e+02
5.870000000000000000e+02
7.430000000000000000e+02
6.813333333333333712e+02
7.626666666666666288e+02
7.790000000000000000e+02
6.020000000000000000e+02
5.950000000000000000e+02
5.920000000000000000e+02
7.480000000000000000e+02
7.960000000000000000e+02
7.946666666666666288e+02
6.480000000000000000e+02
7.960000000000000000e+02
7.920000000000000000e+02
7.960000000000000000e+02
7.920000000000000000e+02
7.960000000000000000e+02
7.960000000000000000e+02
6.280000000000000000e+02
5.346666666666666288e+02
5.240000000000000000e+02
5.300000000000000000e+02
5.560000000000000000e+02
5.560000000000000000e+02
6.250000000000000000e+02
7.880000000000000000e+02
7.880000000000000000e+02
7.880000000000000000e+02
7.920000000000000000e+02
7.960000000000000000e+02
6.160000000000000000e+02
6.060000000000000000e+02
6.773333333333333712e+02
6.300000000000000000e+02
5.870000000000000000e+02
5.933333333333333712e+02
5.820000000000000000e+02
7.960000000000000000e+02
7.030000000000000000e+02
7.520000000000000000e+02
7.733333333333333712e+02
7.380000000000000000e+02
5.880000000000000000e+02
7.960000000000000000e+02
5.840000000000000000e+02
5.880000000000000000e+02
6.000000000000000000e+02
5.880000000000000000e+02
6.180000000000000000e+02
7.626666666666666288e+02
5.880000000000000000e+02
5.920000000000000000e+02
6.410000000000000000e+02
5.960000000000000000e+02
7.850000000000000000e+02
7.720000000000000000e+02
7.960000000000000000e+02
7.760000000000000000e+02
7.720000000000000000e+02
7.570000000000000000e+02
5.680000000000000000e+02
5.680000000000000000e+02
5.600000000000000000e+02
5.880000000000000000e+02
5.840000000000000000e+02
5.800000000000000000e+02
7.560000000000000000e+02
7.560000000000000000e+02
5.880000000000000000e+02
6.080000000000000000e+02
7.880000000000000000e+02
7.840000000000000000e+02
7.840000000000000000e+02
7.880000000000000000e+02
5.853333333333333712e+02
5.840000000000000000e+02
5.800000000000000000e+02
5.800000000000000000e+02
5.760000000000000000e+02
5.760000000000000000e+02
5.740000000000000000e+02
5.840000000000000000e+02
5.840000000000000000e+02
5.860000000000000000e+02
7.490000000000000000e+02
5.840000000000000000e+02
5.840000000000000000e+02
5.880000000000000000e+02
6.160000000000000000e+02
6.000000000000000000e+02
5.840000000000000000e+02
5.800000000000000000e+02
5.840000000000000000e+02
5.880000000000000000e+02
5.880000000000000000e+02
7.960000000000000000e+02
7.720000000000000000e+02
7.920000000000000000e+02
6.080000000000000000e+02
7.960000000000000000e+02
7.960000000000000000e+02
6.040000000000000000e+02
5.900000000000000000e+02
5.880000000000000000e+02
5.120000000000000000e+02
5.080000000000000000e+02
5.840000000000000000e+02
5.810000000000000000e+02
5.960000000000000000e+02
7.850000000000000000e+02
7.920000000000000000e+02
7.920000000000000000e+02
7.960000000000000000e+02
7.960000000000000000e+02
7.960000000000000000e+02
7.960000000000000000e+02
5.880000000000000000e+02
5.840000000000000000e+02
5.880000000000000000e+02
5.880000000000000000e+02
5.840000000000000000e+02
5.840000000000000000e+02
5.840000000000000000e+02
5.880000000000000000e+02
5.840000000000000000e+02
5.840000000000000000e+02
5.880000000000000000e+02
5.880000000000000000e+02
7.960000000000000000e+02
5.840000000000000000e+02
5.840000000000000000e+02
5.800000000000000000e+02
5.880000000000000000e+02
5.880000000000000000e+02
5.840000000000000000e+02
5.880000000000000000e+02
7.920000000000000000e+02
7.920000000000000000e+02
7.960000000000000000e+02
7.960000000000000000e+02
7.960000000000000000e+02
7.920000000000000000e+02
7.920000000000000000e+02
6.760000000000000000e+02
5.640000000000000000e+02
5.640000000000000000e+02
5.080000000000000000e+02
5.000000000000000000e+02
5.013333333333333144e+02
5.720000000000000000e+02
6.760000000000000000e+02
6.760000000000000000e+02
7.960000000000000000e+02
7.960000000000000000e+02
7.960000000000000000e+02
7.960000000000000000e+02
7.960000000000000000e+02
7.920000000000000000e+02
5.880000000000000000e+02
5.840000000000000000e+02
5.840000000000000000e+02
5.840000000000000000e+02
5.840000000000000000e+02
5.840000000000000000e+02
5.840000000000000000e+02
5.840000000000000000e+02
5.880000000000000000e+02
5.920000000000000000e+02
5.906666666666666288e+02
5.840000000000000000e+02
5.840000000000000000e+02
5.840000000000000000e+02
5.760000000000000000e+02
5.800000000000000000e+02
5.840000000000000000e+02
5.840000000000000000e+02
5.880000000000000000e+02
5.840000000000000000e+02
7.920000000000000000e+02
7.920000000000000000e+02
7.920000000000000000e+02
7.920000000000000000e+02
7.960000000000000000e+02
7.920000000000000000e+02
7.920000000000000000e+02
6.800000000000000000e+02
5.880000000000000000e+02
5.880000000000000000e+02
4.640000000000000000e+02
4.570000000000000000e+02
5.240000000000000000e+02
6.280000000000000000e+02
6.280000000000000000e+02
6.333333333333333712e+02
7.240000000000000000e+02
7.960000000000000000e+02
7.960000000000000000e+02
7.960000000000000000e+02
7.920000000000000000e+02
7.930000000000000000e+02
5.880000000000000000e+02
5.760000000000000000e+02
5.800000000000000000e+02
5.800000000000000000e+02
5.800000000000000000e+02
5.720000000000000000e+02
5.790000000000000000e+02
5.880000000000000000e+02
5.880000000000000000e+02
7.400000000000000000e+02
5.920000000000000000e+02
5.860000000000000000e+02
5.880000000000000000e+02
5.840000000000000000e+02
5.840000000000000000e+02
5.800000000000000000e+02
5.840000000000000000e+02
5.840000000000000000e+02
5.880000000000000000e+02
5.880000000000000000e+02
5.920000000000000000e+02
7.840000000000000000e+02
7.840000000000000000e+02
7.840000000000000000e+02
7.920000000000000000e+02
7.480000000000000000e+02
7.480000000000000000e+02
6.440000000000000000e+02
6.320000000000000000e+02
5.360000000000000000e+02
4.760000000000000000e+02
4.920000000000000000e+02
4.920000000000000000e+02
6.200000000000000000e+02
6.160000000000000000e+02
6.840000000000000000e+02
7.826666666666666288e+02
7.910000000000000000e+02
7.890000000000000000e+02
7.880000000000000000e+02
7.880000000000000000e+02
7.920000000000000000e+02
5.880000000000000000e+02
5.880000000000000000e+02
5.840000000000000000e+02
6.360000000000000000e+02
6.320000000000000000e+02
5.880000000000000000e+02
5.920000000000000000e+02
5.880000000000000000e+02
7.790000000000000000e+02
5.880000000000000000e+02
5.880000000000000000e+02
7.466666666666666288e+02
6.920000000000000000e+02
6.040000000000000000e+02
6.040000000000000000e+02
6.380000000000000000e+02
6.306666666666666288e+02
7.960000000000000000e+02
6.760000000000000000e+02
6.680000000000000000e+02
6.640000000000000000e+02
5.860000000000000000e+02
6.853333333333333712e+02
7.510000000000000000e+02
7.760000000000000000e+02
7.720000000000000000e+02
7.480000000000000000e+02
7.440000000000000000e+02
6.000000000000000000e+02
5.720000000000000000e+02
5.040000000000000000e+02
5.560000000000000000e+02
5.640000000000000000e+02
5.700000000000000000e+02
5.893333333333333712e+02
7.480000000000000000e+02
7.480000000000000000e+02
7.870000000000000000e+02
7.960000000000000000e+02
7.920000000000000000e+02
7.960000000000000000e+02
5.830000000000000000e+02
7.453333333333333712e+02
6.900000000000000000e+02
5.840000000000000000e+02
5.880000000000000000e+02
5.840000000000000000e+02
7.570000000000000000e+02
6.853333333333333712e+02
7.320000000000000000e+02
7.466666666666666288e+02
5.880000000000000000e+02
7.610000000000000000e+02
7.280000000000000000e+02
7.666666666666666288e+02
7.450000000000000000e+02
6.880000000000000000e+02
5.880000000000000000e+02
5.840000000000000000e+02
5.710000000000000000e+02
7.440000000000000000e+02
7.430000000000000000e+02
7.880000000000000000e+02
7.840000000000000000e+02
7.960000000000000000e+02
7.950000000000000000e+02
6.320000000000000000e+02
7.840000000000000000e+02
7.800000000000000000e+02
6.400000000000000000e+02
6.360000000000000000e+02
5.520000000000000000e+02
4.920000000000000000e+02
4.970000000000000000e+02
5.140000000000000000e+02
6.400000000000000000e+02
6.400000000000000000e+02
7.800000000000000000e+02
7.866666666666666288e+02
7.960000000000000000e+02
7.740000000000000000e+02
7.920000000000000000e+02
7.533333333333333712e+02
7.400000000000000000e+02
5.840000000000000000e+02
6.920000000000000000e+02
7.580000000000000000e+02
6.933333333333333712e+02
6.880000000000000000e+02
6.920000000000000000e+02
6.893333333333333712e+02
7.546666666666666288e+02
7.586666666666666288e+02
7.653333333333333712e+02
