4.813333333333333144e+02
4.800000000000000000e+02
5.200000000000000000e+02
6.920000000000000000e+02
7.040000000000000000e+02
7.960000000000000000e+02
7.960000000000000000e+02
7.960000000000000000e+02
7.480000000000000000e+02
7.000000000000000000e+02
6.940000000000000000e+02
6.880000000000000000e+02
6.830000000000000000e+02
6.630000000000000000e+02
7.560000000000000000e+02
7.560000000000000000e+02
7.480000000000000000e+02
7.600000000000000000e+02
7.620000000000000000e+02
6.640000000000000000e+02
6.946666666666666288e+02
4.040000000000000000e+02
7.420000000000000000e+02
7.450000000000000000e+02
6.940000000000000000e+02
7.410000000000000000e+02
6.150000000000000000e+02
4.000000000000000000e+02
4.026666666666666856e+02
6.660000000000000000e+02
6.760000000000000000e+02
6.840000000000000000e+02
6.600000000000000000e+02
6.720000000000000000e+02
6.840000000000000000e+02
7.080000000000000000e+02
7.920000000000000000e+02
7.880000000000000000e+02
6.360000000000000000e+02
5.720000000000000000e+02
5.440000000000000000e+02
4.853333333333333144e+02
4.960000000000000000e+02
5.920000000000000000e+02
5.840000000000000000e+02
5.840000000000000000e+02
7.950000000000000000e+02
7.950000000000000000e+02
6.600000000000000000e+02
6.600000000000000000e+02
6.640000000000000000e+02
6.640000000000000000e+02
6.790000000000000000e+02
6.380000000000000000e+02
6.690000000000000000e+02
6.900000000000000000e+02
4.493333333333333144e+02
6.760000000000000000e+02
6.893333333333333712e+02
6.920000000000000000e+02
7.510000000000000000e+02
7.510000000000000000e+02
7.520000000000000000e+02
3.906666666666666856e+02
6.693333333333333712e+02
6.880000000000000000e+02
6.880000000000000000e+02
7.506666666666666288e+02
7.340000000000000000e+02
6.760000000000000000e+02
6.840000000000000000e+02
4.000000000000000000e+02
6.580000000000000000e+02
6.770000000000000000e+02
6.640000000000000000e+02
6.640000000000000000e+02
6.680000000000000000e+02
6.600000000000000000e+02
7.360000000000000000e+02
7.960000000000000000e+02
7.400000000000000000e+02
5.830000000000000000e+02
5.280000000000000000e+02
5.280000000000000000e+02
5.200000000000000000e+02
5.280000000000000000e+02
6.560000000000000000e+02
6.560000000000000000e+02
7.600000000000000000e+02
6.720000000000000000e+02
6.800000000000000000e+02
6.760000000000000000e+02
6.720000000000000000e+02
6.840000000000000000e+02
6.960000000000000000e+02
7.120000000000000000e+02
6.960000000000000000e+02
4.013333333333333144e+02
6.133333333333333712e+02
6.200000000000000000e+02
6.213333333333333712e+02
6.773333333333333712e+02
6.760000000000000000e+02
3.990000000000000000e+02
7.573333333333333712e+02
7.240000000000000000e+02
4.030000000000000000e+02
4.080000000000000000e+02
3.973333333333333144e+02
6.920000000000000000e+02
6.640000000000000000e+02
4.080000000000000000e+02
4.040000000000000000e+02
5.960000000000000000e+02
5.920000000000000000e+02
5.880000000000000000e+02
6.600000000000000000e+02
6.390000000000000000e+02
6.400000000000000000e+02
6.360000000000000000e+02
7.540000000000000000e+02
7.520000000000000000e+02
7.560000000000000000e+02
6.560000000000000000e+02
5.120000000000000000e+02
5.120000000000000000e+02
5.040000000000000000e+02
5.060000000000000000e+02
6.720000000000000000e+02
6.720000000000000000e+02
7.480000000000000000e+02
7.480000000000000000e+02
6.560000000000000000e+02
6.790000000000000000e+02
6.906666666666666288e+02
6.560000000000000000e+02
3.960000000000000000e+02
3.960000000000000000e+02
3.946666666666666856e+02
6.520000000000000000e+02
4.040000000000000000e+02
4.040000000000000000e+02
4.040000000000000000e+02
4.040000000000000000e+02
4.160000000000000000e+02
4.240000000000000000e+02
6.890000000000000000e+02
4.000000000000000000e+02
4.040000000000000000e+02
4.000000000000000000e+02
4.053333333333333144e+02
6.360000000000000000e+02
6.400000000000000000e+02
3.946666666666666856e+02
3.960000000000000000e+02
3.960000000000000000e+02
3.920000000000000000e+02
3.960000000000000000e+02
4.040000000000000000e+02
6.000000000000000000e+02
6.000000000000000000e+02
6.000000000000000000e+02
6.400000000000000000e+02
7.840000000000000000e+02
6.840000000000000000e+02
6.800000000000000000e+02
6.773333333333333712e+02
4.960000000000000000e+02
5.000000000000000000e+02
5.040000000000000000e+02
5.013333333333333144e+02
6.880000000000000000e+02
7.840000000000000000e+02
7.800000000000000000e+02
6.000000000000000000e+02
6.040000000000000000e+02
6.000000000000000000e+02
3.960000000000000000e+02
4.000000000000000000e+02
3.920000000000000000e+02
4.000000000000000000e+02
3.960000000000000000e+02
3.960000000000000000e+02
4.000000000000000000e+02
6.440000000000000000e+02
4.000000000000000000e+02
4.000000000000000000e+02
4.000000000000000000e+02
4.000000000000000000e+02
4.000000000000000000e+02
4.040000000000000000e+02
4.000000000000000000e+02
4.040000000000000000e+02
4.020000000000000000e+02
6.320000000000000000e+02
4.000000000000000000e+02
3.990000000000000000e+02
3.960000000000000000e+02
3.960000000000000000e+02
3.960000000000000000e+02
4.000000000000000000e+02
5.970000000000000000e+02
6.000000000000000000e+02
6.000000000000000000e+02
6.000000000000000000e+02
7.730000000000000000e+02
6.080000000000000000e+02
6.080000000000000000e+02
4.360000000000000000e+02
4.480000000000000000e+02
4.400000000000000000e+02
4.360000000000000000e+02
6.040000000000000000e+02
6.120000000000000000e+02
7.280000000000000000e+02
7.720000000000000000e+02
6.000000000000000000e+02
6.000000000000000000e+02
6.040000000000000000e+02
3.960000000000000000e+02
4.000000000000000000e+02
4.000000000000000000e+02
3.960000000000000000e+02
3.960000000000000000e+02
4.000000000000000000e+02
6.360000000000000000e+02
6.320000000000000000e+02
6.346666666666666288e+02
4.040000000000000000e+02
4.000000000000000000e+02
4.000000000000000000e+02
4.000000000000000000e+02
4.000000000000000000e+02
4.000000000000000000e+02
3.893333333333333144e+02
6.320000000000000000e+02
6.280000000000000000e+02
4.020000000000000000e+02
4.000000000000000000e+02
3.960000000000000000e+02
3.960000000000000000e+02
3.920000000000000000e+02
4.000000000000000000e+02
4.000000000000000000e+02
6.000000000000000000e+02
5.920000000000000000e+02
7.600000000000000000e+02
7.720000000000000000e+02
6.680000000000000000e+02
6.080000000000000000e+02
6.080000000000000000e+02
4.240000000000000000e+02
5.360000000000000000e+02
5.360000000000000000e+02
6.560000000000000000e+02
6.600000000000000000e+02
7.560000000000000000e+02
6.520000000000000000e+02
6.640000000000000000e+02
6.800000000000000000e+02
6.000000000000000000e+02
6.000000000000000000e+02
6.013333333333333712e+02
3.840000000000000000e+02
3.840000000000000000e+02
4.000000000000000000e+02
4.040000000000000000e+02
6.200000000000000000e+02
6.170000000000000000e+02
4.066666666666666856e+02
4.280000000000000000e+02
3.840000000000000000e+02
3.840000000000000000e+02
4.620000000000000000e+02
4.040000000000000000e+02
4.080000000000000000e+02
4.000000000000000000e+02
6.240000000000000000e+02
6.280000000000000000e+02
6.320000000000000000e+02
3.960000000000000000e+02
3.960000000000000000e+02
3.960000000000000000e+02
3.960000000000000000e+02
6.650000000000000000e+02
6.080000000000000000e+02
6.880000000000000000e+02
6.840000000000000000e+02
7.960000000000000000e+02
6.386666666666666288e+02
6.800000000000000000e+02
5.120000000000000000e+02
5.200000000000000000e+02
5.160000000000000000e+02
5.040000000000000000e+02
5.080000000000000000e+02
5.080000000000000000e+02
5.080000000000000000e+02
6.520000000000000000e+02
6.640000000000000000e+02
6.560000000000000000e+02
6.600000000000000000e+02
6.620000000000000000e+02
6.680000000000000000e+02
6.870000000000000000e+02
6.120000000000000000e+02
6.840000000000000000e+02
6.870000000000000000e+02
6.650000000000000000e+02
6.693333333333333712e+02
4.320000000000000000e+02
4.240000000000000000e+02
6.800000000000000000e+02
6.840000000000000000e+02
7.530000000000000000e+02
6.650000000000000000e+02
6.840000000000000000e+02
4.320000000000000000e+02
4.350000000000000000e+02
4.360000000000000000e+02
4.400000000000000000e+02
6.680000000000000000e+02
6.790000000000000000e+02
6.840000000000000000e+02
3.920000000000000000e+02
6.680000000000000000e+02
6.640000000000000000e+02
6.640000000000000000e+02
6.720000000000000000e+02
6.840000000000000000e+02
7.000000000000000000e+02
6.920000000000000000e+02
6.160000000000000000e+02
6.120000000000000000e+02
4.773333333333333144e+02
4.720000000000000000e+02
5.160000000000000000e+02
5.320000000000000000e+02
6.280000000000000000e+02
6.320000000000000000e+02
7.160000000000000000e+02
7.740000000000000000e+02
6.440000000000000000e+02
6.986666666666666288e+02
6.680000000000000000e+02
6.680000000000000000e+02
6.813333333333333712e+02
6.960000000000000000e+02
6.910000000000000000e+02
7.620000000000000000e+02
7.080000000000000000e+02
7.080000000000000000e+02
6.720000000000000000e+02
6.880000000000000000e+02
6.780000000000000000e+02
6.800000000000000000e+02
6.760000000000000000e+02
6.940000000000000000e+02
6.920000000000000000e+02
6.870000000000000000e+02
6.800000000000000000e+02
7.520000000000000000e+02
6.120000000000000000e+02
6.920000000000000000e+02
7.000000000000000000e+02
7.470000000000000000e+02
7.413333333333333712e+02
6.500000000000000000e+02
6.920000000000000000e+02
6.720000000000000000e+02
6.813333333333333712e+02
7.960000000000000000e+02
7.840000000000000000e+02
7.800000000000000000e+02
6.400000000000000000e+02
6.360000000000000000e+02
5.430000000000000000e+02
5.186666666666666288e+02
4.990000000000000000e+02
5.600000000000000000e+02
6.430000000000000000e+02
6.440000000000000000e+02
7.840000000000000000e+02
7.880000000000000000e+02
7.960000000000000000e+02
7.920000000000000000e+02
7.960000000000000000e+02
7.013333333333333712e+02
6.986666666666666288e+02
7.500000000000000000e+02
7.440000000000000000e+02
6.760000000000000000e+02
6.320000000000000000e+02
6.070000000000000000e+02
6.760000000000000000e+02
6.840000000000000000e+02
6.720000000000000000e+02
6.690000000000000000e+02
4.000000000000000000e+02
6.026666666666666288e+02
6.880000000000000000e+02
6.790000000000000000e+02
6.880000000000000000e+02
6.840000000000000000e+02
6.840000000000000000e+02
7.560000000000000000e+02
6.080000000000000000e+02
6.800000000000000000e+02
6.060000000000000000e+02
7.440000000000000000e+02
6.733333333333333712e+02
7.440000000000000000e+02
7.000000000000000000e+02
7.173333333333333712e+02
7.320000000000000000e+02
7.506666666666666288e+02
7.560000000000000000e+02
6.320000000000000000e+02
4.930000000000000000e+02
4.440000000000000000e+02
4.550000000000000000e+02
5.960000000000000000e+02
6.240000000000000000e+02
6.260000000000000000e+02
6.880000000000000000e+02
7.440000000000000000e+02
7.440000000000000000e+02
6.880000000000000000e+02
6.760000000000000000e+02
6.813333333333333712e+02
7.370000000000000000e+02
6.786666666666666288e+02
6.800000000000000000e+02
6.820000000000000000e+02
7.400000000000000000e+02
7.350000000000000000e+02
6.760000000000000000e+02
7.690000000000000000e+02
7.530000000000000000e+02
7.560000000000000000e+02
3.990000000000000000e+02
