4.960000000000000000e+02
4.800000000000000000e+02
6.266666666666666288e+02
6.360000000000000000e+02
7.386666666666666288e+02
7.960000000000000000e+02
6.770000000000000000e+02
6.770000000000000000e+02
7.520000000000000000e+02
6.840000000000000000e+02
7.530000000000000000e+02
7.520000000000000000e+02
5.860000000000000000e+02
6.626666666666666288e+02
6.810000000000000000e+02
7.210000000000000000e+02
7.386666666666666288e+02
5.973333333333333712e+02
6.850000000000000000e+02
6.773333333333333712e+02
6.773333333333333712e+02
6.870000000000000000e+02
7.490000000000000000e+02
5.990000000000000000e+02
6.980000000000000000e+02
7.370000000000000000e+02
7.440000000000000000e+02
6.870000000000000000e+02
7.480000000000000000e+02
7.540000000000000000e+02
7.480000000000000000e+02
7.570000000000000000e+02
7.330000000000000000e+02
6.386666666666666288e+02
7.040000000000000000e+02
6.706666666666666288e+02
7.960000000000000000e+02
7.960000000000000000e+02
7.960000000000000000e+02
6.220000000000000000e+02
4.920000000000000000e+02
4.890000000000000000e+02
4.760000000000000000e+02
4.800000000000000000e+02
5.213333333333333712e+02
6.760000000000000000e+02
7.960000000000000000e+02
7.960000000000000000e+02
6.340000000000000000e+02
6.293333333333333712e+02
5.880000000000000000e+02
7.866666666666666288e+02
7.040000000000000000e+02
7.660000000000000000e+02
7.640000000000000000e+02
7.546666666666666288e+02
6.910000000000000000e+02
7.960000000000000000e+02
7.440000000000000000e+02
6.800000000000000000e+02
6.880000000000000000e+02
6.850000000000000000e+02
7.400000000000000000e+02
7.933333333333333712e+02
7.460000000000000000e+02
7.440000000000000000e+02
7.930000000000000000e+02
5.880000000000000000e+02
5.933333333333333712e+02
7.490000000000000000e+02
7.600000000000000000e+02
7.560000000000000000e+02
5.820000000000000000e+02
7.520000000000000000e+02
5.890000000000000000e+02
7.960000000000000000e+02
7.960000000000000000e+02
6.320000000000000000e+02
7.920000000000000000e+02
7.920000000000000000e+02
6.360000000000000000e+02
5.720000000000000000e+02
5.400000000000000000e+02
4.840000000000000000e+02
5.400000000000000000e+02
5.280000000000000000e+02
5.880000000000000000e+02
6.480000000000000000e+02
7.920000000000000000e+02
7.960000000000000000e+02
7.360000000000000000e+02
7.360000000000000000e+02
7.960000000000000000e+02
7.920000000000000000e+02
6.866666666666666288e+02
7.613333333333333712e+02
5.940000000000000000e+02
5.960000000000000000e+02
5.840000000000000000e+02
7.500000000000000000e+02
7.520000000000000000e+02
7.533333333333333712e+02
7.733333333333333712e+02
7.546666666666666288e+02
7.020000000000000000e+02
5.890000000000000000e+02
7.500000000000000000e+02
7.390000000000000000e+02
7.626666666666666288e+02
7.680000000000000000e+02
5.970000000000000000e+02
5.986666666666666288e+02
5.946666666666666288e+02
5.893333333333333712e+02
7.960000000000000000e+02
6.146666666666666288e+02
7.880000000000000000e+02
7.960000000000000000e+02
7.920000000000000000e+02
7.920000000000000000e+02
7.960000000000000000e+02
7.960000000000000000e+02
7.960000000000000000e+02
6.320000000000000000e+02
5.320000000000000000e+02
5.240000000000000000e+02
5.480000000000000000e+02
5.520000000000000000e+02
5.560000000000000000e+02
6.250000000000000000e+02
7.880000000000000000e+02
7.880000000000000000e+02
7.840000000000000000e+02
7.840000000000000000e+02
7.960000000000000000e+02
6.160000000000000000e+02
6.013333333333333712e+02
7.960000000000000000e+02
6.580000000000000000e+02
7.960000000000000000e+02
5.933333333333333712e+02
5.880000000000000000e+02
5.820000000000000000e+02
6.960000000000000000e+02
5.826666666666666288e+02
6.880000000000000000e+02
7.380000000000000000e+02
5.880000000000000000e+02
7.946666666666666288e+02
5.840000000000000000e+02
5.880000000000000000e+02
5.960000000000000000e+02
5.880000000000000000e+02
6.090000000000000000e+02
7.620000000000000000e+02
5.850000000000000000e+02
5.930000000000000000e+02
7.400000000000000000e+02
5.960000000000000000e+02
7.830000000000000000e+02
7.760000000000000000e+02
7.960000000000000000e+02
7.720000000000000000e+02
7.640000000000000000e+02
7.600000000000000000e+02
5.706666666666666288e+02
5.680000000000000000e+02
5.560000000000000000e+02
5.880000000000000000e+02
5.810000000000000000e+02
5.800000000000000000e+02
5.800000000000000000e+02
7.560000000000000000e+02
5.900000000000000000e+02
6.080000000000000000e+02
7.866666666666666288e+02
7.840000000000000000e+02
7.810000000000000000e+02
7.840000000000000000e+02
5.840000000000000000e+02
5.840000000000000000e+02
5.800000000000000000e+02
5.800000000000000000e+02
5.760000000000000000e+02
5.760000000000000000e+02
7.680000000000000000e+02
5.880000000000000000e+02
5.840000000000000000e+02
5.840000000000000000e+02
6.560000000000000000e+02
5.840000000000000000e+02
5.840000000000000000e+02
5.840000000000000000e+02
6.150000000000000000e+02
5.800000000000000000e+02
5.840000000000000000e+02
5.800000000000000000e+02
5.840000000000000000e+02
5.880000000000000000e+02
5.880000000000000000e+02
7.960000000000000000e+02
7.720000000000000000e+02
7.880000000000000000e+02
6.120000000000000000e+02
7.960000000000000000e+02
7.960000000000000000e+02
6.000000000000000000e+02
5.920000000000000000e+02
5.880000000000000000e+02
5.120000000000000000e+02
5.120000000000000000e+02
5.840000000000000000e+02
5.800000000000000000e+02
7.040000000000000000e+02
7.850000000000000000e+02
7.920000000000000000e+02
7.960000000000000000e+02
7.960000000000000000e+02
7.960000000000000000e+02
7.960000000000000000e+02
7.960000000000000000e+02
5.890000000000000000e+02
5.850000000000000000e+02
5.840000000000000000e+02
5.840000000000000000e+02
5.840000000000000000e+02
5.840000000000000000e+02
5.880000000000000000e+02
5.850000000000000000e+02
5.880000000000000000e+02
5.840000000000000000e+02
5.840000000000000000e+02
5.840000000000000000e+02
7.960000000000000000e+02
5.870000000000000000e+02
5.840000000000000000e+02
5.800000000000000000e+02
5.840000000000000000e+02
5.880000000000000000e+02
5.840000000000000000e+02
7.960000000000000000e+02
7.920000000000000000e+02
7.920000000000000000e+02
7.960000000000000000e+02
7.960000000000000000e+02
7.960000000000000000e+02
7.920000000000000000e+02
7.920000000000000000e+02
6.760000000000000000e+02
5.600000000000000000e+02
5.600000000000000000e+02
5.080000000000000000e+02
5.000000000000000000e+02
5.013333333333333144e+02
5.720000000000000000e+02
6.760000000000000000e+02
7.920000000000000000e+02
7.960000000000000000e+02
7.960000000000000000e+02
7.960000000000000000e+02
7.960000000000000000e+02
7.960000000000000000e+02
7.960000000000000000e+02
5.840000000000000000e+02
5.880000000000000000e+02
5.840000000000000000e+02
5.840000000000000000e+02
5.800000000000000000e+02
5.840000000000000000e+02
5.840000000000000000e+02
5.840000000000000000e+02
5.840000000000000000e+02
5.880000000000000000e+02
5.906666666666666288e+02
5.840000000000000000e+02
5.840000000000000000e+02
5.840000000000000000e+02
5.800000000000000000e+02
5.800000000000000000e+02
5.840000000000000000e+02
5.800000000000000000e+02
5.880000000000000000e+02
5.840000000000000000e+02
7.960000000000000000e+02
7.960000000000000000e+02
7.920000000000000000e+02
7.960000000000000000e+02
7.960000000000000000e+02
7.960000000000000000e+02
7.920000000000000000e+02
6.800000000000000000e+02
5.880000000000000000e+02
5.880000000000000000e+02
4.600000000000000000e+02
4.560000000000000000e+02
5.210000000000000000e+02
6.280000000000000000e+02
6.280000000000000000e+02
7.160000000000000000e+02
7.240000000000000000e+02
7.960000000000000000e+02
7.960000000000000000e+02
7.960000000000000000e+02
7.920000000000000000e+02
5.880000000000000000e+02
5.880000000000000000e+02
5.720000000000000000e+02
5.800000000000000000e+02
5.800000000000000000e+02
5.800000000000000000e+02
5.720000000000000000e+02
5.760000000000000000e+02
5.880000000000000000e+02
5.880000000000000000e+02
7.400000000000000000e+02
5.893333333333333712e+02
5.890000000000000000e+02
5.850000000000000000e+02
5.840000000000000000e+02
5.800000000000000000e+02
5.880000000000000000e+02
5.840000000000000000e+02
5.880000000000000000e+02
5.880000000000000000e+02
5.910000000000000000e+02
5.960000000000000000e+02
6.080000000000000000e+02
7.840000000000000000e+02
7.840000000000000000e+02
7.920000000000000000e+02
7.480000000000000000e+02
7.480000000000000000e+02
6.530000000000000000e+02
6.320000000000000000e+02
5.360000000000000000e+02
4.760000000000000000e+02
4.866666666666666856e+02
4.920000000000000000e+02
6.200000000000000000e+02
6.200000000000000000e+02
6.880000000000000000e+02
7.800000000000000000e+02
7.930000000000000000e+02
7.800000000000000000e+02
7.840000000000000000e+02
7.880000000000000000e+02
5.750000000000000000e+02
5.826666666666666288e+02
5.840000000000000000e+02
5.850000000000000000e+02
6.320000000000000000e+02
6.360000000000000000e+02
5.880000000000000000e+02
5.920000000000000000e+02
5.880000000000000000e+02
6.950000000000000000e+02
5.880000000000000000e+02
7.533333333333333712e+02
7.530000000000000000e+02
6.890000000000000000e+02
6.040000000000000000e+02
6.066666666666666288e+02
6.000000000000000000e+02
6.420000000000000000e+02
7.960000000000000000e+02
6.800000000000000000e+02
6.666666666666666288e+02
7.350000000000000000e+02
5.933333333333333712e+02
7.250000000000000000e+02
7.520000000000000000e+02
7.750000000000000000e+02
7.680000000000000000e+02
7.480000000000000000e+02
7.440000000000000000e+02
6.000000000000000000e+02
5.720000000000000000e+02
5.040000000000000000e+02
5.600000000000000000e+02
5.600000000000000000e+02
5.800000000000000000e+02
7.400000000000000000e+02
7.480000000000000000e+02
7.520000000000000000e+02
6.866666666666666288e+02
7.960000000000000000e+02
7.920000000000000000e+02
7.930000000000000000e+02
7.920000000000000000e+02
6.530000000000000000e+02
5.780000000000000000e+02
5.840000000000000000e+02
5.840000000000000000e+02
5.840000000000000000e+02
5.920000000000000000e+02
6.746666666666666288e+02
7.710000000000000000e+02
7.466666666666666288e+02
7.493333333333333712e+02
7.610000000000000000e+02
7.466666666666666288e+02
7.466666666666666288e+02
6.050000000000000000e+02
5.800000000000000000e+02
5.880000000000000000e+02
5.840000000000000000e+02
5.813333333333333712e+02
7.440000000000000000e+02
7.440000000000000000e+02
7.880000000000000000e+02
7.430000000000000000e+02
7.960000000000000000e+02
7.470000000000000000e+02
6.320000000000000000e+02
7.840000000000000000e+02
7.760000000000000000e+02
6.360000000000000000e+02
6.360000000000000000e+02
5.520000000000000000e+02
4.960000000000000000e+02
5.000000000000000000e+02
5.520000000000000000e+02
6.400000000000000000e+02
6.400000000000000000e+02
7.800000000000000000e+02
7.920000000000000000e+02
7.960000000000000000e+02
7.850000000000000000e+02
7.920000000000000000e+02
7.480000000000000000e+02
7.400000000000000000e+02
6.826666666666666288e+02
6.960000000000000000e+02
7.360000000000000000e+02
6.933333333333333712e+02
6.170000000000000000e+02
6.190000000000000000e+02
7.750000000000000000e+02
7.520000000000000000e+02
7.650000000000000000e+02
7.613333333333333712e+02
