4.800000000000000000e+02
4.800000000000000000e+02
5.200000000000000000e+02
6.920000000000000000e+02
7.053333333333333712e+02
7.960000000000000000e+02
7.510000000000000000e+02
6.940000000000000000e+02
7.960000000000000000e+02
6.990000000000000000e+02
6.910000000000000000e+02
6.880000000000000000e+02
7.380000000000000000e+02
6.630000000000000000e+02
7.230000000000000000e+02
7.560000000000000000e+02
7.520000000000000000e+02
7.540000000000000000e+02
7.640000000000000000e+02
7.390000000000000000e+02
6.946666666666666288e+02
4.040000000000000000e+02
7.160000000000000000e+02
7.320000000000000000e+02
6.880000000000000000e+02
7.426666666666666288e+02
6.040000000000000000e+02
4.040000000000000000e+02
4.026666666666666856e+02
6.660000000000000000e+02
6.760000000000000000e+02
7.480000000000000000e+02
6.600000000000000000e+02
6.666666666666666288e+02
6.840000000000000000e+02
6.890000000000000000e+02
7.960000000000000000e+02
7.880000000000000000e+02
6.360000000000000000e+02
5.720000000000000000e+02
5.440000000000000000e+02
4.840000000000000000e+02
4.880000000000000000e+02
5.880000000000000000e+02
5.840000000000000000e+02
7.440000000000000000e+02
7.920000000000000000e+02
7.960000000000000000e+02
6.600000000000000000e+02
6.560000000000000000e+02
6.600000000000000000e+02
6.680000000000000000e+02
6.733333333333333712e+02
4.600000000000000000e+02
6.690000000000000000e+02
6.720000000000000000e+02
6.853333333333333712e+02
7.520000000000000000e+02
6.920000000000000000e+02
6.920000000000000000e+02
7.520000000000000000e+02
6.146666666666666288e+02
6.850000000000000000e+02
6.880000000000000000e+02
7.470000000000000000e+02
6.880000000000000000e+02
6.880000000000000000e+02
7.520000000000000000e+02
6.240000000000000000e+02
6.770000000000000000e+02
6.940000000000000000e+02
4.040000000000000000e+02
6.600000000000000000e+02
6.720000000000000000e+02
6.653333333333333712e+02
6.800000000000000000e+02
6.690000000000000000e+02
6.640000000000000000e+02
7.360000000000000000e+02
7.960000000000000000e+02
7.373333333333333712e+02
5.880000000000000000e+02
5.280000000000000000e+02
5.280000000000000000e+02
5.200000000000000000e+02
5.280000000000000000e+02
6.560000000000000000e+02
6.560000000000000000e+02
7.600000000000000000e+02
6.720000000000000000e+02
6.760000000000000000e+02
6.720000000000000000e+02
6.720000000000000000e+02
6.840000000000000000e+02
6.960000000000000000e+02
7.120000000000000000e+02
6.960000000000000000e+02
6.520000000000000000e+02
6.133333333333333712e+02
4.730000000000000000e+02
6.200000000000000000e+02
6.740000000000000000e+02
6.760000000000000000e+02
3.960000000000000000e+02
7.470000000000000000e+02
7.240000000000000000e+02
4.040000000000000000e+02
4.080000000000000000e+02
3.960000000000000000e+02
6.880000000000000000e+02
6.640000000000000000e+02
4.080000000000000000e+02
4.040000000000000000e+02
6.093333333333333712e+02
5.950000000000000000e+02
5.880000000000000000e+02
6.630000000000000000e+02
7.506666666666666288e+02
6.400000000000000000e+02
6.120000000000000000e+02
6.173333333333333712e+02
7.560000000000000000e+02
7.560000000000000000e+02
6.630000000000000000e+02
6.560000000000000000e+02
5.120000000000000000e+02
5.040000000000000000e+02
5.000000000000000000e+02
6.560000000000000000e+02
6.680000000000000000e+02
7.480000000000000000e+02
6.760000000000000000e+02
6.600000000000000000e+02
6.720000000000000000e+02
6.786666666666666288e+02
6.520000000000000000e+02
4.000000000000000000e+02
3.960000000000000000e+02
6.520000000000000000e+02
6.640000000000000000e+02
4.080000000000000000e+02
4.040000000000000000e+02
4.040000000000000000e+02
4.040000000000000000e+02
7.453333333333333712e+02
4.240000000000000000e+02
6.840000000000000000e+02
4.000000000000000000e+02
4.000000000000000000e+02
4.040000000000000000e+02
4.053333333333333144e+02
6.360000000000000000e+02
6.400000000000000000e+02
3.946666666666666856e+02
4.000000000000000000e+02
3.920000000000000000e+02
3.930000000000000000e+02
3.960000000000000000e+02
4.000000000000000000e+02
6.000000000000000000e+02
6.000000000000000000e+02
6.000000000000000000e+02
6.390000000000000000e+02
7.860000000000000000e+02
6.810000000000000000e+02
6.840000000000000000e+02
5.000000000000000000e+02
4.960000000000000000e+02
5.000000000000000000e+02
5.040000000000000000e+02
6.960000000000000000e+02
6.880000000000000000e+02
7.840000000000000000e+02
7.800000000000000000e+02
6.040000000000000000e+02
6.040000000000000000e+02
6.040000000000000000e+02
3.960000000000000000e+02
4.000000000000000000e+02
3.920000000000000000e+02
4.000000000000000000e+02
3.960000000000000000e+02
3.960000000000000000e+02
4.000000000000000000e+02
6.440000000000000000e+02
4.040000000000000000e+02
4.000000000000000000e+02
4.000000000000000000e+02
4.000000000000000000e+02
4.040000000000000000e+02
4.030000000000000000e+02
4.000000000000000000e+02
4.040000000000000000e+02
4.020000000000000000e+02
4.000000000000000000e+02
3.960000000000000000e+02
4.000000000000000000e+02
3.960000000000000000e+02
3.960000000000000000e+02
3.960000000000000000e+02
4.000000000000000000e+02
6.040000000000000000e+02
6.000000000000000000e+02
6.040000000000000000e+02
5.960000000000000000e+02
7.720000000000000000e+02
6.080000000000000000e+02
6.040000000000000000e+02
5.800000000000000000e+02
4.480000000000000000e+02
4.400000000000000000e+02
4.360000000000000000e+02
6.000000000000000000e+02
6.080000000000000000e+02
7.240000000000000000e+02
6.000000000000000000e+02
6.000000000000000000e+02
6.040000000000000000e+02
6.000000000000000000e+02
3.960000000000000000e+02
3.960000000000000000e+02
4.000000000000000000e+02
3.960000000000000000e+02
4.000000000000000000e+02
4.000000000000000000e+02
6.320000000000000000e+02
6.320000000000000000e+02
4.000000000000000000e+02
4.040000000000000000e+02
4.000000000000000000e+02
3.960000000000000000e+02
4.000000000000000000e+02
4.000000000000000000e+02
4.000000000000000000e+02
3.893333333333333144e+02
6.280000000000000000e+02
6.280000000000000000e+02
4.000000000000000000e+02
3.960000000000000000e+02
3.960000000000000000e+02
3.960000000000000000e+02
3.920000000000000000e+02
3.970000000000000000e+02
6.053333333333333712e+02
6.000000000000000000e+02
5.920000000000000000e+02
7.630000000000000000e+02
7.720000000000000000e+02
6.680000000000000000e+02
6.080000000000000000e+02
5.240000000000000000e+02
4.280000000000000000e+02
5.360000000000000000e+02
5.320000000000000000e+02
6.560000000000000000e+02
6.600000000000000000e+02
7.600000000000000000e+02
7.600000000000000000e+02
6.600000000000000000e+02
6.760000000000000000e+02
5.960000000000000000e+02
6.000000000000000000e+02
3.880000000000000000e+02
3.840000000000000000e+02
3.840000000000000000e+02
4.000000000000000000e+02
4.040000000000000000e+02
6.240000000000000000e+02
6.170000000000000000e+02
4.080000000000000000e+02
4.280000000000000000e+02
3.840000000000000000e+02
3.893333333333333144e+02
4.620000000000000000e+02
4.040000000000000000e+02
4.050000000000000000e+02
3.960000000000000000e+02
6.240000000000000000e+02
6.280000000000000000e+02
6.280000000000000000e+02
3.960000000000000000e+02
3.920000000000000000e+02
4.000000000000000000e+02
3.960000000000000000e+02
6.640000000000000000e+02
6.080000000000000000e+02
6.840000000000000000e+02
6.840000000000000000e+02
6.880000000000000000e+02
6.440000000000000000e+02
6.800000000000000000e+02
5.120000000000000000e+02
5.160000000000000000e+02
5.160000000000000000e+02
5.040000000000000000e+02
5.080000000000000000e+02
5.080000000000000000e+02
5.080000000000000000e+02
6.560000000000000000e+02
6.640000000000000000e+02
6.600000000000000000e+02
6.560000000000000000e+02
6.680000000000000000e+02
6.680000000000000000e+02
7.493333333333333712e+02
6.040000000000000000e+02
6.840000000000000000e+02
3.990000000000000000e+02
6.670000000000000000e+02
6.960000000000000000e+02
4.333333333333333144e+02
4.240000000000000000e+02
6.760000000000000000e+02
6.840000000000000000e+02
7.466666666666666288e+02
6.840000000000000000e+02
6.746666666666666288e+02
6.800000000000000000e+02
6.906666666666666288e+02
4.400000000000000000e+02
4.360000000000000000e+02
6.773333333333333712e+02
6.860000000000000000e+02
6.860000000000000000e+02
6.760000000000000000e+02
6.690000000000000000e+02
6.640000000000000000e+02
6.680000000000000000e+02
6.720000000000000000e+02
6.840000000000000000e+02
6.960000000000000000e+02
6.690000000000000000e+02
6.160000000000000000e+02
6.120000000000000000e+02
4.680000000000000000e+02
4.720000000000000000e+02
5.160000000000000000e+02
5.320000000000000000e+02
6.280000000000000000e+02
6.360000000000000000e+02
7.160000000000000000e+02
7.160000000000000000e+02
6.440000000000000000e+02
7.000000000000000000e+02
6.680000000000000000e+02
6.680000000000000000e+02
6.800000000000000000e+02
6.920000000000000000e+02
6.910000000000000000e+02
6.960000000000000000e+02
7.080000000000000000e+02
6.960000000000000000e+02
6.840000000000000000e+02
6.800000000000000000e+02
6.860000000000000000e+02
6.800000000000000000e+02
6.870000000000000000e+02
7.580000000000000000e+02
6.920000000000000000e+02
6.870000000000000000e+02
6.840000000000000000e+02
7.520000000000000000e+02
6.290000000000000000e+02
6.840000000000000000e+02
6.960000000000000000e+02
7.653333333333333712e+02
7.400000000000000000e+02
6.666666666666666288e+02
6.960000000000000000e+02
6.760000000000000000e+02
6.800000000000000000e+02
7.426666666666666288e+02
7.880000000000000000e+02
7.800000000000000000e+02
6.400000000000000000e+02
6.360000000000000000e+02
5.370000000000000000e+02
4.970000000000000000e+02
5.000000000000000000e+02
6.426666666666666288e+02
6.440000000000000000e+02
6.400000000000000000e+02
7.840000000000000000e+02
7.920000000000000000e+02
7.960000000000000000e+02
7.940000000000000000e+02
7.960000000000000000e+02
7.426666666666666288e+02
6.630000000000000000e+02
7.500000000000000000e+02
7.380000000000000000e+02
6.640000000000000000e+02
6.940000000000000000e+02
6.026666666666666288e+02
6.800000000000000000e+02
6.810000000000000000e+02
6.580000000000000000e+02
6.670000000000000000e+02
6.880000000000000000e+02
6.920000000000000000e+02
6.820000000000000000e+02
6.790000000000000000e+02
6.800000000000000000e+02
6.840000000000000000e+02
6.760000000000000000e+02
7.520000000000000000e+02
7.400000000000000000e+02
6.760000000000000000e+02
6.826666666666666288e+02
7.360000000000000000e+02
7.680000000000000000e+02
7.400000000000000000e+02
6.986666666666666288e+02
7.320000000000000000e+02
7.320000000000000000e+02
7.506666666666666288e+02
6.320000000000000000e+02
6.320000000000000000e+02
4.920000000000000000e+02
4.440000000000000000e+02
4.600000000000000000e+02
4.613333333333333144e+02
6.240000000000000000e+02
6.260000000000000000e+02
6.880000000000000000e+02
6.853333333333333712e+02
7.390000000000000000e+02
6.240000000000000000e+02
6.760000000000000000e+02
6.960000000000000000e+02
7.420000000000000000e+02
6.050000000000000000e+02
7.460000000000000000e+02
7.453333333333333712e+02
7.440000000000000000e+02
6.266666666666666288e+02
3.986666666666666856e+02
6.660000000000000000e+02
5.950000000000000000e+02
7.560000000000000000e+02
4.000000000000000000e+02
