4.960000000000000000e+02
4.800000000000000000e+02
6.240000000000000000e+02
6.330000000000000000e+02
7.400000000000000000e+02
7.960000000000000000e+02
6.800000000000000000e+02
7.400000000000000000e+02
7.520000000000000000e+02
7.360000000000000000e+02
7.520000000000000000e+02
7.506666666666666288e+02
6.946666666666666288e+02
7.010000000000000000e+02
6.840000000000000000e+02
7.000000000000000000e+02
7.506666666666666288e+02
5.900000000000000000e+02
7.950000000000000000e+02
6.800000000000000000e+02
7.546666666666666288e+02
7.280000000000000000e+02
7.440000000000000000e+02
5.940000000000000000e+02
7.400000000000000000e+02
7.480000000000000000e+02
7.960000000000000000e+02
7.493333333333333712e+02
6.940000000000000000e+02
7.540000000000000000e+02
7.550000000000000000e+02
7.480000000000000000e+02
7.560000000000000000e+02
7.160000000000000000e+02
6.980000000000000000e+02
6.680000000000000000e+02
7.960000000000000000e+02
7.960000000000000000e+02
7.960000000000000000e+02
6.220000000000000000e+02
4.920000000000000000e+02
4.920000000000000000e+02
4.860000000000000000e+02
4.800000000000000000e+02
5.213333333333333712e+02
6.900000000000000000e+02
7.960000000000000000e+02
7.960000000000000000e+02
7.960000000000000000e+02
6.360000000000000000e+02
7.960000000000000000e+02
7.880000000000000000e+02
7.740000000000000000e+02
6.880000000000000000e+02
7.546666666666666288e+02
5.940000000000000000e+02
6.910000000000000000e+02
7.960000000000000000e+02
7.460000000000000000e+02
6.853333333333333712e+02
7.106666666666666288e+02
6.850000000000000000e+02
7.400000000000000000e+02
7.920000000000000000e+02
7.490000000000000000e+02
7.680000000000000000e+02
7.910000000000000000e+02
5.906666666666666288e+02
5.890000000000000000e+02
7.120000000000000000e+02
7.600000000000000000e+02
7.560000000000000000e+02
5.840000000000000000e+02
7.520000000000000000e+02
7.520000000000000000e+02
7.960000000000000000e+02
7.960000000000000000e+02
6.360000000000000000e+02
7.960000000000000000e+02
7.920000000000000000e+02
7.920000000000000000e+02
6.400000000000000000e+02
5.440000000000000000e+02
4.840000000000000000e+02
5.260000000000000000e+02
5.280000000000000000e+02
5.880000000000000000e+02
6.440000000000000000e+02
7.906666666666666288e+02
7.960000000000000000e+02
7.380000000000000000e+02
7.960000000000000000e+02
7.960000000000000000e+02
7.950000000000000000e+02
7.960000000000000000e+02
6.706666666666666288e+02
5.950000000000000000e+02
5.880000000000000000e+02
5.870000000000000000e+02
5.840000000000000000e+02
7.440000000000000000e+02
7.640000000000000000e+02
7.920000000000000000e+02
6.013333333333333712e+02
7.453333333333333712e+02
5.840000000000000000e+02
7.430000000000000000e+02
5.900000000000000000e+02
7.120000000000000000e+02
7.960000000000000000e+02
5.960000000000000000e+02
5.980000000000000000e+02
5.920000000000000000e+02
5.893333333333333712e+02
7.960000000000000000e+02
6.000000000000000000e+02
7.840000000000000000e+02
6.226666666666666288e+02
7.830000000000000000e+02
7.960000000000000000e+02
7.960000000000000000e+02
7.960000000000000000e+02
6.320000000000000000e+02
6.240000000000000000e+02
5.320000000000000000e+02
5.240000000000000000e+02
5.480000000000000000e+02
5.520000000000000000e+02
5.560000000000000000e+02
6.240000000000000000e+02
7.890000000000000000e+02
7.880000000000000000e+02
7.840000000000000000e+02
7.920000000000000000e+02
7.893333333333333712e+02
6.080000000000000000e+02
6.013333333333333712e+02
7.960000000000000000e+02
6.580000000000000000e+02
7.950000000000000000e+02
5.880000000000000000e+02
5.840000000000000000e+02
7.960000000000000000e+02
6.960000000000000000e+02
7.080000000000000000e+02
7.533333333333333712e+02
5.840000000000000000e+02
5.850000000000000000e+02
7.960000000000000000e+02
5.840000000000000000e+02
5.940000000000000000e+02
5.960000000000000000e+02
5.880000000000000000e+02
6.090000000000000000e+02
7.620000000000000000e+02
5.880000000000000000e+02
5.920000000000000000e+02
7.400000000000000000e+02
6.060000000000000000e+02
5.870000000000000000e+02
7.760000000000000000e+02
7.960000000000000000e+02
7.720000000000000000e+02
7.640000000000000000e+02
7.560000000000000000e+02
5.680000000000000000e+02
5.720000000000000000e+02
5.560000000000000000e+02
5.040000000000000000e+02
5.840000000000000000e+02
5.800000000000000000e+02
5.800000000000000000e+02
7.560000000000000000e+02
5.880000000000000000e+02
6.080000000000000000e+02
7.880000000000000000e+02
7.840000000000000000e+02
7.853333333333333712e+02
7.853333333333333712e+02
5.840000000000000000e+02
5.880000000000000000e+02
5.800000000000000000e+02
5.800000000000000000e+02
5.760000000000000000e+02
5.760000000000000000e+02
5.826666666666666288e+02
5.820000000000000000e+02
5.810000000000000000e+02
6.280000000000000000e+02
7.470000000000000000e+02
5.840000000000000000e+02
5.840000000000000000e+02
5.880000000000000000e+02
6.150000000000000000e+02
5.760000000000000000e+02
5.840000000000000000e+02
5.800000000000000000e+02
5.840000000000000000e+02
5.880000000000000000e+02
5.850000000000000000e+02
7.960000000000000000e+02
7.720000000000000000e+02
7.920000000000000000e+02
6.080000000000000000e+02
7.960000000000000000e+02
7.960000000000000000e+02
5.960000000000000000e+02
5.920000000000000000e+02
5.880000000000000000e+02
5.866666666666666288e+02
5.120000000000000000e+02
5.106666666666666856e+02
5.810000000000000000e+02
6.200000000000000000e+02
7.880000000000000000e+02
7.920000000000000000e+02
7.920000000000000000e+02
7.960000000000000000e+02
7.960000000000000000e+02
7.920000000000000000e+02
7.920000000000000000e+02
5.880000000000000000e+02
5.850000000000000000e+02
5.840000000000000000e+02
5.840000000000000000e+02
5.800000000000000000e+02
5.840000000000000000e+02
5.880000000000000000e+02
5.850000000000000000e+02
5.840000000000000000e+02
5.840000000000000000e+02
5.880000000000000000e+02
5.880000000000000000e+02
7.960000000000000000e+02
5.840000000000000000e+02
5.840000000000000000e+02
5.800000000000000000e+02
5.880000000000000000e+02
5.880000000000000000e+02
5.880000000000000000e+02
7.960000000000000000e+02
7.920000000000000000e+02
7.960000000000000000e+02
7.960000000000000000e+02
7.960000000000000000e+02
7.960000000000000000e+02
7.960000000000000000e+02
7.920000000000000000e+02
6.760000000000000000e+02
5.600000000000000000e+02
5.600000000000000000e+02
5.040000000000000000e+02
5.000000000000000000e+02
5.680000000000000000e+02
5.720000000000000000e+02
6.760000000000000000e+02
7.920000000000000000e+02
7.960000000000000000e+02
7.960000000000000000e+02
7.960000000000000000e+02
7.960000000000000000e+02
7.960000000000000000e+02
7.920000000000000000e+02
7.920000000000000000e+02
5.840000000000000000e+02
5.840000000000000000e+02
5.840000000000000000e+02
5.840000000000000000e+02
5.840000000000000000e+02
5.840000000000000000e+02
5.840000000000000000e+02
5.840000000000000000e+02
5.880000000000000000e+02
5.920000000000000000e+02
5.840000000000000000e+02
5.800000000000000000e+02
5.810000000000000000e+02
5.800000000000000000e+02
5.800000000000000000e+02
5.880000000000000000e+02
5.800000000000000000e+02
5.840000000000000000e+02
5.840000000000000000e+02
7.920000000000000000e+02
7.920000000000000000e+02
7.880000000000000000e+02
7.960000000000000000e+02
7.960000000000000000e+02
7.920000000000000000e+02
7.920000000000000000e+02
6.760000000000000000e+02
5.906666666666666288e+02
5.880000000000000000e+02
5.880000000000000000e+02
4.560000000000000000e+02
5.240000000000000000e+02
6.280000000000000000e+02
6.280000000000000000e+02
7.160000000000000000e+02
7.200000000000000000e+02
7.960000000000000000e+02
7.960000000000000000e+02
7.960000000000000000e+02
7.920000000000000000e+02
5.880000000000000000e+02
5.880000000000000000e+02
5.720000000000000000e+02
5.760000000000000000e+02
5.800000000000000000e+02
5.800000000000000000e+02
5.720000000000000000e+02
5.800000000000000000e+02
5.880000000000000000e+02
5.880000000000000000e+02
7.533333333333333712e+02
5.920000000000000000e+02
5.866666666666666288e+02
5.880000000000000000e+02
5.840000000000000000e+02
5.840000000000000000e+02
5.840000000000000000e+02
5.840000000000000000e+02
5.880000000000000000e+02
5.840000000000000000e+02
5.920000000000000000e+02
5.960000000000000000e+02
6.080000000000000000e+02
7.840000000000000000e+02
7.840000000000000000e+02
7.920000000000000000e+02
7.480000000000000000e+02
7.440000000000000000e+02
6.413333333333333712e+02
6.320000000000000000e+02
5.310000000000000000e+02
5.380000000000000000e+02
4.866666666666666856e+02
4.920000000000000000e+02
6.200000000000000000e+02
6.200000000000000000e+02
6.840000000000000000e+02
7.800000000000000000e+02
7.920000000000000000e+02
7.890000000000000000e+02
7.880000000000000000e+02
7.880000000000000000e+02
5.760000000000000000e+02
5.866666666666666288e+02
5.840000000000000000e+02
5.810000000000000000e+02
6.320000000000000000e+02
6.320000000000000000e+02
5.950000000000000000e+02
5.920000000000000000e+02
5.920000000000000000e+02
6.950000000000000000e+02
5.920000000000000000e+02
5.850000000000000000e+02
7.520000000000000000e+02
6.890000000000000000e+02
6.040000000000000000e+02
6.040000000000000000e+02
6.000000000000000000e+02
6.420000000000000000e+02
6.586666666666666288e+02
6.800000000000000000e+02
7.960000000000000000e+02
7.350000000000000000e+02
7.773333333333333712e+02
7.250000000000000000e+02
7.520000000000000000e+02
6.860000000000000000e+02
7.720000000000000000e+02
7.480000000000000000e+02
7.440000000000000000e+02
6.040000000000000000e+02
5.720000000000000000e+02
5.000000000000000000e+02
5.560000000000000000e+02
5.640000000000000000e+02
5.840000000000000000e+02
5.893333333333333712e+02
7.480000000000000000e+02
7.560000000000000000e+02
6.346666666666666288e+02
7.960000000000000000e+02
7.960000000000000000e+02
7.960000000000000000e+02
7.920000000000000000e+02
6.530000000000000000e+02
6.040000000000000000e+02
5.840000000000000000e+02
5.840000000000000000e+02
5.880000000000000000e+02
5.880000000000000000e+02
7.800000000000000000e+02
7.710000000000000000e+02
7.470000000000000000e+02
5.853333333333333712e+02
7.340000000000000000e+02
7.586666666666666288e+02
7.540000000000000000e+02
7.200000000000000000e+02
6.920000000000000000e+02
5.880000000000000000e+02
5.840000000000000000e+02
5.710000000000000000e+02
7.386666666666666288e+02
7.430000000000000000e+02
7.540000000000000000e+02
7.350000000000000000e+02
7.960000000000000000e+02
7.946666666666666288e+02
6.400000000000000000e+02
7.840000000000000000e+02
7.760000000000000000e+02
6.400000000000000000e+02
6.360000000000000000e+02
5.510000000000000000e+02
4.960000000000000000e+02
4.970000000000000000e+02
6.380000000000000000e+02
6.380000000000000000e+02
6.440000000000000000e+02
7.840000000000000000e+02
7.920000000000000000e+02
7.960000000000000000e+02
7.720000000000000000e+02
7.960000000000000000e+02
7.533333333333333712e+02
7.950000000000000000e+02
6.826666666666666288e+02
7.560000000000000000e+02
7.493333333333333712e+02
7.600000000000000000e+02
7.093333333333333712e+02
6.920000000000000000e+02
7.506666666666666288e+02
6.900000000000000000e+02
7.650000000000000000e+02
7.280000000000000000e+02
