4.960000000000000000e+02
4.840000000000000000e+02
6.180000000000000000e+02
6.330000000000000000e+02
7.360000000000000000e+02
7.960000000000000000e+02
6.800000000000000000e+02
6.830000000000000000e+02
7.560000000000000000e+02
6.800000000000000000e+02
7.520000000000000000e+02
7.550000000000000000e+02
6.946666666666666288e+02
6.800000000000000000e+02
6.840000000000000000e+02
7.440000000000000000e+02
7.960000000000000000e+02
5.973333333333333712e+02
6.850000000000000000e+02
6.773333333333333712e+02
7.546666666666666288e+02
7.280000000000000000e+02
7.490000000000000000e+02
6.853333333333333712e+02
6.920000000000000000e+02
7.960000000000000000e+02
7.440000000000000000e+02
7.493333333333333712e+02
7.493333333333333712e+02
7.140000000000000000e+02
7.520000000000000000e+02
7.480000000000000000e+02
7.330000000000000000e+02
6.386666666666666288e+02
6.813333333333333712e+02
7.653333333333333712e+02
7.960000000000000000e+02
7.960000000000000000e+02
6.360000000000000000e+02
6.220000000000000000e+02
4.920000000000000000e+02
4.920000000000000000e+02
4.800000000000000000e+02
4.800000000000000000e+02
6.120000000000000000e+02
6.900000000000000000e+02
7.020000000000000000e+02
7.960000000000000000e+02
7.960000000000000000e+02
6.386666666666666288e+02
5.800000000000000000e+02
7.840000000000000000e+02
7.040000000000000000e+02
6.826666666666666288e+02
7.640000000000000000e+02
5.940000000000000000e+02
6.840000000000000000e+02
7.946666666666666288e+02
7.480000000000000000e+02
6.800000000000000000e+02
6.866666666666666288e+02
6.860000000000000000e+02
7.400000000000000000e+02
7.920000000000000000e+02
7.560000000000000000e+02
7.900000000000000000e+02
7.880000000000000000e+02
7.610000000000000000e+02
5.933333333333333712e+02
7.490000000000000000e+02
7.410000000000000000e+02
7.600000000000000000e+02
5.820000000000000000e+02
7.450000000000000000e+02
7.520000000000000000e+02
7.960000000000000000e+02
7.960000000000000000e+02
6.360000000000000000e+02
7.920000000000000000e+02
7.920000000000000000e+02
6.360000000000000000e+02
6.400000000000000000e+02
5.400000000000000000e+02
5.400000000000000000e+02
5.280000000000000000e+02
5.280000000000000000e+02
5.880000000000000000e+02
6.480000000000000000e+02
7.920000000000000000e+02
7.960000000000000000e+02
7.400000000000000000e+02
7.960000000000000000e+02
7.960000000000000000e+02
7.960000000000000000e+02
7.810000000000000000e+02
7.613333333333333712e+02
7.546666666666666288e+02
5.960000000000000000e+02
5.890000000000000000e+02
5.810000000000000000e+02
7.520000000000000000e+02
7.680000000000000000e+02
7.733333333333333712e+02
7.506666666666666288e+02
7.500000000000000000e+02
5.840000000000000000e+02
7.500000000000000000e+02
6.813333333333333712e+02
6.960000000000000000e+02
7.960000000000000000e+02
5.990000000000000000e+02
5.920000000000000000e+02
5.880000000000000000e+02
7.506666666666666288e+02
7.960000000000000000e+02
6.030000000000000000e+02
6.480000000000000000e+02
7.950000000000000000e+02
7.800000000000000000e+02
7.960000000000000000e+02
7.960000000000000000e+02
7.960000000000000000e+02
6.320000000000000000e+02
6.240000000000000000e+02
5.346666666666666288e+02
5.240000000000000000e+02
5.480000000000000000e+02
5.560000000000000000e+02
5.560000000000000000e+02
6.240000000000000000e+02
7.890000000000000000e+02
7.880000000000000000e+02
7.880000000000000000e+02
7.920000000000000000e+02
7.960000000000000000e+02
6.160000000000000000e+02
6.060000000000000000e+02
7.960000000000000000e+02
6.300000000000000000e+02
5.870000000000000000e+02
5.880000000000000000e+02
5.840000000000000000e+02
5.820000000000000000e+02
6.960000000000000000e+02
7.520000000000000000e+02
7.533333333333333712e+02
5.880000000000000000e+02
5.880000000000000000e+02
7.960000000000000000e+02
5.840000000000000000e+02
5.880000000000000000e+02
6.010000000000000000e+02
5.910000000000000000e+02
6.090000000000000000e+02
7.570000000000000000e+02
5.850000000000000000e+02
5.920000000000000000e+02
6.410000000000000000e+02
5.960000000000000000e+02
7.600000000000000000e+02
7.760000000000000000e+02
7.960000000000000000e+02
7.720000000000000000e+02
7.640000000000000000e+02
7.520000000000000000e+02
5.706666666666666288e+02
5.680000000000000000e+02
5.560000000000000000e+02
5.080000000000000000e+02
5.840000000000000000e+02
5.800000000000000000e+02
7.560000000000000000e+02
7.560000000000000000e+02
7.560000000000000000e+02
6.080000000000000000e+02
7.866666666666666288e+02
7.840000000000000000e+02
7.853333333333333712e+02
7.880000000000000000e+02
5.853333333333333712e+02
5.880000000000000000e+02
5.840000000000000000e+02
5.800000000000000000e+02
5.800000000000000000e+02
5.760000000000000000e+02
5.826666666666666288e+02
5.840000000000000000e+02
5.840000000000000000e+02
6.280000000000000000e+02
7.490000000000000000e+02
5.840000000000000000e+02
5.840000000000000000e+02
5.880000000000000000e+02
6.120000000000000000e+02
5.800000000000000000e+02
5.840000000000000000e+02
5.800000000000000000e+02
5.840000000000000000e+02
5.880000000000000000e+02
5.880000000000000000e+02
7.960000000000000000e+02
7.720000000000000000e+02
7.920000000000000000e+02
6.080000000000000000e+02
7.960000000000000000e+02
7.960000000000000000e+02
5.960000000000000000e+02
5.920000000000000000e+02
5.880000000000000000e+02
5.120000000000000000e+02
5.080000000000000000e+02
5.840000000000000000e+02
5.810000000000000000e+02
7.040000000000000000e+02
7.880000000000000000e+02
7.960000000000000000e+02
7.960000000000000000e+02
7.960000000000000000e+02
7.960000000000000000e+02
7.960000000000000000e+02
7.920000000000000000e+02
5.880000000000000000e+02
5.880000000000000000e+02
5.880000000000000000e+02
5.840000000000000000e+02
5.840000000000000000e+02
5.840000000000000000e+02
5.880000000000000000e+02
7.960000000000000000e+02
5.850000000000000000e+02
5.840000000000000000e+02
5.840000000000000000e+02
5.880000000000000000e+02
5.813333333333333712e+02
5.880000000000000000e+02
5.840000000000000000e+02
5.800000000000000000e+02
5.880000000000000000e+02
5.880000000000000000e+02
5.880000000000000000e+02
5.880000000000000000e+02
7.920000000000000000e+02
7.960000000000000000e+02
7.960000000000000000e+02
7.960000000000000000e+02
7.960000000000000000e+02
7.920000000000000000e+02
7.920000000000000000e+02
6.720000000000000000e+02
5.600000000000000000e+02
5.640000000000000000e+02
5.040000000000000000e+02
5.000000000000000000e+02
5.013333333333333144e+02
5.720000000000000000e+02
6.760000000000000000e+02
7.920000000000000000e+02
7.960000000000000000e+02
7.960000000000000000e+02
7.960000000000000000e+02
7.960000000000000000e+02
7.960000000000000000e+02
7.960000000000000000e+02
5.880000000000000000e+02
5.880000000000000000e+02
5.840000000000000000e+02
5.840000000000000000e+02
5.810000000000000000e+02
5.840000000000000000e+02
5.800000000000000000e+02
5.840000000000000000e+02
5.840000000000000000e+02
5.880000000000000000e+02
5.920000000000000000e+02
5.840000000000000000e+02
5.800000000000000000e+02
5.800000000000000000e+02
5.800000000000000000e+02
5.840000000000000000e+02
5.840000000000000000e+02
5.800000000000000000e+02
5.840000000000000000e+02
5.840000000000000000e+02
7.920000000000000000e+02
7.920000000000000000e+02
7.880000000000000000e+02
7.920000000000000000e+02
7.960000000000000000e+02
7.960000000000000000e+02
7.920000000000000000e+02
6.760000000000000000e+02
5.906666666666666288e+02
5.920000000000000000e+02
4.640000000000000000e+02
4.590000000000000000e+02
5.240000000000000000e+02
6.280000000000000000e+02
6.280000000000000000e+02
7.160000000000000000e+02
7.200000000000000000e+02
7.960000000000000000e+02
7.960000000000000000e+02
7.960000000000000000e+02
7.920000000000000000e+02
5.880000000000000000e+02
5.880000000000000000e+02
5.760000000000000000e+02
5.800000000000000000e+02
5.840000000000000000e+02
5.800000000000000000e+02
5.680000000000000000e+02
5.720000000000000000e+02
5.880000000000000000e+02
5.800000000000000000e+02
7.540000000000000000e+02
5.893333333333333712e+02
5.940000000000000000e+02
5.880000000000000000e+02
5.840000000000000000e+02
5.800000000000000000e+02
5.880000000000000000e+02
5.840000000000000000e+02
5.880000000000000000e+02
5.880000000000000000e+02
5.910000000000000000e+02
5.920000000000000000e+02
7.840000000000000000e+02
7.840000000000000000e+02
7.840000000000000000e+02
7.920000000000000000e+02
7.520000000000000000e+02
7.440000000000000000e+02
6.413333333333333712e+02
6.280000000000000000e+02
5.360000000000000000e+02
4.800000000000000000e+02
4.920000000000000000e+02
4.920000000000000000e+02
6.200000000000000000e+02
6.160000000000000000e+02
6.880000000000000000e+02
7.826666666666666288e+02
7.870000000000000000e+02
7.800000000000000000e+02
7.880000000000000000e+02
7.890000000000000000e+02
5.760000000000000000e+02
5.880000000000000000e+02
5.840000000000000000e+02
5.840000000000000000e+02
6.320000000000000000e+02
6.360000000000000000e+02
5.950000000000000000e+02
5.920000000000000000e+02
5.920000000000000000e+02
7.790000000000000000e+02
5.880000000000000000e+02
6.900000000000000000e+02
7.520000000000000000e+02
6.890000000000000000e+02
6.110000000000000000e+02
6.040000000000000000e+02
6.380000000000000000e+02
6.290000000000000000e+02
7.960000000000000000e+02
6.720000000000000000e+02
7.960000000000000000e+02
6.640000000000000000e+02
7.773333333333333712e+02
5.790000000000000000e+02
7.510000000000000000e+02
6.860000000000000000e+02
7.720000000000000000e+02
7.480000000000000000e+02
7.440000000000000000e+02
6.040000000000000000e+02
5.720000000000000000e+02
5.000000000000000000e+02
5.600000000000000000e+02
5.640000000000000000e+02
5.840000000000000000e+02
7.440000000000000000e+02
7.480000000000000000e+02
7.520000000000000000e+02
6.866666666666666288e+02
7.493333333333333712e+02
7.820000000000000000e+02
7.960000000000000000e+02
5.830000000000000000e+02
7.453333333333333712e+02
5.780000000000000000e+02
5.840000000000000000e+02
5.880000000000000000e+02
5.880000000000000000e+02
7.570000000000000000e+02
7.800000000000000000e+02
6.880000000000000000e+02
6.180000000000000000e+02
5.853333333333333712e+02
7.530000000000000000e+02
5.786666666666666288e+02
7.666666666666666288e+02
6.050000000000000000e+02
6.880000000000000000e+02
5.933333333333333712e+02
5.840000000000000000e+02
5.710000000000000000e+02
7.440000000000000000e+02
7.430000000000000000e+02
7.540000000000000000e+02
7.840000000000000000e+02
7.800000000000000000e+02
7.413333333333333712e+02
6.266666666666666288e+02
7.890000000000000000e+02
7.746666666666666288e+02
6.400000000000000000e+02
6.360000000000000000e+02
5.520000000000000000e+02
4.920000000000000000e+02
4.960000000000000000e+02
5.520000000000000000e+02
6.400000000000000000e+02
6.400000000000000000e+02
7.813333333333333712e+02
7.920000000000000000e+02
7.960000000000000000e+02
7.850000000000000000e+02
7.960000000000000000e+02
7.480000000000000000e+02
7.400000000000000000e+02
5.800000000000000000e+02
7.840000000000000000e+02
7.360000000000000000e+02
7.560000000000000000e+02
6.860000000000000000e+02
6.190000000000000000e+02
7.750000000000000000e+02
7.520000000000000000e+02
7.586666666666666288e+02
7.653333333333333712e+02
