4.980000000000000000e+02
4.920000000000000000e+02
6.226666666666666288e+02
6.400000000000000000e+02
7.960000000000000000e+02
7.960000000000000000e+02
6.850000000000000000e+02
7.940000000000000000e+02
7.440000000000000000e+02
6.440000000000000000e+02
7.960000000000000000e+02
7.060000000000000000e+02
7.346666666666666288e+02
7.540000000000000000e+02
7.480000000000000000e+02
7.420000000000000000e+02
7.680000000000000000e+02
5.060000000000000000e+02
7.480000000000000000e+02
7.400000000000000000e+02
7.440000000000000000e+02
6.840000000000000000e+02
7.480000000000000000e+02
7.453333333333333712e+02
7.626666666666666288e+02
6.440000000000000000e+02
5.310000000000000000e+02
7.373333333333333712e+02
7.400000000000000000e+02
5.026666666666666856e+02
7.500000000000000000e+02
7.960000000000000000e+02
7.480000000000000000e+02
7.960000000000000000e+02
7.950000000000000000e+02
6.400000000000000000e+02
7.960000000000000000e+02
7.080000000000000000e+02
7.020000000000000000e+02
6.120000000000000000e+02
4.840000000000000000e+02
4.800000000000000000e+02
4.840000000000000000e+02
5.400000000000000000e+02
5.840000000000000000e+02
6.400000000000000000e+02
7.880000000000000000e+02
7.920000000000000000e+02
6.420000000000000000e+02
7.960000000000000000e+02
7.460000000000000000e+02
7.510000000000000000e+02
6.880000000000000000e+02
7.660000000000000000e+02
6.973333333333333712e+02
7.440000000000000000e+02
7.310000000000000000e+02
4.920000000000000000e+02
7.746666666666666288e+02
7.650000000000000000e+02
7.560000000000000000e+02
7.480000000000000000e+02
5.030000000000000000e+02
4.986666666666666856e+02
7.550000000000000000e+02
7.540000000000000000e+02
6.800000000000000000e+02
6.880000000000000000e+02
7.626666666666666288e+02
7.160000000000000000e+02
5.640000000000000000e+02
5.026666666666666856e+02
5.060000000000000000e+02
7.520000000000000000e+02
6.800000000000000000e+02
7.760000000000000000e+02
7.040000000000000000e+02
7.280000000000000000e+02
7.960000000000000000e+02
7.920000000000000000e+02
6.440000000000000000e+02
5.840000000000000000e+02
5.880000000000000000e+02
5.186666666666666288e+02
5.240000000000000000e+02
5.240000000000000000e+02
6.250000000000000000e+02
6.320000000000000000e+02
7.960000000000000000e+02
7.960000000000000000e+02
7.920000000000000000e+02
7.380000000000000000e+02
7.960000000000000000e+02
7.480000000000000000e+02
7.680000000000000000e+02
7.573333333333333712e+02
7.640000000000000000e+02
7.560000000000000000e+02
5.320000000000000000e+02
5.350000000000000000e+02
7.920000000000000000e+02
7.900000000000000000e+02
7.920000000000000000e+02
5.053333333333333144e+02
7.480000000000000000e+02
5.146666666666666288e+02
5.000000000000000000e+02
7.786666666666666288e+02
7.890000000000000000e+02
7.920000000000000000e+02
7.780000000000000000e+02
5.080000000000000000e+02
5.500000000000000000e+02
5.490000000000000000e+02
7.520000000000000000e+02
7.590000000000000000e+02
7.680000000000000000e+02
7.640000000000000000e+02
7.613333333333333712e+02
7.960000000000000000e+02
7.960000000000000000e+02
7.920000000000000000e+02
7.950000000000000000e+02
6.200000000000000000e+02
6.200000000000000000e+02
5.400000000000000000e+02
5.280000000000000000e+02
5.440000000000000000e+02
6.120000000000000000e+02
6.160000000000000000e+02
7.920000000000000000e+02
7.920000000000000000e+02
7.680000000000000000e+02
7.680000000000000000e+02
7.600000000000000000e+02
7.560000000000000000e+02
7.630000000000000000e+02
4.960000000000000000e+02
5.210000000000000000e+02
5.440000000000000000e+02
6.880000000000000000e+02
6.920000000000000000e+02
7.760000000000000000e+02
4.960000000000000000e+02
6.800000000000000000e+02
4.940000000000000000e+02
7.650000000000000000e+02
7.430000000000000000e+02
7.466666666666666288e+02
7.600000000000000000e+02
5.240000000000000000e+02
5.240000000000000000e+02
5.080000000000000000e+02
7.040000000000000000e+02
7.080000000000000000e+02
4.920000000000000000e+02
4.970000000000000000e+02
5.120000000000000000e+02
5.060000000000000000e+02
7.680000000000000000e+02
7.680000000000000000e+02
7.680000000000000000e+02
7.160000000000000000e+02
7.320000000000000000e+02
6.080000000000000000e+02
6.080000000000000000e+02
6.080000000000000000e+02
5.000000000000000000e+02
5.010000000000000000e+02
4.960000000000000000e+02
6.080000000000000000e+02
7.720000000000000000e+02
7.680000000000000000e+02
7.720000000000000000e+02
7.680000000000000000e+02
7.610000000000000000e+02
7.440000000000000000e+02
7.440000000000000000e+02
5.000000000000000000e+02
5.040000000000000000e+02
5.000000000000000000e+02
5.000000000000000000e+02
7.320000000000000000e+02
5.040000000000000000e+02
5.080000000000000000e+02
5.000000000000000000e+02
5.000000000000000000e+02
5.500000000000000000e+02
5.026666666666666856e+02
5.000000000000000000e+02
5.000000000000000000e+02
5.000000000000000000e+02
5.040000000000000000e+02
5.000000000000000000e+02
5.040000000000000000e+02
4.960000000000000000e+02
5.000000000000000000e+02
5.000000000000000000e+02
5.000000000000000000e+02
5.000000000000000000e+02
5.040000000000000000e+02
7.040000000000000000e+02
7.000000000000000000e+02
7.880000000000000000e+02
7.800000000000000000e+02
7.720000000000000000e+02
7.120000000000000000e+02
7.120000000000000000e+02
4.920000000000000000e+02
4.960000000000000000e+02
5.060000000000000000e+02
5.200000000000000000e+02
6.240000000000000000e+02
7.120000000000000000e+02
7.120000000000000000e+02
7.200000000000000000e+02
6.960000000000000000e+02
7.000000000000000000e+02
7.040000000000000000e+02
7.040000000000000000e+02
5.040000000000000000e+02
5.040000000000000000e+02
5.000000000000000000e+02
5.000000000000000000e+02
5.000000000000000000e+02
7.360000000000000000e+02
5.000000000000000000e+02
5.000000000000000000e+02
4.960000000000000000e+02
4.960000000000000000e+02
5.000000000000000000e+02
5.000000000000000000e+02
5.000000000000000000e+02
4.960000000000000000e+02
4.960000000000000000e+02
4.960000000000000000e+02
7.320000000000000000e+02
5.000000000000000000e+02
5.000000000000000000e+02
5.000000000000000000e+02
5.000000000000000000e+02
5.040000000000000000e+02
7.080000000000000000e+02
7.040000000000000000e+02
7.040000000000000000e+02
7.040000000000000000e+02
7.130000000000000000e+02
7.120000000000000000e+02
7.120000000000000000e+02
5.890000000000000000e+02
5.120000000000000000e+02
5.000000000000000000e+02
4.600000000000000000e+02
5.880000000000000000e+02
5.880000000000000000e+02
5.840000000000000000e+02
7.240000000000000000e+02
7.120000000000000000e+02
7.150000000000000000e+02
7.000000000000000000e+02
7.010000000000000000e+02
5.040000000000000000e+02
5.000000000000000000e+02
4.960000000000000000e+02
4.960000000000000000e+02
4.960000000000000000e+02
5.000000000000000000e+02
5.000000000000000000e+02
5.000000000000000000e+02
5.000000000000000000e+02
4.960000000000000000e+02
4.960000000000000000e+02
5.000000000000000000e+02
5.210000000000000000e+02
5.080000000000000000e+02
5.000000000000000000e+02
4.960000000000000000e+02
4.880000000000000000e+02
7.280000000000000000e+02
7.200000000000000000e+02
5.000000000000000000e+02
4.960000000000000000e+02
4.960000000000000000e+02
5.080000000000000000e+02
5.040000000000000000e+02
7.000000000000000000e+02
7.600000000000000000e+02
7.640000000000000000e+02
7.160000000000000000e+02
7.160000000000000000e+02
7.733333333333333712e+02
5.350000000000000000e+02
5.280000000000000000e+02
4.560000000000000000e+02
4.570000000000000000e+02
5.320000000000000000e+02
6.080000000000000000e+02
6.120000000000000000e+02
6.080000000000000000e+02
7.960000000000000000e+02
7.640000000000000000e+02
7.570000000000000000e+02
7.240000000000000000e+02
7.200000000000000000e+02
7.213333333333333712e+02
5.000000000000000000e+02
4.960000000000000000e+02
5.000000000000000000e+02
5.040000000000000000e+02
5.060000000000000000e+02
5.120000000000000000e+02
5.120000000000000000e+02
5.106666666666666856e+02
7.506666666666666288e+02
7.520000000000000000e+02
7.480000000000000000e+02
7.010000000000000000e+02
6.950000000000000000e+02
6.920000000000000000e+02
5.120000000000000000e+02
7.240000000000000000e+02
7.200000000000000000e+02
4.853333333333333144e+02
7.786666666666666288e+02
7.720000000000000000e+02
7.700000000000000000e+02
7.800000000000000000e+02
7.560000000000000000e+02
7.920000000000000000e+02
7.800000000000000000e+02
7.880000000000000000e+02
7.960000000000000000e+02
6.080000000000000000e+02
6.040000000000000000e+02
6.053333333333333712e+02
4.880000000000000000e+02
5.000000000000000000e+02
5.600000000000000000e+02
5.640000000000000000e+02
7.480000000000000000e+02
7.480000000000000000e+02
7.440000000000000000e+02
7.640000000000000000e+02
7.600000000000000000e+02
7.520000000000000000e+02
7.680000000000000000e+02
7.613333333333333712e+02
5.266666666666666288e+02
5.360000000000000000e+02
5.400000000000000000e+02
7.586666666666666288e+02
7.600000000000000000e+02
7.720000000000000000e+02
7.760000000000000000e+02
7.560000000000000000e+02
5.000000000000000000e+02
6.840000000000000000e+02
7.430000000000000000e+02
5.080000000000000000e+02
6.950000000000000000e+02
7.600000000000000000e+02
7.490000000000000000e+02
7.550000000000000000e+02
7.480000000000000000e+02
6.840000000000000000e+02
5.120000000000000000e+02
5.040000000000000000e+02
5.026666666666666856e+02
7.480000000000000000e+02
7.560000000000000000e+02
7.960000000000000000e+02
7.853333333333333712e+02
7.660000000000000000e+02
7.490000000000000000e+02
7.440000000000000000e+02
6.150000000000000000e+02
5.620000000000000000e+02
5.520000000000000000e+02
5.070000000000000000e+02
5.360000000000000000e+02
6.400000000000000000e+02
6.400000000000000000e+02
6.420000000000000000e+02
7.840000000000000000e+02
6.386666666666666288e+02
7.720000000000000000e+02
7.520000000000000000e+02
7.600000000000000000e+02
7.546666666666666288e+02
7.640000000000000000e+02
7.600000000000000000e+02
5.040000000000000000e+02
7.160000000000000000e+02
7.480000000000000000e+02
7.240000000000000000e+02
6.960000000000000000e+02
6.460000000000000000e+02
6.800000000000000000e+02
7.413333333333333712e+02
6.920000000000000000e+02
7.450000000000000000e+02
7.620000000000000000e+02
7.626666666666666288e+02
7.600000000000000000e+02
7.520000000000000000e+02
4.970000000000000000e+02
7.540000000000000000e+02
7.470000000000000000e+02
7.520000000000000000e+02
7.440000000000000000e+02
7.480000000000000000e+02
7.960000000000000000e+02
7.920000000000000000e+02
7.960000000000000000e+02
7.920000000000000000e+02
7.880000000000000000e+02
6.430000000000000000e+02
6.360000000000000000e+02
6.400000000000000000e+02
5.000000000000000000e+02
5.240000000000000000e+02
5.000000000000000000e+02
6.320000000000000000e+02
6.360000000000000000e+02
7.813333333333333712e+02
7.360000000000000000e+02
7.360000000000000000e+02
7.140000000000000000e+02
7.360000000000000000e+02
7.440000000000000000e+02
7.400000000000000000e+02
7.640000000000000000e+02
6.900000000000000000e+02
6.960000000000000000e+02
7.560000000000000000e+02
7.480000000000000000e+02
7.560000000000000000e+02
7.680000000000000000e+02
7.440000000000000000e+02
6.830000000000000000e+02
7.490000000000000000e+02
