6.360000000000000000e+02
6.360000000000000000e+02
6.440000000000000000e+02
6.400000000000000000e+02
6.400000000000000000e+02
6.320000000000000000e+02
6.480000000000000000e+02
5.986666666666666288e+02
6.300000000000000000e+02
6.400000000000000000e+02
6.440000000000000000e+02
6.520000000000000000e+02
6.920000000000000000e+02
7.000000000000000000e+02
6.733333333333333712e+02
7.060000000000000000e+02
6.746666666666666288e+02
6.820000000000000000e+02
6.813333333333333712e+02
6.940000000000000000e+02
5.880000000000000000e+02
6.400000000000000000e+02
6.410000000000000000e+02
6.700000000000000000e+02
5.760000000000000000e+02
5.720000000000000000e+02
6.320000000000000000e+02
6.360000000000000000e+02
6.400000000000000000e+02
6.400000000000000000e+02
6.440000000000000000e+02
6.400000000000000000e+02
6.026666666666666288e+02
6.400000000000000000e+02
6.400000000000000000e+02
6.400000000000000000e+02
6.400000000000000000e+02
6.360000000000000000e+02
5.680000000000000000e+02
5.720000000000000000e+02
5.680000000000000000e+02
5.650000000000000000e+02
5.680000000000000000e+02
5.840000000000000000e+02
6.130000000000000000e+02
6.870000000000000000e+02
6.850000000000000000e+02
6.800000000000000000e+02
6.186666666666666288e+02
5.720000000000000000e+02
5.800000000000000000e+02
5.800000000000000000e+02
5.840000000000000000e+02
5.680000000000000000e+02
5.640000000000000000e+02
5.680000000000000000e+02
5.680000000000000000e+02
5.720000000000000000e+02
5.640000000000000000e+02
5.680000000000000000e+02
5.680000000000000000e+02
5.720000000000000000e+02
5.720000000000000000e+02
5.680000000000000000e+02
5.680000000000000000e+02
5.720000000000000000e+02
5.680000000000000000e+02
5.640000000000000000e+02
5.640000000000000000e+02
5.600000000000000000e+02
5.640000000000000000e+02
5.680000000000000000e+02
5.680000000000000000e+02
5.560000000000000000e+02
5.506666666666666288e+02
5.800000000000000000e+02
5.870000000000000000e+02
5.920000000000000000e+02
6.440000000000000000e+02
6.400000000000000000e+02
6.360000000000000000e+02
6.360000000000000000e+02
5.960000000000000000e+02
5.880000000000000000e+02
5.840000000000000000e+02
6.000000000000000000e+02
5.370000000000000000e+02
5.750000000000000000e+02
5.640000000000000000e+02
5.680000000000000000e+02
5.670000000000000000e+02
5.600000000000000000e+02
5.600000000000000000e+02
5.560000000000000000e+02
5.800000000000000000e+02
5.720000000000000000e+02
5.080000000000000000e+02
5.080000000000000000e+02
5.840000000000000000e+02
5.880000000000000000e+02
5.920000000000000000e+02
5.760000000000000000e+02
5.620000000000000000e+02
5.600000000000000000e+02
5.740000000000000000e+02
5.520000000000000000e+02
7.493333333333333712e+02
5.800000000000000000e+02
5.840000000000000000e+02
5.440000000000000000e+02
5.410000000000000000e+02
5.640000000000000000e+02
5.120000000000000000e+02
5.000000000000000000e+02
5.180000000000000000e+02
5.460000000000000000e+02
4.680000000000000000e+02
4.720000000000000000e+02
4.760000000000000000e+02
4.720000000000000000e+02
4.560000000000000000e+02
5.800000000000000000e+02
4.830000000000000000e+02
5.880000000000000000e+02
5.850000000000000000e+02
5.720000000000000000e+02
4.800000000000000000e+02
4.970000000000000000e+02
4.860000000000000000e+02
4.650000000000000000e+02
4.570000000000000000e+02
4.866666666666666856e+02
4.920000000000000000e+02
5.760000000000000000e+02
5.640000000000000000e+02
5.610000000000000000e+02
4.520000000000000000e+02
5.626666666666666288e+02
5.680000000000000000e+02
4.760000000000000000e+02
5.586666666666666288e+02
5.680000000000000000e+02
4.840000000000000000e+02
5.220000000000000000e+02
5.520000000000000000e+02
4.773333333333333144e+02
5.640000000000000000e+02
5.560000000000000000e+02
4.720000000000000000e+02
7.520000000000000000e+02
4.480000000000000000e+02
4.520000000000000000e+02
4.480000000000000000e+02
5.480000000000000000e+02
4.360000000000000000e+02
4.360000000000000000e+02
4.360000000000000000e+02
5.560000000000000000e+02
4.560000000000000000e+02
4.640000000000000000e+02
4.520000000000000000e+02
4.560000000000000000e+02
4.260000000000000000e+02
4.380000000000000000e+02
4.360000000000000000e+02
4.360000000000000000e+02
4.360000000000000000e+02
4.330000000000000000e+02
4.480000000000000000e+02
4.520000000000000000e+02
4.506666666666666856e+02
4.660000000000000000e+02
5.520000000000000000e+02
5.600000000000000000e+02
4.760000000000000000e+02
5.600000000000000000e+02
4.880000000000000000e+02
4.800000000000000000e+02
7.650000000000000000e+02
5.573333333333333712e+02
5.680000000000000000e+02
4.680000000000000000e+02
4.520000000000000000e+02
4.560000000000000000e+02
4.360000000000000000e+02
4.400000000000000000e+02
4.360000000000000000e+02
4.360000000000000000e+02
4.360000000000000000e+02
4.370000000000000000e+02
4.520000000000000000e+02
4.520000000000000000e+02
4.560000000000000000e+02
4.573333333333333144e+02
4.520000000000000000e+02
4.280000000000000000e+02
4.280000000000000000e+02
4.340000000000000000e+02
4.400000000000000000e+02
5.720000000000000000e+02
4.680000000000000000e+02
4.573333333333333144e+02
4.730000000000000000e+02
5.600000000000000000e+02
5.600000000000000000e+02
7.440000000000000000e+02
7.546666666666666288e+02
7.800000000000000000e+02
7.460000000000000000e+02
5.600000000000000000e+02
5.613333333333333712e+02
5.600000000000000000e+02
5.600000000000000000e+02
5.586666666666666288e+02
5.520000000000000000e+02
5.560000000000000000e+02
5.500000000000000000e+02
5.480000000000000000e+02
5.440000000000000000e+02
4.520000000000000000e+02
4.520000000000000000e+02
6.280000000000000000e+02
6.320000000000000000e+02
5.680000000000000000e+02
6.360000000000000000e+02
6.280000000000000000e+02
5.546666666666666288e+02
5.520000000000000000e+02
5.560000000000000000e+02
5.560000000000000000e+02
5.640000000000000000e+02
5.520000000000000000e+02
5.520000000000000000e+02
5.560000000000000000e+02
5.560000000000000000e+02
5.650000000000000000e+02
5.720000000000000000e+02
6.030000000000000000e+02
5.700000000000000000e+02
7.620000000000000000e+02
5.840000000000000000e+02
5.880000000000000000e+02
6.040000000000000000e+02
5.820000000000000000e+02
5.680000000000000000e+02
5.573333333333333712e+02
5.320000000000000000e+02
5.520000000000000000e+02
5.560000000000000000e+02
5.640000000000000000e+02
5.520000000000000000e+02
5.520000000000000000e+02
5.600000000000000000e+02
5.560000000000000000e+02
5.600000000000000000e+02
5.520000000000000000e+02
