6.360000000000000000e+02
6.360000000000000000e+02
6.440000000000000000e+02
6.400000000000000000e+02
6.400000000000000000e+02
6.400000000000000000e+02
6.386666666666666288e+02
5.986666666666666288e+02
6.426666666666666288e+02
6.610000000000000000e+02
6.440000000000000000e+02
6.480000000000000000e+02
7.000000000000000000e+02
6.840000000000000000e+02
6.800000000000000000e+02
6.580000000000000000e+02
6.573333333333333712e+02
6.800000000000000000e+02
6.820000000000000000e+02
6.920000000000000000e+02
5.850000000000000000e+02
6.460000000000000000e+02
6.400000000000000000e+02
6.620000000000000000e+02
5.710000000000000000e+02
6.520000000000000000e+02
6.320000000000000000e+02
6.360000000000000000e+02
6.400000000000000000e+02
6.440000000000000000e+02
6.440000000000000000e+02
6.360000000000000000e+02
5.960000000000000000e+02
6.440000000000000000e+02
6.400000000000000000e+02
6.400000000000000000e+02
6.400000000000000000e+02
5.640000000000000000e+02
5.680000000000000000e+02
5.680000000000000000e+02
5.680000000000000000e+02
5.680000000000000000e+02
5.720000000000000000e+02
5.840000000000000000e+02
6.130000000000000000e+02
6.840000000000000000e+02
6.800000000000000000e+02
6.800000000000000000e+02
6.186666666666666288e+02
5.720000000000000000e+02
5.800000000000000000e+02
5.780000000000000000e+02
5.840000000000000000e+02
5.680000000000000000e+02
5.640000000000000000e+02
5.680000000000000000e+02
5.680000000000000000e+02
5.720000000000000000e+02
5.610000000000000000e+02
5.680000000000000000e+02
5.680000000000000000e+02
5.720000000000000000e+02
5.720000000000000000e+02
5.680000000000000000e+02
5.680000000000000000e+02
5.720000000000000000e+02
5.680000000000000000e+02
5.640000000000000000e+02
5.640000000000000000e+02
5.610000000000000000e+02
5.680000000000000000e+02
5.720000000000000000e+02
5.720000000000000000e+02
5.520000000000000000e+02
5.480000000000000000e+02
5.750000000000000000e+02
5.880000000000000000e+02
5.890000000000000000e+02
6.400000000000000000e+02
6.400000000000000000e+02
6.320000000000000000e+02
6.400000000000000000e+02
5.866666666666666288e+02
5.880000000000000000e+02
5.800000000000000000e+02
5.920000000000000000e+02
5.440000000000000000e+02
5.750000000000000000e+02
5.620000000000000000e+02
5.600000000000000000e+02
5.680000000000000000e+02
5.600000000000000000e+02
5.560000000000000000e+02
5.560000000000000000e+02
5.800000000000000000e+02
5.720000000000000000e+02
5.080000000000000000e+02
5.080000000000000000e+02
5.826666666666666288e+02
5.880000000000000000e+02
5.880000000000000000e+02
5.760000000000000000e+02
5.760000000000000000e+02
5.600000000000000000e+02
5.760000000000000000e+02
5.480000000000000000e+02
5.730000000000000000e+02
6.786666666666666288e+02
5.893333333333333712e+02
5.470000000000000000e+02
5.410000000000000000e+02
5.640000000000000000e+02
5.093333333333333144e+02
5.060000000000000000e+02
5.360000000000000000e+02
5.586666666666666288e+02
5.140000000000000000e+02
7.440000000000000000e+02
4.760000000000000000e+02
4.720000000000000000e+02
4.620000000000000000e+02
5.760000000000000000e+02
4.830000000000000000e+02
5.920000000000000000e+02
5.840000000000000000e+02
5.770000000000000000e+02
4.800000000000000000e+02
5.000000000000000000e+02
4.853333333333333144e+02
4.600000000000000000e+02
4.560000000000000000e+02
4.880000000000000000e+02
4.880000000000000000e+02
5.800000000000000000e+02
5.600000000000000000e+02
4.520000000000000000e+02
4.560000000000000000e+02
5.680000000000000000e+02
5.680000000000000000e+02
4.680000000000000000e+02
4.750000000000000000e+02
5.680000000000000000e+02
5.460000000000000000e+02
5.080000000000000000e+02
5.520000000000000000e+02
4.773333333333333144e+02
5.600000000000000000e+02
5.570000000000000000e+02
5.560000000000000000e+02
7.560000000000000000e+02
4.460000000000000000e+02
4.520000000000000000e+02
4.480000000000000000e+02
5.480000000000000000e+02
4.360000000000000000e+02
4.320000000000000000e+02
4.360000000000000000e+02
4.773333333333333144e+02
4.560000000000000000e+02
4.630000000000000000e+02
4.580000000000000000e+02
4.560000000000000000e+02
4.260000000000000000e+02
4.360000000000000000e+02
4.400000000000000000e+02
4.360000000000000000e+02
4.400000000000000000e+02
4.360000000000000000e+02
4.480000000000000000e+02
4.520000000000000000e+02
4.506666666666666856e+02
5.640000000000000000e+02
5.520000000000000000e+02
5.640000000000000000e+02
4.760000000000000000e+02
5.586666666666666288e+02
5.600000000000000000e+02
4.800000000000000000e+02
7.680000000000000000e+02
5.560000000000000000e+02
5.620000000000000000e+02
4.680000000000000000e+02
4.520000000000000000e+02
4.560000000000000000e+02
4.320000000000000000e+02
4.400000000000000000e+02
4.360000000000000000e+02
4.360000000000000000e+02
4.400000000000000000e+02
4.360000000000000000e+02
4.520000000000000000e+02
4.520000000000000000e+02
4.520000000000000000e+02
6.320000000000000000e+02
4.520000000000000000e+02
4.280000000000000000e+02
4.280000000000000000e+02
4.306666666666666856e+02
4.440000000000000000e+02
5.666666666666666288e+02
4.680000000000000000e+02
5.560000000000000000e+02
4.730000000000000000e+02
5.560000000000000000e+02
5.680000000000000000e+02
7.310000000000000000e+02
7.546666666666666288e+02
4.786666666666666856e+02
5.210000000000000000e+02
5.640000000000000000e+02
6.220000000000000000e+02
5.600000000000000000e+02
5.560000000000000000e+02
4.813333333333333144e+02
5.560000000000000000e+02
5.560000000000000000e+02
5.580000000000000000e+02
5.480000000000000000e+02
5.480000000000000000e+02
4.480000000000000000e+02
4.520000000000000000e+02
6.280000000000000000e+02
6.360000000000000000e+02
5.680000000000000000e+02
6.240000000000000000e+02
6.280000000000000000e+02
5.520000000000000000e+02
5.520000000000000000e+02
5.560000000000000000e+02
5.600000000000000000e+02
5.640000000000000000e+02
5.520000000000000000e+02
5.520000000000000000e+02
5.520000000000000000e+02
5.600000000000000000e+02
5.680000000000000000e+02
5.720000000000000000e+02
7.540000000000000000e+02
5.750000000000000000e+02
7.620000000000000000e+02
5.840000000000000000e+02
5.840000000000000000e+02
5.880000000000000000e+02
5.933333333333333712e+02
5.680000000000000000e+02
5.480000000000000000e+02
5.320000000000000000e+02
5.520000000000000000e+02
5.560000000000000000e+02
5.680000000000000000e+02
5.520000000000000000e+02
5.520000000000000000e+02
5.560000000000000000e+02
5.560000000000000000e+02
5.600000000000000000e+02
5.520000000000000000e+02
