6.346666666666666288e+02
6.320000000000000000e+02
6.400000000000000000e+02
6.440000000000000000e+02
6.400000000000000000e+02
6.320000000000000000e+02
6.480000000000000000e+02
5.946666666666666288e+02
6.426666666666666288e+02
6.400000000000000000e+02
6.480000000000000000e+02
6.480000000000000000e+02
7.000000000000000000e+02
7.000000000000000000e+02
6.733333333333333712e+02
6.580000000000000000e+02
6.580000000000000000e+02
6.800000000000000000e+02
6.760000000000000000e+02
7.040000000000000000e+02
7.266666666666666288e+02
6.400000000000000000e+02
6.410000000000000000e+02
6.700000000000000000e+02
5.720000000000000000e+02
6.520000000000000000e+02
6.320000000000000000e+02
6.360000000000000000e+02
6.400000000000000000e+02
6.440000000000000000e+02
6.440000000000000000e+02
6.360000000000000000e+02
6.130000000000000000e+02
6.400000000000000000e+02
6.400000000000000000e+02
6.400000000000000000e+02
6.400000000000000000e+02
5.680000000000000000e+02
5.680000000000000000e+02
5.720000000000000000e+02
7.546666666666666288e+02
5.680000000000000000e+02
5.720000000000000000e+02
5.840000000000000000e+02
6.980000000000000000e+02
6.973333333333333712e+02
6.760000000000000000e+02
6.080000000000000000e+02
6.160000000000000000e+02
6.140000000000000000e+02
5.800000000000000000e+02
5.800000000000000000e+02
5.800000000000000000e+02
5.760000000000000000e+02
5.640000000000000000e+02
5.680000000000000000e+02
5.680000000000000000e+02
5.720000000000000000e+02
5.680000000000000000e+02
5.680000000000000000e+02
5.680000000000000000e+02
5.720000000000000000e+02
5.720000000000000000e+02
5.680000000000000000e+02
5.720000000000000000e+02
5.720000000000000000e+02
5.680000000000000000e+02
5.640000000000000000e+02
5.640000000000000000e+02
5.610000000000000000e+02
5.680000000000000000e+02
5.710000000000000000e+02
5.720000000000000000e+02
5.560000000000000000e+02
5.340000000000000000e+02
5.800000000000000000e+02
5.920000000000000000e+02
5.920000000000000000e+02
6.400000000000000000e+02
6.400000000000000000e+02
6.360000000000000000e+02
6.400000000000000000e+02
6.000000000000000000e+02
5.840000000000000000e+02
5.840000000000000000e+02
6.010000000000000000e+02
5.400000000000000000e+02
5.750000000000000000e+02
5.600000000000000000e+02
5.600000000000000000e+02
5.680000000000000000e+02
5.600000000000000000e+02
5.600000000000000000e+02
5.560000000000000000e+02
5.800000000000000000e+02
5.720000000000000000e+02
5.040000000000000000e+02
5.080000000000000000e+02
5.840000000000000000e+02
5.920000000000000000e+02
5.880000000000000000e+02
5.760000000000000000e+02
5.610000000000000000e+02
5.600000000000000000e+02
5.760000000000000000e+02
5.480000000000000000e+02
7.493333333333333712e+02
5.860000000000000000e+02
5.800000000000000000e+02
5.440000000000000000e+02
5.440000000000000000e+02
5.610000000000000000e+02
5.080000000000000000e+02
5.100000000000000000e+02
5.440000000000000000e+02
5.530000000000000000e+02
4.680000000000000000e+02
7.480000000000000000e+02
4.760000000000000000e+02
6.040000000000000000e+02
4.580000000000000000e+02
5.760000000000000000e+02
4.840000000000000000e+02
5.880000000000000000e+02
5.840000000000000000e+02
5.800000000000000000e+02
4.706666666666666856e+02
5.000000000000000000e+02
4.800000000000000000e+02
4.600000000000000000e+02
5.640000000000000000e+02
4.880000000000000000e+02
4.880000000000000000e+02
5.760000000000000000e+02
5.640000000000000000e+02
5.610000000000000000e+02
4.560000000000000000e+02
5.626666666666666288e+02
5.813333333333333712e+02
4.760000000000000000e+02
4.760000000000000000e+02
5.680000000000000000e+02
4.840000000000000000e+02
5.430000000000000000e+02
5.410000000000000000e+02
4.800000000000000000e+02
5.626666666666666288e+02
5.560000000000000000e+02
5.560000000000000000e+02
7.440000000000000000e+02
4.480000000000000000e+02
4.520000000000000000e+02
4.480000000000000000e+02
5.520000000000000000e+02
4.360000000000000000e+02
4.360000000000000000e+02
4.346666666666666856e+02
5.520000000000000000e+02
4.560000000000000000e+02
4.680000000000000000e+02
4.520000000000000000e+02
4.560000000000000000e+02
4.280000000000000000e+02
4.360000000000000000e+02
4.400000000000000000e+02
4.360000000000000000e+02
4.360000000000000000e+02
4.360000000000000000e+02
4.480000000000000000e+02
4.520000000000000000e+02
4.560000000000000000e+02
5.640000000000000000e+02
5.520000000000000000e+02
5.630000000000000000e+02
4.760000000000000000e+02
5.560000000000000000e+02
5.600000000000000000e+02
4.760000000000000000e+02
7.680000000000000000e+02
5.573333333333333712e+02
5.620000000000000000e+02
4.680000000000000000e+02
4.580000000000000000e+02
5.573333333333333712e+02
4.413333333333333144e+02
4.400000000000000000e+02
4.360000000000000000e+02
4.360000000000000000e+02
4.400000000000000000e+02
4.400000000000000000e+02
4.520000000000000000e+02
4.520000000000000000e+02
4.560000000000000000e+02
6.320000000000000000e+02
4.520000000000000000e+02
4.280000000000000000e+02
4.280000000000000000e+02
5.560000000000000000e+02
4.440000000000000000e+02
5.653333333333333712e+02
4.680000000000000000e+02
5.560000000000000000e+02
4.760000000000000000e+02
5.600000000000000000e+02
5.690000000000000000e+02
7.320000000000000000e+02
4.733333333333333144e+02
4.800000000000000000e+02
5.680000000000000000e+02
5.600000000000000000e+02
6.220000000000000000e+02
5.600000000000000000e+02
5.560000000000000000e+02
5.580000000000000000e+02
5.560000000000000000e+02
5.560000000000000000e+02
5.580000000000000000e+02
5.480000000000000000e+02
5.480000000000000000e+02
4.520000000000000000e+02
4.480000000000000000e+02
6.280000000000000000e+02
6.320000000000000000e+02
6.340000000000000000e+02
6.280000000000000000e+02
6.280000000000000000e+02
5.520000000000000000e+02
5.520000000000000000e+02
5.560000000000000000e+02
5.600000000000000000e+02
5.640000000000000000e+02
5.520000000000000000e+02
5.520000000000000000e+02
5.560000000000000000e+02
5.560000000000000000e+02
5.680000000000000000e+02
5.720000000000000000e+02
7.540000000000000000e+02
5.720000000000000000e+02
7.790000000000000000e+02
5.840000000000000000e+02
5.840000000000000000e+02
6.000000000000000000e+02
5.800000000000000000e+02
5.720000000000000000e+02
5.573333333333333712e+02
5.280000000000000000e+02
5.520000000000000000e+02
5.640000000000000000e+02
5.680000000000000000e+02
5.480000000000000000e+02
5.520000000000000000e+02
5.600000000000000000e+02
5.600000000000000000e+02
5.600000000000000000e+02
5.560000000000000000e+02
