6.346666666666666288e+02
6.360000000000000000e+02
6.440000000000000000e+02
6.400000000000000000e+02
6.360000000000000000e+02
6.320000000000000000e+02
6.480000000000000000e+02
6.060000000000000000e+02
6.426666666666666288e+02
6.400000000000000000e+02
6.440000000000000000e+02
6.520000000000000000e+02
6.920000000000000000e+02
7.106666666666666288e+02
6.800000000000000000e+02
7.060000000000000000e+02
6.506666666666666288e+02
6.800000000000000000e+02
6.760000000000000000e+02
6.940000000000000000e+02
7.266666666666666288e+02
6.400000000000000000e+02
6.440000000000000000e+02
6.620000000000000000e+02
5.720000000000000000e+02
6.520000000000000000e+02
6.320000000000000000e+02
6.360000000000000000e+02
6.400000000000000000e+02
6.400000000000000000e+02
6.400000000000000000e+02
6.360000000000000000e+02
6.026666666666666288e+02
6.400000000000000000e+02
6.450000000000000000e+02
6.400000000000000000e+02
6.400000000000000000e+02
5.640000000000000000e+02
5.680000000000000000e+02
5.720000000000000000e+02
7.546666666666666288e+02
5.680000000000000000e+02
5.720000000000000000e+02
5.840000000000000000e+02
6.890000000000000000e+02
6.973333333333333712e+02
6.800000000000000000e+02
6.080000000000000000e+02
6.160000000000000000e+02
5.680000000000000000e+02
5.800000000000000000e+02
5.780000000000000000e+02
5.800000000000000000e+02
5.680000000000000000e+02
5.640000000000000000e+02
5.680000000000000000e+02
5.680000000000000000e+02
5.720000000000000000e+02
5.680000000000000000e+02
5.680000000000000000e+02
5.680000000000000000e+02
5.720000000000000000e+02
5.720000000000000000e+02
5.680000000000000000e+02
5.720000000000000000e+02
5.760000000000000000e+02
5.680000000000000000e+02
5.640000000000000000e+02
5.640000000000000000e+02
5.640000000000000000e+02
5.680000000000000000e+02
5.710000000000000000e+02
5.720000000000000000e+02
5.520000000000000000e+02
5.506666666666666288e+02
5.800000000000000000e+02
5.870000000000000000e+02
5.920000000000000000e+02
6.400000000000000000e+02
6.360000000000000000e+02
6.360000000000000000e+02
6.360000000000000000e+02
5.866666666666666288e+02
5.880000000000000000e+02
5.800000000000000000e+02
5.990000000000000000e+02
5.370000000000000000e+02
5.720000000000000000e+02
5.620000000000000000e+02
5.680000000000000000e+02
5.680000000000000000e+02
5.560000000000000000e+02
5.600000000000000000e+02
5.600000000000000000e+02
5.840000000000000000e+02
5.720000000000000000e+02
5.040000000000000000e+02
5.080000000000000000e+02
5.840000000000000000e+02
5.880000000000000000e+02
5.880000000000000000e+02
5.760000000000000000e+02
5.346666666666666288e+02
5.600000000000000000e+02
5.760000000000000000e+02
5.480000000000000000e+02
5.680000000000000000e+02
6.786666666666666288e+02
7.540000000000000000e+02
5.470000000000000000e+02
5.386666666666666288e+02
5.610000000000000000e+02
5.093333333333333144e+02
5.590000000000000000e+02
5.400000000000000000e+02
5.460000000000000000e+02
4.680000000000000000e+02
7.500000000000000000e+02
7.620000000000000000e+02
6.380000000000000000e+02
4.580000000000000000e+02
4.666666666666666856e+02
4.830000000000000000e+02
5.980000000000000000e+02
5.840000000000000000e+02
5.760000000000000000e+02
4.800000000000000000e+02
5.000000000000000000e+02
4.800000000000000000e+02
4.640000000000000000e+02
5.640000000000000000e+02
4.866666666666666856e+02
4.920000000000000000e+02
5.800000000000000000e+02
5.640000000000000000e+02
4.480000000000000000e+02
4.520000000000000000e+02
5.720000000000000000e+02
7.360000000000000000e+02
4.760000000000000000e+02
4.720000000000000000e+02
5.580000000000000000e+02
4.870000000000000000e+02
5.080000000000000000e+02
5.480000000000000000e+02
4.760000000000000000e+02
5.640000000000000000e+02
5.570000000000000000e+02
4.680000000000000000e+02
7.560000000000000000e+02
4.480000000000000000e+02
4.490000000000000000e+02
4.480000000000000000e+02
5.480000000000000000e+02
4.360000000000000000e+02
4.320000000000000000e+02
4.360000000000000000e+02
5.520000000000000000e+02
4.560000000000000000e+02
4.680000000000000000e+02
4.520000000000000000e+02
4.560000000000000000e+02
4.360000000000000000e+02
4.360000000000000000e+02
4.400000000000000000e+02
4.360000000000000000e+02
4.400000000000000000e+02
4.360000000000000000e+02
4.520000000000000000e+02
4.520000000000000000e+02
4.560000000000000000e+02
5.580000000000000000e+02
5.520000000000000000e+02
5.640000000000000000e+02
4.720000000000000000e+02
5.560000000000000000e+02
4.880000000000000000e+02
4.760000000000000000e+02
7.626666666666666288e+02
5.560000000000000000e+02
5.620000000000000000e+02
4.640000000000000000e+02
4.580000000000000000e+02
4.600000000000000000e+02
4.360000000000000000e+02
4.400000000000000000e+02
4.360000000000000000e+02
4.360000000000000000e+02
4.360000000000000000e+02
4.400000000000000000e+02
4.560000000000000000e+02
4.520000000000000000e+02
4.560000000000000000e+02
6.320000000000000000e+02
6.290000000000000000e+02
4.280000000000000000e+02
4.280000000000000000e+02
4.306666666666666856e+02
4.450000000000000000e+02
5.670000000000000000e+02
4.680000000000000000e+02
4.660000000000000000e+02
4.730000000000000000e+02
5.560000000000000000e+02
5.680000000000000000e+02
7.310000000000000000e+02
4.800000000000000000e+02
7.800000000000000000e+02
7.460000000000000000e+02
5.600000000000000000e+02
5.640000000000000000e+02
5.480000000000000000e+02
5.560000000000000000e+02
4.800000000000000000e+02
5.560000000000000000e+02
5.520000000000000000e+02
5.400000000000000000e+02
5.480000000000000000e+02
5.453333333333333712e+02
4.520000000000000000e+02
4.480000000000000000e+02
6.280000000000000000e+02
6.320000000000000000e+02
5.680000000000000000e+02
6.280000000000000000e+02
6.280000000000000000e+02
5.546666666666666288e+02
5.520000000000000000e+02
5.560000000000000000e+02
5.600000000000000000e+02
5.640000000000000000e+02
5.560000000000000000e+02
5.520000000000000000e+02
5.560000000000000000e+02
5.600000000000000000e+02
5.650000000000000000e+02
5.680000000000000000e+02
7.450000000000000000e+02
5.720000000000000000e+02
5.653333333333333712e+02
7.693333333333333712e+02
5.880000000000000000e+02
6.040000000000000000e+02
5.840000000000000000e+02
5.710000000000000000e+02
5.573333333333333712e+02
5.320000000000000000e+02
5.440000000000000000e+02
5.610000000000000000e+02
5.640000000000000000e+02
5.480000000000000000e+02
5.520000000000000000e+02
5.560000000000000000e+02
5.560000000000000000e+02
5.600000000000000000e+02
5.520000000000000000e+02
