6.360000000000000000e+02
6.320000000000000000e+02
6.440000000000000000e+02
6.400000000000000000e+02
6.400000000000000000e+02
6.360000000000000000e+02
6.440000000000000000e+02
5.946666666666666288e+02
6.300000000000000000e+02
6.400000000000000000e+02
6.440000000000000000e+02
6.466666666666666288e+02
7.000000000000000000e+02
7.173333333333333712e+02
6.720000000000000000e+02
7.040000000000000000e+02
6.746666666666666288e+02
6.800000000000000000e+02
6.813333333333333712e+02
6.920000000000000000e+02
6.560000000000000000e+02
6.400000000000000000e+02
6.440000000000000000e+02
7.650000000000000000e+02
5.760000000000000000e+02
6.520000000000000000e+02
6.320000000000000000e+02
6.360000000000000000e+02
6.400000000000000000e+02
6.440000000000000000e+02
6.440000000000000000e+02
6.400000000000000000e+02
6.280000000000000000e+02
6.400000000000000000e+02
6.400000000000000000e+02
6.400000000000000000e+02
6.400000000000000000e+02
5.640000000000000000e+02
5.680000000000000000e+02
5.680000000000000000e+02
7.546666666666666288e+02
5.680000000000000000e+02
5.750000000000000000e+02
5.840000000000000000e+02
7.240000000000000000e+02
7.470000000000000000e+02
6.760000000000000000e+02
6.080000000000000000e+02
6.160000000000000000e+02
5.720000000000000000e+02
5.800000000000000000e+02
5.800000000000000000e+02
5.800000000000000000e+02
5.680000000000000000e+02
5.640000000000000000e+02
5.720000000000000000e+02
5.680000000000000000e+02
5.720000000000000000e+02
5.640000000000000000e+02
5.640000000000000000e+02
5.680000000000000000e+02
5.720000000000000000e+02
5.720000000000000000e+02
5.680000000000000000e+02
5.680000000000000000e+02
5.720000000000000000e+02
5.680000000000000000e+02
5.640000000000000000e+02
5.640000000000000000e+02
5.640000000000000000e+02
5.680000000000000000e+02
5.710000000000000000e+02
5.720000000000000000e+02
5.613333333333333712e+02
5.506666666666666288e+02
5.800000000000000000e+02
5.880000000000000000e+02
5.920000000000000000e+02
5.840000000000000000e+02
6.360000000000000000e+02
6.360000000000000000e+02
6.400000000000000000e+02
6.000000000000000000e+02
5.840000000000000000e+02
5.800000000000000000e+02
5.920000000000000000e+02
5.440000000000000000e+02
5.680000000000000000e+02
5.600000000000000000e+02
5.640000000000000000e+02
5.680000000000000000e+02
5.600000000000000000e+02
5.600000000000000000e+02
5.560000000000000000e+02
5.800000000000000000e+02
5.720000000000000000e+02
5.040000000000000000e+02
5.040000000000000000e+02
5.826666666666666288e+02
5.880000000000000000e+02
5.880000000000000000e+02
5.720000000000000000e+02
5.760000000000000000e+02
5.600000000000000000e+02
5.760000000000000000e+02
5.480000000000000000e+02
7.493333333333333712e+02
5.800000000000000000e+02
5.800000000000000000e+02
5.440000000000000000e+02
5.386666666666666288e+02
5.520000000000000000e+02
5.080000000000000000e+02
5.100000000000000000e+02
5.440000000000000000e+02
5.560000000000000000e+02
4.720000000000000000e+02
7.500000000000000000e+02
4.760000000000000000e+02
6.380000000000000000e+02
4.540000000000000000e+02
5.800000000000000000e+02
4.830000000000000000e+02
5.880000000000000000e+02
5.840000000000000000e+02
5.720000000000000000e+02
4.800000000000000000e+02
5.000000000000000000e+02
5.000000000000000000e+02
4.640000000000000000e+02
5.626666666666666288e+02
4.866666666666666856e+02
4.880000000000000000e+02
5.800000000000000000e+02
5.660000000000000000e+02
4.520000000000000000e+02
4.560000000000000000e+02
5.720000000000000000e+02
5.813333333333333712e+02
4.760000000000000000e+02
4.770000000000000000e+02
5.586666666666666288e+02
4.840000000000000000e+02
5.220000000000000000e+02
5.520000000000000000e+02
4.800000000000000000e+02
5.600000000000000000e+02
5.640000000000000000e+02
4.680000000000000000e+02
7.440000000000000000e+02
4.460000000000000000e+02
4.493333333333333144e+02
4.480000000000000000e+02
5.480000000000000000e+02
4.360000000000000000e+02
4.360000000000000000e+02
4.840000000000000000e+02
5.560000000000000000e+02
4.600000000000000000e+02
4.680000000000000000e+02
4.580000000000000000e+02
4.560000000000000000e+02
4.480000000000000000e+02
4.360000000000000000e+02
4.360000000000000000e+02
4.360000000000000000e+02
4.440000000000000000e+02
4.360000000000000000e+02
4.520000000000000000e+02
4.520000000000000000e+02
4.506666666666666856e+02
4.660000000000000000e+02
5.520000000000000000e+02
5.680000000000000000e+02
4.760000000000000000e+02
5.600000000000000000e+02
4.840000000000000000e+02
4.813333333333333144e+02
7.720000000000000000e+02
5.560000000000000000e+02
5.620000000000000000e+02
4.680000000000000000e+02
4.520000000000000000e+02
4.600000000000000000e+02
4.360000000000000000e+02
4.400000000000000000e+02
4.360000000000000000e+02
4.360000000000000000e+02
4.360000000000000000e+02
4.360000000000000000e+02
4.520000000000000000e+02
4.520000000000000000e+02
4.560000000000000000e+02
4.573333333333333144e+02
4.520000000000000000e+02
4.320000000000000000e+02
4.280000000000000000e+02
4.340000000000000000e+02
4.450000000000000000e+02
5.666666666666666288e+02
5.650000000000000000e+02
4.660000000000000000e+02
4.720000000000000000e+02
5.600000000000000000e+02
5.680000000000000000e+02
7.310000000000000000e+02
7.653333333333333712e+02
7.440000000000000000e+02
7.460000000000000000e+02
5.640000000000000000e+02
5.640000000000000000e+02
5.480000000000000000e+02
5.600000000000000000e+02
4.813333333333333144e+02
5.520000000000000000e+02
5.560000000000000000e+02
5.580000000000000000e+02
5.480000000000000000e+02
5.490000000000000000e+02
4.520000000000000000e+02
4.480000000000000000e+02
6.320000000000000000e+02
6.320000000000000000e+02
5.680000000000000000e+02
6.280000000000000000e+02
6.280000000000000000e+02
5.520000000000000000e+02
5.520000000000000000e+02
5.520000000000000000e+02
5.600000000000000000e+02
5.640000000000000000e+02
5.520000000000000000e+02
5.520000000000000000e+02
5.560000000000000000e+02
5.600000000000000000e+02
5.680000000000000000e+02
5.720000000000000000e+02
7.450000000000000000e+02
5.720000000000000000e+02
7.620000000000000000e+02
5.800000000000000000e+02
5.840000000000000000e+02
6.030000000000000000e+02
5.933333333333333712e+02
5.680000000000000000e+02
5.480000000000000000e+02
5.320000000000000000e+02
5.520000000000000000e+02
5.560000000000000000e+02
5.640000000000000000e+02
5.480000000000000000e+02
5.520000000000000000e+02
5.560000000000000000e+02
5.560000000000000000e+02
5.600000000000000000e+02
5.520000000000000000e+02
