6.346666666666666288e+02
6.370000000000000000e+02
6.440000000000000000e+02
6.400000000000000000e+02
6.400000000000000000e+02
6.360000000000000000e+02
6.480000000000000000e+02
6.060000000000000000e+02
6.250000000000000000e+02
6.400000000000000000e+02
6.480000000000000000e+02
6.480000000000000000e+02
6.880000000000000000e+02
7.000000000000000000e+02
6.746666666666666288e+02
6.520000000000000000e+02
6.746666666666666288e+02
6.800000000000000000e+02
6.813333333333333712e+02
7.040000000000000000e+02
7.266666666666666288e+02
6.400000000000000000e+02
6.400000000000000000e+02
6.700000000000000000e+02
5.710000000000000000e+02
6.520000000000000000e+02
6.320000000000000000e+02
6.360000000000000000e+02
6.400000000000000000e+02
6.440000000000000000e+02
6.440000000000000000e+02
6.320000000000000000e+02
6.280000000000000000e+02
6.440000000000000000e+02
6.400000000000000000e+02
6.400000000000000000e+02
6.400000000000000000e+02
5.640000000000000000e+02
5.680000000000000000e+02
5.720000000000000000e+02
7.546666666666666288e+02
5.640000000000000000e+02
6.300000000000000000e+02
5.840000000000000000e+02
6.890000000000000000e+02
6.830000000000000000e+02
6.800000000000000000e+02
7.640000000000000000e+02
6.200000000000000000e+02
5.720000000000000000e+02
5.800000000000000000e+02
5.780000000000000000e+02
5.800000000000000000e+02
5.640000000000000000e+02
5.640000000000000000e+02
5.680000000000000000e+02
5.680000000000000000e+02
5.720000000000000000e+02
5.640000000000000000e+02
5.640000000000000000e+02
5.680000000000000000e+02
5.720000000000000000e+02
5.720000000000000000e+02
5.680000000000000000e+02
5.720000000000000000e+02
5.760000000000000000e+02
5.680000000000000000e+02
5.680000000000000000e+02
5.640000000000000000e+02
5.610000000000000000e+02
5.640000000000000000e+02
5.710000000000000000e+02
5.720000000000000000e+02
5.560000000000000000e+02
5.620000000000000000e+02
5.800000000000000000e+02
5.893333333333333712e+02
5.920000000000000000e+02
6.400000000000000000e+02
6.400000000000000000e+02
6.360000000000000000e+02
6.400000000000000000e+02
5.920000000000000000e+02
5.880000000000000000e+02
5.840000000000000000e+02
6.010000000000000000e+02
5.370000000000000000e+02
5.680000000000000000e+02
5.640000000000000000e+02
5.600000000000000000e+02
5.680000000000000000e+02
5.600000000000000000e+02
5.600000000000000000e+02
5.600000000000000000e+02
5.800000000000000000e+02
5.760000000000000000e+02
5.080000000000000000e+02
5.080000000000000000e+02
5.840000000000000000e+02
5.880000000000000000e+02
5.920000000000000000e+02
5.760000000000000000e+02
5.346666666666666288e+02
5.640000000000000000e+02
5.720000000000000000e+02
5.520000000000000000e+02
7.493333333333333712e+02
5.860000000000000000e+02
7.540000000000000000e+02
5.440000000000000000e+02
5.400000000000000000e+02
5.640000000000000000e+02
5.120000000000000000e+02
5.590000000000000000e+02
5.400000000000000000e+02
5.530000000000000000e+02
4.720000000000000000e+02
7.440000000000000000e+02
4.760000000000000000e+02
6.380000000000000000e+02
4.560000000000000000e+02
5.760000000000000000e+02
4.813333333333333144e+02
5.980000000000000000e+02
5.840000000000000000e+02
5.720000000000000000e+02
4.800000000000000000e+02
5.000000000000000000e+02
4.800000000000000000e+02
4.640000000000000000e+02
4.570000000000000000e+02
4.866666666666666856e+02
4.920000000000000000e+02
5.760000000000000000e+02
5.640000000000000000e+02
4.520000000000000000e+02
4.520000000000000000e+02
5.680000000000000000e+02
5.813333333333333712e+02
4.680000000000000000e+02
4.720000000000000000e+02
5.680000000000000000e+02
4.840000000000000000e+02
5.430000000000000000e+02
5.520000000000000000e+02
5.520000000000000000e+02
5.600000000000000000e+02
5.560000000000000000e+02
4.720000000000000000e+02
7.520000000000000000e+02
4.480000000000000000e+02
4.490000000000000000e+02
4.480000000000000000e+02
5.480000000000000000e+02
4.360000000000000000e+02
4.360000000000000000e+02
4.370000000000000000e+02
5.560000000000000000e+02
4.600000000000000000e+02
4.680000000000000000e+02
4.520000000000000000e+02
4.560000000000000000e+02
4.260000000000000000e+02
4.360000000000000000e+02
4.360000000000000000e+02
4.360000000000000000e+02
4.440000000000000000e+02
4.330000000000000000e+02
4.520000000000000000e+02
4.480000000000000000e+02
4.520000000000000000e+02
5.580000000000000000e+02
5.520000000000000000e+02
5.630000000000000000e+02
4.760000000000000000e+02
5.586666666666666288e+02
4.840000000000000000e+02
4.800000000000000000e+02
7.626666666666666288e+02
5.560000000000000000e+02
5.600000000000000000e+02
4.640000000000000000e+02
4.560000000000000000e+02
4.600000000000000000e+02
4.413333333333333144e+02
4.400000000000000000e+02
4.360000000000000000e+02
4.360000000000000000e+02
4.400000000000000000e+02
4.400000000000000000e+02
4.520000000000000000e+02
4.520000000000000000e+02
4.560000000000000000e+02
6.340000000000000000e+02
4.560000000000000000e+02
4.320000000000000000e+02
4.280000000000000000e+02
4.306666666666666856e+02
4.440000000000000000e+02
5.680000000000000000e+02
5.650000000000000000e+02
4.573333333333333144e+02
4.730000000000000000e+02
5.560000000000000000e+02
5.690000000000000000e+02
7.590000000000000000e+02
7.653333333333333712e+02
7.480000000000000000e+02
5.210000000000000000e+02
5.600000000000000000e+02
6.173333333333333712e+02
5.600000000000000000e+02
5.600000000000000000e+02
4.800000000000000000e+02
5.520000000000000000e+02
5.560000000000000000e+02
5.500000000000000000e+02
5.480000000000000000e+02
5.480000000000000000e+02
4.520000000000000000e+02
4.520000000000000000e+02
6.280000000000000000e+02
6.320000000000000000e+02
5.680000000000000000e+02
6.280000000000000000e+02
6.280000000000000000e+02
5.546666666666666288e+02
5.520000000000000000e+02
5.520000000000000000e+02
5.560000000000000000e+02
5.600000000000000000e+02
5.520000000000000000e+02
5.520000000000000000e+02
5.560000000000000000e+02
5.600000000000000000e+02
5.680000000000000000e+02
5.720000000000000000e+02
7.540000000000000000e+02
5.720000000000000000e+02
5.653333333333333712e+02
5.800000000000000000e+02
5.840000000000000000e+02
6.030000000000000000e+02
5.933333333333333712e+02
5.720000000000000000e+02
5.480000000000000000e+02
5.280000000000000000e+02
5.520000000000000000e+02
5.560000000000000000e+02
5.680000000000000000e+02
5.480000000000000000e+02
5.520000000000000000e+02
5.560000000000000000e+02
5.600000000000000000e+02
5.600000000000000000e+02
5.520000000000000000e+02
