6.360000000000000000e+02
6.360000000000000000e+02
6.440000000000000000e+02
6.440000000000000000e+02
6.400000000000000000e+02
6.320000000000000000e+02
6.480000000000000000e+02
5.946666666666666288e+02
5.890000000000000000e+02
6.400000000000000000e+02
6.440000000000000000e+02
6.480000000000000000e+02
7.173333333333333712e+02
7.106666666666666288e+02
6.800000000000000000e+02
7.060000000000000000e+02
6.746666666666666288e+02
6.800000000000000000e+02
6.820000000000000000e+02
6.920000000000000000e+02
5.880000000000000000e+02
6.460000000000000000e+02
6.440000000000000000e+02
7.500000000000000000e+02
5.720000000000000000e+02
6.520000000000000000e+02
6.320000000000000000e+02
6.360000000000000000e+02
6.400000000000000000e+02
6.400000000000000000e+02
6.400000000000000000e+02
6.320000000000000000e+02
6.280000000000000000e+02
6.440000000000000000e+02
6.400000000000000000e+02
6.400000000000000000e+02
6.400000000000000000e+02
5.640000000000000000e+02
5.680000000000000000e+02
5.720000000000000000e+02
7.546666666666666288e+02
5.640000000000000000e+02
5.720000000000000000e+02
5.840000000000000000e+02
7.520000000000000000e+02
7.470000000000000000e+02
6.760000000000000000e+02
6.080000000000000000e+02
6.180000000000000000e+02
5.710000000000000000e+02
5.800000000000000000e+02
5.780000000000000000e+02
5.800000000000000000e+02
5.760000000000000000e+02
5.640000000000000000e+02
5.720000000000000000e+02
5.680000000000000000e+02
5.720000000000000000e+02
5.640000000000000000e+02
5.640000000000000000e+02
5.680000000000000000e+02
5.720000000000000000e+02
5.720000000000000000e+02
5.680000000000000000e+02
5.720000000000000000e+02
5.720000000000000000e+02
5.680000000000000000e+02
5.640000000000000000e+02
5.640000000000000000e+02
5.640000000000000000e+02
5.680000000000000000e+02
5.680000000000000000e+02
5.680000000000000000e+02
5.520000000000000000e+02
5.506666666666666288e+02
5.750000000000000000e+02
5.893333333333333712e+02
5.920000000000000000e+02
5.840000000000000000e+02
6.400000000000000000e+02
6.360000000000000000e+02
6.360000000000000000e+02
5.960000000000000000e+02
5.880000000000000000e+02
5.840000000000000000e+02
5.990000000000000000e+02
5.440000000000000000e+02
5.720000000000000000e+02
5.600000000000000000e+02
5.640000000000000000e+02
5.670000000000000000e+02
5.600000000000000000e+02
5.600000000000000000e+02
5.600000000000000000e+02
5.800000000000000000e+02
5.760000000000000000e+02
5.080000000000000000e+02
5.080000000000000000e+02
5.840000000000000000e+02
5.920000000000000000e+02
5.880000000000000000e+02
5.720000000000000000e+02
5.760000000000000000e+02
5.600000000000000000e+02
5.740000000000000000e+02
5.520000000000000000e+02
5.730000000000000000e+02
5.860000000000000000e+02
5.840000000000000000e+02
5.470000000000000000e+02
5.386666666666666288e+02
5.586666666666666288e+02
5.120000000000000000e+02
5.060000000000000000e+02
5.180000000000000000e+02
5.586666666666666288e+02
5.140000000000000000e+02
4.720000000000000000e+02
7.620000000000000000e+02
4.720000000000000000e+02
4.540000000000000000e+02
5.760000000000000000e+02
4.853333333333333144e+02
5.920000000000000000e+02
5.840000000000000000e+02
5.800000000000000000e+02
4.800000000000000000e+02
5.000000000000000000e+02
4.853333333333333144e+02
4.600000000000000000e+02
5.640000000000000000e+02
4.880000000000000000e+02
4.920000000000000000e+02
4.920000000000000000e+02
5.640000000000000000e+02
5.610000000000000000e+02
4.520000000000000000e+02
5.626666666666666288e+02
5.813333333333333712e+02
4.760000000000000000e+02
4.720000000000000000e+02
5.580000000000000000e+02
4.870000000000000000e+02
5.260000000000000000e+02
5.520000000000000000e+02
4.800000000000000000e+02
5.640000000000000000e+02
5.560000000000000000e+02
4.680000000000000000e+02
7.520000000000000000e+02
4.480000000000000000e+02
4.490000000000000000e+02
4.480000000000000000e+02
5.480000000000000000e+02
4.320000000000000000e+02
4.320000000000000000e+02
4.840000000000000000e+02
5.560000000000000000e+02
4.560000000000000000e+02
4.630000000000000000e+02
4.520000000000000000e+02
4.560000000000000000e+02
4.360000000000000000e+02
4.360000000000000000e+02
4.400000000000000000e+02
4.360000000000000000e+02
4.360000000000000000e+02
4.360000000000000000e+02
4.430000000000000000e+02
4.520000000000000000e+02
4.520000000000000000e+02
4.660000000000000000e+02
5.520000000000000000e+02
5.630000000000000000e+02
4.760000000000000000e+02
5.600000000000000000e+02
4.920000000000000000e+02
4.800000000000000000e+02
7.626666666666666288e+02
7.620000000000000000e+02
5.600000000000000000e+02
4.666666666666666856e+02
4.520000000000000000e+02
4.560000000000000000e+02
4.413333333333333144e+02
4.400000000000000000e+02
4.360000000000000000e+02
4.360000000000000000e+02
4.360000000000000000e+02
4.360000000000000000e+02
4.520000000000000000e+02
4.520000000000000000e+02
4.560000000000000000e+02
6.340000000000000000e+02
6.290000000000000000e+02
4.280000000000000000e+02
4.280000000000000000e+02
4.306666666666666856e+02
4.400000000000000000e+02
5.653333333333333712e+02
4.680000000000000000e+02
4.660000000000000000e+02
4.760000000000000000e+02
5.560000000000000000e+02
5.680000000000000000e+02
7.440000000000000000e+02
7.546666666666666288e+02
7.800000000000000000e+02
7.460000000000000000e+02
5.640000000000000000e+02
5.600000000000000000e+02
4.940000000000000000e+02
5.600000000000000000e+02
4.813333333333333144e+02
5.560000000000000000e+02
5.560000000000000000e+02
5.580000000000000000e+02
5.480000000000000000e+02
5.490000000000000000e+02
4.520000000000000000e+02
4.480000000000000000e+02
6.280000000000000000e+02
6.320000000000000000e+02
5.680000000000000000e+02
6.240000000000000000e+02
6.280000000000000000e+02
5.520000000000000000e+02
5.520000000000000000e+02
5.560000000000000000e+02
5.560000000000000000e+02
5.600000000000000000e+02
5.560000000000000000e+02
5.520000000000000000e+02
5.560000000000000000e+02
5.600000000000000000e+02
5.680000000000000000e+02
5.720000000000000000e+02
7.440000000000000000e+02
5.760000000000000000e+02
7.600000000000000000e+02
7.693333333333333712e+02
5.840000000000000000e+02
6.000000000000000000e+02
5.933333333333333712e+02
5.740000000000000000e+02
5.480000000000000000e+02
5.280000000000000000e+02
5.520000000000000000e+02
5.600000000000000000e+02
5.640000000000000000e+02
5.480000000000000000e+02
5.520000000000000000e+02
5.560000000000000000e+02
5.600000000000000000e+02
5.600000000000000000e+02
5.520000000000000000e+02
