6.360000000000000000e+02
6.370000000000000000e+02
6.440000000000000000e+02
6.400000000000000000e+02
6.360000000000000000e+02
6.320000000000000000e+02
6.386666666666666288e+02
5.946666666666666288e+02
6.300000000000000000e+02
6.400000000000000000e+02
6.480000000000000000e+02
6.466666666666666288e+02
6.920000000000000000e+02
6.840000000000000000e+02
6.733333333333333712e+02
6.786666666666666288e+02
6.506666666666666288e+02
6.840000000000000000e+02
6.920000000000000000e+02
6.940000000000000000e+02
7.266666666666666288e+02
6.460000000000000000e+02
6.440000000000000000e+02
6.700000000000000000e+02
5.760000000000000000e+02
6.533333333333333712e+02
6.320000000000000000e+02
6.360000000000000000e+02
6.400000000000000000e+02
6.440000000000000000e+02
6.400000000000000000e+02
6.320000000000000000e+02
5.960000000000000000e+02
6.400000000000000000e+02
6.450000000000000000e+02
6.400000000000000000e+02
6.400000000000000000e+02
6.400000000000000000e+02
5.680000000000000000e+02
5.680000000000000000e+02
5.760000000000000000e+02
5.650000000000000000e+02
5.720000000000000000e+02
5.840000000000000000e+02
6.130000000000000000e+02
6.973333333333333712e+02
6.830000000000000000e+02
6.066666666666666288e+02
6.186666666666666288e+02
5.720000000000000000e+02
5.800000000000000000e+02
5.840000000000000000e+02
5.840000000000000000e+02
5.680000000000000000e+02
5.640000000000000000e+02
5.720000000000000000e+02
5.680000000000000000e+02
5.720000000000000000e+02
5.610000000000000000e+02
5.640000000000000000e+02
5.680000000000000000e+02
5.760000000000000000e+02
5.720000000000000000e+02
5.680000000000000000e+02
5.680000000000000000e+02
5.720000000000000000e+02
5.680000000000000000e+02
5.640000000000000000e+02
5.640000000000000000e+02
5.640000000000000000e+02
5.680000000000000000e+02
5.680000000000000000e+02
5.720000000000000000e+02
5.520000000000000000e+02
5.620000000000000000e+02
5.800000000000000000e+02
5.920000000000000000e+02
5.920000000000000000e+02
6.400000000000000000e+02
6.320000000000000000e+02
6.360000000000000000e+02
6.400000000000000000e+02
5.866666666666666288e+02
5.880000000000000000e+02
5.840000000000000000e+02
5.880000000000000000e+02
5.440000000000000000e+02
5.720000000000000000e+02
5.600000000000000000e+02
5.640000000000000000e+02
5.680000000000000000e+02
5.600000000000000000e+02
5.600000000000000000e+02
5.600000000000000000e+02
5.800000000000000000e+02
5.720000000000000000e+02
5.080000000000000000e+02
5.080000000000000000e+02
5.800000000000000000e+02
5.880000000000000000e+02
5.880000000000000000e+02
5.760000000000000000e+02
5.853333333333333712e+02
5.640000000000000000e+02
5.760000000000000000e+02
5.480000000000000000e+02
5.720000000000000000e+02
5.860000000000000000e+02
7.540000000000000000e+02
5.440000000000000000e+02
5.400000000000000000e+02
5.586666666666666288e+02
5.120000000000000000e+02
4.990000000000000000e+02
5.400000000000000000e+02
5.530000000000000000e+02
5.140000000000000000e+02
4.720000000000000000e+02
4.770000000000000000e+02
4.720000000000000000e+02
4.560000000000000000e+02
5.760000000000000000e+02
4.853333333333333144e+02
5.920000000000000000e+02
5.840000000000000000e+02
5.720000000000000000e+02
4.800000000000000000e+02
5.000000000000000000e+02
4.860000000000000000e+02
4.600000000000000000e+02
5.630000000000000000e+02
4.880000000000000000e+02
4.920000000000000000e+02
4.920000000000000000e+02
5.600000000000000000e+02
4.480000000000000000e+02
4.520000000000000000e+02
5.650000000000000000e+02
7.360000000000000000e+02
4.760000000000000000e+02
5.586666666666666288e+02
5.586666666666666288e+02
4.840000000000000000e+02
5.260000000000000000e+02
5.520000000000000000e+02
5.520000000000000000e+02
5.640000000000000000e+02
5.560000000000000000e+02
4.680000000000000000e+02
7.520000000000000000e+02
4.500000000000000000e+02
4.490000000000000000e+02
4.440000000000000000e+02
5.520000000000000000e+02
4.360000000000000000e+02
4.360000000000000000e+02
4.360000000000000000e+02
5.520000000000000000e+02
4.560000000000000000e+02
4.680000000000000000e+02
4.520000000000000000e+02
4.560000000000000000e+02
4.480000000000000000e+02
4.400000000000000000e+02
4.360000000000000000e+02
4.360000000000000000e+02
4.360000000000000000e+02
4.360000000000000000e+02
4.520000000000000000e+02
4.520000000000000000e+02
4.560000000000000000e+02
5.640000000000000000e+02
5.520000000000000000e+02
5.640000000000000000e+02
4.760000000000000000e+02
5.560000000000000000e+02
4.880000000000000000e+02
4.760000000000000000e+02
7.626666666666666288e+02
5.560000000000000000e+02
5.600000000000000000e+02
4.680000000000000000e+02
4.580000000000000000e+02
4.540000000000000000e+02
4.320000000000000000e+02
4.400000000000000000e+02
4.360000000000000000e+02
4.360000000000000000e+02
4.400000000000000000e+02
4.370000000000000000e+02
4.520000000000000000e+02
4.520000000000000000e+02
4.560000000000000000e+02
6.320000000000000000e+02
4.520000000000000000e+02
4.520000000000000000e+02
4.280000000000000000e+02
4.280000000000000000e+02
4.440000000000000000e+02
5.666666666666666288e+02
4.720000000000000000e+02
4.660000000000000000e+02
4.730000000000000000e+02
5.546666666666666288e+02
5.680000000000000000e+02
7.480000000000000000e+02
4.800000000000000000e+02
4.786666666666666856e+02
5.680000000000000000e+02
5.640000000000000000e+02
5.613333333333333712e+02
5.600000000000000000e+02
5.600000000000000000e+02
4.810000000000000000e+02
5.520000000000000000e+02
5.560000000000000000e+02
5.413333333333333712e+02
5.480000000000000000e+02
5.480000000000000000e+02
4.520000000000000000e+02
4.520000000000000000e+02
6.320000000000000000e+02
6.360000000000000000e+02
5.680000000000000000e+02
6.280000000000000000e+02
6.280000000000000000e+02
5.520000000000000000e+02
5.520000000000000000e+02
5.520000000000000000e+02
5.600000000000000000e+02
5.600000000000000000e+02
5.520000000000000000e+02
5.520000000000000000e+02
5.560000000000000000e+02
5.600000000000000000e+02
5.680000000000000000e+02
5.680000000000000000e+02
6.030000000000000000e+02
5.760000000000000000e+02
7.600000000000000000e+02
7.693333333333333712e+02
5.840000000000000000e+02
5.973333333333333712e+02
5.840000000000000000e+02
5.680000000000000000e+02
5.480000000000000000e+02
5.320000000000000000e+02
5.480000000000000000e+02
5.560000000000000000e+02
5.680000000000000000e+02
5.520000000000000000e+02
5.520000000000000000e+02
5.560000000000000000e+02
5.600000000000000000e+02
5.600000000000000000e+02
5.520000000000000000e+02
