6.360000000000000000e+02
6.360000000000000000e+02
6.380000000000000000e+02
6.400000000000000000e+02
6.400000000000000000e+02
6.320000000000000000e+02
6.440000000000000000e+02
5.986666666666666288e+02
6.250000000000000000e+02
6.400000000000000000e+02
6.480000000000000000e+02
6.520000000000000000e+02
6.920000000000000000e+02
6.840000000000000000e+02
6.746666666666666288e+02
6.786666666666666288e+02
6.746666666666666288e+02
6.800000000000000000e+02
6.820000000000000000e+02
6.940000000000000000e+02
5.850000000000000000e+02
6.460000000000000000e+02
6.400000000000000000e+02
7.500000000000000000e+02
5.720000000000000000e+02
6.533333333333333712e+02
6.320000000000000000e+02
6.360000000000000000e+02
6.400000000000000000e+02
6.400000000000000000e+02
6.440000000000000000e+02
6.260000000000000000e+02
6.026666666666666288e+02
6.400000000000000000e+02
6.400000000000000000e+02
6.400000000000000000e+02
6.400000000000000000e+02
5.640000000000000000e+02
5.680000000000000000e+02
5.720000000000000000e+02
7.546666666666666288e+02
5.680000000000000000e+02
6.300000000000000000e+02
5.840000000000000000e+02
6.130000000000000000e+02
6.830000000000000000e+02
6.800000000000000000e+02
6.080000000000000000e+02
6.200000000000000000e+02
5.680000000000000000e+02
5.800000000000000000e+02
5.840000000000000000e+02
5.840000000000000000e+02
5.680000000000000000e+02
5.640000000000000000e+02
5.680000000000000000e+02
5.680000000000000000e+02
5.720000000000000000e+02
5.640000000000000000e+02
5.680000000000000000e+02
5.680000000000000000e+02
5.760000000000000000e+02
5.720000000000000000e+02
5.680000000000000000e+02
5.680000000000000000e+02
5.720000000000000000e+02
5.680000000000000000e+02
5.640000000000000000e+02
5.640000000000000000e+02
5.600000000000000000e+02
5.680000000000000000e+02
5.710000000000000000e+02
5.720000000000000000e+02
5.613333333333333712e+02
5.340000000000000000e+02
5.750000000000000000e+02
5.880000000000000000e+02
5.890000000000000000e+02
6.400000000000000000e+02
6.360000000000000000e+02
6.360000000000000000e+02
6.360000000000000000e+02
5.920000000000000000e+02
5.880000000000000000e+02
5.840000000000000000e+02
6.010000000000000000e+02
5.440000000000000000e+02
5.720000000000000000e+02
5.600000000000000000e+02
5.680000000000000000e+02
5.680000000000000000e+02
5.560000000000000000e+02
5.600000000000000000e+02
5.600000000000000000e+02
5.700000000000000000e+02
5.760000000000000000e+02
5.080000000000000000e+02
5.080000000000000000e+02
5.840000000000000000e+02
5.920000000000000000e+02
5.920000000000000000e+02
5.760000000000000000e+02
5.610000000000000000e+02
5.600000000000000000e+02
5.720000000000000000e+02
5.570000000000000000e+02
5.680000000000000000e+02
4.690000000000000000e+02
5.840000000000000000e+02
5.440000000000000000e+02
5.400000000000000000e+02
5.640000000000000000e+02
5.080000000000000000e+02
5.100000000000000000e+02
5.180000000000000000e+02
5.530000000000000000e+02
4.720000000000000000e+02
7.440000000000000000e+02
7.620000000000000000e+02
6.040000000000000000e+02
4.620000000000000000e+02
5.760000000000000000e+02
4.840000000000000000e+02
5.880000000000000000e+02
5.840000000000000000e+02
5.770000000000000000e+02
4.706666666666666856e+02
5.000000000000000000e+02
4.800000000000000000e+02
4.600000000000000000e+02
4.570000000000000000e+02
4.880000000000000000e+02
4.880000000000000000e+02
5.760000000000000000e+02
5.640000000000000000e+02
4.520000000000000000e+02
4.520000000000000000e+02
5.720000000000000000e+02
7.360000000000000000e+02
4.680000000000000000e+02
4.750000000000000000e+02
5.680000000000000000e+02
4.840000000000000000e+02
5.220000000000000000e+02
5.410000000000000000e+02
4.800000000000000000e+02
5.600000000000000000e+02
5.600000000000000000e+02
4.720000000000000000e+02
7.440000000000000000e+02
4.480000000000000000e+02
4.490000000000000000e+02
4.480000000000000000e+02
5.480000000000000000e+02
4.360000000000000000e+02
4.320000000000000000e+02
4.346666666666666856e+02
5.560000000000000000e+02
4.600000000000000000e+02
4.680000000000000000e+02
4.520000000000000000e+02
4.560000000000000000e+02
4.260000000000000000e+02
4.380000000000000000e+02
4.360000000000000000e+02
4.360000000000000000e+02
4.400000000000000000e+02
4.330000000000000000e+02
4.430000000000000000e+02
4.480000000000000000e+02
4.560000000000000000e+02
5.580000000000000000e+02
5.520000000000000000e+02
5.640000000000000000e+02
4.760000000000000000e+02
5.600000000000000000e+02
4.920000000000000000e+02
4.800000000000000000e+02
4.786666666666666856e+02
7.620000000000000000e+02
5.620000000000000000e+02
4.680000000000000000e+02
4.520000000000000000e+02
4.560000000000000000e+02
4.320000000000000000e+02
4.400000000000000000e+02
4.360000000000000000e+02
4.360000000000000000e+02
4.400000000000000000e+02
4.360000000000000000e+02
4.520000000000000000e+02
4.520000000000000000e+02
4.560000000000000000e+02
6.360000000000000000e+02
4.560000000000000000e+02
4.320000000000000000e+02
4.280000000000000000e+02
4.306666666666666856e+02
4.440000000000000000e+02
5.670000000000000000e+02
4.680000000000000000e+02
4.660000000000000000e+02
4.720000000000000000e+02
5.560000000000000000e+02
5.680000000000000000e+02
7.440000000000000000e+02
7.653333333333333712e+02
4.800000000000000000e+02
6.360000000000000000e+02
5.640000000000000000e+02
5.613333333333333712e+02
5.600000000000000000e+02
5.600000000000000000e+02
5.580000000000000000e+02
5.560000000000000000e+02
5.560000000000000000e+02
5.400000000000000000e+02
5.480000000000000000e+02
5.453333333333333712e+02
4.520000000000000000e+02
4.520000000000000000e+02
6.320000000000000000e+02
6.320000000000000000e+02
6.340000000000000000e+02
6.280000000000000000e+02
6.280000000000000000e+02
5.520000000000000000e+02
5.520000000000000000e+02
5.560000000000000000e+02
5.600000000000000000e+02
5.600000000000000000e+02
5.520000000000000000e+02
5.520000000000000000e+02
5.520000000000000000e+02
5.560000000000000000e+02
5.640000000000000000e+02
5.720000000000000000e+02
7.450000000000000000e+02
5.700000000000000000e+02
7.600000000000000000e+02
7.693333333333333712e+02
5.840000000000000000e+02
6.040000000000000000e+02
5.840000000000000000e+02
5.740000000000000000e+02
5.440000000000000000e+02
5.320000000000000000e+02
5.520000000000000000e+02
5.600000000000000000e+02
5.680000000000000000e+02
5.580000000000000000e+02
5.520000000000000000e+02
5.560000000000000000e+02
5.600000000000000000e+02
5.600000000000000000e+02
5.520000000000000000e+02
