6.360000000000000000e+02
6.320000000000000000e+02
6.440000000000000000e+02
6.440000000000000000e+02
6.360000000000000000e+02
6.320000000000000000e+02
6.440000000000000000e+02
6.053333333333333712e+02
6.426666666666666288e+02
6.400000000000000000e+02
6.480000000000000000e+02
6.466666666666666288e+02
6.920000000000000000e+02
7.173333333333333712e+02
6.733333333333333712e+02
6.786666666666666288e+02
6.573333333333333712e+02
6.800000000000000000e+02
6.920000000000000000e+02
6.940000000000000000e+02
5.850000000000000000e+02
6.400000000000000000e+02
6.400000000000000000e+02
6.700000000000000000e+02
5.720000000000000000e+02
5.653333333333333712e+02
6.320000000000000000e+02
6.360000000000000000e+02
6.400000000000000000e+02
6.400000000000000000e+02
6.440000000000000000e+02
6.400000000000000000e+02
6.026666666666666288e+02
6.400000000000000000e+02
6.400000000000000000e+02
6.400000000000000000e+02
6.400000000000000000e+02
5.640000000000000000e+02
5.680000000000000000e+02
5.720000000000000000e+02
7.546666666666666288e+02
5.680000000000000000e+02
5.680000000000000000e+02
5.840000000000000000e+02
7.240000000000000000e+02
6.870000000000000000e+02
6.760000000000000000e+02
6.080000000000000000e+02
6.160000000000000000e+02
5.720000000000000000e+02
5.880000000000000000e+02
5.780000000000000000e+02
5.800000000000000000e+02
5.680000000000000000e+02
5.640000000000000000e+02
5.680000000000000000e+02
5.680000000000000000e+02
5.720000000000000000e+02
5.640000000000000000e+02
5.640000000000000000e+02
5.680000000000000000e+02
5.720000000000000000e+02
5.720000000000000000e+02
5.720000000000000000e+02
5.720000000000000000e+02
5.760000000000000000e+02
5.680000000000000000e+02
5.680000000000000000e+02
5.640000000000000000e+02
5.640000000000000000e+02
5.680000000000000000e+02
5.680000000000000000e+02
5.720000000000000000e+02
5.560000000000000000e+02
5.506666666666666288e+02
5.800000000000000000e+02
5.893333333333333712e+02
5.920000000000000000e+02
6.440000000000000000e+02
6.320000000000000000e+02
6.320000000000000000e+02
6.400000000000000000e+02
5.960000000000000000e+02
5.880000000000000000e+02
5.840000000000000000e+02
6.000000000000000000e+02
5.370000000000000000e+02
5.600000000000000000e+02
5.640000000000000000e+02
5.640000000000000000e+02
5.670000000000000000e+02
5.600000000000000000e+02
5.600000000000000000e+02
5.600000000000000000e+02
5.840000000000000000e+02
5.720000000000000000e+02
5.040000000000000000e+02
5.120000000000000000e+02
5.826666666666666288e+02
5.880000000000000000e+02
5.920000000000000000e+02
5.760000000000000000e+02
5.853333333333333712e+02
5.640000000000000000e+02
5.740000000000000000e+02
5.480000000000000000e+02
5.720000000000000000e+02
5.800000000000000000e+02
5.800000000000000000e+02
5.440000000000000000e+02
5.413333333333333712e+02
5.520000000000000000e+02
5.093333333333333144e+02
5.100000000000000000e+02
5.400000000000000000e+02
5.586666666666666288e+02
4.720000000000000000e+02
7.430000000000000000e+02
4.760000000000000000e+02
6.380000000000000000e+02
4.560000000000000000e+02
5.760000000000000000e+02
4.830000000000000000e+02
5.880000000000000000e+02
5.850000000000000000e+02
5.720000000000000000e+02
4.706666666666666856e+02
5.000000000000000000e+02
4.853333333333333144e+02
4.640000000000000000e+02
5.630000000000000000e+02
4.880000000000000000e+02
4.920000000000000000e+02
5.760000000000000000e+02
5.640000000000000000e+02
4.520000000000000000e+02
4.520000000000000000e+02
5.720000000000000000e+02
5.740000000000000000e+02
4.720000000000000000e+02
4.750000000000000000e+02
5.680000000000000000e+02
4.870000000000000000e+02
5.430000000000000000e+02
5.520000000000000000e+02
5.520000000000000000e+02
5.640000000000000000e+02
5.640000000000000000e+02
4.680000000000000000e+02
7.440000000000000000e+02
4.460000000000000000e+02
4.520000000000000000e+02
4.440000000000000000e+02
5.480000000000000000e+02
4.320000000000000000e+02
4.360000000000000000e+02
4.840000000000000000e+02
5.520000000000000000e+02
4.600000000000000000e+02
4.680000000000000000e+02
4.520000000000000000e+02
4.560000000000000000e+02
4.260000000000000000e+02
4.360000000000000000e+02
4.360000000000000000e+02
4.360000000000000000e+02
4.400000000000000000e+02
4.360000000000000000e+02
4.480000000000000000e+02
4.520000000000000000e+02
4.506666666666666856e+02
5.580000000000000000e+02
5.520000000000000000e+02
5.640000000000000000e+02
4.760000000000000000e+02
5.586666666666666288e+02
4.840000000000000000e+02
4.760000000000000000e+02
7.650000000000000000e+02
5.560000000000000000e+02
5.580000000000000000e+02
4.640000000000000000e+02
4.560000000000000000e+02
5.573333333333333712e+02
4.320000000000000000e+02
4.400000000000000000e+02
4.360000000000000000e+02
4.360000000000000000e+02
4.400000000000000000e+02
4.400000000000000000e+02
4.480000000000000000e+02
4.520000000000000000e+02
4.520000000000000000e+02
6.320000000000000000e+02
4.560000000000000000e+02
4.320000000000000000e+02
4.280000000000000000e+02
5.620000000000000000e+02
4.400000000000000000e+02
5.653333333333333712e+02
4.680000000000000000e+02
4.660000000000000000e+02
4.720000000000000000e+02
5.560000000000000000e+02
5.680000000000000000e+02
7.310000000000000000e+02
4.733333333333333144e+02
4.800000000000000000e+02
5.210000000000000000e+02
5.640000000000000000e+02
5.640000000000000000e+02
5.480000000000000000e+02
5.560000000000000000e+02
5.580000000000000000e+02
5.560000000000000000e+02
5.520000000000000000e+02
5.440000000000000000e+02
5.480000000000000000e+02
5.480000000000000000e+02
4.520000000000000000e+02
4.480000000000000000e+02
6.280000000000000000e+02
6.320000000000000000e+02
5.680000000000000000e+02
6.280000000000000000e+02
6.280000000000000000e+02
5.520000000000000000e+02
5.520000000000000000e+02
5.560000000000000000e+02
5.600000000000000000e+02
5.600000000000000000e+02
5.520000000000000000e+02
5.520000000000000000e+02
5.560000000000000000e+02
5.600000000000000000e+02
5.680000000000000000e+02
5.720000000000000000e+02
6.030000000000000000e+02
5.720000000000000000e+02
7.790000000000000000e+02
5.800000000000000000e+02
5.880000000000000000e+02
5.880000000000000000e+02
5.933333333333333712e+02
5.720000000000000000e+02
5.480000000000000000e+02
5.280000000000000000e+02
5.520000000000000000e+02
5.610000000000000000e+02
5.640000000000000000e+02
5.580000000000000000e+02
5.520000000000000000e+02
5.560000000000000000e+02
5.560000000000000000e+02
5.600000000000000000e+02
5.520000000000000000e+02
