6.360000000000000000e+02
6.360000000000000000e+02
6.380000000000000000e+02
6.400000000000000000e+02
6.400000000000000000e+02
6.320000000000000000e+02
6.386666666666666288e+02
5.986666666666666288e+02
6.300000000000000000e+02
6.610000000000000000e+02
6.480000000000000000e+02
6.480000000000000000e+02
6.880000000000000000e+02
6.990000000000000000e+02
6.746666666666666288e+02
6.520000000000000000e+02
6.580000000000000000e+02
6.820000000000000000e+02
6.906666666666666288e+02
6.940000000000000000e+02
5.880000000000000000e+02
6.400000000000000000e+02
6.400000000000000000e+02
6.700000000000000000e+02
5.720000000000000000e+02
5.720000000000000000e+02
6.346666666666666288e+02
6.360000000000000000e+02
6.400000000000000000e+02
6.440000000000000000e+02
6.400000000000000000e+02
6.400000000000000000e+02
6.000000000000000000e+02
6.400000000000000000e+02
6.400000000000000000e+02
6.400000000000000000e+02
6.400000000000000000e+02
5.640000000000000000e+02
5.680000000000000000e+02
5.720000000000000000e+02
7.546666666666666288e+02
5.680000000000000000e+02
5.720000000000000000e+02
5.840000000000000000e+02
7.240000000000000000e+02
6.973333333333333712e+02
6.850000000000000000e+02
7.640000000000000000e+02
6.160000000000000000e+02
5.720000000000000000e+02
5.800000000000000000e+02
5.800000000000000000e+02
5.800000000000000000e+02
5.680000000000000000e+02
5.640000000000000000e+02
5.680000000000000000e+02
5.680000000000000000e+02
5.720000000000000000e+02
5.640000000000000000e+02
5.640000000000000000e+02
5.680000000000000000e+02
5.760000000000000000e+02
5.720000000000000000e+02
5.680000000000000000e+02
5.720000000000000000e+02
5.760000000000000000e+02
5.680000000000000000e+02
5.680000000000000000e+02
5.640000000000000000e+02
5.640000000000000000e+02
5.640000000000000000e+02
5.720000000000000000e+02
5.720000000000000000e+02
5.560000000000000000e+02
5.480000000000000000e+02
5.750000000000000000e+02
5.880000000000000000e+02
5.920000000000000000e+02
6.400000000000000000e+02
6.320000000000000000e+02
6.360000000000000000e+02
6.360000000000000000e+02
5.920000000000000000e+02
5.880000000000000000e+02
5.800000000000000000e+02
6.010000000000000000e+02
5.400000000000000000e+02
5.720000000000000000e+02
5.620000000000000000e+02
5.640000000000000000e+02
5.680000000000000000e+02
5.600000000000000000e+02
5.600000000000000000e+02
5.600000000000000000e+02
5.800000000000000000e+02
5.720000000000000000e+02
5.040000000000000000e+02
5.080000000000000000e+02
5.840000000000000000e+02
5.920000000000000000e+02
5.880000000000000000e+02
5.760000000000000000e+02
5.620000000000000000e+02
5.600000000000000000e+02
5.740000000000000000e+02
5.520000000000000000e+02
5.680000000000000000e+02
5.860000000000000000e+02
5.826666666666666288e+02
5.480000000000000000e+02
5.400000000000000000e+02
5.640000000000000000e+02
5.080000000000000000e+02
5.060000000000000000e+02
5.180000000000000000e+02
5.586666666666666288e+02
4.720000000000000000e+02
7.480000000000000000e+02
4.770000000000000000e+02
6.050000000000000000e+02
4.620000000000000000e+02
5.800000000000000000e+02
4.840000000000000000e+02
5.980000000000000000e+02
5.850000000000000000e+02
5.770000000000000000e+02
4.800000000000000000e+02
4.970000000000000000e+02
5.000000000000000000e+02
4.640000000000000000e+02
4.570000000000000000e+02
4.880000000000000000e+02
4.880000000000000000e+02
5.800000000000000000e+02
5.640000000000000000e+02
4.480000000000000000e+02
4.520000000000000000e+02
4.600000000000000000e+02
5.740000000000000000e+02
4.720000000000000000e+02
4.770000000000000000e+02
5.680000000000000000e+02
4.840000000000000000e+02
5.370000000000000000e+02
5.520000000000000000e+02
4.773333333333333144e+02
5.640000000000000000e+02
5.600000000000000000e+02
5.560000000000000000e+02
7.520000000000000000e+02
4.480000000000000000e+02
4.480000000000000000e+02
4.480000000000000000e+02
5.480000000000000000e+02
4.360000000000000000e+02
4.360000000000000000e+02
4.346666666666666856e+02
5.520000000000000000e+02
4.560000000000000000e+02
4.680000000000000000e+02
4.520000000000000000e+02
4.560000000000000000e+02
4.280000000000000000e+02
4.380000000000000000e+02
4.400000000000000000e+02
4.360000000000000000e+02
4.400000000000000000e+02
4.360000000000000000e+02
4.520000000000000000e+02
4.480000000000000000e+02
4.500000000000000000e+02
5.640000000000000000e+02
5.530000000000000000e+02
5.640000000000000000e+02
4.760000000000000000e+02
5.600000000000000000e+02
4.880000000000000000e+02
4.813333333333333144e+02
7.720000000000000000e+02
7.620000000000000000e+02
5.600000000000000000e+02
4.666666666666666856e+02
4.520000000000000000e+02
5.630000000000000000e+02
4.360000000000000000e+02
4.400000000000000000e+02
4.360000000000000000e+02
4.360000000000000000e+02
4.360000000000000000e+02
4.400000000000000000e+02
4.520000000000000000e+02
4.520000000000000000e+02
4.520000000000000000e+02
6.320000000000000000e+02
4.520000000000000000e+02
4.280000000000000000e+02
4.280000000000000000e+02
4.340000000000000000e+02
4.440000000000000000e+02
5.666666666666666288e+02
4.680000000000000000e+02
4.660000000000000000e+02
4.730000000000000000e+02
5.600000000000000000e+02
5.680000000000000000e+02
7.310000000000000000e+02
4.760000000000000000e+02
4.786666666666666856e+02
7.460000000000000000e+02
5.640000000000000000e+02
6.173333333333333712e+02
5.480000000000000000e+02
5.560000000000000000e+02
4.813333333333333144e+02
5.520000000000000000e+02
5.560000000000000000e+02
5.440000000000000000e+02
5.480000000000000000e+02
5.453333333333333712e+02
4.520000000000000000e+02
4.480000000000000000e+02
5.600000000000000000e+02
6.320000000000000000e+02
5.680000000000000000e+02
6.280000000000000000e+02
6.280000000000000000e+02
5.546666666666666288e+02
5.520000000000000000e+02
5.520000000000000000e+02
5.560000000000000000e+02
5.600000000000000000e+02
5.560000000000000000e+02
5.520000000000000000e+02
5.520000000000000000e+02
5.600000000000000000e+02
5.650000000000000000e+02
5.720000000000000000e+02
7.540000000000000000e+02
5.720000000000000000e+02
7.600000000000000000e+02
5.800000000000000000e+02
5.840000000000000000e+02
6.040000000000000000e+02
5.800000000000000000e+02
5.680000000000000000e+02
5.480000000000000000e+02
5.280000000000000000e+02
5.480000000000000000e+02
5.640000000000000000e+02
5.640000000000000000e+02
5.520000000000000000e+02
5.520000000000000000e+02
5.600000000000000000e+02
5.560000000000000000e+02
5.600000000000000000e+02
5.520000000000000000e+02
