6.360000000000000000e+02
6.370000000000000000e+02
6.440000000000000000e+02
6.440000000000000000e+02
6.360000000000000000e+02
6.400000000000000000e+02
6.480000000000000000e+02
5.986666666666666288e+02
6.300000000000000000e+02
6.450000000000000000e+02
6.470000000000000000e+02
6.520000000000000000e+02
6.920000000000000000e+02
6.990000000000000000e+02
6.800000000000000000e+02
6.580000000000000000e+02
6.506666666666666288e+02
6.800000000000000000e+02
6.760000000000000000e+02
6.920000000000000000e+02
5.850000000000000000e+02
6.400000000000000000e+02
6.440000000000000000e+02
7.650000000000000000e+02
5.720000000000000000e+02
5.653333333333333712e+02
6.320000000000000000e+02
6.360000000000000000e+02
6.400000000000000000e+02
6.440000000000000000e+02
6.440000000000000000e+02
6.360000000000000000e+02
6.000000000000000000e+02
6.480000000000000000e+02
6.400000000000000000e+02
6.400000000000000000e+02
6.400000000000000000e+02
6.360000000000000000e+02
5.680000000000000000e+02
5.690000000000000000e+02
7.546666666666666288e+02
5.650000000000000000e+02
6.300000000000000000e+02
5.840000000000000000e+02
6.890000000000000000e+02
6.973333333333333712e+02
6.800000000000000000e+02
6.080000000000000000e+02
6.180000000000000000e+02
5.720000000000000000e+02
5.800000000000000000e+02
5.780000000000000000e+02
5.800000000000000000e+02
5.680000000000000000e+02
5.640000000000000000e+02
5.680000000000000000e+02
5.680000000000000000e+02
5.760000000000000000e+02
5.610000000000000000e+02
5.680000000000000000e+02
5.680000000000000000e+02
5.720000000000000000e+02
5.760000000000000000e+02
5.680000000000000000e+02
5.680000000000000000e+02
5.720000000000000000e+02
5.680000000000000000e+02
5.680000000000000000e+02
5.640000000000000000e+02
5.640000000000000000e+02
5.720000000000000000e+02
5.680000000000000000e+02
5.720000000000000000e+02
5.520000000000000000e+02
5.340000000000000000e+02
5.800000000000000000e+02
5.893333333333333712e+02
5.920000000000000000e+02
6.440000000000000000e+02
6.360000000000000000e+02
6.360000000000000000e+02
6.360000000000000000e+02
6.000000000000000000e+02
5.880000000000000000e+02
5.840000000000000000e+02
6.010000000000000000e+02
5.370000000000000000e+02
5.600000000000000000e+02
5.600000000000000000e+02
5.680000000000000000e+02
5.640000000000000000e+02
5.600000000000000000e+02
5.600000000000000000e+02
5.600000000000000000e+02
5.840000000000000000e+02
5.720000000000000000e+02
5.040000000000000000e+02
5.040000000000000000e+02
5.840000000000000000e+02
5.880000000000000000e+02
5.880000000000000000e+02
5.866666666666666288e+02
5.346666666666666288e+02
5.600000000000000000e+02
5.720000000000000000e+02
5.520000000000000000e+02
5.600000000000000000e+02
5.860000000000000000e+02
5.840000000000000000e+02
5.470000000000000000e+02
5.440000000000000000e+02
5.640000000000000000e+02
5.080000000000000000e+02
5.060000000000000000e+02
5.400000000000000000e+02
5.530000000000000000e+02
4.720000000000000000e+02
7.480000000000000000e+02
7.620000000000000000e+02
6.040000000000000000e+02
4.540000000000000000e+02
5.760000000000000000e+02
4.880000000000000000e+02
5.920000000000000000e+02
5.840000000000000000e+02
5.800000000000000000e+02
4.800000000000000000e+02
5.000000000000000000e+02
4.800000000000000000e+02
4.600000000000000000e+02
4.570000000000000000e+02
4.880000000000000000e+02
4.880000000000000000e+02
5.760000000000000000e+02
5.660000000000000000e+02
4.480000000000000000e+02
4.520000000000000000e+02
4.600000000000000000e+02
5.740000000000000000e+02
4.720000000000000000e+02
4.720000000000000000e+02
6.020000000000000000e+02
5.530000000000000000e+02
5.430000000000000000e+02
5.520000000000000000e+02
5.520000000000000000e+02
5.640000000000000000e+02
5.560000000000000000e+02
4.720000000000000000e+02
7.560000000000000000e+02
4.500000000000000000e+02
4.490000000000000000e+02
4.480000000000000000e+02
5.520000000000000000e+02
4.360000000000000000e+02
4.360000000000000000e+02
4.360000000000000000e+02
4.773333333333333144e+02
4.560000000000000000e+02
4.680000000000000000e+02
4.520000000000000000e+02
4.560000000000000000e+02
4.360000000000000000e+02
4.360000000000000000e+02
4.400000000000000000e+02
4.360000000000000000e+02
4.360000000000000000e+02
4.360000000000000000e+02
4.480000000000000000e+02
4.520000000000000000e+02
4.560000000000000000e+02
4.770000000000000000e+02
5.530000000000000000e+02
5.640000000000000000e+02
4.760000000000000000e+02
5.586666666666666288e+02
4.840000000000000000e+02
4.760000000000000000e+02
7.650000000000000000e+02
5.573333333333333712e+02
5.620000000000000000e+02
4.680000000000000000e+02
4.560000000000000000e+02
4.560000000000000000e+02
4.320000000000000000e+02
4.400000000000000000e+02
4.360000000000000000e+02
4.360000000000000000e+02
4.360000000000000000e+02
4.400000000000000000e+02
4.520000000000000000e+02
4.520000000000000000e+02
4.560000000000000000e+02
6.360000000000000000e+02
4.560000000000000000e+02
4.520000000000000000e+02
4.280000000000000000e+02
4.306666666666666856e+02
4.400000000000000000e+02
5.653333333333333712e+02
4.680000000000000000e+02
4.660000000000000000e+02
4.720000000000000000e+02
5.560000000000000000e+02
5.690000000000000000e+02
7.480000000000000000e+02
4.760000000000000000e+02
4.800000000000000000e+02
6.360000000000000000e+02
5.640000000000000000e+02
6.173333333333333712e+02
5.480000000000000000e+02
5.560000000000000000e+02
4.800000000000000000e+02
5.560000000000000000e+02
5.560000000000000000e+02
5.500000000000000000e+02
5.480000000000000000e+02
5.440000000000000000e+02
4.560000000000000000e+02
4.520000000000000000e+02
6.280000000000000000e+02
6.320000000000000000e+02
5.680000000000000000e+02
6.240000000000000000e+02
6.280000000000000000e+02
5.520000000000000000e+02
5.520000000000000000e+02
5.520000000000000000e+02
5.600000000000000000e+02
5.600000000000000000e+02
5.520000000000000000e+02
5.520000000000000000e+02
5.560000000000000000e+02
5.600000000000000000e+02
5.650000000000000000e+02
5.720000000000000000e+02
7.450000000000000000e+02
5.700000000000000000e+02
5.653333333333333712e+02
5.800000000000000000e+02
5.880000000000000000e+02
5.880000000000000000e+02
5.840000000000000000e+02
5.740000000000000000e+02
5.440000000000000000e+02
5.280000000000000000e+02
5.440000000000000000e+02
5.640000000000000000e+02
5.680000000000000000e+02
5.580000000000000000e+02
5.520000000000000000e+02
5.600000000000000000e+02
5.560000000000000000e+02
5.600000000000000000e+02
5.520000000000000000e+02
