6.360000000000000000e+02
6.360000000000000000e+02
6.440000000000000000e+02
6.400000000000000000e+02
6.400000000000000000e+02
6.320000000000000000e+02
6.480000000000000000e+02
6.053333333333333712e+02
6.426666666666666288e+02
6.440000000000000000e+02
6.480000000000000000e+02
6.466666666666666288e+02
6.880000000000000000e+02
7.173333333333333712e+02
6.720000000000000000e+02
7.040000000000000000e+02
6.506666666666666288e+02
6.800000000000000000e+02
6.813333333333333712e+02
7.000000000000000000e+02
5.880000000000000000e+02
6.400000000000000000e+02
6.410000000000000000e+02
6.620000000000000000e+02
5.710000000000000000e+02
6.533333333333333712e+02
6.346666666666666288e+02
6.360000000000000000e+02
6.400000000000000000e+02
6.400000000000000000e+02
6.400000000000000000e+02
6.360000000000000000e+02
6.280000000000000000e+02
6.400000000000000000e+02
6.450000000000000000e+02
6.400000000000000000e+02
6.400000000000000000e+02
6.400000000000000000e+02
5.680000000000000000e+02
5.680000000000000000e+02
7.520000000000000000e+02
5.640000000000000000e+02
6.300000000000000000e+02
5.840000000000000000e+02
6.980000000000000000e+02
6.830000000000000000e+02
6.800000000000000000e+02
6.080000000000000000e+02
6.186666666666666288e+02
5.710000000000000000e+02
5.800000000000000000e+02
5.800000000000000000e+02
5.800000000000000000e+02
5.680000000000000000e+02
5.640000000000000000e+02
5.720000000000000000e+02
5.680000000000000000e+02
5.720000000000000000e+02
5.640000000000000000e+02
5.680000000000000000e+02
5.680000000000000000e+02
5.720000000000000000e+02
5.720000000000000000e+02
5.680000000000000000e+02
5.720000000000000000e+02
5.720000000000000000e+02
5.680000000000000000e+02
5.640000000000000000e+02
5.640000000000000000e+02
5.640000000000000000e+02
5.640000000000000000e+02
5.710000000000000000e+02
5.720000000000000000e+02
5.520000000000000000e+02
5.620000000000000000e+02
5.750000000000000000e+02
5.880000000000000000e+02
5.920000000000000000e+02
6.440000000000000000e+02
6.320000000000000000e+02
6.360000000000000000e+02
6.360000000000000000e+02
5.920000000000000000e+02
5.880000000000000000e+02
5.840000000000000000e+02
5.880000000000000000e+02
5.370000000000000000e+02
5.720000000000000000e+02
5.600000000000000000e+02
5.600000000000000000e+02
5.680000000000000000e+02
5.600000000000000000e+02
5.600000000000000000e+02
5.560000000000000000e+02
5.800000000000000000e+02
5.720000000000000000e+02
5.040000000000000000e+02
5.080000000000000000e+02
5.840000000000000000e+02
5.880000000000000000e+02
5.920000000000000000e+02
5.760000000000000000e+02
5.610000000000000000e+02
5.600000000000000000e+02
5.760000000000000000e+02
5.480000000000000000e+02
5.600000000000000000e+02
5.860000000000000000e+02
5.800000000000000000e+02
5.440000000000000000e+02
5.440000000000000000e+02
5.520000000000000000e+02
5.120000000000000000e+02
5.060000000000000000e+02
5.400000000000000000e+02
5.560000000000000000e+02
4.680000000000000000e+02
7.430000000000000000e+02
4.760000000000000000e+02
6.040000000000000000e+02
4.580000000000000000e+02
5.800000000000000000e+02
4.813333333333333144e+02
5.920000000000000000e+02
5.840000000000000000e+02
5.800000000000000000e+02
4.800000000000000000e+02
5.000000000000000000e+02
4.800000000000000000e+02
4.640000000000000000e+02
5.630000000000000000e+02
4.880000000000000000e+02
4.880000000000000000e+02
5.760000000000000000e+02
5.640000000000000000e+02
4.520000000000000000e+02
4.520000000000000000e+02
5.650000000000000000e+02
5.813333333333333712e+02
4.720000000000000000e+02
4.770000000000000000e+02
6.020000000000000000e+02
4.870000000000000000e+02
5.430000000000000000e+02
5.520000000000000000e+02
4.760000000000000000e+02
5.640000000000000000e+02
5.560000000000000000e+02
4.720000000000000000e+02
7.440000000000000000e+02
4.480000000000000000e+02
4.480000000000000000e+02
4.440000000000000000e+02
5.480000000000000000e+02
4.320000000000000000e+02
4.360000000000000000e+02
4.360000000000000000e+02
5.520000000000000000e+02
4.560000000000000000e+02
4.640000000000000000e+02
4.520000000000000000e+02
4.560000000000000000e+02
4.260000000000000000e+02
4.400000000000000000e+02
4.400000000000000000e+02
4.360000000000000000e+02
4.440000000000000000e+02
4.360000000000000000e+02
4.480000000000000000e+02
4.490000000000000000e+02
4.520000000000000000e+02
5.580000000000000000e+02
5.520000000000000000e+02
5.630000000000000000e+02
4.760000000000000000e+02
5.560000000000000000e+02
4.880000000000000000e+02
4.813333333333333144e+02
7.626666666666666288e+02
5.560000000000000000e+02
5.533333333333333712e+02
4.666666666666666856e+02
4.580000000000000000e+02
4.600000000000000000e+02
4.360000000000000000e+02
4.400000000000000000e+02
4.360000000000000000e+02
4.360000000000000000e+02
4.360000000000000000e+02
4.400000000000000000e+02
4.480000000000000000e+02
4.520000000000000000e+02
4.560000000000000000e+02
4.573333333333333144e+02
6.290000000000000000e+02
4.320000000000000000e+02
4.280000000000000000e+02
4.340000000000000000e+02
4.440000000000000000e+02
5.653333333333333712e+02
5.650000000000000000e+02
5.600000000000000000e+02
4.760000000000000000e+02
5.560000000000000000e+02
5.680000000000000000e+02
7.320000000000000000e+02
7.653333333333333712e+02
7.800000000000000000e+02
7.240000000000000000e+02
5.640000000000000000e+02
5.640000000000000000e+02
5.480000000000000000e+02
5.600000000000000000e+02
4.810000000000000000e+02
5.560000000000000000e+02
5.520000000000000000e+02
5.413333333333333712e+02
5.480000000000000000e+02
5.453333333333333712e+02
4.520000000000000000e+02
4.480000000000000000e+02
6.320000000000000000e+02
6.320000000000000000e+02
5.680000000000000000e+02
6.280000000000000000e+02
6.280000000000000000e+02
5.520000000000000000e+02
5.520000000000000000e+02
5.560000000000000000e+02
5.560000000000000000e+02
5.640000000000000000e+02
5.520000000000000000e+02
5.520000000000000000e+02
5.560000000000000000e+02
5.560000000000000000e+02
5.680000000000000000e+02
5.720000000000000000e+02
6.030000000000000000e+02
5.720000000000000000e+02
7.790000000000000000e+02
5.800000000000000000e+02
5.840000000000000000e+02
6.040000000000000000e+02
5.933333333333333712e+02
5.740000000000000000e+02
5.440000000000000000e+02
5.370000000000000000e+02
5.520000000000000000e+02
5.560000000000000000e+02
5.640000000000000000e+02
5.520000000000000000e+02
5.520000000000000000e+02
5.600000000000000000e+02
5.600000000000000000e+02
5.600000000000000000e+02
5.560000000000000000e+02
