6.360000000000000000e+02
6.360000000000000000e+02
6.380000000000000000e+02
6.400000000000000000e+02
6.360000000000000000e+02
6.360000000000000000e+02
6.480000000000000000e+02
6.060000000000000000e+02
6.426666666666666288e+02
6.610000000000000000e+02
6.480000000000000000e+02
6.520000000000000000e+02
7.000000000000000000e+02
7.106666666666666288e+02
6.800000000000000000e+02
6.580000000000000000e+02
6.580000000000000000e+02
6.840000000000000000e+02
6.813333333333333712e+02
7.040000000000000000e+02
5.880000000000000000e+02
6.460000000000000000e+02
6.400000000000000000e+02
6.620000000000000000e+02
5.760000000000000000e+02
5.720000000000000000e+02
6.320000000000000000e+02
6.360000000000000000e+02
6.400000000000000000e+02
6.440000000000000000e+02
6.400000000000000000e+02
6.320000000000000000e+02
6.130000000000000000e+02
6.460000000000000000e+02
6.400000000000000000e+02
6.400000000000000000e+02
6.400000000000000000e+02
5.640000000000000000e+02
5.680000000000000000e+02
5.720000000000000000e+02
7.520000000000000000e+02
5.640000000000000000e+02
5.750000000000000000e+02
5.840000000000000000e+02
6.980000000000000000e+02
6.840000000000000000e+02
6.830000000000000000e+02
6.800000000000000000e+02
6.180000000000000000e+02
5.720000000000000000e+02
5.800000000000000000e+02
5.800000000000000000e+02
5.800000000000000000e+02
5.760000000000000000e+02
5.640000000000000000e+02
5.720000000000000000e+02
5.680000000000000000e+02
5.720000000000000000e+02
5.680000000000000000e+02
5.680000000000000000e+02
5.680000000000000000e+02
5.720000000000000000e+02
5.720000000000000000e+02
5.680000000000000000e+02
5.720000000000000000e+02
5.720000000000000000e+02
5.680000000000000000e+02
5.640000000000000000e+02
5.640000000000000000e+02
5.610000000000000000e+02
5.680000000000000000e+02
5.680000000000000000e+02
5.680000000000000000e+02
5.520000000000000000e+02
5.620000000000000000e+02
5.750000000000000000e+02
5.870000000000000000e+02
5.890000000000000000e+02
6.400000000000000000e+02
6.360000000000000000e+02
6.360000000000000000e+02
6.360000000000000000e+02
6.000000000000000000e+02
5.880000000000000000e+02
5.840000000000000000e+02
5.880000000000000000e+02
5.440000000000000000e+02
5.750000000000000000e+02
5.600000000000000000e+02
5.640000000000000000e+02
5.640000000000000000e+02
5.600000000000000000e+02
5.600000000000000000e+02
5.600000000000000000e+02
5.800000000000000000e+02
5.720000000000000000e+02
5.040000000000000000e+02
5.080000000000000000e+02
5.800000000000000000e+02
5.880000000000000000e+02
5.880000000000000000e+02
5.760000000000000000e+02
5.346666666666666288e+02
5.600000000000000000e+02
5.760000000000000000e+02
5.520000000000000000e+02
5.600000000000000000e+02
4.690000000000000000e+02
7.540000000000000000e+02
5.440000000000000000e+02
5.400000000000000000e+02
5.586666666666666288e+02
5.093333333333333144e+02
5.060000000000000000e+02
5.360000000000000000e+02
5.530000000000000000e+02
4.720000000000000000e+02
7.430000000000000000e+02
7.620000000000000000e+02
4.720000000000000000e+02
4.580000000000000000e+02
5.760000000000000000e+02
4.830000000000000000e+02
5.880000000000000000e+02
5.840000000000000000e+02
5.800000000000000000e+02
4.800000000000000000e+02
5.000000000000000000e+02
4.860000000000000000e+02
4.640000000000000000e+02
5.630000000000000000e+02
4.866666666666666856e+02
4.880000000000000000e+02
5.800000000000000000e+02
5.640000000000000000e+02
4.520000000000000000e+02
4.520000000000000000e+02
4.600000000000000000e+02
5.813333333333333712e+02
4.720000000000000000e+02
4.770000000000000000e+02
5.680000000000000000e+02
5.460000000000000000e+02
5.080000000000000000e+02
5.520000000000000000e+02
4.760000000000000000e+02
5.600000000000000000e+02
5.640000000000000000e+02
4.680000000000000000e+02
7.520000000000000000e+02
4.460000000000000000e+02
4.520000000000000000e+02
4.480000000000000000e+02
5.480000000000000000e+02
4.360000000000000000e+02
4.320000000000000000e+02
4.360000000000000000e+02
4.773333333333333144e+02
4.560000000000000000e+02
4.680000000000000000e+02
4.546666666666666856e+02
4.560000000000000000e+02
4.280000000000000000e+02
4.380000000000000000e+02
4.360000000000000000e+02
4.360000000000000000e+02
4.360000000000000000e+02
4.330000000000000000e+02
4.430000000000000000e+02
4.480000000000000000e+02
4.506666666666666856e+02
7.440000000000000000e+02
5.520000000000000000e+02
5.630000000000000000e+02
4.760000000000000000e+02
5.600000000000000000e+02
4.880000000000000000e+02
4.800000000000000000e+02
7.680000000000000000e+02
5.560000000000000000e+02
5.580000000000000000e+02
4.640000000000000000e+02
4.520000000000000000e+02
4.560000000000000000e+02
4.320000000000000000e+02
4.400000000000000000e+02
4.360000000000000000e+02
4.360000000000000000e+02
4.360000000000000000e+02
4.400000000000000000e+02
4.560000000000000000e+02
4.520000000000000000e+02
4.560000000000000000e+02
6.320000000000000000e+02
4.560000000000000000e+02
4.280000000000000000e+02
4.280000000000000000e+02
5.620000000000000000e+02
4.440000000000000000e+02
5.670000000000000000e+02
4.680000000000000000e+02
5.600000000000000000e+02
4.760000000000000000e+02
5.560000000000000000e+02
5.680000000000000000e+02
7.590000000000000000e+02
4.733333333333333144e+02
4.786666666666666856e+02
5.210000000000000000e+02
5.600000000000000000e+02
5.640000000000000000e+02
5.600000000000000000e+02
5.600000000000000000e+02
5.580000000000000000e+02
5.560000000000000000e+02
5.520000000000000000e+02
5.413333333333333712e+02
5.480000000000000000e+02
5.453333333333333712e+02
4.520000000000000000e+02
4.480000000000000000e+02
5.600000000000000000e+02
6.320000000000000000e+02
6.340000000000000000e+02
6.360000000000000000e+02
6.280000000000000000e+02
5.546666666666666288e+02
5.520000000000000000e+02
5.560000000000000000e+02
5.600000000000000000e+02
5.600000000000000000e+02
5.560000000000000000e+02
5.520000000000000000e+02
5.520000000000000000e+02
5.560000000000000000e+02
5.650000000000000000e+02
5.720000000000000000e+02
6.030000000000000000e+02
5.760000000000000000e+02
7.600000000000000000e+02
5.800000000000000000e+02
5.840000000000000000e+02
6.000000000000000000e+02
5.800000000000000000e+02
5.740000000000000000e+02
5.480000000000000000e+02
5.280000000000000000e+02
5.520000000000000000e+02
5.640000000000000000e+02
5.640000000000000000e+02
5.520000000000000000e+02
5.520000000000000000e+02
5.560000000000000000e+02
5.600000000000000000e+02
5.600000000000000000e+02
5.560000000000000000e+02
