6.360000000000000000e+02
6.360000000000000000e+02
6.400000000000000000e+02
6.400000000000000000e+02
6.400000000000000000e+02
6.320000000000000000e+02
6.386666666666666288e+02
5.946666666666666288e+02
5.840000000000000000e+02
6.400000000000000000e+02
6.480000000000000000e+02
6.466666666666666288e+02
7.173333333333333712e+02
6.840000000000000000e+02
6.733333333333333712e+02
6.580000000000000000e+02
6.573333333333333712e+02
6.800000000000000000e+02
6.820000000000000000e+02
6.940000000000000000e+02
7.266666666666666288e+02
6.400000000000000000e+02
6.410000000000000000e+02
6.700000000000000000e+02
5.720000000000000000e+02
5.653333333333333712e+02
6.320000000000000000e+02
6.360000000000000000e+02
6.400000000000000000e+02
6.400000000000000000e+02
6.440000000000000000e+02
6.320000000000000000e+02
6.000000000000000000e+02
6.440000000000000000e+02
6.450000000000000000e+02
6.400000000000000000e+02
6.400000000000000000e+02
5.640000000000000000e+02
5.680000000000000000e+02
5.680000000000000000e+02
7.546666666666666288e+02
5.680000000000000000e+02
5.720000000000000000e+02
5.840000000000000000e+02
6.130000000000000000e+02
6.840000000000000000e+02
6.800000000000000000e+02
6.800000000000000000e+02
6.160000000000000000e+02
5.720000000000000000e+02
5.880000000000000000e+02
5.800000000000000000e+02
5.840000000000000000e+02
5.640000000000000000e+02
5.640000000000000000e+02
5.680000000000000000e+02
5.680000000000000000e+02
5.720000000000000000e+02
5.680000000000000000e+02
5.640000000000000000e+02
5.680000000000000000e+02
5.720000000000000000e+02
5.720000000000000000e+02
5.680000000000000000e+02
5.720000000000000000e+02
5.760000000000000000e+02
5.680000000000000000e+02
5.640000000000000000e+02
5.640000000000000000e+02
5.640000000000000000e+02
5.640000000000000000e+02
5.680000000000000000e+02
5.720000000000000000e+02
5.560000000000000000e+02
5.620000000000000000e+02
5.800000000000000000e+02
5.870000000000000000e+02
5.920000000000000000e+02
6.400000000000000000e+02
6.400000000000000000e+02
6.360000000000000000e+02
6.360000000000000000e+02
5.960000000000000000e+02
5.880000000000000000e+02
5.840000000000000000e+02
5.920000000000000000e+02
5.400000000000000000e+02
5.600000000000000000e+02
5.640000000000000000e+02
5.640000000000000000e+02
5.680000000000000000e+02
5.560000000000000000e+02
5.600000000000000000e+02
5.600000000000000000e+02
5.800000000000000000e+02
5.720000000000000000e+02
5.040000000000000000e+02
5.080000000000000000e+02
5.840000000000000000e+02
5.920000000000000000e+02
5.880000000000000000e+02
5.866666666666666288e+02
5.760000000000000000e+02
5.640000000000000000e+02
5.740000000000000000e+02
5.520000000000000000e+02
5.730000000000000000e+02
6.786666666666666288e+02
5.893333333333333712e+02
5.440000000000000000e+02
5.410000000000000000e+02
5.610000000000000000e+02
5.120000000000000000e+02
4.990000000000000000e+02
5.440000000000000000e+02
5.560000000000000000e+02
4.720000000000000000e+02
4.720000000000000000e+02
4.760000000000000000e+02
6.050000000000000000e+02
4.560000000000000000e+02
5.800000000000000000e+02
4.830000000000000000e+02
5.880000000000000000e+02
5.850000000000000000e+02
5.800000000000000000e+02
4.800000000000000000e+02
5.000000000000000000e+02
4.853333333333333144e+02
4.600000000000000000e+02
5.626666666666666288e+02
4.880000000000000000e+02
4.920000000000000000e+02
5.760000000000000000e+02
5.640000000000000000e+02
5.610000000000000000e+02
4.520000000000000000e+02
5.626666666666666288e+02
7.360000000000000000e+02
4.680000000000000000e+02
4.720000000000000000e+02
5.680000000000000000e+02
5.460000000000000000e+02
5.430000000000000000e+02
5.520000000000000000e+02
4.800000000000000000e+02
5.626666666666666288e+02
5.640000000000000000e+02
4.720000000000000000e+02
7.546666666666666288e+02
4.450000000000000000e+02
4.490000000000000000e+02
4.440000000000000000e+02
5.480000000000000000e+02
4.360000000000000000e+02
4.360000000000000000e+02
4.360000000000000000e+02
5.560000000000000000e+02
4.560000000000000000e+02
4.680000000000000000e+02
4.546666666666666856e+02
4.560000000000000000e+02
4.280000000000000000e+02
4.360000000000000000e+02
4.360000000000000000e+02
4.360000000000000000e+02
4.400000000000000000e+02
4.360000000000000000e+02
4.480000000000000000e+02
4.520000000000000000e+02
4.560000000000000000e+02
5.640000000000000000e+02
5.520000000000000000e+02
5.600000000000000000e+02
5.613333333333333712e+02
5.560000000000000000e+02
4.880000000000000000e+02
4.800000000000000000e+02
7.626666666666666288e+02
5.573333333333333712e+02
5.600000000000000000e+02
4.680000000000000000e+02
4.520000000000000000e+02
4.600000000000000000e+02
4.320000000000000000e+02
4.400000000000000000e+02
4.360000000000000000e+02
4.360000000000000000e+02
4.400000000000000000e+02
4.400000000000000000e+02
4.560000000000000000e+02
4.520000000000000000e+02
4.520000000000000000e+02
6.360000000000000000e+02
4.520000000000000000e+02
4.320000000000000000e+02
4.280000000000000000e+02
4.280000000000000000e+02
4.450000000000000000e+02
5.670000000000000000e+02
5.650000000000000000e+02
4.573333333333333144e+02
4.730000000000000000e+02
5.546666666666666288e+02
5.600000000000000000e+02
7.310000000000000000e+02
4.733333333333333144e+02
4.800000000000000000e+02
7.240000000000000000e+02
5.600000000000000000e+02
5.613333333333333712e+02
5.480000000000000000e+02
5.600000000000000000e+02
4.800000000000000000e+02
5.560000000000000000e+02
5.560000000000000000e+02
5.413333333333333712e+02
5.480000000000000000e+02
5.480000000000000000e+02
4.480000000000000000e+02
4.480000000000000000e+02
6.280000000000000000e+02
6.320000000000000000e+02
5.680000000000000000e+02
6.280000000000000000e+02
6.240000000000000000e+02
5.520000000000000000e+02
5.520000000000000000e+02
5.560000000000000000e+02
5.600000000000000000e+02
5.600000000000000000e+02
5.520000000000000000e+02
5.520000000000000000e+02
5.560000000000000000e+02
5.600000000000000000e+02
5.650000000000000000e+02
5.720000000000000000e+02
7.450000000000000000e+02
5.760000000000000000e+02
7.790000000000000000e+02
5.840000000000000000e+02
5.840000000000000000e+02
5.973333333333333712e+02
5.820000000000000000e+02
5.720000000000000000e+02
5.573333333333333712e+02
5.280000000000000000e+02
5.520000000000000000e+02
5.640000000000000000e+02
5.680000000000000000e+02
5.520000000000000000e+02
5.520000000000000000e+02
5.560000000000000000e+02
5.600000000000000000e+02
5.600000000000000000e+02
5.520000000000000000e+02
