6.360000000000000000e+02
6.360000000000000000e+02
6.440000000000000000e+02
6.400000000000000000e+02
6.400000000000000000e+02
6.320000000000000000e+02
6.386666666666666288e+02
6.053333333333333712e+02
6.250000000000000000e+02
6.400000000000000000e+02
6.470000000000000000e+02
6.520000000000000000e+02
6.920000000000000000e+02
7.173333333333333712e+02
6.800000000000000000e+02
6.786666666666666288e+02
6.506666666666666288e+02
6.800000000000000000e+02
6.760000000000000000e+02
7.040000000000000000e+02
5.850000000000000000e+02
6.400000000000000000e+02
6.400000000000000000e+02
7.500000000000000000e+02
5.760000000000000000e+02
5.720000000000000000e+02
6.320000000000000000e+02
6.360000000000000000e+02
6.400000000000000000e+02
6.440000000000000000e+02
6.440000000000000000e+02
6.260000000000000000e+02
6.130000000000000000e+02
6.480000000000000000e+02
6.400000000000000000e+02
6.400000000000000000e+02
6.400000000000000000e+02
5.640000000000000000e+02
5.680000000000000000e+02
5.680000000000000000e+02
5.680000000000000000e+02
5.680000000000000000e+02
5.720000000000000000e+02
5.840000000000000000e+02
7.520000000000000000e+02
6.870000000000000000e+02
6.760000000000000000e+02
7.640000000000000000e+02
6.160000000000000000e+02
5.720000000000000000e+02
5.880000000000000000e+02
5.780000000000000000e+02
5.800000000000000000e+02
5.640000000000000000e+02
5.640000000000000000e+02
5.720000000000000000e+02
5.680000000000000000e+02
5.720000000000000000e+02
5.680000000000000000e+02
5.680000000000000000e+02
5.680000000000000000e+02
5.720000000000000000e+02
5.720000000000000000e+02
5.680000000000000000e+02
5.720000000000000000e+02
5.720000000000000000e+02
5.680000000000000000e+02
5.640000000000000000e+02
5.640000000000000000e+02
5.640000000000000000e+02
5.680000000000000000e+02
5.720000000000000000e+02
5.720000000000000000e+02
5.520000000000000000e+02
5.480000000000000000e+02
5.800000000000000000e+02
5.920000000000000000e+02
5.890000000000000000e+02
5.840000000000000000e+02
6.360000000000000000e+02
6.360000000000000000e+02
6.400000000000000000e+02
5.920000000000000000e+02
5.840000000000000000e+02
5.840000000000000000e+02
6.000000000000000000e+02
5.370000000000000000e+02
5.720000000000000000e+02
5.620000000000000000e+02
5.640000000000000000e+02
5.680000000000000000e+02
5.600000000000000000e+02
5.600000000000000000e+02
5.600000000000000000e+02
5.800000000000000000e+02
5.760000000000000000e+02
5.040000000000000000e+02
5.080000000000000000e+02
5.826666666666666288e+02
5.880000000000000000e+02
5.920000000000000000e+02
5.760000000000000000e+02
5.346666666666666288e+02
5.600000000000000000e+02
5.740000000000000000e+02
5.480000000000000000e+02
5.680000000000000000e+02
5.860000000000000000e+02
5.826666666666666288e+02
5.470000000000000000e+02
5.413333333333333712e+02
5.586666666666666288e+02
5.120000000000000000e+02
5.100000000000000000e+02
5.440000000000000000e+02
5.560000000000000000e+02
4.720000000000000000e+02
4.720000000000000000e+02
4.760000000000000000e+02
6.080000000000000000e+02
4.560000000000000000e+02
5.760000000000000000e+02
4.840000000000000000e+02
5.880000000000000000e+02
5.840000000000000000e+02
5.720000000000000000e+02
4.800000000000000000e+02
5.000000000000000000e+02
4.860000000000000000e+02
4.600000000000000000e+02
4.570000000000000000e+02
4.880000000000000000e+02
4.920000000000000000e+02
5.760000000000000000e+02
5.640000000000000000e+02
4.520000000000000000e+02
4.520000000000000000e+02
5.680000000000000000e+02
5.813333333333333712e+02
4.760000000000000000e+02
5.586666666666666288e+02
5.586666666666666288e+02
4.840000000000000000e+02
5.220000000000000000e+02
5.410000000000000000e+02
4.800000000000000000e+02
5.600000000000000000e+02
5.560000000000000000e+02
4.680000000000000000e+02
7.440000000000000000e+02
4.450000000000000000e+02
4.490000000000000000e+02
4.440000000000000000e+02
5.480000000000000000e+02
4.360000000000000000e+02
4.360000000000000000e+02
4.370000000000000000e+02
5.520000000000000000e+02
4.600000000000000000e+02
4.680000000000000000e+02
4.546666666666666856e+02
4.560000000000000000e+02
4.280000000000000000e+02
4.360000000000000000e+02
4.360000000000000000e+02
4.360000000000000000e+02
4.400000000000000000e+02
4.360000000000000000e+02
4.480000000000000000e+02
4.490000000000000000e+02
4.480000000000000000e+02
4.660000000000000000e+02
5.520000000000000000e+02
5.630000000000000000e+02
4.720000000000000000e+02
5.560000000000000000e+02
5.600000000000000000e+02
4.800000000000000000e+02
7.720000000000000000e+02
7.620000000000000000e+02
5.680000000000000000e+02
4.680000000000000000e+02
4.580000000000000000e+02
5.630000000000000000e+02
4.413333333333333144e+02
4.400000000000000000e+02
4.360000000000000000e+02
4.360000000000000000e+02
4.360000000000000000e+02
4.360000000000000000e+02
4.480000000000000000e+02
4.520000000000000000e+02
4.520000000000000000e+02
6.340000000000000000e+02
6.290000000000000000e+02
4.320000000000000000e+02
4.280000000000000000e+02
4.280000000000000000e+02
4.400000000000000000e+02
5.653333333333333712e+02
4.720000000000000000e+02
5.560000000000000000e+02
4.760000000000000000e+02
5.600000000000000000e+02
5.680000000000000000e+02
7.440000000000000000e+02
4.800000000000000000e+02
4.786666666666666856e+02
5.680000000000000000e+02
5.600000000000000000e+02
5.600000000000000000e+02
5.600000000000000000e+02
5.600000000000000000e+02
5.580000000000000000e+02
5.560000000000000000e+02
5.560000000000000000e+02
5.413333333333333712e+02
5.480000000000000000e+02
4.430000000000000000e+02
4.520000000000000000e+02
4.480000000000000000e+02
6.280000000000000000e+02
6.320000000000000000e+02
5.680000000000000000e+02
6.240000000000000000e+02
6.280000000000000000e+02
5.520000000000000000e+02
5.520000000000000000e+02
5.560000000000000000e+02
5.560000000000000000e+02
5.600000000000000000e+02
5.520000000000000000e+02
5.520000000000000000e+02
5.560000000000000000e+02
5.600000000000000000e+02
5.680000000000000000e+02
5.720000000000000000e+02
7.440000000000000000e+02
5.760000000000000000e+02
7.790000000000000000e+02
5.800000000000000000e+02
5.840000000000000000e+02
5.880000000000000000e+02
5.933333333333333712e+02
5.740000000000000000e+02
5.440000000000000000e+02
5.280000000000000000e+02
5.520000000000000000e+02
5.640000000000000000e+02
5.680000000000000000e+02
5.480000000000000000e+02
5.520000000000000000e+02
5.560000000000000000e+02
5.560000000000000000e+02
5.600000000000000000e+02
5.520000000000000000e+02
