6.360000000000000000e+02
6.360000000000000000e+02
6.440000000000000000e+02
6.440000000000000000e+02
6.360000000000000000e+02
6.320000000000000000e+02
6.480000000000000000e+02
6.060000000000000000e+02
5.890000000000000000e+02
6.450000000000000000e+02
6.440000000000000000e+02
6.520000000000000000e+02
6.920000000000000000e+02
7.173333333333333712e+02
6.800000000000000000e+02
6.520000000000000000e+02
6.580000000000000000e+02
6.800000000000000000e+02
6.813333333333333712e+02
7.000000000000000000e+02
7.266666666666666288e+02
6.460000000000000000e+02
6.400000000000000000e+02
6.700000000000000000e+02
5.720000000000000000e+02
5.653333333333333712e+02
6.346666666666666288e+02
6.360000000000000000e+02
6.400000000000000000e+02
6.440000000000000000e+02
6.440000000000000000e+02
6.260000000000000000e+02
6.026666666666666288e+02
6.460000000000000000e+02
6.400000000000000000e+02
6.400000000000000000e+02
6.400000000000000000e+02
6.360000000000000000e+02
5.680000000000000000e+02
5.720000000000000000e+02
5.760000000000000000e+02
5.680000000000000000e+02
5.680000000000000000e+02
5.840000000000000000e+02
7.240000000000000000e+02
6.830000000000000000e+02
6.760000000000000000e+02
7.640000000000000000e+02
6.160000000000000000e+02
5.710000000000000000e+02
5.800000000000000000e+02
5.800000000000000000e+02
5.800000000000000000e+02
5.680000000000000000e+02
5.640000000000000000e+02
5.680000000000000000e+02
5.680000000000000000e+02
5.760000000000000000e+02
5.640000000000000000e+02
5.680000000000000000e+02
5.680000000000000000e+02
5.720000000000000000e+02
5.760000000000000000e+02
5.680000000000000000e+02
5.720000000000000000e+02
5.720000000000000000e+02
5.680000000000000000e+02
5.640000000000000000e+02
5.640000000000000000e+02
5.640000000000000000e+02
5.680000000000000000e+02
5.680000000000000000e+02
5.720000000000000000e+02
5.613333333333333712e+02
5.480000000000000000e+02
5.800000000000000000e+02
5.893333333333333712e+02
5.920000000000000000e+02
6.400000000000000000e+02
6.320000000000000000e+02
6.360000000000000000e+02
6.400000000000000000e+02
5.920000000000000000e+02
5.840000000000000000e+02
5.800000000000000000e+02
6.010000000000000000e+02
5.400000000000000000e+02
5.750000000000000000e+02
5.620000000000000000e+02
5.640000000000000000e+02
5.670000000000000000e+02
5.600000000000000000e+02
5.600000000000000000e+02
5.600000000000000000e+02
5.800000000000000000e+02
5.720000000000000000e+02
5.080000000000000000e+02
5.080000000000000000e+02
5.826666666666666288e+02
5.880000000000000000e+02
5.880000000000000000e+02
5.760000000000000000e+02
5.760000000000000000e+02
5.600000000000000000e+02
5.760000000000000000e+02
5.480000000000000000e+02
5.680000000000000000e+02
5.860000000000000000e+02
5.826666666666666288e+02
5.470000000000000000e+02
5.410000000000000000e+02
5.610000000000000000e+02
5.093333333333333144e+02
5.100000000000000000e+02
5.400000000000000000e+02
5.530000000000000000e+02
5.140000000000000000e+02
4.720000000000000000e+02
4.760000000000000000e+02
6.040000000000000000e+02
4.620000000000000000e+02
4.666666666666666856e+02
4.880000000000000000e+02
5.880000000000000000e+02
5.840000000000000000e+02
5.770000000000000000e+02
4.706666666666666856e+02
5.000000000000000000e+02
4.853333333333333144e+02
4.640000000000000000e+02
5.630000000000000000e+02
4.880000000000000000e+02
4.920000000000000000e+02
5.800000000000000000e+02
5.640000000000000000e+02
4.520000000000000000e+02
4.520000000000000000e+02
5.650000000000000000e+02
5.680000000000000000e+02
4.760000000000000000e+02
4.760000000000000000e+02
5.580000000000000000e+02
5.530000000000000000e+02
5.430000000000000000e+02
5.480000000000000000e+02
4.760000000000000000e+02
5.600000000000000000e+02
5.640000000000000000e+02
4.720000000000000000e+02
7.560000000000000000e+02
4.480000000000000000e+02
4.480000000000000000e+02
4.480000000000000000e+02
5.480000000000000000e+02
4.360000000000000000e+02
4.360000000000000000e+02
4.360000000000000000e+02
5.560000000000000000e+02
4.560000000000000000e+02
4.630000000000000000e+02
4.580000000000000000e+02
4.560000000000000000e+02
4.280000000000000000e+02
4.360000000000000000e+02
4.360000000000000000e+02
4.360000000000000000e+02
4.360000000000000000e+02
4.360000000000000000e+02
4.520000000000000000e+02
4.480000000000000000e+02
4.506666666666666856e+02
5.640000000000000000e+02
5.520000000000000000e+02
5.630000000000000000e+02
4.760000000000000000e+02
5.560000000000000000e+02
4.920000000000000000e+02
4.760000000000000000e+02
7.680000000000000000e+02
5.560000000000000000e+02
5.620000000000000000e+02
4.680000000000000000e+02
4.520000000000000000e+02
4.600000000000000000e+02
4.413333333333333144e+02
4.400000000000000000e+02
4.360000000000000000e+02
4.360000000000000000e+02
4.360000000000000000e+02
4.360000000000000000e+02
4.560000000000000000e+02
4.520000000000000000e+02
4.560000000000000000e+02
4.573333333333333144e+02
4.560000000000000000e+02
4.320000000000000000e+02
4.280000000000000000e+02
4.280000000000000000e+02
4.440000000000000000e+02
5.653333333333333712e+02
5.650000000000000000e+02
5.560000000000000000e+02
4.760000000000000000e+02
5.546666666666666288e+02
5.680000000000000000e+02
7.320000000000000000e+02
4.733333333333333144e+02
7.480000000000000000e+02
6.360000000000000000e+02
5.640000000000000000e+02
5.600000000000000000e+02
5.600000000000000000e+02
5.600000000000000000e+02
4.810000000000000000e+02
5.560000000000000000e+02
5.560000000000000000e+02
5.400000000000000000e+02
5.480000000000000000e+02
4.430000000000000000e+02
4.520000000000000000e+02
4.520000000000000000e+02
6.280000000000000000e+02
6.360000000000000000e+02
5.680000000000000000e+02
6.280000000000000000e+02
6.280000000000000000e+02
5.520000000000000000e+02
5.520000000000000000e+02
5.520000000000000000e+02
5.600000000000000000e+02
5.600000000000000000e+02
5.520000000000000000e+02
5.520000000000000000e+02
5.520000000000000000e+02
5.600000000000000000e+02
5.650000000000000000e+02
5.720000000000000000e+02
7.450000000000000000e+02
5.720000000000000000e+02
7.600000000000000000e+02
5.840000000000000000e+02
5.850000000000000000e+02
5.880000000000000000e+02
5.840000000000000000e+02
5.720000000000000000e+02
5.573333333333333712e+02
5.280000000000000000e+02
5.520000000000000000e+02
5.600000000000000000e+02
5.640000000000000000e+02
5.480000000000000000e+02
5.520000000000000000e+02
5.560000000000000000e+02
5.560000000000000000e+02
5.600000000000000000e+02
5.520000000000000000e+02
