6.360000000000000000e+02
6.360000000000000000e+02
6.440000000000000000e+02
6.400000000000000000e+02
6.400000000000000000e+02
6.360000000000000000e+02
6.386666666666666288e+02
5.986666666666666288e+02
5.840000000000000000e+02
6.610000000000000000e+02
6.480000000000000000e+02
6.480000000000000000e+02
6.920000000000000000e+02
7.000000000000000000e+02
6.746666666666666288e+02
6.786666666666666288e+02
6.520000000000000000e+02
6.800000000000000000e+02
6.920000000000000000e+02
6.960000000000000000e+02
5.850000000000000000e+02
6.400000000000000000e+02
6.440000000000000000e+02
7.500000000000000000e+02
5.760000000000000000e+02
6.520000000000000000e+02
6.320000000000000000e+02
6.360000000000000000e+02
6.400000000000000000e+02
6.400000000000000000e+02
6.400000000000000000e+02
6.400000000000000000e+02
5.960000000000000000e+02
6.440000000000000000e+02
6.400000000000000000e+02
6.400000000000000000e+02
6.400000000000000000e+02
5.640000000000000000e+02
5.680000000000000000e+02
5.720000000000000000e+02
5.760000000000000000e+02
5.680000000000000000e+02
6.300000000000000000e+02
5.840000000000000000e+02
6.130000000000000000e+02
7.470000000000000000e+02
6.760000000000000000e+02
6.080000000000000000e+02
6.180000000000000000e+02
5.720000000000000000e+02
5.880000000000000000e+02
5.780000000000000000e+02
5.800000000000000000e+02
5.760000000000000000e+02
5.640000000000000000e+02
5.720000000000000000e+02
5.680000000000000000e+02
5.720000000000000000e+02
5.640000000000000000e+02
5.680000000000000000e+02
5.680000000000000000e+02
5.720000000000000000e+02
5.720000000000000000e+02
5.680000000000000000e+02
5.680000000000000000e+02
5.760000000000000000e+02
5.680000000000000000e+02
5.640000000000000000e+02
5.640000000000000000e+02
5.640000000000000000e+02
5.640000000000000000e+02
5.680000000000000000e+02
5.720000000000000000e+02
5.613333333333333712e+02
5.506666666666666288e+02
5.800000000000000000e+02
5.880000000000000000e+02
5.890000000000000000e+02
6.440000000000000000e+02
6.400000000000000000e+02
6.360000000000000000e+02
6.440000000000000000e+02
5.920000000000000000e+02
5.840000000000000000e+02
5.840000000000000000e+02
5.920000000000000000e+02
5.370000000000000000e+02
5.720000000000000000e+02
5.640000000000000000e+02
5.640000000000000000e+02
5.680000000000000000e+02
5.560000000000000000e+02
5.600000000000000000e+02
5.600000000000000000e+02
5.800000000000000000e+02
5.720000000000000000e+02
5.040000000000000000e+02
5.120000000000000000e+02
5.800000000000000000e+02
5.880000000000000000e+02
5.880000000000000000e+02
5.760000000000000000e+02
5.346666666666666288e+02
5.600000000000000000e+02
5.760000000000000000e+02
5.520000000000000000e+02
7.493333333333333712e+02
4.690000000000000000e+02
5.893333333333333712e+02
5.470000000000000000e+02
5.440000000000000000e+02
5.520000000000000000e+02
5.080000000000000000e+02
5.060000000000000000e+02
5.440000000000000000e+02
5.530000000000000000e+02
4.720000000000000000e+02
4.720000000000000000e+02
7.620000000000000000e+02
6.380000000000000000e+02
4.580000000000000000e+02
5.800000000000000000e+02
4.880000000000000000e+02
5.880000000000000000e+02
5.840000000000000000e+02
5.800000000000000000e+02
4.800000000000000000e+02
5.000000000000000000e+02
4.853333333333333144e+02
4.650000000000000000e+02
4.570000000000000000e+02
4.880000000000000000e+02
4.880000000000000000e+02
5.800000000000000000e+02
5.600000000000000000e+02
4.480000000000000000e+02
4.520000000000000000e+02
5.680000000000000000e+02
5.680000000000000000e+02
4.720000000000000000e+02
5.586666666666666288e+02
5.580000000000000000e+02
5.530000000000000000e+02
5.080000000000000000e+02
5.480000000000000000e+02
5.520000000000000000e+02
5.600000000000000000e+02
5.570000000000000000e+02
4.720000000000000000e+02
7.520000000000000000e+02
4.450000000000000000e+02
4.490000000000000000e+02
4.440000000000000000e+02
5.520000000000000000e+02
4.360000000000000000e+02
4.360000000000000000e+02
4.840000000000000000e+02
4.773333333333333144e+02
4.560000000000000000e+02
4.630000000000000000e+02
4.520000000000000000e+02
4.560000000000000000e+02
4.280000000000000000e+02
4.380000000000000000e+02
4.400000000000000000e+02
4.360000000000000000e+02
4.360000000000000000e+02
4.360000000000000000e+02
4.480000000000000000e+02
4.490000000000000000e+02
4.560000000000000000e+02
4.770000000000000000e+02
5.520000000000000000e+02
5.640000000000000000e+02
5.613333333333333712e+02
5.560000000000000000e+02
4.920000000000000000e+02
4.760000000000000000e+02
7.680000000000000000e+02
5.560000000000000000e+02
5.620000000000000000e+02
4.680000000000000000e+02
4.580000000000000000e+02
4.600000000000000000e+02
4.360000000000000000e+02
4.400000000000000000e+02
4.360000000000000000e+02
4.400000000000000000e+02
4.360000000000000000e+02
4.370000000000000000e+02
4.560000000000000000e+02
4.520000000000000000e+02
4.560000000000000000e+02
6.340000000000000000e+02
6.290000000000000000e+02
4.520000000000000000e+02
4.280000000000000000e+02
4.280000000000000000e+02
4.440000000000000000e+02
5.670000000000000000e+02
5.650000000000000000e+02
4.660000000000000000e+02
4.730000000000000000e+02
5.560000000000000000e+02
5.680000000000000000e+02
7.320000000000000000e+02
4.733333333333333144e+02
7.440000000000000000e+02
5.210000000000000000e+02
5.640000000000000000e+02
6.173333333333333712e+02
5.600000000000000000e+02
5.560000000000000000e+02
4.810000000000000000e+02
5.560000000000000000e+02
5.560000000000000000e+02
5.440000000000000000e+02
5.480000000000000000e+02
5.490000000000000000e+02
4.520000000000000000e+02
4.480000000000000000e+02
6.280000000000000000e+02
6.320000000000000000e+02
5.680000000000000000e+02
6.360000000000000000e+02
6.280000000000000000e+02
5.520000000000000000e+02
5.520000000000000000e+02
5.560000000000000000e+02
5.600000000000000000e+02
5.600000000000000000e+02
5.560000000000000000e+02
5.520000000000000000e+02
5.560000000000000000e+02
5.600000000000000000e+02
5.640000000000000000e+02
5.720000000000000000e+02
7.400000000000000000e+02
5.720000000000000000e+02
7.790000000000000000e+02
5.840000000000000000e+02
5.840000000000000000e+02
5.973333333333333712e+02
5.840000000000000000e+02
5.680000000000000000e+02
5.480000000000000000e+02
5.320000000000000000e+02
5.520000000000000000e+02
5.640000000000000000e+02
5.680000000000000000e+02
5.520000000000000000e+02
5.520000000000000000e+02
5.560000000000000000e+02
5.560000000000000000e+02
5.600000000000000000e+02
5.520000000000000000e+02
