6.360000000000000000e+02
6.320000000000000000e+02
6.440000000000000000e+02
6.400000000000000000e+02
6.360000000000000000e+02
6.400000000000000000e+02
6.480000000000000000e+02
6.053333333333333712e+02
5.840000000000000000e+02
6.440000000000000000e+02
6.480000000000000000e+02
6.480000000000000000e+02
7.173333333333333712e+02
7.173333333333333712e+02
6.746666666666666288e+02
7.040000000000000000e+02
6.580000000000000000e+02
6.800000000000000000e+02
6.920000000000000000e+02
6.920000000000000000e+02
5.850000000000000000e+02
6.400000000000000000e+02
6.400000000000000000e+02
6.700000000000000000e+02
5.760000000000000000e+02
6.480000000000000000e+02
6.320000000000000000e+02
6.360000000000000000e+02
6.400000000000000000e+02
6.400000000000000000e+02
6.400000000000000000e+02
6.320000000000000000e+02
6.130000000000000000e+02
6.480000000000000000e+02
6.400000000000000000e+02
6.400000000000000000e+02
6.400000000000000000e+02
5.640000000000000000e+02
5.680000000000000000e+02
5.720000000000000000e+02
5.760000000000000000e+02
5.650000000000000000e+02
6.300000000000000000e+02
5.840000000000000000e+02
7.520000000000000000e+02
7.470000000000000000e+02
6.760000000000000000e+02
6.066666666666666288e+02
6.200000000000000000e+02
5.710000000000000000e+02
5.800000000000000000e+02
5.840000000000000000e+02
5.840000000000000000e+02
5.760000000000000000e+02
5.640000000000000000e+02
5.720000000000000000e+02
5.680000000000000000e+02
5.720000000000000000e+02
5.610000000000000000e+02
5.680000000000000000e+02
5.680000000000000000e+02
5.720000000000000000e+02
5.720000000000000000e+02
5.680000000000000000e+02
5.720000000000000000e+02
5.720000000000000000e+02
5.680000000000000000e+02
5.640000000000000000e+02
5.640000000000000000e+02
5.610000000000000000e+02
5.640000000000000000e+02
5.710000000000000000e+02
5.720000000000000000e+02
5.613333333333333712e+02
5.480000000000000000e+02
5.750000000000000000e+02
5.880000000000000000e+02
5.920000000000000000e+02
6.400000000000000000e+02
6.320000000000000000e+02
6.320000000000000000e+02
6.400000000000000000e+02
5.920000000000000000e+02
5.880000000000000000e+02
5.840000000000000000e+02
6.010000000000000000e+02
5.400000000000000000e+02
5.750000000000000000e+02
5.620000000000000000e+02
5.600000000000000000e+02
5.680000000000000000e+02
5.600000000000000000e+02
5.600000000000000000e+02
5.600000000000000000e+02
5.840000000000000000e+02
5.720000000000000000e+02
5.040000000000000000e+02
5.120000000000000000e+02
5.840000000000000000e+02
5.880000000000000000e+02
5.880000000000000000e+02
5.760000000000000000e+02
5.760000000000000000e+02
5.600000000000000000e+02
5.760000000000000000e+02
5.520000000000000000e+02
5.680000000000000000e+02
4.690000000000000000e+02
7.540000000000000000e+02
5.470000000000000000e+02
5.440000000000000000e+02
5.586666666666666288e+02
5.080000000000000000e+02
5.000000000000000000e+02
5.400000000000000000e+02
5.586666666666666288e+02
5.140000000000000000e+02
7.500000000000000000e+02
7.620000000000000000e+02
6.080000000000000000e+02
4.560000000000000000e+02
4.666666666666666856e+02
4.830000000000000000e+02
5.880000000000000000e+02
5.850000000000000000e+02
5.800000000000000000e+02
4.800000000000000000e+02
5.000000000000000000e+02
5.000000000000000000e+02
4.640000000000000000e+02
5.626666666666666288e+02
4.880000000000000000e+02
4.880000000000000000e+02
5.760000000000000000e+02
5.660000000000000000e+02
4.520000000000000000e+02
4.520000000000000000e+02
5.650000000000000000e+02
7.360000000000000000e+02
4.720000000000000000e+02
4.760000000000000000e+02
5.580000000000000000e+02
4.840000000000000000e+02
5.430000000000000000e+02
5.520000000000000000e+02
4.760000000000000000e+02
5.640000000000000000e+02
5.600000000000000000e+02
5.560000000000000000e+02
7.560000000000000000e+02
4.480000000000000000e+02
4.520000000000000000e+02
4.480000000000000000e+02
5.480000000000000000e+02
4.360000000000000000e+02
4.360000000000000000e+02
4.840000000000000000e+02
5.560000000000000000e+02
4.560000000000000000e+02
4.630000000000000000e+02
4.520000000000000000e+02
4.560000000000000000e+02
4.280000000000000000e+02
4.400000000000000000e+02
4.360000000000000000e+02
4.360000000000000000e+02
4.400000000000000000e+02
4.330000000000000000e+02
4.480000000000000000e+02
4.490000000000000000e+02
4.506666666666666856e+02
5.640000000000000000e+02
5.520000000000000000e+02
5.640000000000000000e+02
4.760000000000000000e+02
5.560000000000000000e+02
4.880000000000000000e+02
4.760000000000000000e+02
7.626666666666666288e+02
5.560000000000000000e+02
5.600000000000000000e+02
4.666666666666666856e+02
4.520000000000000000e+02
4.540000000000000000e+02
4.360000000000000000e+02
4.400000000000000000e+02
4.360000000000000000e+02
4.360000000000000000e+02
4.400000000000000000e+02
4.400000000000000000e+02
4.480000000000000000e+02
4.520000000000000000e+02
4.520000000000000000e+02
6.360000000000000000e+02
4.520000000000000000e+02
4.280000000000000000e+02
4.280000000000000000e+02
4.280000000000000000e+02
4.400000000000000000e+02
5.720000000000000000e+02
4.720000000000000000e+02
5.600000000000000000e+02
4.760000000000000000e+02
5.600000000000000000e+02
5.690000000000000000e+02
7.320000000000000000e+02
4.760000000000000000e+02
7.480000000000000000e+02
5.210000000000000000e+02
5.613333333333333712e+02
6.220000000000000000e+02
5.600000000000000000e+02
5.600000000000000000e+02
5.586666666666666288e+02
5.520000000000000000e+02
5.560000000000000000e+02
5.413333333333333712e+02
5.480000000000000000e+02
5.480000000000000000e+02
4.520000000000000000e+02
4.480000000000000000e+02
6.320000000000000000e+02
6.320000000000000000e+02
5.680000000000000000e+02
6.280000000000000000e+02
6.240000000000000000e+02
5.520000000000000000e+02
5.520000000000000000e+02
5.520000000000000000e+02
5.600000000000000000e+02
5.640000000000000000e+02
5.560000000000000000e+02
5.520000000000000000e+02
5.520000000000000000e+02
5.560000000000000000e+02
5.680000000000000000e+02
5.720000000000000000e+02
7.400000000000000000e+02
5.720000000000000000e+02
7.600000000000000000e+02
5.840000000000000000e+02
5.840000000000000000e+02
6.000000000000000000e+02
5.840000000000000000e+02
5.720000000000000000e+02
5.480000000000000000e+02
5.320000000000000000e+02
5.480000000000000000e+02
5.640000000000000000e+02
5.640000000000000000e+02
5.480000000000000000e+02
5.520000000000000000e+02
5.560000000000000000e+02
5.560000000000000000e+02
5.600000000000000000e+02
5.560000000000000000e+02
