6.360000000000000000e+02
6.370000000000000000e+02
6.440000000000000000e+02
6.440000000000000000e+02
6.360000000000000000e+02
6.320000000000000000e+02
6.386666666666666288e+02
6.400000000000000000e+02
6.250000000000000000e+02
6.610000000000000000e+02
6.470000000000000000e+02
6.520000000000000000e+02
6.880000000000000000e+02
6.990000000000000000e+02
6.800000000000000000e+02
6.786666666666666288e+02
6.506666666666666288e+02
6.800000000000000000e+02
6.920000000000000000e+02
6.940000000000000000e+02
6.560000000000000000e+02
6.400000000000000000e+02
6.410000000000000000e+02
7.650000000000000000e+02
5.720000000000000000e+02
6.533333333333333712e+02
6.320000000000000000e+02
6.360000000000000000e+02
6.400000000000000000e+02
6.440000000000000000e+02
6.400000000000000000e+02
6.320000000000000000e+02
5.960000000000000000e+02
6.440000000000000000e+02
6.400000000000000000e+02
6.400000000000000000e+02
6.400000000000000000e+02
5.640000000000000000e+02
5.680000000000000000e+02
5.720000000000000000e+02
5.760000000000000000e+02
5.680000000000000000e+02
6.300000000000000000e+02
5.840000000000000000e+02
7.520000000000000000e+02
6.830000000000000000e+02
6.760000000000000000e+02
6.080000000000000000e+02
6.180000000000000000e+02
5.680000000000000000e+02
5.800000000000000000e+02
5.800000000000000000e+02
5.800000000000000000e+02
5.640000000000000000e+02
5.640000000000000000e+02
5.720000000000000000e+02
5.680000000000000000e+02
5.720000000000000000e+02
5.610000000000000000e+02
5.640000000000000000e+02
5.680000000000000000e+02
5.720000000000000000e+02
5.720000000000000000e+02
5.680000000000000000e+02
5.680000000000000000e+02
5.720000000000000000e+02
5.680000000000000000e+02
5.680000000000000000e+02
5.640000000000000000e+02
5.640000000000000000e+02
5.680000000000000000e+02
5.720000000000000000e+02
5.720000000000000000e+02
5.560000000000000000e+02
5.480000000000000000e+02
5.800000000000000000e+02
5.870000000000000000e+02
5.920000000000000000e+02
6.400000000000000000e+02
6.360000000000000000e+02
6.320000000000000000e+02
6.360000000000000000e+02
5.866666666666666288e+02
5.880000000000000000e+02
5.840000000000000000e+02
5.990000000000000000e+02
5.400000000000000000e+02
5.750000000000000000e+02
5.640000000000000000e+02
5.640000000000000000e+02
5.680000000000000000e+02
5.600000000000000000e+02
5.600000000000000000e+02
5.600000000000000000e+02
5.700000000000000000e+02
5.720000000000000000e+02
5.040000000000000000e+02
5.120000000000000000e+02
5.840000000000000000e+02
5.880000000000000000e+02
5.880000000000000000e+02
5.760000000000000000e+02
5.620000000000000000e+02
5.600000000000000000e+02
5.740000000000000000e+02
5.520000000000000000e+02
5.680000000000000000e+02
6.786666666666666288e+02
7.540000000000000000e+02
5.470000000000000000e+02
5.386666666666666288e+02
5.610000000000000000e+02
5.120000000000000000e+02
5.000000000000000000e+02
5.440000000000000000e+02
5.586666666666666288e+02
4.680000000000000000e+02
7.430000000000000000e+02
4.760000000000000000e+02
6.380000000000000000e+02
4.580000000000000000e+02
5.760000000000000000e+02
4.853333333333333144e+02
5.880000000000000000e+02
5.840000000000000000e+02
5.800000000000000000e+02
4.800000000000000000e+02
5.000000000000000000e+02
4.800000000000000000e+02
4.650000000000000000e+02
5.626666666666666288e+02
4.880000000000000000e+02
4.880000000000000000e+02
5.800000000000000000e+02
5.640000000000000000e+02
4.520000000000000000e+02
4.520000000000000000e+02
5.650000000000000000e+02
7.360000000000000000e+02
4.680000000000000000e+02
4.760000000000000000e+02
5.680000000000000000e+02
4.840000000000000000e+02
5.080000000000000000e+02
5.520000000000000000e+02
4.760000000000000000e+02
5.640000000000000000e+02
5.560000000000000000e+02
4.720000000000000000e+02
7.440000000000000000e+02
4.480000000000000000e+02
4.493333333333333144e+02
4.440000000000000000e+02
5.480000000000000000e+02
4.360000000000000000e+02
4.360000000000000000e+02
4.840000000000000000e+02
4.773333333333333144e+02
4.560000000000000000e+02
4.640000000000000000e+02
4.580000000000000000e+02
4.560000000000000000e+02
4.260000000000000000e+02
4.360000000000000000e+02
4.360000000000000000e+02
4.360000000000000000e+02
4.360000000000000000e+02
5.626666666666666288e+02
4.480000000000000000e+02
4.480000000000000000e+02
4.560000000000000000e+02
4.660000000000000000e+02
5.520000000000000000e+02
5.630000000000000000e+02
4.760000000000000000e+02
5.560000000000000000e+02
4.880000000000000000e+02
4.813333333333333144e+02
7.650000000000000000e+02
5.573333333333333712e+02
5.600000000000000000e+02
4.680000000000000000e+02
4.580000000000000000e+02
4.600000000000000000e+02
4.413333333333333144e+02
4.400000000000000000e+02
4.360000000000000000e+02
4.360000000000000000e+02
4.360000000000000000e+02
4.400000000000000000e+02
4.520000000000000000e+02
4.520000000000000000e+02
4.560000000000000000e+02
4.573333333333333144e+02
4.560000000000000000e+02
4.280000000000000000e+02
4.280000000000000000e+02
4.306666666666666856e+02
4.440000000000000000e+02
5.720000000000000000e+02
4.680000000000000000e+02
5.560000000000000000e+02
4.730000000000000000e+02
5.560000000000000000e+02
5.680000000000000000e+02
7.590000000000000000e+02
4.760000000000000000e+02
4.786666666666666856e+02
7.240000000000000000e+02
5.640000000000000000e+02
6.173333333333333712e+02
5.600000000000000000e+02
5.600000000000000000e+02
5.586666666666666288e+02
5.520000000000000000e+02
5.560000000000000000e+02
5.580000000000000000e+02
5.480000000000000000e+02
5.480000000000000000e+02
4.520000000000000000e+02
4.520000000000000000e+02
6.280000000000000000e+02
6.360000000000000000e+02
6.340000000000000000e+02
6.360000000000000000e+02
6.240000000000000000e+02
5.546666666666666288e+02
5.520000000000000000e+02
5.520000000000000000e+02
5.600000000000000000e+02
5.600000000000000000e+02
5.560000000000000000e+02
5.520000000000000000e+02
5.560000000000000000e+02
5.600000000000000000e+02
5.680000000000000000e+02
5.720000000000000000e+02
7.450000000000000000e+02
5.720000000000000000e+02
7.600000000000000000e+02
5.840000000000000000e+02
5.880000000000000000e+02
5.973333333333333712e+02
5.840000000000000000e+02
5.740000000000000000e+02
5.573333333333333712e+02
5.320000000000000000e+02
5.440000000000000000e+02
5.640000000000000000e+02
5.640000000000000000e+02
5.520000000000000000e+02
5.520000000000000000e+02
5.560000000000000000e+02
5.560000000000000000e+02
5.600000000000000000e+02
5.520000000000000000e+02
