6.360000000000000000e+02
6.320000000000000000e+02
6.380000000000000000e+02
6.400000000000000000e+02
6.360000000000000000e+02
6.320000000000000000e+02
6.386666666666666288e+02
6.400000000000000000e+02
6.300000000000000000e+02
6.400000000000000000e+02
6.470000000000000000e+02
6.440000000000000000e+02
6.920000000000000000e+02
7.000000000000000000e+02
6.733333333333333712e+02
7.060000000000000000e+02
6.520000000000000000e+02
6.800000000000000000e+02
6.906666666666666288e+02
6.960000000000000000e+02
7.266666666666666288e+02
6.460000000000000000e+02
6.440000000000000000e+02
7.650000000000000000e+02
5.760000000000000000e+02
6.533333333333333712e+02
6.320000000000000000e+02
6.360000000000000000e+02
6.400000000000000000e+02
6.440000000000000000e+02
6.400000000000000000e+02
6.400000000000000000e+02
6.130000000000000000e+02
6.440000000000000000e+02
6.450000000000000000e+02
6.400000000000000000e+02
6.400000000000000000e+02
5.640000000000000000e+02
5.680000000000000000e+02
5.690000000000000000e+02
7.546666666666666288e+02
5.680000000000000000e+02
5.750000000000000000e+02
5.840000000000000000e+02
7.240000000000000000e+02
6.830000000000000000e+02
6.760000000000000000e+02
7.640000000000000000e+02
6.200000000000000000e+02
5.720000000000000000e+02
5.800000000000000000e+02
5.800000000000000000e+02
5.800000000000000000e+02
5.680000000000000000e+02
5.640000000000000000e+02
5.720000000000000000e+02
5.680000000000000000e+02
5.720000000000000000e+02
5.610000000000000000e+02
5.680000000000000000e+02
5.680000000000000000e+02
5.720000000000000000e+02
5.760000000000000000e+02
5.680000000000000000e+02
5.720000000000000000e+02
5.720000000000000000e+02
5.680000000000000000e+02
5.640000000000000000e+02
5.640000000000000000e+02
5.610000000000000000e+02
5.720000000000000000e+02
5.720000000000000000e+02
5.720000000000000000e+02
5.520000000000000000e+02
5.506666666666666288e+02
5.800000000000000000e+02
5.920000000000000000e+02
5.920000000000000000e+02
5.840000000000000000e+02
6.400000000000000000e+02
6.360000000000000000e+02
6.400000000000000000e+02
5.866666666666666288e+02
5.880000000000000000e+02
5.800000000000000000e+02
6.010000000000000000e+02
5.400000000000000000e+02
5.600000000000000000e+02
5.600000000000000000e+02
5.640000000000000000e+02
5.680000000000000000e+02
5.600000000000000000e+02
5.600000000000000000e+02
5.560000000000000000e+02
5.800000000000000000e+02
5.720000000000000000e+02
5.040000000000000000e+02
5.040000000000000000e+02
5.826666666666666288e+02
5.880000000000000000e+02
5.880000000000000000e+02
5.720000000000000000e+02
5.760000000000000000e+02
5.600000000000000000e+02
5.760000000000000000e+02
5.480000000000000000e+02
7.493333333333333712e+02
6.786666666666666288e+02
5.800000000000000000e+02
5.470000000000000000e+02
5.400000000000000000e+02
5.640000000000000000e+02
5.120000000000000000e+02
5.000000000000000000e+02
5.360000000000000000e+02
5.480000000000000000e+02
4.720000000000000000e+02
7.480000000000000000e+02
7.620000000000000000e+02
6.040000000000000000e+02
4.560000000000000000e+02
5.760000000000000000e+02
4.813333333333333144e+02
5.880000000000000000e+02
5.850000000000000000e+02
5.720000000000000000e+02
4.800000000000000000e+02
5.000000000000000000e+02
4.800000000000000000e+02
4.650000000000000000e+02
4.560000000000000000e+02
4.866666666666666856e+02
4.920000000000000000e+02
5.760000000000000000e+02
5.640000000000000000e+02
4.520000000000000000e+02
4.520000000000000000e+02
5.626666666666666288e+02
7.360000000000000000e+02
4.680000000000000000e+02
5.586666666666666288e+02
5.586666666666666288e+02
5.530000000000000000e+02
5.370000000000000000e+02
5.520000000000000000e+02
5.520000000000000000e+02
5.640000000000000000e+02
5.560000000000000000e+02
4.720000000000000000e+02
7.560000000000000000e+02
4.480000000000000000e+02
4.520000000000000000e+02
4.480000000000000000e+02
5.480000000000000000e+02
4.320000000000000000e+02
4.360000000000000000e+02
4.346666666666666856e+02
4.773333333333333144e+02
4.560000000000000000e+02
4.680000000000000000e+02
4.546666666666666856e+02
4.560000000000000000e+02
4.260000000000000000e+02
4.360000000000000000e+02
4.400000000000000000e+02
4.360000000000000000e+02
4.440000000000000000e+02
5.626666666666666288e+02
4.480000000000000000e+02
4.520000000000000000e+02
4.506666666666666856e+02
5.580000000000000000e+02
5.520000000000000000e+02
5.680000000000000000e+02
4.760000000000000000e+02
5.586666666666666288e+02
4.840000000000000000e+02
4.760000000000000000e+02
7.626666666666666288e+02
5.560000000000000000e+02
5.600000000000000000e+02
4.680000000000000000e+02
4.580000000000000000e+02
5.630000000000000000e+02
4.360000000000000000e+02
4.400000000000000000e+02
4.360000000000000000e+02
4.360000000000000000e+02
4.400000000000000000e+02
4.400000000000000000e+02
4.520000000000000000e+02
4.480000000000000000e+02
4.560000000000000000e+02
6.320000000000000000e+02
6.290000000000000000e+02
4.280000000000000000e+02
4.280000000000000000e+02
4.306666666666666856e+02
4.440000000000000000e+02
5.666666666666666288e+02
5.650000000000000000e+02
5.560000000000000000e+02
4.730000000000000000e+02
5.560000000000000000e+02
5.680000000000000000e+02
7.590000000000000000e+02
7.546666666666666288e+02
7.800000000000000000e+02
6.360000000000000000e+02
5.613333333333333712e+02
5.640000000000000000e+02
5.600000000000000000e+02
5.560000000000000000e+02
4.813333333333333144e+02
5.560000000000000000e+02
5.520000000000000000e+02
5.413333333333333712e+02
5.480000000000000000e+02
4.430000000000000000e+02
4.480000000000000000e+02
4.480000000000000000e+02
6.320000000000000000e+02
6.320000000000000000e+02
5.680000000000000000e+02
6.240000000000000000e+02
6.280000000000000000e+02
5.520000000000000000e+02
5.520000000000000000e+02
5.520000000000000000e+02
5.600000000000000000e+02
5.640000000000000000e+02
5.520000000000000000e+02
5.520000000000000000e+02
5.520000000000000000e+02
5.600000000000000000e+02
5.650000000000000000e+02
5.720000000000000000e+02
6.030000000000000000e+02
5.760000000000000000e+02
7.600000000000000000e+02
5.840000000000000000e+02
5.840000000000000000e+02
6.030000000000000000e+02
5.820000000000000000e+02
5.720000000000000000e+02
5.440000000000000000e+02
5.280000000000000000e+02
5.520000000000000000e+02
5.600000000000000000e+02
5.680000000000000000e+02
5.520000000000000000e+02
5.520000000000000000e+02
5.560000000000000000e+02
5.560000000000000000e+02
5.600000000000000000e+02
5.520000000000000000e+02
