6.360000000000000000e+02
6.370000000000000000e+02
6.380000000000000000e+02
6.400000000000000000e+02
6.360000000000000000e+02
6.400000000000000000e+02
6.480000000000000000e+02
5.986666666666666288e+02
6.426666666666666288e+02
6.400000000000000000e+02
6.470000000000000000e+02
6.520000000000000000e+02
6.920000000000000000e+02
7.000000000000000000e+02
6.800000000000000000e+02
6.520000000000000000e+02
6.506666666666666288e+02
6.800000000000000000e+02
6.813333333333333712e+02
7.000000000000000000e+02
7.266666666666666288e+02
6.460000000000000000e+02
6.410000000000000000e+02
7.500000000000000000e+02
5.720000000000000000e+02
6.520000000000000000e+02
6.320000000000000000e+02
6.360000000000000000e+02
6.400000000000000000e+02
6.400000000000000000e+02
6.440000000000000000e+02
6.400000000000000000e+02
6.280000000000000000e+02
6.460000000000000000e+02
6.450000000000000000e+02
6.400000000000000000e+02
6.400000000000000000e+02
5.640000000000000000e+02
5.680000000000000000e+02
5.720000000000000000e+02
5.680000000000000000e+02
5.680000000000000000e+02
5.720000000000000000e+02
5.840000000000000000e+02
7.240000000000000000e+02
6.973333333333333712e+02
6.760000000000000000e+02
7.640000000000000000e+02
6.200000000000000000e+02
5.720000000000000000e+02
5.800000000000000000e+02
5.800000000000000000e+02
5.800000000000000000e+02
5.640000000000000000e+02
5.640000000000000000e+02
5.680000000000000000e+02
5.680000000000000000e+02
5.720000000000000000e+02
5.640000000000000000e+02
5.680000000000000000e+02
5.680000000000000000e+02
5.760000000000000000e+02
5.720000000000000000e+02
5.720000000000000000e+02
5.680000000000000000e+02
5.760000000000000000e+02
5.680000000000000000e+02
5.640000000000000000e+02
5.640000000000000000e+02
5.610000000000000000e+02
5.640000000000000000e+02
5.680000000000000000e+02
5.720000000000000000e+02
5.520000000000000000e+02
5.506666666666666288e+02
5.800000000000000000e+02
5.880000000000000000e+02
5.920000000000000000e+02
6.400000000000000000e+02
6.320000000000000000e+02
6.360000000000000000e+02
6.400000000000000000e+02
5.920000000000000000e+02
5.840000000000000000e+02
5.800000000000000000e+02
5.880000000000000000e+02
5.400000000000000000e+02
5.720000000000000000e+02
5.640000000000000000e+02
5.600000000000000000e+02
5.680000000000000000e+02
5.600000000000000000e+02
5.600000000000000000e+02
5.600000000000000000e+02
5.840000000000000000e+02
5.760000000000000000e+02
5.080000000000000000e+02
5.080000000000000000e+02
5.840000000000000000e+02
5.880000000000000000e+02
5.920000000000000000e+02
5.760000000000000000e+02
5.610000000000000000e+02
5.600000000000000000e+02
5.760000000000000000e+02
5.520000000000000000e+02
5.680000000000000000e+02
5.860000000000000000e+02
5.893333333333333712e+02
5.440000000000000000e+02
5.386666666666666288e+02
5.610000000000000000e+02
5.093333333333333144e+02
5.590000000000000000e+02
5.440000000000000000e+02
5.460000000000000000e+02
4.720000000000000000e+02
7.440000000000000000e+02
4.760000000000000000e+02
4.720000000000000000e+02
4.560000000000000000e+02
5.760000000000000000e+02
4.830000000000000000e+02
5.880000000000000000e+02
5.840000000000000000e+02
5.720000000000000000e+02
4.800000000000000000e+02
4.970000000000000000e+02
5.000000000000000000e+02
4.650000000000000000e+02
5.626666666666666288e+02
4.866666666666666856e+02
4.880000000000000000e+02
5.760000000000000000e+02
5.600000000000000000e+02
4.520000000000000000e+02
4.520000000000000000e+02
4.600000000000000000e+02
5.813333333333333712e+02
4.680000000000000000e+02
4.720000000000000000e+02
5.680000000000000000e+02
5.530000000000000000e+02
5.430000000000000000e+02
5.480000000000000000e+02
4.773333333333333144e+02
5.640000000000000000e+02
5.560000000000000000e+02
5.560000000000000000e+02
7.546666666666666288e+02
4.460000000000000000e+02
4.490000000000000000e+02
4.480000000000000000e+02
5.480000000000000000e+02
4.360000000000000000e+02
4.360000000000000000e+02
4.360000000000000000e+02
5.560000000000000000e+02
4.600000000000000000e+02
4.680000000000000000e+02
4.546666666666666856e+02
4.560000000000000000e+02
4.480000000000000000e+02
4.360000000000000000e+02
4.400000000000000000e+02
4.360000000000000000e+02
4.400000000000000000e+02
4.360000000000000000e+02
4.480000000000000000e+02
4.480000000000000000e+02
4.560000000000000000e+02
5.640000000000000000e+02
5.530000000000000000e+02
5.600000000000000000e+02
4.760000000000000000e+02
5.560000000000000000e+02
4.880000000000000000e+02
4.760000000000000000e+02
7.650000000000000000e+02
5.520000000000000000e+02
5.680000000000000000e+02
4.680000000000000000e+02
4.520000000000000000e+02
5.630000000000000000e+02
4.360000000000000000e+02
4.400000000000000000e+02
4.360000000000000000e+02
4.360000000000000000e+02
4.360000000000000000e+02
4.400000000000000000e+02
4.520000000000000000e+02
4.520000000000000000e+02
4.560000000000000000e+02
6.320000000000000000e+02
6.290000000000000000e+02
4.520000000000000000e+02
4.280000000000000000e+02
4.340000000000000000e+02
4.440000000000000000e+02
5.666666666666666288e+02
4.680000000000000000e+02
4.660000000000000000e+02
4.760000000000000000e+02
5.560000000000000000e+02
5.680000000000000000e+02
7.440000000000000000e+02
4.800000000000000000e+02
7.440000000000000000e+02
7.240000000000000000e+02
5.600000000000000000e+02
5.613333333333333712e+02
4.940000000000000000e+02
5.600000000000000000e+02
4.810000000000000000e+02
5.520000000000000000e+02
5.560000000000000000e+02
5.400000000000000000e+02
5.480000000000000000e+02
5.440000000000000000e+02
4.520000000000000000e+02
4.480000000000000000e+02
6.280000000000000000e+02
6.320000000000000000e+02
6.340000000000000000e+02
6.280000000000000000e+02
6.280000000000000000e+02
5.520000000000000000e+02
5.520000000000000000e+02
5.560000000000000000e+02
5.560000000000000000e+02
5.600000000000000000e+02
5.560000000000000000e+02
5.520000000000000000e+02
5.520000000000000000e+02
5.600000000000000000e+02
5.680000000000000000e+02
5.720000000000000000e+02
7.440000000000000000e+02
5.700000000000000000e+02
7.600000000000000000e+02
5.840000000000000000e+02
5.840000000000000000e+02
6.030000000000000000e+02
5.840000000000000000e+02
5.710000000000000000e+02
5.573333333333333712e+02
5.320000000000000000e+02
5.520000000000000000e+02
5.560000000000000000e+02
5.640000000000000000e+02
5.480000000000000000e+02
5.520000000000000000e+02
5.560000000000000000e+02
5.560000000000000000e+02
5.600000000000000000e+02
5.520000000000000000e+02
