6.360000000000000000e+02
6.360000000000000000e+02
6.440000000000000000e+02
6.400000000000000000e+02
6.400000000000000000e+02
6.320000000000000000e+02
6.480000000000000000e+02
6.053333333333333712e+02
6.426666666666666288e+02
6.610000000000000000e+02
6.470000000000000000e+02
6.440000000000000000e+02
6.920000000000000000e+02
7.173333333333333712e+02
6.800000000000000000e+02
6.786666666666666288e+02
6.506666666666666288e+02
6.800000000000000000e+02
6.820000000000000000e+02
6.920000000000000000e+02
5.880000000000000000e+02
6.400000000000000000e+02
6.440000000000000000e+02
7.650000000000000000e+02
5.760000000000000000e+02
5.720000000000000000e+02
6.346666666666666288e+02
6.360000000000000000e+02
6.400000000000000000e+02
6.400000000000000000e+02
6.440000000000000000e+02
6.260000000000000000e+02
6.026666666666666288e+02
6.480000000000000000e+02
6.400000000000000000e+02
6.400000000000000000e+02
6.400000000000000000e+02
5.680000000000000000e+02
5.680000000000000000e+02
5.690000000000000000e+02
7.546666666666666288e+02
5.680000000000000000e+02
5.720000000000000000e+02
5.840000000000000000e+02
6.890000000000000000e+02
6.840000000000000000e+02
6.800000000000000000e+02
6.066666666666666288e+02
6.180000000000000000e+02
6.140000000000000000e+02
5.800000000000000000e+02
5.800000000000000000e+02
5.840000000000000000e+02
5.760000000000000000e+02
5.640000000000000000e+02
5.680000000000000000e+02
5.680000000000000000e+02
5.720000000000000000e+02
5.680000000000000000e+02
5.680000000000000000e+02
5.680000000000000000e+02
5.720000000000000000e+02
5.720000000000000000e+02
5.720000000000000000e+02
5.680000000000000000e+02
5.760000000000000000e+02
5.680000000000000000e+02
5.680000000000000000e+02
5.640000000000000000e+02
5.600000000000000000e+02
5.680000000000000000e+02
5.720000000000000000e+02
5.680000000000000000e+02
5.520000000000000000e+02
5.480000000000000000e+02
5.800000000000000000e+02
5.870000000000000000e+02
5.920000000000000000e+02
6.440000000000000000e+02
6.320000000000000000e+02
6.360000000000000000e+02
6.400000000000000000e+02
5.920000000000000000e+02
5.880000000000000000e+02
5.800000000000000000e+02
5.920000000000000000e+02
5.400000000000000000e+02
5.600000000000000000e+02
5.600000000000000000e+02
5.640000000000000000e+02
5.670000000000000000e+02
5.600000000000000000e+02
5.560000000000000000e+02
5.600000000000000000e+02
5.800000000000000000e+02
5.720000000000000000e+02
5.040000000000000000e+02
5.080000000000000000e+02
5.840000000000000000e+02
5.920000000000000000e+02
5.880000000000000000e+02
5.760000000000000000e+02
5.610000000000000000e+02
5.600000000000000000e+02
5.760000000000000000e+02
5.570000000000000000e+02
5.680000000000000000e+02
5.860000000000000000e+02
5.893333333333333712e+02
5.440000000000000000e+02
5.440000000000000000e+02
5.640000000000000000e+02
5.120000000000000000e+02
5.060000000000000000e+02
5.180000000000000000e+02
5.586666666666666288e+02
5.140000000000000000e+02
7.480000000000000000e+02
4.770000000000000000e+02
6.080000000000000000e+02
4.580000000000000000e+02
5.760000000000000000e+02
4.880000000000000000e+02
5.980000000000000000e+02
5.840000000000000000e+02
5.720000000000000000e+02
4.800000000000000000e+02
5.000000000000000000e+02
4.800000000000000000e+02
4.600000000000000000e+02
4.560000000000000000e+02
4.866666666666666856e+02
4.880000000000000000e+02
5.800000000000000000e+02
5.640000000000000000e+02
4.520000000000000000e+02
4.520000000000000000e+02
5.626666666666666288e+02
5.680000000000000000e+02
4.680000000000000000e+02
4.750000000000000000e+02
5.580000000000000000e+02
4.870000000000000000e+02
5.220000000000000000e+02
5.480000000000000000e+02
4.773333333333333144e+02
5.600000000000000000e+02
5.600000000000000000e+02
4.680000000000000000e+02
7.440000000000000000e+02
4.480000000000000000e+02
4.520000000000000000e+02
4.480000000000000000e+02
5.480000000000000000e+02
4.320000000000000000e+02
4.360000000000000000e+02
4.346666666666666856e+02
5.560000000000000000e+02
4.560000000000000000e+02
4.680000000000000000e+02
4.520000000000000000e+02
4.560000000000000000e+02
4.280000000000000000e+02
4.400000000000000000e+02
4.400000000000000000e+02
4.360000000000000000e+02
4.440000000000000000e+02
4.360000000000000000e+02
4.480000000000000000e+02
4.480000000000000000e+02
4.480000000000000000e+02
5.580000000000000000e+02
5.520000000000000000e+02
5.600000000000000000e+02
4.760000000000000000e+02
5.600000000000000000e+02
4.880000000000000000e+02
4.813333333333333144e+02
4.786666666666666856e+02
7.620000000000000000e+02
5.533333333333333712e+02
4.680000000000000000e+02
4.560000000000000000e+02
4.560000000000000000e+02
4.360000000000000000e+02
4.400000000000000000e+02
4.360000000000000000e+02
4.360000000000000000e+02
4.400000000000000000e+02
4.400000000000000000e+02
4.480000000000000000e+02
4.480000000000000000e+02
4.560000000000000000e+02
4.573333333333333144e+02
6.290000000000000000e+02
4.320000000000000000e+02
4.280000000000000000e+02
5.620000000000000000e+02
4.440000000000000000e+02
5.720000000000000000e+02
4.720000000000000000e+02
4.573333333333333144e+02
4.720000000000000000e+02
5.546666666666666288e+02
5.690000000000000000e+02
7.590000000000000000e+02
4.760000000000000000e+02
7.440000000000000000e+02
6.360000000000000000e+02
5.640000000000000000e+02
5.640000000000000000e+02
5.480000000000000000e+02
5.600000000000000000e+02
4.813333333333333144e+02
5.520000000000000000e+02
5.520000000000000000e+02
5.500000000000000000e+02
5.480000000000000000e+02
5.453333333333333712e+02
4.520000000000000000e+02
4.480000000000000000e+02
6.280000000000000000e+02
6.320000000000000000e+02
5.680000000000000000e+02
6.280000000000000000e+02
6.240000000000000000e+02
5.520000000000000000e+02
5.520000000000000000e+02
5.560000000000000000e+02
5.600000000000000000e+02
5.640000000000000000e+02
5.520000000000000000e+02
5.520000000000000000e+02
5.520000000000000000e+02
5.600000000000000000e+02
5.650000000000000000e+02
5.720000000000000000e+02
7.400000000000000000e+02
5.720000000000000000e+02
7.790000000000000000e+02
5.840000000000000000e+02
5.880000000000000000e+02
5.973333333333333712e+02
5.840000000000000000e+02
5.720000000000000000e+02
5.480000000000000000e+02
5.320000000000000000e+02
5.520000000000000000e+02
5.640000000000000000e+02
5.640000000000000000e+02
5.520000000000000000e+02
5.520000000000000000e+02
5.560000000000000000e+02
5.600000000000000000e+02
5.600000000000000000e+02
5.520000000000000000e+02
