6.360000000000000000e+02
6.360000000000000000e+02
6.440000000000000000e+02
6.400000000000000000e+02
6.360000000000000000e+02
6.400000000000000000e+02
6.440000000000000000e+02
6.400000000000000000e+02
5.840000000000000000e+02
6.400000000000000000e+02
6.480000000000000000e+02
6.480000000000000000e+02
7.173333333333333712e+02
7.173333333333333712e+02
6.720000000000000000e+02
7.060000000000000000e+02
6.573333333333333712e+02
6.800000000000000000e+02
6.920000000000000000e+02
7.000000000000000000e+02
6.560000000000000000e+02
6.400000000000000000e+02
6.410000000000000000e+02
6.610000000000000000e+02
5.720000000000000000e+02
5.653333333333333712e+02
6.346666666666666288e+02
6.360000000000000000e+02
6.400000000000000000e+02
6.400000000000000000e+02
6.400000000000000000e+02
6.320000000000000000e+02
6.026666666666666288e+02
6.440000000000000000e+02
6.400000000000000000e+02
6.400000000000000000e+02
6.400000000000000000e+02
5.680000000000000000e+02
5.680000000000000000e+02
5.720000000000000000e+02
5.760000000000000000e+02
5.680000000000000000e+02
5.720000000000000000e+02
5.840000000000000000e+02
6.980000000000000000e+02
7.470000000000000000e+02
6.800000000000000000e+02
7.640000000000000000e+02
6.186666666666666288e+02
5.720000000000000000e+02
5.880000000000000000e+02
5.800000000000000000e+02
5.840000000000000000e+02
5.760000000000000000e+02
5.640000000000000000e+02
5.720000000000000000e+02
5.680000000000000000e+02
5.760000000000000000e+02
5.640000000000000000e+02
5.680000000000000000e+02
5.680000000000000000e+02
5.720000000000000000e+02
5.720000000000000000e+02
5.680000000000000000e+02
5.720000000000000000e+02
5.720000000000000000e+02
5.680000000000000000e+02
5.680000000000000000e+02
5.640000000000000000e+02
5.610000000000000000e+02
5.680000000000000000e+02
5.680000000000000000e+02
5.720000000000000000e+02
5.560000000000000000e+02
5.480000000000000000e+02
5.800000000000000000e+02
5.880000000000000000e+02
5.920000000000000000e+02
6.400000000000000000e+02
6.360000000000000000e+02
6.360000000000000000e+02
6.360000000000000000e+02
5.920000000000000000e+02
5.880000000000000000e+02
5.840000000000000000e+02
5.880000000000000000e+02
5.440000000000000000e+02
5.720000000000000000e+02
5.640000000000000000e+02
5.640000000000000000e+02
5.680000000000000000e+02
5.600000000000000000e+02
5.600000000000000000e+02
5.560000000000000000e+02
5.800000000000000000e+02
5.720000000000000000e+02
5.040000000000000000e+02
5.080000000000000000e+02
5.826666666666666288e+02
5.880000000000000000e+02
5.880000000000000000e+02
5.760000000000000000e+02
5.853333333333333712e+02
5.600000000000000000e+02
5.740000000000000000e+02
5.570000000000000000e+02
5.720000000000000000e+02
6.786666666666666288e+02
5.840000000000000000e+02
5.480000000000000000e+02
5.400000000000000000e+02
5.640000000000000000e+02
5.080000000000000000e+02
5.060000000000000000e+02
5.400000000000000000e+02
5.530000000000000000e+02
5.140000000000000000e+02
7.500000000000000000e+02
7.620000000000000000e+02
6.080000000000000000e+02
4.560000000000000000e+02
4.666666666666666856e+02
4.853333333333333144e+02
5.880000000000000000e+02
5.840000000000000000e+02
5.720000000000000000e+02
4.800000000000000000e+02
5.000000000000000000e+02
4.800000000000000000e+02
4.650000000000000000e+02
5.640000000000000000e+02
4.880000000000000000e+02
4.880000000000000000e+02
5.760000000000000000e+02
5.640000000000000000e+02
4.520000000000000000e+02
4.520000000000000000e+02
5.626666666666666288e+02
5.813333333333333712e+02
4.760000000000000000e+02
5.586666666666666288e+02
5.586666666666666288e+02
4.840000000000000000e+02
5.370000000000000000e+02
5.520000000000000000e+02
4.800000000000000000e+02
5.626666666666666288e+02
5.570000000000000000e+02
4.680000000000000000e+02
7.440000000000000000e+02
4.500000000000000000e+02
4.480000000000000000e+02
4.480000000000000000e+02
5.480000000000000000e+02
4.360000000000000000e+02
4.360000000000000000e+02
4.840000000000000000e+02
4.773333333333333144e+02
4.560000000000000000e+02
4.680000000000000000e+02
4.520000000000000000e+02
4.560000000000000000e+02
4.280000000000000000e+02
4.400000000000000000e+02
4.400000000000000000e+02
4.360000000000000000e+02
4.400000000000000000e+02
4.360000000000000000e+02
4.480000000000000000e+02
4.520000000000000000e+02
4.480000000000000000e+02
4.770000000000000000e+02
5.520000000000000000e+02
5.640000000000000000e+02
4.760000000000000000e+02
5.560000000000000000e+02
4.880000000000000000e+02
4.813333333333333144e+02
7.650000000000000000e+02
5.573333333333333712e+02
5.620000000000000000e+02
4.680000000000000000e+02
4.520000000000000000e+02
4.560000000000000000e+02
4.360000000000000000e+02
4.400000000000000000e+02
4.360000000000000000e+02
4.400000000000000000e+02
4.360000000000000000e+02
4.400000000000000000e+02
4.520000000000000000e+02
4.520000000000000000e+02
4.560000000000000000e+02
6.340000000000000000e+02
4.560000000000000000e+02
4.320000000000000000e+02
4.280000000000000000e+02
5.620000000000000000e+02
4.400000000000000000e+02
5.680000000000000000e+02
5.650000000000000000e+02
4.573333333333333144e+02
4.730000000000000000e+02
5.560000000000000000e+02
5.600000000000000000e+02
7.440000000000000000e+02
4.733333333333333144e+02
4.786666666666666856e+02
5.680000000000000000e+02
5.600000000000000000e+02
6.173333333333333712e+02
5.600000000000000000e+02
5.560000000000000000e+02
5.586666666666666288e+02
5.520000000000000000e+02
5.520000000000000000e+02
5.440000000000000000e+02
5.480000000000000000e+02
5.453333333333333712e+02
4.480000000000000000e+02
4.480000000000000000e+02
5.600000000000000000e+02
6.320000000000000000e+02
6.340000000000000000e+02
6.280000000000000000e+02
6.280000000000000000e+02
5.520000000000000000e+02
5.520000000000000000e+02
5.520000000000000000e+02
5.600000000000000000e+02
5.600000000000000000e+02
5.560000000000000000e+02
5.520000000000000000e+02
5.520000000000000000e+02
5.600000000000000000e+02
5.680000000000000000e+02
5.720000000000000000e+02
6.030000000000000000e+02
5.700000000000000000e+02
5.653333333333333712e+02
5.840000000000000000e+02
5.840000000000000000e+02
6.000000000000000000e+02
5.840000000000000000e+02
5.710000000000000000e+02
5.480000000000000000e+02
5.280000000000000000e+02
5.520000000000000000e+02
5.640000000000000000e+02
5.680000000000000000e+02
5.480000000000000000e+02
5.520000000000000000e+02
5.560000000000000000e+02
5.560000000000000000e+02
5.600000000000000000e+02
5.520000000000000000e+02
