6.360000000000000000e+02
6.360000000000000000e+02
6.440000000000000000e+02
6.400000000000000000e+02
6.400000000000000000e+02
6.320000000000000000e+02
6.386666666666666288e+02
6.053333333333333712e+02
6.426666666666666288e+02
6.610000000000000000e+02
6.480000000000000000e+02
6.466666666666666288e+02
7.000000000000000000e+02
7.173333333333333712e+02
6.720000000000000000e+02
6.580000000000000000e+02
6.520000000000000000e+02
6.840000000000000000e+02
6.920000000000000000e+02
7.040000000000000000e+02
6.560000000000000000e+02
6.400000000000000000e+02
6.400000000000000000e+02
6.610000000000000000e+02
5.760000000000000000e+02
6.520000000000000000e+02
6.346666666666666288e+02
6.360000000000000000e+02
6.400000000000000000e+02
6.400000000000000000e+02
6.400000000000000000e+02
6.400000000000000000e+02
6.000000000000000000e+02
6.440000000000000000e+02
6.400000000000000000e+02
6.400000000000000000e+02
6.400000000000000000e+02
5.680000000000000000e+02
5.680000000000000000e+02
5.720000000000000000e+02
7.520000000000000000e+02
5.640000000000000000e+02
5.720000000000000000e+02
5.840000000000000000e+02
6.130000000000000000e+02
6.973333333333333712e+02
6.800000000000000000e+02
6.800000000000000000e+02
6.160000000000000000e+02
5.720000000000000000e+02
5.800000000000000000e+02
5.780000000000000000e+02
5.840000000000000000e+02
5.680000000000000000e+02
5.640000000000000000e+02
5.680000000000000000e+02
5.680000000000000000e+02
5.720000000000000000e+02
5.640000000000000000e+02
5.680000000000000000e+02
5.680000000000000000e+02
5.720000000000000000e+02
5.720000000000000000e+02
5.680000000000000000e+02
5.720000000000000000e+02
5.720000000000000000e+02
5.680000000000000000e+02
5.640000000000000000e+02
5.640000000000000000e+02
5.640000000000000000e+02
5.680000000000000000e+02
5.680000000000000000e+02
5.680000000000000000e+02
5.613333333333333712e+02
5.480000000000000000e+02
5.800000000000000000e+02
5.920000000000000000e+02
5.920000000000000000e+02
6.400000000000000000e+02
6.360000000000000000e+02
6.360000000000000000e+02
6.400000000000000000e+02
5.920000000000000000e+02
5.840000000000000000e+02
5.840000000000000000e+02
5.990000000000000000e+02
5.370000000000000000e+02
5.720000000000000000e+02
5.600000000000000000e+02
5.600000000000000000e+02
5.640000000000000000e+02
5.600000000000000000e+02
5.560000000000000000e+02
5.600000000000000000e+02
5.700000000000000000e+02
5.720000000000000000e+02
5.040000000000000000e+02
5.120000000000000000e+02
5.800000000000000000e+02
5.920000000000000000e+02
5.920000000000000000e+02
5.760000000000000000e+02
5.853333333333333712e+02
5.600000000000000000e+02
5.760000000000000000e+02
5.570000000000000000e+02
7.493333333333333712e+02
4.690000000000000000e+02
5.800000000000000000e+02
5.440000000000000000e+02
5.410000000000000000e+02
5.610000000000000000e+02
5.120000000000000000e+02
5.060000000000000000e+02
5.360000000000000000e+02
5.530000000000000000e+02
4.720000000000000000e+02
7.480000000000000000e+02
7.620000000000000000e+02
6.080000000000000000e+02
4.540000000000000000e+02
5.760000000000000000e+02
4.853333333333333144e+02
5.980000000000000000e+02
5.840000000000000000e+02
5.720000000000000000e+02
4.706666666666666856e+02
4.970000000000000000e+02
4.860000000000000000e+02
4.600000000000000000e+02
5.630000000000000000e+02
4.880000000000000000e+02
4.880000000000000000e+02
4.920000000000000000e+02
5.600000000000000000e+02
4.520000000000000000e+02
4.520000000000000000e+02
4.600000000000000000e+02
5.813333333333333712e+02
4.760000000000000000e+02
5.586666666666666288e+02
5.680000000000000000e+02
5.530000000000000000e+02
5.220000000000000000e+02
5.520000000000000000e+02
4.773333333333333144e+02
5.640000000000000000e+02
5.640000000000000000e+02
4.720000000000000000e+02
7.546666666666666288e+02
4.480000000000000000e+02
4.490000000000000000e+02
4.440000000000000000e+02
5.480000000000000000e+02
4.360000000000000000e+02
4.360000000000000000e+02
4.360000000000000000e+02
5.560000000000000000e+02
4.560000000000000000e+02
4.680000000000000000e+02
4.580000000000000000e+02
4.560000000000000000e+02
4.280000000000000000e+02
4.380000000000000000e+02
4.360000000000000000e+02
4.360000000000000000e+02
4.400000000000000000e+02
4.360000000000000000e+02
4.520000000000000000e+02
4.480000000000000000e+02
4.520000000000000000e+02
5.580000000000000000e+02
5.520000000000000000e+02
5.680000000000000000e+02
4.720000000000000000e+02
5.600000000000000000e+02
4.880000000000000000e+02
4.760000000000000000e+02
7.680000000000000000e+02
7.620000000000000000e+02
5.580000000000000000e+02
4.666666666666666856e+02
4.580000000000000000e+02
5.630000000000000000e+02
4.320000000000000000e+02
4.400000000000000000e+02
4.360000000000000000e+02
4.360000000000000000e+02
4.400000000000000000e+02
4.360000000000000000e+02
4.520000000000000000e+02
4.520000000000000000e+02
4.560000000000000000e+02
6.320000000000000000e+02
4.560000000000000000e+02
4.280000000000000000e+02
4.280000000000000000e+02
5.620000000000000000e+02
4.400000000000000000e+02
5.670000000000000000e+02
5.650000000000000000e+02
5.560000000000000000e+02
4.720000000000000000e+02
5.560000000000000000e+02
5.600000000000000000e+02
7.480000000000000000e+02
4.733333333333333144e+02
4.786666666666666856e+02
7.460000000000000000e+02
5.640000000000000000e+02
6.220000000000000000e+02
5.600000000000000000e+02
5.560000000000000000e+02
5.586666666666666288e+02
5.560000000000000000e+02
5.560000000000000000e+02
5.413333333333333712e+02
5.480000000000000000e+02
5.453333333333333712e+02
4.520000000000000000e+02
4.520000000000000000e+02
5.600000000000000000e+02
6.320000000000000000e+02
5.680000000000000000e+02
6.280000000000000000e+02
6.240000000000000000e+02
5.520000000000000000e+02
5.520000000000000000e+02
5.560000000000000000e+02
5.560000000000000000e+02
5.600000000000000000e+02
5.560000000000000000e+02
5.520000000000000000e+02
5.560000000000000000e+02
5.600000000000000000e+02
5.640000000000000000e+02
5.720000000000000000e+02
6.030000000000000000e+02
5.700000000000000000e+02
5.653333333333333712e+02
5.840000000000000000e+02
5.840000000000000000e+02
6.040000000000000000e+02
5.820000000000000000e+02
5.680000000000000000e+02
5.573333333333333712e+02
5.280000000000000000e+02
5.440000000000000000e+02
5.610000000000000000e+02
5.640000000000000000e+02
5.520000000000000000e+02
5.520000000000000000e+02
5.560000000000000000e+02
5.600000000000000000e+02
5.600000000000000000e+02
5.560000000000000000e+02
