6.360000000000000000e+02
6.360000000000000000e+02
6.440000000000000000e+02
6.400000000000000000e+02
6.360000000000000000e+02
6.400000000000000000e+02
6.480000000000000000e+02
6.053333333333333712e+02
6.300000000000000000e+02
6.400000000000000000e+02
6.440000000000000000e+02
6.466666666666666288e+02
6.920000000000000000e+02
7.106666666666666288e+02
6.800000000000000000e+02
6.580000000000000000e+02
6.580000000000000000e+02
6.840000000000000000e+02
6.906666666666666288e+02
6.940000000000000000e+02
7.266666666666666288e+02
6.400000000000000000e+02
6.400000000000000000e+02
6.700000000000000000e+02
5.720000000000000000e+02
5.653333333333333712e+02
6.320000000000000000e+02
6.360000000000000000e+02
6.400000000000000000e+02
6.440000000000000000e+02
6.400000000000000000e+02
6.400000000000000000e+02
6.130000000000000000e+02
6.460000000000000000e+02
6.400000000000000000e+02
6.400000000000000000e+02
6.400000000000000000e+02
5.680000000000000000e+02
5.680000000000000000e+02
5.720000000000000000e+02
7.546666666666666288e+02
5.680000000000000000e+02
5.720000000000000000e+02
5.840000000000000000e+02
6.890000000000000000e+02
6.830000000000000000e+02
6.800000000000000000e+02
6.066666666666666288e+02
6.186666666666666288e+02
5.710000000000000000e+02
5.800000000000000000e+02
5.800000000000000000e+02
5.840000000000000000e+02
5.640000000000000000e+02
5.640000000000000000e+02
5.720000000000000000e+02
5.680000000000000000e+02
5.720000000000000000e+02
5.610000000000000000e+02
5.640000000000000000e+02
5.680000000000000000e+02
5.720000000000000000e+02
5.720000000000000000e+02
5.680000000000000000e+02
5.720000000000000000e+02
5.720000000000000000e+02
5.680000000000000000e+02
5.640000000000000000e+02
5.640000000000000000e+02
5.640000000000000000e+02
5.640000000000000000e+02
5.680000000000000000e+02
5.720000000000000000e+02
5.520000000000000000e+02
5.480000000000000000e+02
5.800000000000000000e+02
5.880000000000000000e+02
5.920000000000000000e+02
6.440000000000000000e+02
6.360000000000000000e+02
6.360000000000000000e+02
6.400000000000000000e+02
5.866666666666666288e+02
5.880000000000000000e+02
5.840000000000000000e+02
5.880000000000000000e+02
5.440000000000000000e+02
5.600000000000000000e+02
5.620000000000000000e+02
5.600000000000000000e+02
5.640000000000000000e+02
5.560000000000000000e+02
5.600000000000000000e+02
5.600000000000000000e+02
5.700000000000000000e+02
5.720000000000000000e+02
5.080000000000000000e+02
5.080000000000000000e+02
5.840000000000000000e+02
5.880000000000000000e+02
5.880000000000000000e+02
5.720000000000000000e+02
5.610000000000000000e+02
5.640000000000000000e+02
5.740000000000000000e+02
5.520000000000000000e+02
5.730000000000000000e+02
5.800000000000000000e+02
5.826666666666666288e+02
5.440000000000000000e+02
5.386666666666666288e+02
5.610000000000000000e+02
5.120000000000000000e+02
5.000000000000000000e+02
5.400000000000000000e+02
5.560000000000000000e+02
5.140000000000000000e+02
7.480000000000000000e+02
4.760000000000000000e+02
6.050000000000000000e+02
4.620000000000000000e+02
5.760000000000000000e+02
4.880000000000000000e+02
5.880000000000000000e+02
5.840000000000000000e+02
5.720000000000000000e+02
4.800000000000000000e+02
5.000000000000000000e+02
4.800000000000000000e+02
4.640000000000000000e+02
5.626666666666666288e+02
4.880000000000000000e+02
4.880000000000000000e+02
5.760000000000000000e+02
5.600000000000000000e+02
4.520000000000000000e+02
4.520000000000000000e+02
5.626666666666666288e+02
5.740000000000000000e+02
4.760000000000000000e+02
4.750000000000000000e+02
5.586666666666666288e+02
4.840000000000000000e+02
5.080000000000000000e+02
5.480000000000000000e+02
4.760000000000000000e+02
5.626666666666666288e+02
5.560000000000000000e+02
4.720000000000000000e+02
7.520000000000000000e+02
4.450000000000000000e+02
4.520000000000000000e+02
4.480000000000000000e+02
5.480000000000000000e+02
4.360000000000000000e+02
4.360000000000000000e+02
4.346666666666666856e+02
5.560000000000000000e+02
4.560000000000000000e+02
4.680000000000000000e+02
4.520000000000000000e+02
4.560000000000000000e+02
4.280000000000000000e+02
4.400000000000000000e+02
4.360000000000000000e+02
4.360000000000000000e+02
4.360000000000000000e+02
4.360000000000000000e+02
4.520000000000000000e+02
4.480000000000000000e+02
4.560000000000000000e+02
5.640000000000000000e+02
5.520000000000000000e+02
5.640000000000000000e+02
4.760000000000000000e+02
5.586666666666666288e+02
4.880000000000000000e+02
4.800000000000000000e+02
7.650000000000000000e+02
5.573333333333333712e+02
5.533333333333333712e+02
4.680000000000000000e+02
4.580000000000000000e+02
4.540000000000000000e+02
4.320000000000000000e+02
4.400000000000000000e+02
4.360000000000000000e+02
4.360000000000000000e+02
4.360000000000000000e+02
4.360000000000000000e+02
4.520000000000000000e+02
4.520000000000000000e+02
4.520000000000000000e+02
6.320000000000000000e+02
6.290000000000000000e+02
4.280000000000000000e+02
4.280000000000000000e+02
4.306666666666666856e+02
4.400000000000000000e+02
5.680000000000000000e+02
4.680000000000000000e+02
4.660000000000000000e+02
4.720000000000000000e+02
5.560000000000000000e+02
5.600000000000000000e+02
7.590000000000000000e+02
7.653333333333333712e+02
4.800000000000000000e+02
5.210000000000000000e+02
5.600000000000000000e+02
6.220000000000000000e+02
4.940000000000000000e+02
5.560000000000000000e+02
5.586666666666666288e+02
5.560000000000000000e+02
5.520000000000000000e+02
5.440000000000000000e+02
5.480000000000000000e+02
4.430000000000000000e+02
4.520000000000000000e+02
4.520000000000000000e+02
6.280000000000000000e+02
6.320000000000000000e+02
5.680000000000000000e+02
6.360000000000000000e+02
6.280000000000000000e+02
5.520000000000000000e+02
5.520000000000000000e+02
5.560000000000000000e+02
5.600000000000000000e+02
5.600000000000000000e+02
5.520000000000000000e+02
5.520000000000000000e+02
5.560000000000000000e+02
5.560000000000000000e+02
5.680000000000000000e+02
5.720000000000000000e+02
7.450000000000000000e+02
5.700000000000000000e+02
7.620000000000000000e+02
7.693333333333333712e+02
5.840000000000000000e+02
5.880000000000000000e+02
5.840000000000000000e+02
5.680000000000000000e+02
5.573333333333333712e+02
5.320000000000000000e+02
5.440000000000000000e+02
5.560000000000000000e+02
5.640000000000000000e+02
5.520000000000000000e+02
5.520000000000000000e+02
5.560000000000000000e+02
5.560000000000000000e+02
5.600000000000000000e+02
5.520000000000000000e+02
