6.360000000000000000e+02
6.360000000000000000e+02
6.440000000000000000e+02
6.400000000000000000e+02
6.400000000000000000e+02
6.360000000000000000e+02
6.480000000000000000e+02
6.400000000000000000e+02
5.840000000000000000e+02
6.450000000000000000e+02
6.440000000000000000e+02
6.466666666666666288e+02
6.880000000000000000e+02
7.173333333333333712e+02
6.720000000000000000e+02
6.786666666666666288e+02
6.520000000000000000e+02
6.800000000000000000e+02
6.920000000000000000e+02
6.920000000000000000e+02
7.266666666666666288e+02
6.400000000000000000e+02
6.400000000000000000e+02
6.700000000000000000e+02
5.760000000000000000e+02
5.653333333333333712e+02
6.320000000000000000e+02
6.360000000000000000e+02
6.400000000000000000e+02
6.440000000000000000e+02
6.440000000000000000e+02
6.360000000000000000e+02
5.960000000000000000e+02
6.400000000000000000e+02
6.400000000000000000e+02
6.400000000000000000e+02
6.400000000000000000e+02
6.400000000000000000e+02
5.680000000000000000e+02
5.680000000000000000e+02
5.760000000000000000e+02
5.640000000000000000e+02
6.300000000000000000e+02
5.840000000000000000e+02
6.890000000000000000e+02
6.840000000000000000e+02
6.760000000000000000e+02
6.080000000000000000e+02
6.160000000000000000e+02
5.680000000000000000e+02
5.800000000000000000e+02
5.800000000000000000e+02
5.800000000000000000e+02
5.640000000000000000e+02
5.640000000000000000e+02
5.680000000000000000e+02
5.680000000000000000e+02
5.720000000000000000e+02
5.640000000000000000e+02
5.680000000000000000e+02
5.680000000000000000e+02
5.720000000000000000e+02
5.720000000000000000e+02
5.720000000000000000e+02
5.680000000000000000e+02
5.720000000000000000e+02
5.680000000000000000e+02
5.640000000000000000e+02
5.640000000000000000e+02
5.640000000000000000e+02
5.680000000000000000e+02
5.680000000000000000e+02
5.720000000000000000e+02
5.520000000000000000e+02
5.506666666666666288e+02
5.800000000000000000e+02
5.920000000000000000e+02
5.920000000000000000e+02
5.840000000000000000e+02
6.360000000000000000e+02
6.360000000000000000e+02
6.440000000000000000e+02
5.960000000000000000e+02
5.880000000000000000e+02
5.840000000000000000e+02
5.880000000000000000e+02
5.400000000000000000e+02
5.750000000000000000e+02
5.600000000000000000e+02
5.600000000000000000e+02
5.680000000000000000e+02
5.600000000000000000e+02
5.600000000000000000e+02
5.600000000000000000e+02
5.800000000000000000e+02
5.720000000000000000e+02
5.080000000000000000e+02
5.080000000000000000e+02
5.840000000000000000e+02
5.880000000000000000e+02
5.880000000000000000e+02
5.760000000000000000e+02
5.760000000000000000e+02
5.600000000000000000e+02
5.720000000000000000e+02
5.480000000000000000e+02
5.730000000000000000e+02
4.690000000000000000e+02
5.893333333333333712e+02
5.480000000000000000e+02
5.400000000000000000e+02
5.610000000000000000e+02
5.080000000000000000e+02
5.100000000000000000e+02
5.400000000000000000e+02
5.460000000000000000e+02
4.720000000000000000e+02
7.440000000000000000e+02
4.760000000000000000e+02
6.380000000000000000e+02
4.560000000000000000e+02
5.760000000000000000e+02
4.840000000000000000e+02
5.980000000000000000e+02
5.840000000000000000e+02
5.760000000000000000e+02
4.800000000000000000e+02
5.000000000000000000e+02
5.000000000000000000e+02
4.640000000000000000e+02
5.640000000000000000e+02
4.880000000000000000e+02
4.880000000000000000e+02
5.800000000000000000e+02
5.640000000000000000e+02
5.610000000000000000e+02
4.520000000000000000e+02
5.720000000000000000e+02
7.360000000000000000e+02
4.760000000000000000e+02
4.770000000000000000e+02
6.020000000000000000e+02
4.840000000000000000e+02
5.430000000000000000e+02
5.410000000000000000e+02
4.800000000000000000e+02
5.640000000000000000e+02
5.640000000000000000e+02
4.680000000000000000e+02
7.546666666666666288e+02
4.480000000000000000e+02
4.490000000000000000e+02
4.480000000000000000e+02
5.480000000000000000e+02
4.360000000000000000e+02
4.360000000000000000e+02
4.360000000000000000e+02
5.520000000000000000e+02
4.560000000000000000e+02
4.640000000000000000e+02
4.520000000000000000e+02
4.560000000000000000e+02
4.280000000000000000e+02
4.360000000000000000e+02
4.360000000000000000e+02
4.360000000000000000e+02
4.400000000000000000e+02
4.360000000000000000e+02
4.480000000000000000e+02
4.490000000000000000e+02
4.560000000000000000e+02
5.640000000000000000e+02
5.520000000000000000e+02
5.680000000000000000e+02
5.613333333333333712e+02
5.560000000000000000e+02
4.920000000000000000e+02
4.760000000000000000e+02
7.720000000000000000e+02
5.560000000000000000e+02
5.680000000000000000e+02
4.680000000000000000e+02
4.520000000000000000e+02
4.600000000000000000e+02
4.413333333333333144e+02
4.400000000000000000e+02
4.360000000000000000e+02
4.360000000000000000e+02
4.400000000000000000e+02
4.360000000000000000e+02
4.560000000000000000e+02
4.520000000000000000e+02
4.560000000000000000e+02
4.573333333333333144e+02
4.560000000000000000e+02
4.280000000000000000e+02
4.280000000000000000e+02
5.560000000000000000e+02
4.440000000000000000e+02
5.670000000000000000e+02
4.680000000000000000e+02
5.600000000000000000e+02
4.730000000000000000e+02
5.560000000000000000e+02
5.680000000000000000e+02
7.590000000000000000e+02
7.653333333333333712e+02
7.800000000000000000e+02
7.460000000000000000e+02
5.640000000000000000e+02
5.640000000000000000e+02
5.480000000000000000e+02
5.560000000000000000e+02
5.580000000000000000e+02
5.560000000000000000e+02
5.560000000000000000e+02
5.413333333333333712e+02
5.480000000000000000e+02
5.490000000000000000e+02
4.520000000000000000e+02
4.520000000000000000e+02
5.600000000000000000e+02
6.320000000000000000e+02
5.680000000000000000e+02
6.240000000000000000e+02
6.280000000000000000e+02
5.520000000000000000e+02
5.520000000000000000e+02
5.520000000000000000e+02
5.560000000000000000e+02
5.600000000000000000e+02
5.520000000000000000e+02
5.520000000000000000e+02
5.520000000000000000e+02
5.600000000000000000e+02
5.640000000000000000e+02
5.720000000000000000e+02
7.400000000000000000e+02
5.720000000000000000e+02
7.600000000000000000e+02
5.800000000000000000e+02
5.840000000000000000e+02
6.000000000000000000e+02
5.820000000000000000e+02
5.680000000000000000e+02
5.480000000000000000e+02
5.320000000000000000e+02
5.440000000000000000e+02
5.640000000000000000e+02
5.680000000000000000e+02
5.520000000000000000e+02
5.520000000000000000e+02
5.560000000000000000e+02
5.600000000000000000e+02
5.600000000000000000e+02
5.560000000000000000e+02
