6.360000000000000000e+02
6.360000000000000000e+02
6.400000000000000000e+02
6.400000000000000000e+02
6.400000000000000000e+02
6.320000000000000000e+02
6.480000000000000000e+02
6.400000000000000000e+02
5.840000000000000000e+02
6.610000000000000000e+02
6.480000000000000000e+02
6.480000000000000000e+02
7.173333333333333712e+02
6.840000000000000000e+02
6.720000000000000000e+02
7.040000000000000000e+02
6.746666666666666288e+02
6.800000000000000000e+02
6.920000000000000000e+02
6.920000000000000000e+02
7.266666666666666288e+02
6.400000000000000000e+02
6.440000000000000000e+02
6.620000000000000000e+02
5.720000000000000000e+02
5.720000000000000000e+02
6.320000000000000000e+02
6.360000000000000000e+02
6.400000000000000000e+02
6.400000000000000000e+02
6.400000000000000000e+02
6.320000000000000000e+02
6.280000000000000000e+02
6.400000000000000000e+02
6.400000000000000000e+02
6.400000000000000000e+02
6.400000000000000000e+02
6.400000000000000000e+02
5.680000000000000000e+02
5.680000000000000000e+02
7.520000000000000000e+02
5.680000000000000000e+02
5.720000000000000000e+02
5.840000000000000000e+02
7.240000000000000000e+02
6.830000000000000000e+02
6.830000000000000000e+02
6.066666666666666288e+02
6.186666666666666288e+02
6.140000000000000000e+02
5.800000000000000000e+02
5.780000000000000000e+02
5.800000000000000000e+02
5.680000000000000000e+02
5.640000000000000000e+02
5.680000000000000000e+02
5.680000000000000000e+02
5.720000000000000000e+02
5.640000000000000000e+02
5.680000000000000000e+02
5.680000000000000000e+02
5.720000000000000000e+02
5.720000000000000000e+02
5.680000000000000000e+02
5.680000000000000000e+02
5.720000000000000000e+02
5.680000000000000000e+02
5.640000000000000000e+02
5.640000000000000000e+02
5.610000000000000000e+02
5.680000000000000000e+02
5.720000000000000000e+02
5.720000000000000000e+02
5.520000000000000000e+02
5.480000000000000000e+02
5.750000000000000000e+02
5.880000000000000000e+02
5.890000000000000000e+02
6.400000000000000000e+02
6.320000000000000000e+02
6.360000000000000000e+02
6.400000000000000000e+02
5.920000000000000000e+02
5.880000000000000000e+02
5.840000000000000000e+02
5.990000000000000000e+02
5.440000000000000000e+02
5.680000000000000000e+02
5.620000000000000000e+02
5.640000000000000000e+02
5.680000000000000000e+02
5.600000000000000000e+02
5.600000000000000000e+02
5.560000000000000000e+02
5.800000000000000000e+02
5.720000000000000000e+02
5.080000000000000000e+02
5.080000000000000000e+02
5.840000000000000000e+02
5.880000000000000000e+02
5.920000000000000000e+02
5.760000000000000000e+02
5.620000000000000000e+02
5.640000000000000000e+02
5.720000000000000000e+02
5.480000000000000000e+02
5.600000000000000000e+02
5.800000000000000000e+02
5.826666666666666288e+02
5.440000000000000000e+02
5.386666666666666288e+02
5.610000000000000000e+02
5.120000000000000000e+02
5.000000000000000000e+02
5.400000000000000000e+02
5.586666666666666288e+02
5.140000000000000000e+02
4.720000000000000000e+02
7.620000000000000000e+02
4.720000000000000000e+02
4.560000000000000000e+02
5.760000000000000000e+02
4.853333333333333144e+02
5.980000000000000000e+02
5.840000000000000000e+02
5.720000000000000000e+02
4.706666666666666856e+02
5.000000000000000000e+02
5.000000000000000000e+02
4.600000000000000000e+02
4.560000000000000000e+02
4.880000000000000000e+02
4.880000000000000000e+02
5.800000000000000000e+02
5.600000000000000000e+02
4.520000000000000000e+02
4.560000000000000000e+02
5.626666666666666288e+02
7.360000000000000000e+02
4.720000000000000000e+02
5.586666666666666288e+02
5.586666666666666288e+02
5.460000000000000000e+02
5.430000000000000000e+02
5.520000000000000000e+02
4.760000000000000000e+02
5.600000000000000000e+02
5.570000000000000000e+02
5.560000000000000000e+02
7.440000000000000000e+02
4.480000000000000000e+02
4.490000000000000000e+02
4.480000000000000000e+02
5.480000000000000000e+02
4.320000000000000000e+02
4.360000000000000000e+02
4.360000000000000000e+02
5.560000000000000000e+02
4.560000000000000000e+02
4.640000000000000000e+02
4.520000000000000000e+02
4.560000000000000000e+02
4.280000000000000000e+02
4.360000000000000000e+02
4.360000000000000000e+02
4.360000000000000000e+02
4.360000000000000000e+02
4.360000000000000000e+02
4.480000000000000000e+02
4.520000000000000000e+02
4.506666666666666856e+02
5.640000000000000000e+02
5.520000000000000000e+02
5.600000000000000000e+02
4.760000000000000000e+02
5.560000000000000000e+02
4.880000000000000000e+02
4.800000000000000000e+02
7.626666666666666288e+02
5.573333333333333712e+02
5.600000000000000000e+02
4.680000000000000000e+02
4.560000000000000000e+02
5.573333333333333712e+02
4.360000000000000000e+02
4.400000000000000000e+02
4.360000000000000000e+02
4.400000000000000000e+02
4.400000000000000000e+02
4.400000000000000000e+02
4.520000000000000000e+02
4.480000000000000000e+02
4.560000000000000000e+02
6.320000000000000000e+02
4.560000000000000000e+02
4.280000000000000000e+02
4.280000000000000000e+02
4.340000000000000000e+02
4.400000000000000000e+02
5.670000000000000000e+02
4.720000000000000000e+02
5.560000000000000000e+02
4.760000000000000000e+02
5.600000000000000000e+02
5.680000000000000000e+02
7.310000000000000000e+02
7.653333333333333712e+02
4.786666666666666856e+02
6.360000000000000000e+02
5.640000000000000000e+02
6.173333333333333712e+02
5.600000000000000000e+02
5.560000000000000000e+02
4.800000000000000000e+02
5.560000000000000000e+02
5.520000000000000000e+02
5.413333333333333712e+02
5.480000000000000000e+02
5.480000000000000000e+02
4.560000000000000000e+02
4.480000000000000000e+02
6.320000000000000000e+02
6.320000000000000000e+02
6.340000000000000000e+02
6.280000000000000000e+02
6.280000000000000000e+02
5.520000000000000000e+02
5.520000000000000000e+02
5.560000000000000000e+02
5.600000000000000000e+02
5.600000000000000000e+02
5.520000000000000000e+02
5.520000000000000000e+02
5.560000000000000000e+02
5.600000000000000000e+02
5.680000000000000000e+02
5.720000000000000000e+02
7.450000000000000000e+02
5.760000000000000000e+02
7.600000000000000000e+02
5.840000000000000000e+02
5.840000000000000000e+02
6.040000000000000000e+02
5.840000000000000000e+02
5.720000000000000000e+02
5.480000000000000000e+02
5.280000000000000000e+02
5.480000000000000000e+02
5.610000000000000000e+02
5.640000000000000000e+02
5.480000000000000000e+02
5.520000000000000000e+02
5.560000000000000000e+02
5.600000000000000000e+02
5.600000000000000000e+02
5.520000000000000000e+02
