6.360000000000000000e+02
6.360000000000000000e+02
6.400000000000000000e+02
6.400000000000000000e+02
6.400000000000000000e+02
6.360000000000000000e+02
6.480000000000000000e+02
5.986666666666666288e+02
5.840000000000000000e+02
6.400000000000000000e+02
6.470000000000000000e+02
6.466666666666666288e+02
6.880000000000000000e+02
7.106666666666666288e+02
6.720000000000000000e+02
6.580000000000000000e+02
6.580000000000000000e+02
6.800000000000000000e+02
6.813333333333333712e+02
7.040000000000000000e+02
7.266666666666666288e+02
6.400000000000000000e+02
6.400000000000000000e+02
6.620000000000000000e+02
5.720000000000000000e+02
5.653333333333333712e+02
6.320000000000000000e+02
6.360000000000000000e+02
6.400000000000000000e+02
6.400000000000000000e+02
6.400000000000000000e+02
6.320000000000000000e+02
6.000000000000000000e+02
6.460000000000000000e+02
6.400000000000000000e+02
6.400000000000000000e+02
6.400000000000000000e+02
5.640000000000000000e+02
5.680000000000000000e+02
5.680000000000000000e+02
7.520000000000000000e+02
5.650000000000000000e+02
5.720000000000000000e+02
5.840000000000000000e+02
6.890000000000000000e+02
6.973333333333333712e+02
6.830000000000000000e+02
6.066666666666666288e+02
6.160000000000000000e+02
6.140000000000000000e+02
5.800000000000000000e+02
5.780000000000000000e+02
5.800000000000000000e+02
5.640000000000000000e+02
5.640000000000000000e+02
5.680000000000000000e+02
5.680000000000000000e+02
5.720000000000000000e+02
5.610000000000000000e+02
5.680000000000000000e+02
5.680000000000000000e+02
5.720000000000000000e+02
5.720000000000000000e+02
5.680000000000000000e+02
5.720000000000000000e+02
5.720000000000000000e+02
5.680000000000000000e+02
5.680000000000000000e+02
5.640000000000000000e+02
5.610000000000000000e+02
5.640000000000000000e+02
5.720000000000000000e+02
5.720000000000000000e+02
5.560000000000000000e+02
5.340000000000000000e+02
5.800000000000000000e+02
5.893333333333333712e+02
5.920000000000000000e+02
6.400000000000000000e+02
6.360000000000000000e+02
6.320000000000000000e+02
6.360000000000000000e+02
5.920000000000000000e+02
5.840000000000000000e+02
5.840000000000000000e+02
5.880000000000000000e+02
5.370000000000000000e+02
5.680000000000000000e+02
5.600000000000000000e+02
5.600000000000000000e+02
5.670000000000000000e+02
5.600000000000000000e+02
5.600000000000000000e+02
5.600000000000000000e+02
5.800000000000000000e+02
5.720000000000000000e+02
5.040000000000000000e+02
5.080000000000000000e+02
5.840000000000000000e+02
5.880000000000000000e+02
5.880000000000000000e+02
5.760000000000000000e+02
5.760000000000000000e+02
5.600000000000000000e+02
5.760000000000000000e+02
5.520000000000000000e+02
5.720000000000000000e+02
4.690000000000000000e+02
5.893333333333333712e+02
5.440000000000000000e+02
5.400000000000000000e+02
5.640000000000000000e+02
5.080000000000000000e+02
5.100000000000000000e+02
5.180000000000000000e+02
5.460000000000000000e+02
4.680000000000000000e+02
7.440000000000000000e+02
7.620000000000000000e+02
6.050000000000000000e+02
4.540000000000000000e+02
5.760000000000000000e+02
4.830000000000000000e+02
5.880000000000000000e+02
5.850000000000000000e+02
5.770000000000000000e+02
4.706666666666666856e+02
5.000000000000000000e+02
4.800000000000000000e+02
4.600000000000000000e+02
5.630000000000000000e+02
4.880000000000000000e+02
4.880000000000000000e+02
5.760000000000000000e+02
5.660000000000000000e+02
4.520000000000000000e+02
4.520000000000000000e+02
5.680000000000000000e+02
7.360000000000000000e+02
4.760000000000000000e+02
5.586666666666666288e+02
5.580000000000000000e+02
5.530000000000000000e+02
5.430000000000000000e+02
5.520000000000000000e+02
4.773333333333333144e+02
5.600000000000000000e+02
5.570000000000000000e+02
4.720000000000000000e+02
7.546666666666666288e+02
4.480000000000000000e+02
4.520000000000000000e+02
4.440000000000000000e+02
5.480000000000000000e+02
4.320000000000000000e+02
4.360000000000000000e+02
4.360000000000000000e+02
5.520000000000000000e+02
4.560000000000000000e+02
4.680000000000000000e+02
4.520000000000000000e+02
4.560000000000000000e+02
4.280000000000000000e+02
4.360000000000000000e+02
4.360000000000000000e+02
4.360000000000000000e+02
4.400000000000000000e+02
5.626666666666666288e+02
4.480000000000000000e+02
4.480000000000000000e+02
4.506666666666666856e+02
4.770000000000000000e+02
5.520000000000000000e+02
5.680000000000000000e+02
4.760000000000000000e+02
5.586666666666666288e+02
4.880000000000000000e+02
4.813333333333333144e+02
7.626666666666666288e+02
5.560000000000000000e+02
5.580000000000000000e+02
4.680000000000000000e+02
4.520000000000000000e+02
4.560000000000000000e+02
4.320000000000000000e+02
4.400000000000000000e+02
4.360000000000000000e+02
4.400000000000000000e+02
4.360000000000000000e+02
4.400000000000000000e+02
4.520000000000000000e+02
4.520000000000000000e+02
4.560000000000000000e+02
6.320000000000000000e+02
4.520000000000000000e+02
4.280000000000000000e+02
4.280000000000000000e+02
4.280000000000000000e+02
4.450000000000000000e+02
5.670000000000000000e+02
4.680000000000000000e+02
4.660000000000000000e+02
4.760000000000000000e+02
5.560000000000000000e+02
5.680000000000000000e+02
7.440000000000000000e+02
4.733333333333333144e+02
7.440000000000000000e+02
5.210000000000000000e+02
5.640000000000000000e+02
6.220000000000000000e+02
5.600000000000000000e+02
5.600000000000000000e+02
5.586666666666666288e+02
5.560000000000000000e+02
5.560000000000000000e+02
5.500000000000000000e+02
5.480000000000000000e+02
5.480000000000000000e+02
4.520000000000000000e+02
4.480000000000000000e+02
5.600000000000000000e+02
6.320000000000000000e+02
6.340000000000000000e+02
6.240000000000000000e+02
6.280000000000000000e+02
5.520000000000000000e+02
5.520000000000000000e+02
5.560000000000000000e+02
5.560000000000000000e+02
5.600000000000000000e+02
5.560000000000000000e+02
5.520000000000000000e+02
5.560000000000000000e+02
5.600000000000000000e+02
5.680000000000000000e+02
5.720000000000000000e+02
7.540000000000000000e+02
5.720000000000000000e+02
7.600000000000000000e+02
5.840000000000000000e+02
5.850000000000000000e+02
6.040000000000000000e+02
5.933333333333333712e+02
5.720000000000000000e+02
5.440000000000000000e+02
5.280000000000000000e+02
5.520000000000000000e+02
5.560000000000000000e+02
5.680000000000000000e+02
5.480000000000000000e+02
5.520000000000000000e+02
5.560000000000000000e+02
5.560000000000000000e+02
5.600000000000000000e+02
5.520000000000000000e+02
