6.346666666666666288e+02
6.370000000000000000e+02
6.400000000000000000e+02
6.400000000000000000e+02
6.400000000000000000e+02
6.400000000000000000e+02
6.480000000000000000e+02
6.053333333333333712e+02
5.890000000000000000e+02
6.610000000000000000e+02
6.480000000000000000e+02
6.520000000000000000e+02
7.000000000000000000e+02
6.990000000000000000e+02
6.733333333333333712e+02
6.520000000000000000e+02
6.746666666666666288e+02
6.800000000000000000e+02
6.760000000000000000e+02
6.940000000000000000e+02
7.266666666666666288e+02
6.400000000000000000e+02
6.440000000000000000e+02
7.500000000000000000e+02
5.760000000000000000e+02
5.720000000000000000e+02
6.320000000000000000e+02
6.360000000000000000e+02
6.400000000000000000e+02
6.440000000000000000e+02
6.400000000000000000e+02
6.320000000000000000e+02
6.280000000000000000e+02
6.440000000000000000e+02
6.400000000000000000e+02
6.400000000000000000e+02
6.400000000000000000e+02
5.640000000000000000e+02
5.680000000000000000e+02
5.720000000000000000e+02
5.680000000000000000e+02
5.640000000000000000e+02
5.750000000000000000e+02
5.840000000000000000e+02
6.980000000000000000e+02
6.973333333333333712e+02
6.760000000000000000e+02
6.066666666666666288e+02
6.180000000000000000e+02
5.720000000000000000e+02
5.800000000000000000e+02
5.800000000000000000e+02
5.840000000000000000e+02
5.760000000000000000e+02
5.640000000000000000e+02
5.680000000000000000e+02
5.680000000000000000e+02
5.720000000000000000e+02
5.680000000000000000e+02
5.680000000000000000e+02
5.680000000000000000e+02
5.760000000000000000e+02
5.720000000000000000e+02
5.680000000000000000e+02
5.680000000000000000e+02
5.720000000000000000e+02
5.680000000000000000e+02
5.640000000000000000e+02
5.640000000000000000e+02
5.640000000000000000e+02
5.720000000000000000e+02
5.680000000000000000e+02
5.680000000000000000e+02
5.520000000000000000e+02
5.480000000000000000e+02
5.800000000000000000e+02
5.880000000000000000e+02
5.890000000000000000e+02
5.840000000000000000e+02
6.360000000000000000e+02
6.360000000000000000e+02
6.400000000000000000e+02
5.920000000000000000e+02
5.880000000000000000e+02
5.840000000000000000e+02
5.990000000000000000e+02
5.440000000000000000e+02
5.680000000000000000e+02
5.620000000000000000e+02
5.640000000000000000e+02
5.680000000000000000e+02
5.560000000000000000e+02
5.600000000000000000e+02
5.600000000000000000e+02
5.800000000000000000e+02
5.720000000000000000e+02
5.080000000000000000e+02
5.120000000000000000e+02
5.840000000000000000e+02
5.880000000000000000e+02
5.880000000000000000e+02
5.720000000000000000e+02
5.346666666666666288e+02
5.600000000000000000e+02
5.760000000000000000e+02
5.520000000000000000e+02
5.720000000000000000e+02
5.860000000000000000e+02
7.540000000000000000e+02
5.440000000000000000e+02
5.400000000000000000e+02
5.610000000000000000e+02
5.080000000000000000e+02
5.100000000000000000e+02
5.180000000000000000e+02
5.460000000000000000e+02
5.140000000000000000e+02
7.430000000000000000e+02
4.760000000000000000e+02
6.080000000000000000e+02
4.560000000000000000e+02
5.760000000000000000e+02
4.880000000000000000e+02
5.880000000000000000e+02
5.840000000000000000e+02
5.800000000000000000e+02
4.706666666666666856e+02
5.000000000000000000e+02
4.800000000000000000e+02
4.640000000000000000e+02
4.560000000000000000e+02
4.880000000000000000e+02
4.880000000000000000e+02
4.920000000000000000e+02
5.600000000000000000e+02
4.520000000000000000e+02
4.520000000000000000e+02
5.650000000000000000e+02
5.680000000000000000e+02
4.760000000000000000e+02
5.586666666666666288e+02
5.680000000000000000e+02
4.870000000000000000e+02
5.370000000000000000e+02
5.520000000000000000e+02
4.773333333333333144e+02
5.600000000000000000e+02
5.570000000000000000e+02
4.680000000000000000e+02
7.440000000000000000e+02
4.480000000000000000e+02
4.490000000000000000e+02
4.440000000000000000e+02
5.520000000000000000e+02
4.320000000000000000e+02
4.360000000000000000e+02
4.346666666666666856e+02
5.520000000000000000e+02
4.600000000000000000e+02
4.640000000000000000e+02
4.546666666666666856e+02
4.560000000000000000e+02
4.280000000000000000e+02
4.400000000000000000e+02
4.400000000000000000e+02
4.360000000000000000e+02
4.440000000000000000e+02
4.360000000000000000e+02
4.480000000000000000e+02
4.480000000000000000e+02
4.506666666666666856e+02
4.660000000000000000e+02
5.520000000000000000e+02
5.680000000000000000e+02
4.720000000000000000e+02
5.586666666666666288e+02
5.600000000000000000e+02
4.760000000000000000e+02
7.650000000000000000e+02
5.573333333333333712e+02
5.600000000000000000e+02
4.640000000000000000e+02
4.580000000000000000e+02
5.573333333333333712e+02
4.320000000000000000e+02
4.400000000000000000e+02
4.360000000000000000e+02
4.360000000000000000e+02
4.400000000000000000e+02
4.400000000000000000e+02
4.520000000000000000e+02
4.520000000000000000e+02
4.560000000000000000e+02
4.573333333333333144e+02
4.560000000000000000e+02
4.520000000000000000e+02
4.280000000000000000e+02
5.560000000000000000e+02
4.400000000000000000e+02
5.653333333333333712e+02
5.650000000000000000e+02
4.573333333333333144e+02
4.760000000000000000e+02
5.600000000000000000e+02
5.690000000000000000e+02
7.320000000000000000e+02
7.546666666666666288e+02
7.800000000000000000e+02
6.360000000000000000e+02
5.600000000000000000e+02
6.173333333333333712e+02
4.940000000000000000e+02
5.600000000000000000e+02
4.813333333333333144e+02
5.560000000000000000e+02
5.520000000000000000e+02
5.500000000000000000e+02
5.480000000000000000e+02
5.453333333333333712e+02
4.520000000000000000e+02
4.520000000000000000e+02
6.280000000000000000e+02
6.320000000000000000e+02
5.680000000000000000e+02
6.240000000000000000e+02
6.280000000000000000e+02
5.520000000000000000e+02
5.520000000000000000e+02
5.560000000000000000e+02
5.560000000000000000e+02
5.640000000000000000e+02
5.520000000000000000e+02
5.520000000000000000e+02
5.520000000000000000e+02
5.600000000000000000e+02
5.680000000000000000e+02
5.720000000000000000e+02
6.030000000000000000e+02
5.760000000000000000e+02
7.600000000000000000e+02
5.840000000000000000e+02
5.840000000000000000e+02
5.880000000000000000e+02
5.840000000000000000e+02
5.720000000000000000e+02
5.480000000000000000e+02
5.370000000000000000e+02
5.480000000000000000e+02
5.640000000000000000e+02
5.640000000000000000e+02
5.480000000000000000e+02
5.520000000000000000e+02
5.560000000000000000e+02
5.560000000000000000e+02
5.600000000000000000e+02
5.520000000000000000e+02
