6.360000000000000000e+02
6.360000000000000000e+02
6.400000000000000000e+02
6.400000000000000000e+02
6.400000000000000000e+02
6.360000000000000000e+02
6.480000000000000000e+02
5.946666666666666288e+02
6.300000000000000000e+02
6.450000000000000000e+02
6.470000000000000000e+02
6.466666666666666288e+02
7.000000000000000000e+02
6.990000000000000000e+02
6.720000000000000000e+02
6.520000000000000000e+02
6.520000000000000000e+02
6.800000000000000000e+02
6.906666666666666288e+02
6.920000000000000000e+02
5.880000000000000000e+02
6.400000000000000000e+02
6.400000000000000000e+02
6.610000000000000000e+02
5.760000000000000000e+02
5.653333333333333712e+02
6.320000000000000000e+02
6.360000000000000000e+02
6.400000000000000000e+02
6.440000000000000000e+02
6.400000000000000000e+02
6.260000000000000000e+02
6.130000000000000000e+02
6.480000000000000000e+02
6.400000000000000000e+02
6.400000000000000000e+02
6.400000000000000000e+02
5.640000000000000000e+02
5.680000000000000000e+02
5.720000000000000000e+02
5.680000000000000000e+02
5.680000000000000000e+02
5.720000000000000000e+02
5.840000000000000000e+02
6.890000000000000000e+02
6.973333333333333712e+02
6.830000000000000000e+02
6.080000000000000000e+02
6.186666666666666288e+02
5.720000000000000000e+02
5.800000000000000000e+02
5.780000000000000000e+02
5.800000000000000000e+02
5.680000000000000000e+02
5.640000000000000000e+02
5.720000000000000000e+02
5.680000000000000000e+02
5.720000000000000000e+02
5.640000000000000000e+02
5.640000000000000000e+02
5.680000000000000000e+02
5.720000000000000000e+02
5.760000000000000000e+02
5.680000000000000000e+02
5.720000000000000000e+02
5.760000000000000000e+02
5.680000000000000000e+02
5.640000000000000000e+02
5.640000000000000000e+02
5.640000000000000000e+02
5.680000000000000000e+02
5.680000000000000000e+02
5.720000000000000000e+02
5.520000000000000000e+02
5.506666666666666288e+02
5.800000000000000000e+02
5.870000000000000000e+02
5.890000000000000000e+02
6.400000000000000000e+02
6.320000000000000000e+02
6.360000000000000000e+02
6.400000000000000000e+02
6.000000000000000000e+02
5.880000000000000000e+02
5.840000000000000000e+02
6.000000000000000000e+02
5.370000000000000000e+02
5.680000000000000000e+02
5.600000000000000000e+02
5.640000000000000000e+02
5.670000000000000000e+02
5.600000000000000000e+02
5.600000000000000000e+02
5.600000000000000000e+02
5.700000000000000000e+02
5.720000000000000000e+02
5.040000000000000000e+02
5.080000000000000000e+02
5.826666666666666288e+02
5.880000000000000000e+02
5.880000000000000000e+02
5.760000000000000000e+02
5.760000000000000000e+02
5.600000000000000000e+02
5.760000000000000000e+02
5.520000000000000000e+02
5.680000000000000000e+02
6.786666666666666288e+02
5.826666666666666288e+02
5.480000000000000000e+02
5.386666666666666288e+02
5.640000000000000000e+02
5.080000000000000000e+02
5.060000000000000000e+02
5.180000000000000000e+02
5.460000000000000000e+02
5.140000000000000000e+02
4.720000000000000000e+02
4.770000000000000000e+02
6.080000000000000000e+02
4.560000000000000000e+02
5.760000000000000000e+02
4.830000000000000000e+02
5.880000000000000000e+02
5.850000000000000000e+02
5.720000000000000000e+02
4.706666666666666856e+02
4.970000000000000000e+02
5.000000000000000000e+02
4.600000000000000000e+02
4.560000000000000000e+02
4.880000000000000000e+02
4.920000000000000000e+02
5.760000000000000000e+02
5.660000000000000000e+02
5.610000000000000000e+02
4.520000000000000000e+02
5.720000000000000000e+02
5.740000000000000000e+02
4.760000000000000000e+02
4.770000000000000000e+02
6.020000000000000000e+02
4.840000000000000000e+02
5.080000000000000000e+02
5.410000000000000000e+02
4.760000000000000000e+02
5.640000000000000000e+02
5.640000000000000000e+02
5.560000000000000000e+02
7.520000000000000000e+02
4.500000000000000000e+02
4.520000000000000000e+02
4.440000000000000000e+02
5.480000000000000000e+02
4.360000000000000000e+02
4.360000000000000000e+02
4.370000000000000000e+02
5.520000000000000000e+02
4.560000000000000000e+02
4.680000000000000000e+02
4.520000000000000000e+02
4.560000000000000000e+02
4.280000000000000000e+02
4.380000000000000000e+02
4.360000000000000000e+02
4.360000000000000000e+02
4.360000000000000000e+02
4.330000000000000000e+02
4.480000000000000000e+02
4.520000000000000000e+02
4.560000000000000000e+02
7.440000000000000000e+02
5.530000000000000000e+02
5.630000000000000000e+02
5.613333333333333712e+02
5.560000000000000000e+02
4.880000000000000000e+02
4.760000000000000000e+02
7.650000000000000000e+02
5.560000000000000000e+02
5.580000000000000000e+02
4.680000000000000000e+02
4.560000000000000000e+02
4.560000000000000000e+02
4.360000000000000000e+02
4.400000000000000000e+02
4.360000000000000000e+02
4.360000000000000000e+02
4.400000000000000000e+02
4.370000000000000000e+02
4.480000000000000000e+02
4.520000000000000000e+02
4.560000000000000000e+02
6.360000000000000000e+02
4.520000000000000000e+02
4.320000000000000000e+02
4.280000000000000000e+02
4.306666666666666856e+02
4.440000000000000000e+02
5.680000000000000000e+02
4.680000000000000000e+02
5.560000000000000000e+02
4.760000000000000000e+02
5.560000000000000000e+02
5.600000000000000000e+02
7.310000000000000000e+02
4.733333333333333144e+02
4.786666666666666856e+02
7.240000000000000000e+02
5.640000000000000000e+02
5.613333333333333712e+02
4.940000000000000000e+02
5.560000000000000000e+02
5.586666666666666288e+02
5.520000000000000000e+02
5.520000000000000000e+02
5.500000000000000000e+02
5.480000000000000000e+02
5.480000000000000000e+02
4.480000000000000000e+02
4.520000000000000000e+02
6.280000000000000000e+02
6.320000000000000000e+02
5.680000000000000000e+02
6.360000000000000000e+02
6.280000000000000000e+02
5.520000000000000000e+02
5.520000000000000000e+02
5.560000000000000000e+02
5.560000000000000000e+02
5.600000000000000000e+02
5.520000000000000000e+02
5.520000000000000000e+02
5.520000000000000000e+02
5.600000000000000000e+02
5.680000000000000000e+02
5.720000000000000000e+02
7.540000000000000000e+02
5.720000000000000000e+02
7.600000000000000000e+02
5.840000000000000000e+02
5.840000000000000000e+02
6.040000000000000000e+02
5.800000000000000000e+02
5.680000000000000000e+02
5.480000000000000000e+02
5.320000000000000000e+02
5.480000000000000000e+02
5.610000000000000000e+02
5.640000000000000000e+02
5.520000000000000000e+02
5.520000000000000000e+02
5.600000000000000000e+02
5.560000000000000000e+02
5.600000000000000000e+02
5.520000000000000000e+02
