6.346666666666666288e+02
6.360000000000000000e+02
6.380000000000000000e+02
6.400000000000000000e+02
6.400000000000000000e+02
6.320000000000000000e+02
6.480000000000000000e+02
6.053333333333333712e+02
6.250000000000000000e+02
6.400000000000000000e+02
6.480000000000000000e+02
6.520000000000000000e+02
6.880000000000000000e+02
6.990000000000000000e+02
6.733333333333333712e+02
6.786666666666666288e+02
6.520000000000000000e+02
6.800000000000000000e+02
6.906666666666666288e+02
6.960000000000000000e+02
7.266666666666666288e+02
6.400000000000000000e+02
6.410000000000000000e+02
6.700000000000000000e+02
5.720000000000000000e+02
6.520000000000000000e+02
6.320000000000000000e+02
6.360000000000000000e+02
6.400000000000000000e+02
6.400000000000000000e+02
6.400000000000000000e+02
6.260000000000000000e+02
5.960000000000000000e+02
6.460000000000000000e+02
6.400000000000000000e+02
6.400000000000000000e+02
6.400000000000000000e+02
5.640000000000000000e+02
5.680000000000000000e+02
5.680000000000000000e+02
7.546666666666666288e+02
5.650000000000000000e+02
5.720000000000000000e+02
5.840000000000000000e+02
7.520000000000000000e+02
6.870000000000000000e+02
6.830000000000000000e+02
6.800000000000000000e+02
6.160000000000000000e+02
5.720000000000000000e+02
5.800000000000000000e+02
5.780000000000000000e+02
5.840000000000000000e+02
5.680000000000000000e+02
5.640000000000000000e+02
5.680000000000000000e+02
5.680000000000000000e+02
5.720000000000000000e+02
5.640000000000000000e+02
5.640000000000000000e+02
5.680000000000000000e+02
5.720000000000000000e+02
5.720000000000000000e+02
5.720000000000000000e+02
5.720000000000000000e+02
5.720000000000000000e+02
5.680000000000000000e+02
5.680000000000000000e+02
5.640000000000000000e+02
5.600000000000000000e+02
5.680000000000000000e+02
5.720000000000000000e+02
5.720000000000000000e+02
5.560000000000000000e+02
5.506666666666666288e+02
5.800000000000000000e+02
5.880000000000000000e+02
5.890000000000000000e+02
5.840000000000000000e+02
6.320000000000000000e+02
6.320000000000000000e+02
6.400000000000000000e+02
5.920000000000000000e+02
5.880000000000000000e+02
5.800000000000000000e+02
5.920000000000000000e+02
5.370000000000000000e+02
5.600000000000000000e+02
5.600000000000000000e+02
5.680000000000000000e+02
5.640000000000000000e+02
5.600000000000000000e+02
5.560000000000000000e+02
5.600000000000000000e+02
5.700000000000000000e+02
5.720000000000000000e+02
5.080000000000000000e+02
5.080000000000000000e+02
5.840000000000000000e+02
5.880000000000000000e+02
5.920000000000000000e+02
5.720000000000000000e+02
5.853333333333333712e+02
5.600000000000000000e+02
5.740000000000000000e+02
5.480000000000000000e+02
5.680000000000000000e+02
5.860000000000000000e+02
5.800000000000000000e+02
5.440000000000000000e+02
5.400000000000000000e+02
5.640000000000000000e+02
5.093333333333333144e+02
5.060000000000000000e+02
5.180000000000000000e+02
5.560000000000000000e+02
4.680000000000000000e+02
7.440000000000000000e+02
4.760000000000000000e+02
6.380000000000000000e+02
4.560000000000000000e+02
5.760000000000000000e+02
4.853333333333333144e+02
5.980000000000000000e+02
5.840000000000000000e+02
5.800000000000000000e+02
4.706666666666666856e+02
5.000000000000000000e+02
4.853333333333333144e+02
4.650000000000000000e+02
5.640000000000000000e+02
4.880000000000000000e+02
4.920000000000000000e+02
4.920000000000000000e+02
5.640000000000000000e+02
4.520000000000000000e+02
4.520000000000000000e+02
5.680000000000000000e+02
5.813333333333333712e+02
4.680000000000000000e+02
5.586666666666666288e+02
6.020000000000000000e+02
4.840000000000000000e+02
5.080000000000000000e+02
5.520000000000000000e+02
4.773333333333333144e+02
5.640000000000000000e+02
5.600000000000000000e+02
5.560000000000000000e+02
7.520000000000000000e+02
4.460000000000000000e+02
4.490000000000000000e+02
4.480000000000000000e+02
5.520000000000000000e+02
4.360000000000000000e+02
4.360000000000000000e+02
4.360000000000000000e+02
5.560000000000000000e+02
4.560000000000000000e+02
4.680000000000000000e+02
4.580000000000000000e+02
4.560000000000000000e+02
4.280000000000000000e+02
4.380000000000000000e+02
4.360000000000000000e+02
4.360000000000000000e+02
4.400000000000000000e+02
5.626666666666666288e+02
4.520000000000000000e+02
4.480000000000000000e+02
4.560000000000000000e+02
7.440000000000000000e+02
5.530000000000000000e+02
5.600000000000000000e+02
4.760000000000000000e+02
5.560000000000000000e+02
4.880000000000000000e+02
4.800000000000000000e+02
7.650000000000000000e+02
7.620000000000000000e+02
5.680000000000000000e+02
4.680000000000000000e+02
4.580000000000000000e+02
5.630000000000000000e+02
4.320000000000000000e+02
4.400000000000000000e+02
4.360000000000000000e+02
4.360000000000000000e+02
4.400000000000000000e+02
4.400000000000000000e+02
4.480000000000000000e+02
4.520000000000000000e+02
4.560000000000000000e+02
6.340000000000000000e+02
4.560000000000000000e+02
4.520000000000000000e+02
4.280000000000000000e+02
4.280000000000000000e+02
4.450000000000000000e+02
5.680000000000000000e+02
4.680000000000000000e+02
4.660000000000000000e+02
4.760000000000000000e+02
5.560000000000000000e+02
5.680000000000000000e+02
7.310000000000000000e+02
4.800000000000000000e+02
7.440000000000000000e+02
7.460000000000000000e+02
5.600000000000000000e+02
6.220000000000000000e+02
4.940000000000000000e+02
5.600000000000000000e+02
4.813333333333333144e+02
5.560000000000000000e+02
5.520000000000000000e+02
5.580000000000000000e+02
5.480000000000000000e+02
5.453333333333333712e+02
4.480000000000000000e+02
4.480000000000000000e+02
5.600000000000000000e+02
6.360000000000000000e+02
5.680000000000000000e+02
6.280000000000000000e+02
6.280000000000000000e+02
5.520000000000000000e+02
5.520000000000000000e+02
5.560000000000000000e+02
5.600000000000000000e+02
5.640000000000000000e+02
5.520000000000000000e+02
5.520000000000000000e+02
5.560000000000000000e+02
5.560000000000000000e+02
5.640000000000000000e+02
5.720000000000000000e+02
7.450000000000000000e+02
5.720000000000000000e+02
5.653333333333333712e+02
5.840000000000000000e+02
5.850000000000000000e+02
6.000000000000000000e+02
5.820000000000000000e+02
5.680000000000000000e+02
5.480000000000000000e+02
5.370000000000000000e+02
5.520000000000000000e+02
5.640000000000000000e+02
5.640000000000000000e+02
5.520000000000000000e+02
5.520000000000000000e+02
5.600000000000000000e+02
5.560000000000000000e+02
5.600000000000000000e+02
5.520000000000000000e+02
