6.360000000000000000e+02
6.370000000000000000e+02
6.440000000000000000e+02
6.400000000000000000e+02
6.360000000000000000e+02
6.320000000000000000e+02
6.480000000000000000e+02
6.060000000000000000e+02
6.300000000000000000e+02
6.440000000000000000e+02
6.470000000000000000e+02
6.440000000000000000e+02
6.920000000000000000e+02
6.840000000000000000e+02
6.746666666666666288e+02
7.040000000000000000e+02
6.580000000000000000e+02
6.800000000000000000e+02
6.813333333333333712e+02
6.920000000000000000e+02
5.880000000000000000e+02
6.400000000000000000e+02
6.440000000000000000e+02
6.620000000000000000e+02
5.760000000000000000e+02
5.653333333333333712e+02
6.320000000000000000e+02
6.360000000000000000e+02
6.400000000000000000e+02
6.440000000000000000e+02
6.400000000000000000e+02
6.320000000000000000e+02
5.960000000000000000e+02
6.440000000000000000e+02
6.450000000000000000e+02
6.400000000000000000e+02
6.400000000000000000e+02
6.400000000000000000e+02
5.680000000000000000e+02
5.720000000000000000e+02
5.760000000000000000e+02
5.650000000000000000e+02
5.750000000000000000e+02
5.840000000000000000e+02
6.130000000000000000e+02
6.973333333333333712e+02
6.850000000000000000e+02
6.080000000000000000e+02
6.160000000000000000e+02
5.710000000000000000e+02
5.800000000000000000e+02
5.800000000000000000e+02
5.840000000000000000e+02
5.640000000000000000e+02
5.640000000000000000e+02
5.720000000000000000e+02
5.680000000000000000e+02
5.720000000000000000e+02
5.640000000000000000e+02
5.680000000000000000e+02
5.680000000000000000e+02
5.720000000000000000e+02
5.720000000000000000e+02
5.680000000000000000e+02
5.680000000000000000e+02
5.720000000000000000e+02
5.680000000000000000e+02
5.640000000000000000e+02
5.640000000000000000e+02
5.600000000000000000e+02
5.640000000000000000e+02
5.710000000000000000e+02
5.720000000000000000e+02
5.520000000000000000e+02
5.340000000000000000e+02
5.800000000000000000e+02
5.920000000000000000e+02
5.920000000000000000e+02
6.400000000000000000e+02
6.320000000000000000e+02
6.360000000000000000e+02
6.400000000000000000e+02
5.920000000000000000e+02
5.880000000000000000e+02
5.800000000000000000e+02
5.990000000000000000e+02
5.440000000000000000e+02
5.600000000000000000e+02
5.620000000000000000e+02
5.680000000000000000e+02
5.680000000000000000e+02
5.600000000000000000e+02
5.600000000000000000e+02
5.600000000000000000e+02
5.800000000000000000e+02
5.760000000000000000e+02
5.080000000000000000e+02
5.080000000000000000e+02
5.840000000000000000e+02
5.880000000000000000e+02
5.920000000000000000e+02
5.760000000000000000e+02
5.620000000000000000e+02
5.640000000000000000e+02
5.760000000000000000e+02
5.520000000000000000e+02
5.600000000000000000e+02
6.786666666666666288e+02
5.826666666666666288e+02
5.440000000000000000e+02
5.440000000000000000e+02
5.520000000000000000e+02
5.120000000000000000e+02
5.100000000000000000e+02
5.180000000000000000e+02
5.480000000000000000e+02
5.140000000000000000e+02
4.720000000000000000e+02
4.760000000000000000e+02
6.080000000000000000e+02
4.560000000000000000e+02
5.760000000000000000e+02
4.853333333333333144e+02
5.920000000000000000e+02
5.850000000000000000e+02
5.770000000000000000e+02
4.800000000000000000e+02
5.000000000000000000e+02
4.853333333333333144e+02
4.640000000000000000e+02
5.626666666666666288e+02
4.880000000000000000e+02
4.920000000000000000e+02
5.760000000000000000e+02
5.640000000000000000e+02
4.520000000000000000e+02
4.520000000000000000e+02
5.720000000000000000e+02
5.813333333333333712e+02
4.680000000000000000e+02
4.750000000000000000e+02
5.680000000000000000e+02
5.460000000000000000e+02
5.370000000000000000e+02
5.520000000000000000e+02
4.773333333333333144e+02
5.600000000000000000e+02
5.560000000000000000e+02
4.680000000000000000e+02
7.520000000000000000e+02
4.450000000000000000e+02
4.480000000000000000e+02
4.480000000000000000e+02
5.480000000000000000e+02
4.360000000000000000e+02
4.360000000000000000e+02
4.360000000000000000e+02
5.520000000000000000e+02
4.560000000000000000e+02
4.630000000000000000e+02
4.546666666666666856e+02
4.560000000000000000e+02
4.360000000000000000e+02
4.400000000000000000e+02
4.360000000000000000e+02
4.360000000000000000e+02
4.400000000000000000e+02
4.360000000000000000e+02
4.520000000000000000e+02
4.480000000000000000e+02
4.480000000000000000e+02
4.660000000000000000e+02
5.520000000000000000e+02
5.630000000000000000e+02
4.760000000000000000e+02
5.560000000000000000e+02
4.920000000000000000e+02
4.800000000000000000e+02
7.626666666666666288e+02
5.560000000000000000e+02
5.580000000000000000e+02
4.666666666666666856e+02
4.560000000000000000e+02
5.573333333333333712e+02
4.360000000000000000e+02
4.400000000000000000e+02
4.360000000000000000e+02
4.360000000000000000e+02
4.400000000000000000e+02
4.400000000000000000e+02
4.520000000000000000e+02
4.520000000000000000e+02
4.560000000000000000e+02
6.360000000000000000e+02
4.560000000000000000e+02
4.280000000000000000e+02
4.280000000000000000e+02
5.560000000000000000e+02
4.440000000000000000e+02
5.666666666666666288e+02
4.680000000000000000e+02
5.600000000000000000e+02
4.720000000000000000e+02
5.546666666666666288e+02
5.680000000000000000e+02
7.590000000000000000e+02
4.733333333333333144e+02
7.440000000000000000e+02
5.210000000000000000e+02
5.640000000000000000e+02
6.220000000000000000e+02
4.940000000000000000e+02
5.560000000000000000e+02
4.800000000000000000e+02
5.560000000000000000e+02
5.560000000000000000e+02
5.413333333333333712e+02
5.480000000000000000e+02
5.490000000000000000e+02
4.520000000000000000e+02
4.480000000000000000e+02
6.320000000000000000e+02
6.320000000000000000e+02
5.680000000000000000e+02
6.280000000000000000e+02
6.240000000000000000e+02
5.520000000000000000e+02
5.520000000000000000e+02
5.520000000000000000e+02
5.560000000000000000e+02
5.600000000000000000e+02
5.560000000000000000e+02
5.520000000000000000e+02
5.560000000000000000e+02
5.600000000000000000e+02
5.640000000000000000e+02
5.720000000000000000e+02
7.450000000000000000e+02
5.720000000000000000e+02
5.653333333333333712e+02
5.840000000000000000e+02
5.880000000000000000e+02
5.880000000000000000e+02
5.840000000000000000e+02
5.710000000000000000e+02
5.480000000000000000e+02
5.280000000000000000e+02
5.440000000000000000e+02
5.640000000000000000e+02
5.680000000000000000e+02
5.520000000000000000e+02
5.520000000000000000e+02
5.560000000000000000e+02
5.560000000000000000e+02
5.600000000000000000e+02
5.520000000000000000e+02
