6.360000000000000000e+02
6.370000000000000000e+02
6.440000000000000000e+02
6.400000000000000000e+02
6.400000000000000000e+02
6.320000000000000000e+02
6.386666666666666288e+02
6.060000000000000000e+02
5.840000000000000000e+02
6.440000000000000000e+02
6.470000000000000000e+02
6.440000000000000000e+02
6.920000000000000000e+02
7.173333333333333712e+02
6.733333333333333712e+02
7.040000000000000000e+02
6.520000000000000000e+02
6.800000000000000000e+02
6.906666666666666288e+02
6.960000000000000000e+02
5.880000000000000000e+02
6.400000000000000000e+02
6.400000000000000000e+02
7.650000000000000000e+02
5.760000000000000000e+02
5.720000000000000000e+02
6.346666666666666288e+02
6.360000000000000000e+02
6.400000000000000000e+02
6.400000000000000000e+02
6.440000000000000000e+02
6.400000000000000000e+02
6.026666666666666288e+02
6.480000000000000000e+02
6.450000000000000000e+02
6.400000000000000000e+02
6.400000000000000000e+02
5.680000000000000000e+02
5.680000000000000000e+02
5.690000000000000000e+02
7.546666666666666288e+02
5.680000000000000000e+02
5.680000000000000000e+02
5.840000000000000000e+02
6.130000000000000000e+02
6.840000000000000000e+02
6.800000000000000000e+02
6.080000000000000000e+02
6.186666666666666288e+02
5.680000000000000000e+02
5.880000000000000000e+02
5.800000000000000000e+02
5.840000000000000000e+02
5.680000000000000000e+02
5.640000000000000000e+02
5.720000000000000000e+02
5.680000000000000000e+02
5.720000000000000000e+02
5.610000000000000000e+02
5.640000000000000000e+02
5.680000000000000000e+02
5.720000000000000000e+02
5.760000000000000000e+02
5.680000000000000000e+02
5.720000000000000000e+02
5.720000000000000000e+02
5.680000000000000000e+02
5.680000000000000000e+02
5.640000000000000000e+02
5.610000000000000000e+02
5.720000000000000000e+02
5.710000000000000000e+02
5.680000000000000000e+02
5.520000000000000000e+02
5.480000000000000000e+02
5.800000000000000000e+02
5.880000000000000000e+02
5.920000000000000000e+02
6.400000000000000000e+02
6.360000000000000000e+02
6.360000000000000000e+02
6.360000000000000000e+02
5.866666666666666288e+02
5.880000000000000000e+02
5.840000000000000000e+02
6.000000000000000000e+02
5.440000000000000000e+02
5.600000000000000000e+02
5.600000000000000000e+02
5.640000000000000000e+02
5.640000000000000000e+02
5.600000000000000000e+02
5.600000000000000000e+02
5.560000000000000000e+02
5.800000000000000000e+02
5.760000000000000000e+02
5.040000000000000000e+02
5.080000000000000000e+02
5.840000000000000000e+02
5.880000000000000000e+02
5.880000000000000000e+02
5.760000000000000000e+02
5.853333333333333712e+02
5.600000000000000000e+02
5.740000000000000000e+02
5.480000000000000000e+02
5.600000000000000000e+02
4.690000000000000000e+02
5.893333333333333712e+02
5.440000000000000000e+02
5.413333333333333712e+02
5.640000000000000000e+02
5.120000000000000000e+02
5.590000000000000000e+02
5.400000000000000000e+02
5.560000000000000000e+02
4.720000000000000000e+02
7.430000000000000000e+02
4.760000000000000000e+02
6.050000000000000000e+02
4.560000000000000000e+02
5.760000000000000000e+02
4.840000000000000000e+02
5.880000000000000000e+02
5.840000000000000000e+02
5.720000000000000000e+02
4.706666666666666856e+02
5.000000000000000000e+02
4.800000000000000000e+02
4.650000000000000000e+02
5.626666666666666288e+02
4.880000000000000000e+02
4.880000000000000000e+02
5.800000000000000000e+02
5.640000000000000000e+02
5.610000000000000000e+02
4.560000000000000000e+02
5.650000000000000000e+02
5.740000000000000000e+02
4.720000000000000000e+02
4.760000000000000000e+02
5.680000000000000000e+02
4.840000000000000000e+02
5.080000000000000000e+02
5.520000000000000000e+02
4.773333333333333144e+02
5.640000000000000000e+02
5.600000000000000000e+02
4.680000000000000000e+02
7.520000000000000000e+02
4.500000000000000000e+02
4.490000000000000000e+02
4.480000000000000000e+02
5.480000000000000000e+02
4.360000000000000000e+02
4.360000000000000000e+02
4.346666666666666856e+02
5.520000000000000000e+02
4.560000000000000000e+02
4.680000000000000000e+02
4.580000000000000000e+02
4.560000000000000000e+02
4.480000000000000000e+02
4.380000000000000000e+02
4.360000000000000000e+02
4.360000000000000000e+02
4.400000000000000000e+02
4.360000000000000000e+02
4.480000000000000000e+02
4.490000000000000000e+02
4.480000000000000000e+02
4.660000000000000000e+02
5.520000000000000000e+02
5.630000000000000000e+02
5.613333333333333712e+02
5.560000000000000000e+02
4.920000000000000000e+02
4.813333333333333144e+02
4.786666666666666856e+02
5.520000000000000000e+02
5.600000000000000000e+02
4.666666666666666856e+02
4.520000000000000000e+02
4.560000000000000000e+02
4.320000000000000000e+02
4.400000000000000000e+02
4.360000000000000000e+02
4.360000000000000000e+02
4.360000000000000000e+02
4.370000000000000000e+02
4.560000000000000000e+02
4.480000000000000000e+02
4.560000000000000000e+02
6.360000000000000000e+02
4.560000000000000000e+02
4.280000000000000000e+02
4.280000000000000000e+02
4.340000000000000000e+02
4.440000000000000000e+02
5.666666666666666288e+02
4.680000000000000000e+02
4.660000000000000000e+02
4.720000000000000000e+02
5.560000000000000000e+02
5.690000000000000000e+02
7.310000000000000000e+02
4.760000000000000000e+02
7.440000000000000000e+02
7.240000000000000000e+02
5.600000000000000000e+02
5.640000000000000000e+02
4.940000000000000000e+02
5.600000000000000000e+02
4.810000000000000000e+02
5.520000000000000000e+02
5.560000000000000000e+02
5.440000000000000000e+02
5.480000000000000000e+02
5.453333333333333712e+02
4.520000000000000000e+02
4.520000000000000000e+02
6.280000000000000000e+02
6.320000000000000000e+02
5.680000000000000000e+02
6.360000000000000000e+02
6.240000000000000000e+02
5.520000000000000000e+02
5.520000000000000000e+02
5.560000000000000000e+02
5.560000000000000000e+02
5.600000000000000000e+02
5.560000000000000000e+02
5.520000000000000000e+02
5.560000000000000000e+02
5.600000000000000000e+02
5.650000000000000000e+02
5.720000000000000000e+02
7.450000000000000000e+02
5.720000000000000000e+02
5.653333333333333712e+02
5.800000000000000000e+02
5.840000000000000000e+02
6.040000000000000000e+02
5.820000000000000000e+02
5.710000000000000000e+02
5.480000000000000000e+02
5.320000000000000000e+02
5.480000000000000000e+02
5.640000000000000000e+02
5.640000000000000000e+02
5.480000000000000000e+02
5.520000000000000000e+02
5.600000000000000000e+02
5.600000000000000000e+02
5.600000000000000000e+02
5.520000000000000000e+02
