6.346666666666666288e+02
6.360000000000000000e+02
6.380000000000000000e+02
6.400000000000000000e+02
6.360000000000000000e+02
6.320000000000000000e+02
6.480000000000000000e+02
5.946666666666666288e+02
6.250000000000000000e+02
6.440000000000000000e+02
6.480000000000000000e+02
6.480000000000000000e+02
6.920000000000000000e+02
7.173333333333333712e+02
6.720000000000000000e+02
6.580000000000000000e+02
6.746666666666666288e+02
6.800000000000000000e+02
6.920000000000000000e+02
6.960000000000000000e+02
5.850000000000000000e+02
6.460000000000000000e+02
6.400000000000000000e+02
6.700000000000000000e+02
5.760000000000000000e+02
5.720000000000000000e+02
6.346666666666666288e+02
6.360000000000000000e+02
6.400000000000000000e+02
6.440000000000000000e+02
6.400000000000000000e+02
6.320000000000000000e+02
6.280000000000000000e+02
6.440000000000000000e+02
6.400000000000000000e+02
6.400000000000000000e+02
6.400000000000000000e+02
6.360000000000000000e+02
5.680000000000000000e+02
5.680000000000000000e+02
7.546666666666666288e+02
5.680000000000000000e+02
5.750000000000000000e+02
5.840000000000000000e+02
6.890000000000000000e+02
6.870000000000000000e+02
6.830000000000000000e+02
6.800000000000000000e+02
6.186666666666666288e+02
5.710000000000000000e+02
5.800000000000000000e+02
5.840000000000000000e+02
5.840000000000000000e+02
5.680000000000000000e+02
5.640000000000000000e+02
5.720000000000000000e+02
5.680000000000000000e+02
5.720000000000000000e+02
5.610000000000000000e+02
5.680000000000000000e+02
5.680000000000000000e+02
5.720000000000000000e+02
5.760000000000000000e+02
5.680000000000000000e+02
5.680000000000000000e+02
5.720000000000000000e+02
5.680000000000000000e+02
5.680000000000000000e+02
5.640000000000000000e+02
5.600000000000000000e+02
5.640000000000000000e+02
5.680000000000000000e+02
5.680000000000000000e+02
5.520000000000000000e+02
5.506666666666666288e+02
5.800000000000000000e+02
5.870000000000000000e+02
5.920000000000000000e+02
5.840000000000000000e+02
6.400000000000000000e+02
6.320000000000000000e+02
6.440000000000000000e+02
6.000000000000000000e+02
5.880000000000000000e+02
5.840000000000000000e+02
5.990000000000000000e+02
5.440000000000000000e+02
5.680000000000000000e+02
5.600000000000000000e+02
5.640000000000000000e+02
5.680000000000000000e+02
5.600000000000000000e+02
5.600000000000000000e+02
5.600000000000000000e+02
5.800000000000000000e+02
5.760000000000000000e+02
5.040000000000000000e+02
5.080000000000000000e+02
5.840000000000000000e+02
5.880000000000000000e+02
5.880000000000000000e+02
5.760000000000000000e+02
5.853333333333333712e+02
5.600000000000000000e+02
5.760000000000000000e+02
5.480000000000000000e+02
5.720000000000000000e+02
4.690000000000000000e+02
7.540000000000000000e+02
5.470000000000000000e+02
5.400000000000000000e+02
5.610000000000000000e+02
5.080000000000000000e+02
5.100000000000000000e+02
5.400000000000000000e+02
5.586666666666666288e+02
4.720000000000000000e+02
7.500000000000000000e+02
4.770000000000000000e+02
6.050000000000000000e+02
4.620000000000000000e+02
5.760000000000000000e+02
4.840000000000000000e+02
5.880000000000000000e+02
5.850000000000000000e+02
5.720000000000000000e+02
4.706666666666666856e+02
5.000000000000000000e+02
4.860000000000000000e+02
4.640000000000000000e+02
5.630000000000000000e+02
4.880000000000000000e+02
4.920000000000000000e+02
5.800000000000000000e+02
5.640000000000000000e+02
4.520000000000000000e+02
4.520000000000000000e+02
5.650000000000000000e+02
5.813333333333333712e+02
4.720000000000000000e+02
4.760000000000000000e+02
5.600000000000000000e+02
4.840000000000000000e+02
5.430000000000000000e+02
5.520000000000000000e+02
4.800000000000000000e+02
5.600000000000000000e+02
5.640000000000000000e+02
4.680000000000000000e+02
7.560000000000000000e+02
4.500000000000000000e+02
4.520000000000000000e+02
4.480000000000000000e+02
5.520000000000000000e+02
4.360000000000000000e+02
4.360000000000000000e+02
4.346666666666666856e+02
4.773333333333333144e+02
4.560000000000000000e+02
4.680000000000000000e+02
4.520000000000000000e+02
4.560000000000000000e+02
4.260000000000000000e+02
4.360000000000000000e+02
4.360000000000000000e+02
4.360000000000000000e+02
4.360000000000000000e+02
4.360000000000000000e+02
4.520000000000000000e+02
4.480000000000000000e+02
4.480000000000000000e+02
4.660000000000000000e+02
5.520000000000000000e+02
5.640000000000000000e+02
4.720000000000000000e+02
5.560000000000000000e+02
4.920000000000000000e+02
4.760000000000000000e+02
7.626666666666666288e+02
5.560000000000000000e+02
5.680000000000000000e+02
4.680000000000000000e+02
4.520000000000000000e+02
4.600000000000000000e+02
4.360000000000000000e+02
4.400000000000000000e+02
4.360000000000000000e+02
4.360000000000000000e+02
4.400000000000000000e+02
4.400000000000000000e+02
4.520000000000000000e+02
4.520000000000000000e+02
4.560000000000000000e+02
6.360000000000000000e+02
4.560000000000000000e+02
4.280000000000000000e+02
4.280000000000000000e+02
5.620000000000000000e+02
4.450000000000000000e+02
5.653333333333333712e+02
5.650000000000000000e+02
4.660000000000000000e+02
4.760000000000000000e+02
5.546666666666666288e+02
5.680000000000000000e+02
7.310000000000000000e+02
4.733333333333333144e+02
7.480000000000000000e+02
7.460000000000000000e+02
5.600000000000000000e+02
5.640000000000000000e+02
5.600000000000000000e+02
5.600000000000000000e+02
5.580000000000000000e+02
5.520000000000000000e+02
5.560000000000000000e+02
5.400000000000000000e+02
5.480000000000000000e+02
5.490000000000000000e+02
4.480000000000000000e+02
4.480000000000000000e+02
6.320000000000000000e+02
6.360000000000000000e+02
5.680000000000000000e+02
6.280000000000000000e+02
6.280000000000000000e+02
5.520000000000000000e+02
5.520000000000000000e+02
5.520000000000000000e+02
5.560000000000000000e+02
5.600000000000000000e+02
5.520000000000000000e+02
5.520000000000000000e+02
5.520000000000000000e+02
5.560000000000000000e+02
5.650000000000000000e+02
5.720000000000000000e+02
6.030000000000000000e+02
5.760000000000000000e+02
7.600000000000000000e+02
5.800000000000000000e+02
5.880000000000000000e+02
6.030000000000000000e+02
5.840000000000000000e+02
5.720000000000000000e+02
5.573333333333333712e+02
5.320000000000000000e+02
5.520000000000000000e+02
5.610000000000000000e+02
5.680000000000000000e+02
5.520000000000000000e+02
5.520000000000000000e+02
5.600000000000000000e+02
5.560000000000000000e+02
5.600000000000000000e+02
5.520000000000000000e+02
