6.360000000000000000e+02
6.360000000000000000e+02
6.440000000000000000e+02
6.400000000000000000e+02
6.400000000000000000e+02
6.400000000000000000e+02
6.480000000000000000e+02
6.400000000000000000e+02
5.890000000000000000e+02
6.400000000000000000e+02
6.480000000000000000e+02
6.480000000000000000e+02
6.880000000000000000e+02
7.173333333333333712e+02
6.800000000000000000e+02
7.060000000000000000e+02
6.520000000000000000e+02
6.820000000000000000e+02
6.920000000000000000e+02
7.000000000000000000e+02
5.850000000000000000e+02
6.460000000000000000e+02
6.400000000000000000e+02
7.500000000000000000e+02
5.760000000000000000e+02
6.520000000000000000e+02
6.320000000000000000e+02
6.360000000000000000e+02
6.400000000000000000e+02
6.440000000000000000e+02
6.400000000000000000e+02
6.320000000000000000e+02
6.130000000000000000e+02
6.440000000000000000e+02
6.400000000000000000e+02
6.400000000000000000e+02
6.400000000000000000e+02
5.680000000000000000e+02
5.680000000000000000e+02
5.680000000000000000e+02
5.760000000000000000e+02
5.680000000000000000e+02
5.720000000000000000e+02
5.840000000000000000e+02
7.240000000000000000e+02
7.470000000000000000e+02
6.850000000000000000e+02
6.066666666666666288e+02
6.160000000000000000e+02
5.710000000000000000e+02
5.800000000000000000e+02
5.800000000000000000e+02
5.840000000000000000e+02
5.640000000000000000e+02
5.640000000000000000e+02
5.720000000000000000e+02
5.680000000000000000e+02
5.720000000000000000e+02
5.640000000000000000e+02
5.680000000000000000e+02
5.680000000000000000e+02
5.720000000000000000e+02
5.760000000000000000e+02
5.720000000000000000e+02
5.720000000000000000e+02
5.720000000000000000e+02
5.680000000000000000e+02
5.640000000000000000e+02
5.640000000000000000e+02
5.640000000000000000e+02
5.680000000000000000e+02
5.720000000000000000e+02
5.720000000000000000e+02
5.520000000000000000e+02
5.506666666666666288e+02
5.800000000000000000e+02
5.870000000000000000e+02
5.920000000000000000e+02
5.840000000000000000e+02
6.320000000000000000e+02
6.320000000000000000e+02
6.440000000000000000e+02
5.960000000000000000e+02
5.880000000000000000e+02
5.800000000000000000e+02
5.920000000000000000e+02
5.370000000000000000e+02
5.750000000000000000e+02
5.600000000000000000e+02
5.640000000000000000e+02
5.680000000000000000e+02
5.600000000000000000e+02
5.600000000000000000e+02
5.600000000000000000e+02
5.800000000000000000e+02
5.720000000000000000e+02
5.080000000000000000e+02
5.120000000000000000e+02
5.800000000000000000e+02
5.920000000000000000e+02
5.920000000000000000e+02
5.720000000000000000e+02
5.853333333333333712e+02
5.600000000000000000e+02
5.720000000000000000e+02
5.480000000000000000e+02
7.493333333333333712e+02
5.860000000000000000e+02
7.540000000000000000e+02
5.440000000000000000e+02
5.410000000000000000e+02
5.520000000000000000e+02
5.120000000000000000e+02
5.100000000000000000e+02
5.360000000000000000e+02
5.480000000000000000e+02
5.140000000000000000e+02
7.500000000000000000e+02
4.770000000000000000e+02
6.040000000000000000e+02
4.580000000000000000e+02
4.666666666666666856e+02
4.813333333333333144e+02
5.880000000000000000e+02
5.840000000000000000e+02
5.800000000000000000e+02
4.800000000000000000e+02
5.000000000000000000e+02
4.860000000000000000e+02
4.600000000000000000e+02
4.570000000000000000e+02
4.880000000000000000e+02
4.880000000000000000e+02
5.800000000000000000e+02
5.600000000000000000e+02
4.480000000000000000e+02
4.520000000000000000e+02
5.720000000000000000e+02
5.813333333333333712e+02
4.760000000000000000e+02
4.760000000000000000e+02
5.600000000000000000e+02
4.840000000000000000e+02
5.220000000000000000e+02
5.520000000000000000e+02
4.773333333333333144e+02
5.600000000000000000e+02
5.560000000000000000e+02
4.680000000000000000e+02
7.520000000000000000e+02
4.480000000000000000e+02
4.490000000000000000e+02
4.480000000000000000e+02
5.480000000000000000e+02
4.320000000000000000e+02
4.320000000000000000e+02
4.360000000000000000e+02
5.560000000000000000e+02
4.560000000000000000e+02
4.640000000000000000e+02
4.520000000000000000e+02
4.560000000000000000e+02
4.360000000000000000e+02
4.380000000000000000e+02
4.360000000000000000e+02
4.360000000000000000e+02
4.360000000000000000e+02
4.360000000000000000e+02
4.480000000000000000e+02
4.520000000000000000e+02
4.520000000000000000e+02
7.440000000000000000e+02
5.520000000000000000e+02
5.640000000000000000e+02
4.760000000000000000e+02
5.600000000000000000e+02
4.840000000000000000e+02
4.760000000000000000e+02
7.720000000000000000e+02
5.560000000000000000e+02
5.600000000000000000e+02
4.680000000000000000e+02
4.520000000000000000e+02
4.560000000000000000e+02
4.360000000000000000e+02
4.400000000000000000e+02
4.360000000000000000e+02
4.360000000000000000e+02
4.400000000000000000e+02
4.400000000000000000e+02
4.480000000000000000e+02
4.520000000000000000e+02
4.560000000000000000e+02
6.320000000000000000e+02
4.560000000000000000e+02
4.320000000000000000e+02
4.280000000000000000e+02
4.306666666666666856e+02
4.440000000000000000e+02
5.670000000000000000e+02
4.680000000000000000e+02
4.573333333333333144e+02
4.720000000000000000e+02
5.546666666666666288e+02
5.680000000000000000e+02
7.310000000000000000e+02
4.760000000000000000e+02
7.800000000000000000e+02
7.240000000000000000e+02
5.613333333333333712e+02
6.220000000000000000e+02
5.600000000000000000e+02
5.560000000000000000e+02
4.813333333333333144e+02
5.520000000000000000e+02
5.560000000000000000e+02
5.413333333333333712e+02
5.480000000000000000e+02
5.440000000000000000e+02
4.480000000000000000e+02
4.520000000000000000e+02
6.280000000000000000e+02
6.320000000000000000e+02
5.680000000000000000e+02
6.280000000000000000e+02
6.280000000000000000e+02
5.520000000000000000e+02
5.520000000000000000e+02
5.560000000000000000e+02
5.600000000000000000e+02
5.600000000000000000e+02
5.560000000000000000e+02
5.520000000000000000e+02
5.520000000000000000e+02
5.600000000000000000e+02
5.680000000000000000e+02
5.720000000000000000e+02
6.030000000000000000e+02
5.750000000000000000e+02
5.653333333333333712e+02
5.840000000000000000e+02
5.840000000000000000e+02
5.973333333333333712e+02
5.933333333333333712e+02
5.720000000000000000e+02
5.440000000000000000e+02
5.320000000000000000e+02
5.520000000000000000e+02
5.640000000000000000e+02
5.640000000000000000e+02
5.520000000000000000e+02
5.520000000000000000e+02
5.560000000000000000e+02
5.600000000000000000e+02
5.600000000000000000e+02
5.560000000000000000e+02
