6.360000000000000000e+02
6.370000000000000000e+02
6.440000000000000000e+02
6.400000000000000000e+02
6.400000000000000000e+02
6.400000000000000000e+02
6.440000000000000000e+02
5.946666666666666288e+02
6.250000000000000000e+02
6.400000000000000000e+02
6.440000000000000000e+02
6.520000000000000000e+02
6.920000000000000000e+02
7.000000000000000000e+02
6.720000000000000000e+02
6.786666666666666288e+02
6.506666666666666288e+02
6.800000000000000000e+02
6.760000000000000000e+02
6.940000000000000000e+02
5.850000000000000000e+02
6.400000000000000000e+02
6.440000000000000000e+02
7.650000000000000000e+02
5.720000000000000000e+02
6.480000000000000000e+02
6.346666666666666288e+02
6.360000000000000000e+02
6.400000000000000000e+02
6.400000000000000000e+02
6.400000000000000000e+02
6.320000000000000000e+02
6.280000000000000000e+02
6.480000000000000000e+02
6.400000000000000000e+02
6.400000000000000000e+02
6.400000000000000000e+02
5.680000000000000000e+02
5.680000000000000000e+02
5.680000000000000000e+02
7.520000000000000000e+02
5.680000000000000000e+02
5.680000000000000000e+02
5.840000000000000000e+02
7.520000000000000000e+02
7.470000000000000000e+02
6.800000000000000000e+02
6.066666666666666288e+02
6.160000000000000000e+02
6.140000000000000000e+02
5.800000000000000000e+02
5.800000000000000000e+02
5.840000000000000000e+02
5.680000000000000000e+02
5.640000000000000000e+02
5.680000000000000000e+02
5.680000000000000000e+02
5.720000000000000000e+02
5.680000000000000000e+02
5.680000000000000000e+02
5.680000000000000000e+02
5.720000000000000000e+02
5.720000000000000000e+02
5.680000000000000000e+02
5.680000000000000000e+02
5.720000000000000000e+02
5.680000000000000000e+02
5.680000000000000000e+02
5.640000000000000000e+02
5.610000000000000000e+02
5.680000000000000000e+02
5.680000000000000000e+02
5.720000000000000000e+02
5.520000000000000000e+02
5.506666666666666288e+02
5.750000000000000000e+02
5.893333333333333712e+02
5.920000000000000000e+02
6.400000000000000000e+02
6.400000000000000000e+02
6.320000000000000000e+02
6.400000000000000000e+02
5.866666666666666288e+02
5.880000000000000000e+02
5.800000000000000000e+02
6.010000000000000000e+02
5.400000000000000000e+02
5.750000000000000000e+02
5.600000000000000000e+02
5.640000000000000000e+02
5.680000000000000000e+02
5.600000000000000000e+02
5.600000000000000000e+02
5.600000000000000000e+02
5.700000000000000000e+02
5.720000000000000000e+02
5.080000000000000000e+02
5.080000000000000000e+02
5.800000000000000000e+02
5.880000000000000000e+02
5.880000000000000000e+02
5.720000000000000000e+02
5.760000000000000000e+02
5.600000000000000000e+02
5.720000000000000000e+02
5.520000000000000000e+02
5.730000000000000000e+02
5.800000000000000000e+02
7.540000000000000000e+02
5.440000000000000000e+02
5.440000000000000000e+02
5.586666666666666288e+02
5.120000000000000000e+02
5.100000000000000000e+02
5.180000000000000000e+02
5.480000000000000000e+02
4.680000000000000000e+02
7.500000000000000000e+02
4.760000000000000000e+02
4.720000000000000000e+02
4.540000000000000000e+02
5.800000000000000000e+02
4.813333333333333144e+02
5.880000000000000000e+02
5.840000000000000000e+02
5.720000000000000000e+02
4.706666666666666856e+02
5.000000000000000000e+02
4.800000000000000000e+02
4.650000000000000000e+02
5.626666666666666288e+02
4.880000000000000000e+02
4.880000000000000000e+02
5.800000000000000000e+02
5.640000000000000000e+02
4.520000000000000000e+02
4.520000000000000000e+02
4.600000000000000000e+02
5.740000000000000000e+02
4.680000000000000000e+02
5.586666666666666288e+02
5.600000000000000000e+02
5.460000000000000000e+02
5.080000000000000000e+02
5.520000000000000000e+02
4.760000000000000000e+02
5.640000000000000000e+02
5.600000000000000000e+02
4.680000000000000000e+02
7.440000000000000000e+02
4.480000000000000000e+02
4.493333333333333144e+02
4.480000000000000000e+02
5.480000000000000000e+02
4.320000000000000000e+02
4.360000000000000000e+02
4.360000000000000000e+02
5.560000000000000000e+02
4.600000000000000000e+02
4.680000000000000000e+02
4.520000000000000000e+02
4.560000000000000000e+02
4.280000000000000000e+02
4.380000000000000000e+02
4.360000000000000000e+02
4.360000000000000000e+02
4.400000000000000000e+02
4.330000000000000000e+02
4.520000000000000000e+02
4.480000000000000000e+02
4.500000000000000000e+02
4.660000000000000000e+02
5.520000000000000000e+02
5.640000000000000000e+02
5.613333333333333712e+02
5.600000000000000000e+02
5.600000000000000000e+02
4.760000000000000000e+02
4.786666666666666856e+02
5.573333333333333712e+02
5.620000000000000000e+02
4.666666666666666856e+02
4.520000000000000000e+02
5.573333333333333712e+02
4.360000000000000000e+02
4.400000000000000000e+02
4.360000000000000000e+02
4.360000000000000000e+02
4.400000000000000000e+02
4.400000000000000000e+02
4.520000000000000000e+02
4.480000000000000000e+02
4.560000000000000000e+02
6.320000000000000000e+02
4.520000000000000000e+02
4.320000000000000000e+02
4.280000000000000000e+02
5.560000000000000000e+02
4.400000000000000000e+02
5.720000000000000000e+02
4.720000000000000000e+02
5.560000000000000000e+02
4.760000000000000000e+02
5.560000000000000000e+02
5.600000000000000000e+02
7.440000000000000000e+02
4.800000000000000000e+02
4.800000000000000000e+02
6.360000000000000000e+02
5.600000000000000000e+02
6.173333333333333712e+02
5.600000000000000000e+02
5.560000000000000000e+02
4.810000000000000000e+02
5.560000000000000000e+02
5.520000000000000000e+02
5.580000000000000000e+02
5.480000000000000000e+02
5.480000000000000000e+02
4.560000000000000000e+02
4.480000000000000000e+02
6.280000000000000000e+02
6.320000000000000000e+02
6.340000000000000000e+02
6.280000000000000000e+02
6.280000000000000000e+02
5.546666666666666288e+02
5.520000000000000000e+02
5.560000000000000000e+02
5.560000000000000000e+02
5.600000000000000000e+02
5.520000000000000000e+02
5.520000000000000000e+02
5.520000000000000000e+02
5.600000000000000000e+02
5.680000000000000000e+02
5.720000000000000000e+02
7.450000000000000000e+02
5.720000000000000000e+02
7.600000000000000000e+02
5.840000000000000000e+02
5.840000000000000000e+02
6.040000000000000000e+02
5.800000000000000000e+02
5.720000000000000000e+02
5.573333333333333712e+02
5.320000000000000000e+02
5.520000000000000000e+02
5.600000000000000000e+02
5.640000000000000000e+02
5.520000000000000000e+02
5.520000000000000000e+02
5.560000000000000000e+02
5.600000000000000000e+02
5.600000000000000000e+02
5.520000000000000000e+02
