6.360000000000000000e+02
6.320000000000000000e+02
6.440000000000000000e+02
6.400000000000000000e+02
6.360000000000000000e+02
6.360000000000000000e+02
6.480000000000000000e+02
5.946666666666666288e+02
6.250000000000000000e+02
6.440000000000000000e+02
6.480000000000000000e+02
6.520000000000000000e+02
6.920000000000000000e+02
7.173333333333333712e+02
6.733333333333333712e+02
7.060000000000000000e+02
6.506666666666666288e+02
6.800000000000000000e+02
6.906666666666666288e+02
7.040000000000000000e+02
5.880000000000000000e+02
6.400000000000000000e+02
6.400000000000000000e+02
6.700000000000000000e+02
5.720000000000000000e+02
5.720000000000000000e+02
6.320000000000000000e+02
6.360000000000000000e+02
6.400000000000000000e+02
6.400000000000000000e+02
6.400000000000000000e+02
6.400000000000000000e+02
6.026666666666666288e+02
6.400000000000000000e+02
6.450000000000000000e+02
6.400000000000000000e+02
6.400000000000000000e+02
5.640000000000000000e+02
5.680000000000000000e+02
5.680000000000000000e+02
5.680000000000000000e+02
5.680000000000000000e+02
5.680000000000000000e+02
5.840000000000000000e+02
6.130000000000000000e+02
6.830000000000000000e+02
6.800000000000000000e+02
6.800000000000000000e+02
6.200000000000000000e+02
5.720000000000000000e+02
5.800000000000000000e+02
5.780000000000000000e+02
5.840000000000000000e+02
5.680000000000000000e+02
5.640000000000000000e+02
5.720000000000000000e+02
5.680000000000000000e+02
5.720000000000000000e+02
5.640000000000000000e+02
5.680000000000000000e+02
5.680000000000000000e+02
5.760000000000000000e+02
5.720000000000000000e+02
5.680000000000000000e+02
5.720000000000000000e+02
5.720000000000000000e+02
5.680000000000000000e+02
5.640000000000000000e+02
5.640000000000000000e+02
5.640000000000000000e+02
5.720000000000000000e+02
5.680000000000000000e+02
5.720000000000000000e+02
5.560000000000000000e+02
5.506666666666666288e+02
5.800000000000000000e+02
5.880000000000000000e+02
5.920000000000000000e+02
6.440000000000000000e+02
6.320000000000000000e+02
6.320000000000000000e+02
6.360000000000000000e+02
6.000000000000000000e+02
5.880000000000000000e+02
5.800000000000000000e+02
5.880000000000000000e+02
5.440000000000000000e+02
5.680000000000000000e+02
5.600000000000000000e+02
5.600000000000000000e+02
5.680000000000000000e+02
5.600000000000000000e+02
5.600000000000000000e+02
5.600000000000000000e+02
5.840000000000000000e+02
5.720000000000000000e+02
5.080000000000000000e+02
5.080000000000000000e+02
5.840000000000000000e+02
5.920000000000000000e+02
5.880000000000000000e+02
5.760000000000000000e+02
5.760000000000000000e+02
5.640000000000000000e+02
5.760000000000000000e+02
5.570000000000000000e+02
5.600000000000000000e+02
5.800000000000000000e+02
5.893333333333333712e+02
5.470000000000000000e+02
5.413333333333333712e+02
5.520000000000000000e+02
5.120000000000000000e+02
4.990000000000000000e+02
5.360000000000000000e+02
5.460000000000000000e+02
4.720000000000000000e+02
7.480000000000000000e+02
4.760000000000000000e+02
6.080000000000000000e+02
4.540000000000000000e+02
5.760000000000000000e+02
4.830000000000000000e+02
5.880000000000000000e+02
5.840000000000000000e+02
5.720000000000000000e+02
4.800000000000000000e+02
5.000000000000000000e+02
5.000000000000000000e+02
4.640000000000000000e+02
5.626666666666666288e+02
4.880000000000000000e+02
4.880000000000000000e+02
5.760000000000000000e+02
5.660000000000000000e+02
5.610000000000000000e+02
4.520000000000000000e+02
5.626666666666666288e+02
5.813333333333333712e+02
4.760000000000000000e+02
4.720000000000000000e+02
5.580000000000000000e+02
5.530000000000000000e+02
5.080000000000000000e+02
5.520000000000000000e+02
5.520000000000000000e+02
5.640000000000000000e+02
5.600000000000000000e+02
4.720000000000000000e+02
7.440000000000000000e+02
4.480000000000000000e+02
4.520000000000000000e+02
4.440000000000000000e+02
5.480000000000000000e+02
4.360000000000000000e+02
4.360000000000000000e+02
4.346666666666666856e+02
5.520000000000000000e+02
4.560000000000000000e+02
4.680000000000000000e+02
4.546666666666666856e+02
4.560000000000000000e+02
4.260000000000000000e+02
4.400000000000000000e+02
4.400000000000000000e+02
4.360000000000000000e+02
4.440000000000000000e+02
4.330000000000000000e+02
4.480000000000000000e+02
4.490000000000000000e+02
4.560000000000000000e+02
5.580000000000000000e+02
5.520000000000000000e+02
5.600000000000000000e+02
4.760000000000000000e+02
5.560000000000000000e+02
4.920000000000000000e+02
4.813333333333333144e+02
7.680000000000000000e+02
5.560000000000000000e+02
5.600000000000000000e+02
4.680000000000000000e+02
4.560000000000000000e+02
5.630000000000000000e+02
4.413333333333333144e+02
4.400000000000000000e+02
4.360000000000000000e+02
4.360000000000000000e+02
4.360000000000000000e+02
4.360000000000000000e+02
4.520000000000000000e+02
4.520000000000000000e+02
4.560000000000000000e+02
4.573333333333333144e+02
4.520000000000000000e+02
4.520000000000000000e+02
4.280000000000000000e+02
5.560000000000000000e+02
4.450000000000000000e+02
5.720000000000000000e+02
4.680000000000000000e+02
5.560000000000000000e+02
4.720000000000000000e+02
5.560000000000000000e+02
5.680000000000000000e+02
7.320000000000000000e+02
7.653333333333333712e+02
4.800000000000000000e+02
5.680000000000000000e+02
5.600000000000000000e+02
5.640000000000000000e+02
4.940000000000000000e+02
5.600000000000000000e+02
4.810000000000000000e+02
5.520000000000000000e+02
5.520000000000000000e+02
5.580000000000000000e+02
5.480000000000000000e+02
5.440000000000000000e+02
4.520000000000000000e+02
4.520000000000000000e+02
6.280000000000000000e+02
6.320000000000000000e+02
5.680000000000000000e+02
6.360000000000000000e+02
6.280000000000000000e+02
5.520000000000000000e+02
5.520000000000000000e+02
5.560000000000000000e+02
5.600000000000000000e+02
5.600000000000000000e+02
5.520000000000000000e+02
5.520000000000000000e+02
5.520000000000000000e+02
5.600000000000000000e+02
5.680000000000000000e+02
5.720000000000000000e+02
6.030000000000000000e+02
5.700000000000000000e+02
7.790000000000000000e+02
7.693333333333333712e+02
5.840000000000000000e+02
5.973333333333333712e+02
5.840000000000000000e+02
5.720000000000000000e+02
5.480000000000000000e+02
5.320000000000000000e+02
5.520000000000000000e+02
5.600000000000000000e+02
5.640000000000000000e+02
5.520000000000000000e+02
5.520000000000000000e+02
5.560000000000000000e+02
5.560000000000000000e+02
5.600000000000000000e+02
5.520000000000000000e+02
