6.360000000000000000e+02
6.360000000000000000e+02
6.440000000000000000e+02
6.400000000000000000e+02
6.360000000000000000e+02
6.400000000000000000e+02
6.386666666666666288e+02
6.060000000000000000e+02
6.250000000000000000e+02
6.610000000000000000e+02
6.440000000000000000e+02
6.520000000000000000e+02
7.173333333333333712e+02
6.990000000000000000e+02
6.733333333333333712e+02
7.040000000000000000e+02
6.580000000000000000e+02
6.800000000000000000e+02
6.760000000000000000e+02
6.940000000000000000e+02
6.560000000000000000e+02
6.400000000000000000e+02
6.400000000000000000e+02
7.500000000000000000e+02
5.760000000000000000e+02
5.653333333333333712e+02
6.320000000000000000e+02
6.360000000000000000e+02
6.400000000000000000e+02
6.440000000000000000e+02
6.400000000000000000e+02
6.320000000000000000e+02
6.026666666666666288e+02
6.440000000000000000e+02
6.400000000000000000e+02
6.400000000000000000e+02
6.400000000000000000e+02
5.640000000000000000e+02
5.680000000000000000e+02
5.720000000000000000e+02
7.520000000000000000e+02
5.680000000000000000e+02
5.680000000000000000e+02
5.840000000000000000e+02
6.130000000000000000e+02
6.973333333333333712e+02
6.800000000000000000e+02
6.066666666666666288e+02
6.160000000000000000e+02
5.710000000000000000e+02
5.800000000000000000e+02
5.800000000000000000e+02
5.800000000000000000e+02
5.680000000000000000e+02
5.640000000000000000e+02
5.720000000000000000e+02
5.680000000000000000e+02
5.720000000000000000e+02
5.640000000000000000e+02
5.680000000000000000e+02
5.680000000000000000e+02
5.760000000000000000e+02
5.760000000000000000e+02
5.680000000000000000e+02
5.680000000000000000e+02
5.720000000000000000e+02
5.680000000000000000e+02
5.640000000000000000e+02
5.640000000000000000e+02
5.610000000000000000e+02
5.680000000000000000e+02
5.680000000000000000e+02
5.720000000000000000e+02
5.520000000000000000e+02
5.506666666666666288e+02
5.800000000000000000e+02
5.880000000000000000e+02
5.920000000000000000e+02
6.400000000000000000e+02
6.320000000000000000e+02
6.320000000000000000e+02
6.400000000000000000e+02
5.920000000000000000e+02
5.880000000000000000e+02
5.840000000000000000e+02
5.990000000000000000e+02
5.440000000000000000e+02
5.720000000000000000e+02
5.600000000000000000e+02
5.600000000000000000e+02
5.680000000000000000e+02
5.560000000000000000e+02
5.600000000000000000e+02
5.600000000000000000e+02
5.700000000000000000e+02
5.720000000000000000e+02
5.080000000000000000e+02
5.040000000000000000e+02
5.840000000000000000e+02
5.880000000000000000e+02
5.880000000000000000e+02
5.720000000000000000e+02
5.346666666666666288e+02
5.640000000000000000e+02
5.760000000000000000e+02
5.480000000000000000e+02
5.680000000000000000e+02
5.800000000000000000e+02
5.800000000000000000e+02
5.440000000000000000e+02
5.410000000000000000e+02
5.610000000000000000e+02
5.093333333333333144e+02
5.060000000000000000e+02
5.440000000000000000e+02
5.586666666666666288e+02
4.720000000000000000e+02
7.480000000000000000e+02
7.620000000000000000e+02
6.380000000000000000e+02
4.620000000000000000e+02
4.666666666666666856e+02
4.813333333333333144e+02
5.880000000000000000e+02
5.840000000000000000e+02
5.760000000000000000e+02
4.706666666666666856e+02
5.000000000000000000e+02
4.800000000000000000e+02
4.640000000000000000e+02
5.640000000000000000e+02
4.880000000000000000e+02
4.920000000000000000e+02
5.800000000000000000e+02
5.660000000000000000e+02
4.480000000000000000e+02
4.520000000000000000e+02
5.626666666666666288e+02
7.360000000000000000e+02
4.720000000000000000e+02
4.770000000000000000e+02
5.600000000000000000e+02
5.530000000000000000e+02
5.370000000000000000e+02
5.520000000000000000e+02
4.760000000000000000e+02
5.640000000000000000e+02
5.560000000000000000e+02
4.720000000000000000e+02
7.560000000000000000e+02
4.480000000000000000e+02
4.520000000000000000e+02
4.440000000000000000e+02
5.480000000000000000e+02
4.360000000000000000e+02
4.360000000000000000e+02
4.360000000000000000e+02
5.520000000000000000e+02
4.560000000000000000e+02
4.680000000000000000e+02
4.520000000000000000e+02
4.560000000000000000e+02
4.480000000000000000e+02
4.360000000000000000e+02
4.400000000000000000e+02
4.360000000000000000e+02
4.360000000000000000e+02
4.330000000000000000e+02
4.480000000000000000e+02
4.480000000000000000e+02
4.500000000000000000e+02
5.640000000000000000e+02
5.520000000000000000e+02
5.680000000000000000e+02
5.613333333333333712e+02
5.600000000000000000e+02
5.600000000000000000e+02
4.813333333333333144e+02
7.626666666666666288e+02
5.560000000000000000e+02
5.680000000000000000e+02
4.666666666666666856e+02
4.520000000000000000e+02
5.573333333333333712e+02
4.360000000000000000e+02
4.400000000000000000e+02
4.360000000000000000e+02
4.400000000000000000e+02
4.360000000000000000e+02
4.400000000000000000e+02
4.520000000000000000e+02
4.520000000000000000e+02
4.560000000000000000e+02
6.320000000000000000e+02
4.520000000000000000e+02
4.520000000000000000e+02
4.280000000000000000e+02
4.306666666666666856e+02
4.450000000000000000e+02
5.720000000000000000e+02
4.680000000000000000e+02
5.560000000000000000e+02
4.760000000000000000e+02
5.560000000000000000e+02
5.680000000000000000e+02
7.310000000000000000e+02
4.760000000000000000e+02
4.786666666666666856e+02
5.680000000000000000e+02
5.600000000000000000e+02
5.600000000000000000e+02
5.600000000000000000e+02
5.560000000000000000e+02
4.813333333333333144e+02
5.520000000000000000e+02
5.560000000000000000e+02
5.413333333333333712e+02
5.480000000000000000e+02
4.430000000000000000e+02
4.520000000000000000e+02
4.520000000000000000e+02
6.320000000000000000e+02
6.360000000000000000e+02
5.680000000000000000e+02
6.280000000000000000e+02
6.280000000000000000e+02
5.520000000000000000e+02
5.520000000000000000e+02
5.560000000000000000e+02
5.560000000000000000e+02
5.600000000000000000e+02
5.520000000000000000e+02
5.520000000000000000e+02
5.560000000000000000e+02
5.560000000000000000e+02
5.680000000000000000e+02
5.720000000000000000e+02
7.440000000000000000e+02
5.700000000000000000e+02
7.600000000000000000e+02
7.693333333333333712e+02
5.850000000000000000e+02
6.000000000000000000e+02
5.820000000000000000e+02
5.680000000000000000e+02
5.480000000000000000e+02
5.280000000000000000e+02
5.520000000000000000e+02
5.610000000000000000e+02
5.640000000000000000e+02
5.520000000000000000e+02
5.520000000000000000e+02
5.560000000000000000e+02
5.560000000000000000e+02
5.600000000000000000e+02
5.520000000000000000e+02
