6.360000000000000000e+02
6.320000000000000000e+02
6.440000000000000000e+02
6.440000000000000000e+02
6.400000000000000000e+02
6.320000000000000000e+02
6.386666666666666288e+02
5.946666666666666288e+02
6.300000000000000000e+02
6.440000000000000000e+02
6.480000000000000000e+02
6.480000000000000000e+02
6.920000000000000000e+02
7.000000000000000000e+02
6.800000000000000000e+02
6.786666666666666288e+02
6.506666666666666288e+02
6.800000000000000000e+02
6.813333333333333712e+02
6.960000000000000000e+02
5.850000000000000000e+02
6.400000000000000000e+02
6.440000000000000000e+02
6.620000000000000000e+02
5.760000000000000000e+02
5.720000000000000000e+02
6.320000000000000000e+02
6.360000000000000000e+02
6.400000000000000000e+02
6.440000000000000000e+02
6.400000000000000000e+02
6.400000000000000000e+02
6.026666666666666288e+02
6.460000000000000000e+02
6.400000000000000000e+02
6.400000000000000000e+02
6.400000000000000000e+02
5.640000000000000000e+02
5.680000000000000000e+02
5.720000000000000000e+02
7.520000000000000000e+02
5.680000000000000000e+02
5.720000000000000000e+02
5.840000000000000000e+02
6.130000000000000000e+02
6.830000000000000000e+02
6.800000000000000000e+02
6.080000000000000000e+02
6.160000000000000000e+02
5.720000000000000000e+02
5.800000000000000000e+02
5.840000000000000000e+02
5.840000000000000000e+02
5.680000000000000000e+02
5.640000000000000000e+02
5.720000000000000000e+02
5.680000000000000000e+02
5.720000000000000000e+02
5.610000000000000000e+02
5.680000000000000000e+02
5.680000000000000000e+02
5.720000000000000000e+02
5.720000000000000000e+02
5.680000000000000000e+02
5.720000000000000000e+02
5.760000000000000000e+02
5.680000000000000000e+02
5.640000000000000000e+02
5.640000000000000000e+02
5.600000000000000000e+02
5.680000000000000000e+02
5.720000000000000000e+02
5.720000000000000000e+02
5.520000000000000000e+02
5.506666666666666288e+02
5.800000000000000000e+02
5.920000000000000000e+02
5.920000000000000000e+02
6.400000000000000000e+02
6.320000000000000000e+02
6.320000000000000000e+02
6.440000000000000000e+02
5.866666666666666288e+02
5.880000000000000000e+02
5.840000000000000000e+02
6.000000000000000000e+02
5.370000000000000000e+02
5.750000000000000000e+02
5.620000000000000000e+02
5.640000000000000000e+02
5.680000000000000000e+02
5.600000000000000000e+02
5.600000000000000000e+02
5.600000000000000000e+02
5.800000000000000000e+02
5.760000000000000000e+02
5.040000000000000000e+02
5.080000000000000000e+02
5.800000000000000000e+02
5.880000000000000000e+02
5.880000000000000000e+02
5.760000000000000000e+02
5.346666666666666288e+02
5.600000000000000000e+02
5.720000000000000000e+02
5.520000000000000000e+02
5.730000000000000000e+02
4.690000000000000000e+02
5.893333333333333712e+02
5.440000000000000000e+02
5.440000000000000000e+02
5.586666666666666288e+02
5.080000000000000000e+02
4.990000000000000000e+02
5.360000000000000000e+02
5.480000000000000000e+02
4.680000000000000000e+02
7.440000000000000000e+02
4.760000000000000000e+02
6.380000000000000000e+02
4.560000000000000000e+02
5.760000000000000000e+02
4.840000000000000000e+02
5.980000000000000000e+02
5.840000000000000000e+02
5.770000000000000000e+02
4.800000000000000000e+02
4.970000000000000000e+02
4.860000000000000000e+02
4.650000000000000000e+02
4.570000000000000000e+02
4.880000000000000000e+02
4.880000000000000000e+02
4.920000000000000000e+02
5.640000000000000000e+02
4.520000000000000000e+02
4.520000000000000000e+02
5.626666666666666288e+02
5.813333333333333712e+02
4.680000000000000000e+02
4.760000000000000000e+02
5.680000000000000000e+02
5.460000000000000000e+02
5.220000000000000000e+02
5.480000000000000000e+02
4.773333333333333144e+02
5.626666666666666288e+02
5.640000000000000000e+02
4.720000000000000000e+02
7.560000000000000000e+02
4.450000000000000000e+02
4.490000000000000000e+02
4.480000000000000000e+02
5.520000000000000000e+02
4.320000000000000000e+02
4.360000000000000000e+02
4.360000000000000000e+02
5.560000000000000000e+02
4.560000000000000000e+02
4.680000000000000000e+02
4.520000000000000000e+02
4.560000000000000000e+02
4.280000000000000000e+02
4.400000000000000000e+02
4.400000000000000000e+02
4.360000000000000000e+02
4.440000000000000000e+02
4.360000000000000000e+02
4.480000000000000000e+02
4.480000000000000000e+02
4.560000000000000000e+02
5.580000000000000000e+02
5.520000000000000000e+02
5.640000000000000000e+02
4.760000000000000000e+02
5.560000000000000000e+02
4.840000000000000000e+02
4.813333333333333144e+02
7.680000000000000000e+02
5.560000000000000000e+02
5.600000000000000000e+02
4.666666666666666856e+02
4.520000000000000000e+02
5.630000000000000000e+02
4.413333333333333144e+02
4.400000000000000000e+02
4.360000000000000000e+02
4.360000000000000000e+02
4.400000000000000000e+02
4.400000000000000000e+02
4.480000000000000000e+02
4.480000000000000000e+02
4.560000000000000000e+02
6.320000000000000000e+02
4.560000000000000000e+02
4.320000000000000000e+02
4.280000000000000000e+02
4.306666666666666856e+02
4.440000000000000000e+02
5.670000000000000000e+02
4.680000000000000000e+02
5.560000000000000000e+02
4.760000000000000000e+02
5.560000000000000000e+02
5.600000000000000000e+02
7.310000000000000000e+02
7.546666666666666288e+02
4.786666666666666856e+02
5.210000000000000000e+02
5.640000000000000000e+02
5.640000000000000000e+02
5.600000000000000000e+02
5.600000000000000000e+02
5.586666666666666288e+02
5.560000000000000000e+02
5.520000000000000000e+02
5.413333333333333712e+02
5.480000000000000000e+02
5.440000000000000000e+02
4.520000000000000000e+02
4.520000000000000000e+02
6.320000000000000000e+02
6.360000000000000000e+02
5.680000000000000000e+02
6.280000000000000000e+02
6.280000000000000000e+02
5.520000000000000000e+02
5.520000000000000000e+02
5.520000000000000000e+02
5.560000000000000000e+02
5.640000000000000000e+02
5.560000000000000000e+02
5.520000000000000000e+02
5.520000000000000000e+02
5.600000000000000000e+02
5.640000000000000000e+02
5.680000000000000000e+02
7.400000000000000000e+02
5.760000000000000000e+02
7.600000000000000000e+02
5.840000000000000000e+02
5.880000000000000000e+02
6.030000000000000000e+02
5.820000000000000000e+02
5.720000000000000000e+02
5.480000000000000000e+02
5.320000000000000000e+02
5.480000000000000000e+02
5.610000000000000000e+02
5.640000000000000000e+02
5.480000000000000000e+02
5.520000000000000000e+02
5.560000000000000000e+02
5.600000000000000000e+02
5.600000000000000000e+02
5.560000000000000000e+02
