6.360000000000000000e+02
6.370000000000000000e+02
6.440000000000000000e+02
6.400000000000000000e+02
6.360000000000000000e+02
6.320000000000000000e+02
6.480000000000000000e+02
6.053333333333333712e+02
6.426666666666666288e+02
6.450000000000000000e+02
6.480000000000000000e+02
6.480000000000000000e+02
7.000000000000000000e+02
7.173333333333333712e+02
6.720000000000000000e+02
6.786666666666666288e+02
6.580000000000000000e+02
6.840000000000000000e+02
6.820000000000000000e+02
7.040000000000000000e+02
5.880000000000000000e+02
6.400000000000000000e+02
6.400000000000000000e+02
6.610000000000000000e+02
5.760000000000000000e+02
5.720000000000000000e+02
6.346666666666666288e+02
6.360000000000000000e+02
6.400000000000000000e+02
6.440000000000000000e+02
6.400000000000000000e+02
6.320000000000000000e+02
6.000000000000000000e+02
6.480000000000000000e+02
6.400000000000000000e+02
6.400000000000000000e+02
6.400000000000000000e+02
5.680000000000000000e+02
5.680000000000000000e+02
5.720000000000000000e+02
7.546666666666666288e+02
5.680000000000000000e+02
5.720000000000000000e+02
5.840000000000000000e+02
7.240000000000000000e+02
6.830000000000000000e+02
6.850000000000000000e+02
6.800000000000000000e+02
6.160000000000000000e+02
5.710000000000000000e+02
5.800000000000000000e+02
5.780000000000000000e+02
5.840000000000000000e+02
5.680000000000000000e+02
5.640000000000000000e+02
5.720000000000000000e+02
5.680000000000000000e+02
5.760000000000000000e+02
5.640000000000000000e+02
5.680000000000000000e+02
5.680000000000000000e+02
5.720000000000000000e+02
5.760000000000000000e+02
5.680000000000000000e+02
5.680000000000000000e+02
5.720000000000000000e+02
5.680000000000000000e+02
5.640000000000000000e+02
5.640000000000000000e+02
5.640000000000000000e+02
5.720000000000000000e+02
5.680000000000000000e+02
5.720000000000000000e+02
5.520000000000000000e+02
5.340000000000000000e+02
5.800000000000000000e+02
5.880000000000000000e+02
5.890000000000000000e+02
5.840000000000000000e+02
6.360000000000000000e+02
6.320000000000000000e+02
6.400000000000000000e+02
5.920000000000000000e+02
5.880000000000000000e+02
5.800000000000000000e+02
5.990000000000000000e+02
5.440000000000000000e+02
5.750000000000000000e+02
5.640000000000000000e+02
5.640000000000000000e+02
5.680000000000000000e+02
5.600000000000000000e+02
5.600000000000000000e+02
5.600000000000000000e+02
5.700000000000000000e+02
5.760000000000000000e+02
5.040000000000000000e+02
5.080000000000000000e+02
5.826666666666666288e+02
5.880000000000000000e+02
5.920000000000000000e+02
5.760000000000000000e+02
5.610000000000000000e+02
5.600000000000000000e+02
5.760000000000000000e+02
5.520000000000000000e+02
5.600000000000000000e+02
5.860000000000000000e+02
5.893333333333333712e+02
5.440000000000000000e+02
5.413333333333333712e+02
5.520000000000000000e+02
5.120000000000000000e+02
5.000000000000000000e+02
5.360000000000000000e+02
5.530000000000000000e+02
4.720000000000000000e+02
7.430000000000000000e+02
4.760000000000000000e+02
6.050000000000000000e+02
4.560000000000000000e+02
4.666666666666666856e+02
4.880000000000000000e+02
5.880000000000000000e+02
5.840000000000000000e+02
5.720000000000000000e+02
4.706666666666666856e+02
5.000000000000000000e+02
4.800000000000000000e+02
4.600000000000000000e+02
5.640000000000000000e+02
4.880000000000000000e+02
4.920000000000000000e+02
4.920000000000000000e+02
5.600000000000000000e+02
4.520000000000000000e+02
4.520000000000000000e+02
5.720000000000000000e+02
5.813333333333333712e+02
4.720000000000000000e+02
4.760000000000000000e+02
6.020000000000000000e+02
4.840000000000000000e+02
5.080000000000000000e+02
5.520000000000000000e+02
5.520000000000000000e+02
5.626666666666666288e+02
5.560000000000000000e+02
4.720000000000000000e+02
7.560000000000000000e+02
4.500000000000000000e+02
4.480000000000000000e+02
4.480000000000000000e+02
5.480000000000000000e+02
4.360000000000000000e+02
4.360000000000000000e+02
4.370000000000000000e+02
5.520000000000000000e+02
4.560000000000000000e+02
4.680000000000000000e+02
4.580000000000000000e+02
4.560000000000000000e+02
4.480000000000000000e+02
4.360000000000000000e+02
4.400000000000000000e+02
4.360000000000000000e+02
4.400000000000000000e+02
4.360000000000000000e+02
4.480000000000000000e+02
4.520000000000000000e+02
4.560000000000000000e+02
5.640000000000000000e+02
5.520000000000000000e+02
5.640000000000000000e+02
4.760000000000000000e+02
5.586666666666666288e+02
4.840000000000000000e+02
4.813333333333333144e+02
4.786666666666666856e+02
7.620000000000000000e+02
5.600000000000000000e+02
4.680000000000000000e+02
4.520000000000000000e+02
5.573333333333333712e+02
4.320000000000000000e+02
4.400000000000000000e+02
4.360000000000000000e+02
4.360000000000000000e+02
4.360000000000000000e+02
4.400000000000000000e+02
4.520000000000000000e+02
4.520000000000000000e+02
4.560000000000000000e+02
6.360000000000000000e+02
4.560000000000000000e+02
4.280000000000000000e+02
4.280000000000000000e+02
4.306666666666666856e+02
4.450000000000000000e+02
5.680000000000000000e+02
4.720000000000000000e+02
4.573333333333333144e+02
4.760000000000000000e+02
5.546666666666666288e+02
5.680000000000000000e+02
7.590000000000000000e+02
4.760000000000000000e+02
4.786666666666666856e+02
7.240000000000000000e+02
5.613333333333333712e+02
6.173333333333333712e+02
4.940000000000000000e+02
5.600000000000000000e+02
5.580000000000000000e+02
5.520000000000000000e+02
5.520000000000000000e+02
5.500000000000000000e+02
5.480000000000000000e+02
5.490000000000000000e+02
4.560000000000000000e+02
4.480000000000000000e+02
6.280000000000000000e+02
6.320000000000000000e+02
5.680000000000000000e+02
6.280000000000000000e+02
6.280000000000000000e+02
5.520000000000000000e+02
5.520000000000000000e+02
5.560000000000000000e+02
5.560000000000000000e+02
5.640000000000000000e+02
5.560000000000000000e+02
5.520000000000000000e+02
5.560000000000000000e+02
5.600000000000000000e+02
5.650000000000000000e+02
5.680000000000000000e+02
7.540000000000000000e+02
5.750000000000000000e+02
5.653333333333333712e+02
5.840000000000000000e+02
5.840000000000000000e+02
6.040000000000000000e+02
5.933333333333333712e+02
5.710000000000000000e+02
5.573333333333333712e+02
5.280000000000000000e+02
5.520000000000000000e+02
5.640000000000000000e+02
5.640000000000000000e+02
5.480000000000000000e+02
5.520000000000000000e+02
5.560000000000000000e+02
5.560000000000000000e+02
5.600000000000000000e+02
5.560000000000000000e+02
