6.360000000000000000e+02
6.370000000000000000e+02
6.440000000000000000e+02
6.400000000000000000e+02
6.400000000000000000e+02
6.400000000000000000e+02
6.480000000000000000e+02
5.946666666666666288e+02
5.840000000000000000e+02
6.450000000000000000e+02
6.480000000000000000e+02
6.440000000000000000e+02
6.920000000000000000e+02
6.840000000000000000e+02
6.720000000000000000e+02
6.520000000000000000e+02
6.573333333333333712e+02
6.840000000000000000e+02
6.820000000000000000e+02
7.000000000000000000e+02
7.266666666666666288e+02
6.460000000000000000e+02
6.410000000000000000e+02
6.610000000000000000e+02
5.760000000000000000e+02
6.520000000000000000e+02
6.320000000000000000e+02
6.360000000000000000e+02
6.400000000000000000e+02
6.440000000000000000e+02
6.440000000000000000e+02
6.260000000000000000e+02
6.280000000000000000e+02
6.480000000000000000e+02
6.450000000000000000e+02
6.400000000000000000e+02
6.400000000000000000e+02
5.680000000000000000e+02
5.680000000000000000e+02
5.680000000000000000e+02
7.546666666666666288e+02
5.680000000000000000e+02
5.720000000000000000e+02
5.840000000000000000e+02
7.240000000000000000e+02
6.870000000000000000e+02
6.760000000000000000e+02
7.640000000000000000e+02
6.186666666666666288e+02
5.720000000000000000e+02
5.800000000000000000e+02
5.800000000000000000e+02
5.840000000000000000e+02
5.680000000000000000e+02
5.640000000000000000e+02
5.680000000000000000e+02
5.680000000000000000e+02
5.720000000000000000e+02
5.640000000000000000e+02
5.680000000000000000e+02
5.680000000000000000e+02
5.720000000000000000e+02
5.720000000000000000e+02
5.680000000000000000e+02
5.680000000000000000e+02
5.720000000000000000e+02
5.680000000000000000e+02
5.640000000000000000e+02
5.640000000000000000e+02
5.600000000000000000e+02
5.680000000000000000e+02
5.680000000000000000e+02
5.720000000000000000e+02
5.520000000000000000e+02
5.506666666666666288e+02
5.800000000000000000e+02
5.893333333333333712e+02
5.890000000000000000e+02
6.400000000000000000e+02
6.360000000000000000e+02
6.360000000000000000e+02
6.400000000000000000e+02
5.920000000000000000e+02
5.880000000000000000e+02
5.840000000000000000e+02
6.010000000000000000e+02
5.400000000000000000e+02
5.750000000000000000e+02
5.620000000000000000e+02
5.680000000000000000e+02
5.670000000000000000e+02
5.600000000000000000e+02
5.600000000000000000e+02
5.600000000000000000e+02
5.800000000000000000e+02
5.720000000000000000e+02
5.040000000000000000e+02
5.080000000000000000e+02
5.840000000000000000e+02
5.920000000000000000e+02
5.880000000000000000e+02
5.760000000000000000e+02
5.853333333333333712e+02
5.600000000000000000e+02
5.760000000000000000e+02
5.520000000000000000e+02
5.720000000000000000e+02
5.860000000000000000e+02
5.826666666666666288e+02
5.440000000000000000e+02
5.440000000000000000e+02
5.640000000000000000e+02
5.093333333333333144e+02
5.000000000000000000e+02
5.180000000000000000e+02
5.560000000000000000e+02
4.720000000000000000e+02
7.440000000000000000e+02
4.760000000000000000e+02
6.040000000000000000e+02
4.620000000000000000e+02
5.800000000000000000e+02
4.830000000000000000e+02
5.920000000000000000e+02
5.840000000000000000e+02
5.720000000000000000e+02
4.800000000000000000e+02
4.970000000000000000e+02
4.800000000000000000e+02
4.650000000000000000e+02
5.640000000000000000e+02
4.880000000000000000e+02
4.920000000000000000e+02
5.760000000000000000e+02
5.640000000000000000e+02
4.520000000000000000e+02
4.520000000000000000e+02
5.626666666666666288e+02
5.813333333333333712e+02
4.720000000000000000e+02
4.760000000000000000e+02
5.600000000000000000e+02
4.840000000000000000e+02
5.430000000000000000e+02
5.410000000000000000e+02
4.760000000000000000e+02
5.626666666666666288e+02
5.640000000000000000e+02
5.560000000000000000e+02
7.546666666666666288e+02
4.450000000000000000e+02
4.480000000000000000e+02
4.480000000000000000e+02
5.480000000000000000e+02
4.360000000000000000e+02
4.360000000000000000e+02
4.360000000000000000e+02
4.773333333333333144e+02
4.560000000000000000e+02
4.680000000000000000e+02
4.520000000000000000e+02
4.560000000000000000e+02
4.280000000000000000e+02
4.400000000000000000e+02
4.400000000000000000e+02
4.360000000000000000e+02
4.360000000000000000e+02
4.330000000000000000e+02
4.480000000000000000e+02
4.480000000000000000e+02
4.520000000000000000e+02
5.580000000000000000e+02
5.520000000000000000e+02
5.640000000000000000e+02
5.613333333333333712e+02
5.600000000000000000e+02
4.880000000000000000e+02
4.760000000000000000e+02
7.720000000000000000e+02
5.520000000000000000e+02
5.620000000000000000e+02
4.640000000000000000e+02
4.520000000000000000e+02
4.540000000000000000e+02
4.413333333333333144e+02
4.400000000000000000e+02
4.360000000000000000e+02
4.360000000000000000e+02
4.360000000000000000e+02
4.370000000000000000e+02
4.520000000000000000e+02
4.520000000000000000e+02
4.520000000000000000e+02
6.360000000000000000e+02
4.520000000000000000e+02
4.320000000000000000e+02
4.280000000000000000e+02
5.560000000000000000e+02
4.440000000000000000e+02
5.653333333333333712e+02
4.720000000000000000e+02
5.560000000000000000e+02
4.730000000000000000e+02
5.600000000000000000e+02
5.600000000000000000e+02
7.480000000000000000e+02
7.546666666666666288e+02
7.440000000000000000e+02
7.240000000000000000e+02
5.640000000000000000e+02
5.613333333333333712e+02
5.600000000000000000e+02
5.560000000000000000e+02
4.813333333333333144e+02
5.560000000000000000e+02
5.560000000000000000e+02
5.400000000000000000e+02
5.480000000000000000e+02
5.490000000000000000e+02
4.520000000000000000e+02
4.520000000000000000e+02
6.280000000000000000e+02
6.320000000000000000e+02
5.680000000000000000e+02
6.280000000000000000e+02
6.280000000000000000e+02
5.520000000000000000e+02
5.520000000000000000e+02
5.520000000000000000e+02
5.600000000000000000e+02
5.600000000000000000e+02
5.560000000000000000e+02
5.520000000000000000e+02
5.520000000000000000e+02
5.600000000000000000e+02
5.680000000000000000e+02
5.720000000000000000e+02
7.450000000000000000e+02
5.720000000000000000e+02
7.620000000000000000e+02
5.840000000000000000e+02
5.880000000000000000e+02
5.880000000000000000e+02
5.800000000000000000e+02
5.720000000000000000e+02
5.440000000000000000e+02
5.320000000000000000e+02
5.440000000000000000e+02
5.640000000000000000e+02
5.680000000000000000e+02
5.520000000000000000e+02
5.520000000000000000e+02
5.600000000000000000e+02
5.560000000000000000e+02
5.600000000000000000e+02
5.520000000000000000e+02
