6.360000000000000000e+02
6.360000000000000000e+02
6.380000000000000000e+02
6.400000000000000000e+02
6.360000000000000000e+02
6.320000000000000000e+02
6.480000000000000000e+02
6.053333333333333712e+02
6.426666666666666288e+02
6.440000000000000000e+02
6.470000000000000000e+02
6.440000000000000000e+02
7.173333333333333712e+02
6.840000000000000000e+02
6.800000000000000000e+02
7.040000000000000000e+02
6.520000000000000000e+02
6.820000000000000000e+02
6.820000000000000000e+02
6.940000000000000000e+02
6.560000000000000000e+02
6.400000000000000000e+02
6.410000000000000000e+02
7.500000000000000000e+02
5.760000000000000000e+02
6.520000000000000000e+02
6.320000000000000000e+02
6.360000000000000000e+02
6.400000000000000000e+02
6.440000000000000000e+02
6.400000000000000000e+02
6.260000000000000000e+02
6.280000000000000000e+02
6.480000000000000000e+02
6.450000000000000000e+02
6.400000000000000000e+02
6.400000000000000000e+02
6.360000000000000000e+02
5.680000000000000000e+02
5.720000000000000000e+02
7.546666666666666288e+02
5.680000000000000000e+02
5.680000000000000000e+02
5.840000000000000000e+02
6.980000000000000000e+02
7.470000000000000000e+02
6.830000000000000000e+02
6.066666666666666288e+02
6.200000000000000000e+02
6.140000000000000000e+02
5.800000000000000000e+02
5.800000000000000000e+02
5.800000000000000000e+02
5.760000000000000000e+02
5.640000000000000000e+02
5.680000000000000000e+02
5.680000000000000000e+02
5.720000000000000000e+02
5.680000000000000000e+02
5.680000000000000000e+02
5.680000000000000000e+02
5.720000000000000000e+02
5.720000000000000000e+02
5.680000000000000000e+02
5.720000000000000000e+02
5.720000000000000000e+02
5.680000000000000000e+02
5.640000000000000000e+02
5.640000000000000000e+02
5.640000000000000000e+02
5.680000000000000000e+02
5.680000000000000000e+02
5.680000000000000000e+02
5.520000000000000000e+02
5.620000000000000000e+02
5.800000000000000000e+02
5.880000000000000000e+02
5.890000000000000000e+02
6.440000000000000000e+02
6.360000000000000000e+02
6.320000000000000000e+02
6.400000000000000000e+02
5.920000000000000000e+02
5.880000000000000000e+02
5.840000000000000000e+02
5.990000000000000000e+02
5.440000000000000000e+02
5.680000000000000000e+02
5.600000000000000000e+02
5.640000000000000000e+02
5.640000000000000000e+02
5.600000000000000000e+02
5.600000000000000000e+02
5.600000000000000000e+02
5.800000000000000000e+02
5.760000000000000000e+02
5.040000000000000000e+02
5.080000000000000000e+02
5.840000000000000000e+02
5.880000000000000000e+02
5.880000000000000000e+02
5.866666666666666288e+02
5.760000000000000000e+02
5.600000000000000000e+02
5.760000000000000000e+02
5.520000000000000000e+02
5.600000000000000000e+02
5.800000000000000000e+02
7.540000000000000000e+02
5.440000000000000000e+02
5.413333333333333712e+02
5.640000000000000000e+02
5.120000000000000000e+02
5.100000000000000000e+02
5.400000000000000000e+02
5.480000000000000000e+02
4.720000000000000000e+02
7.480000000000000000e+02
7.620000000000000000e+02
6.040000000000000000e+02
4.580000000000000000e+02
4.666666666666666856e+02
4.840000000000000000e+02
5.880000000000000000e+02
5.840000000000000000e+02
5.800000000000000000e+02
4.800000000000000000e+02
5.000000000000000000e+02
4.860000000000000000e+02
4.640000000000000000e+02
4.560000000000000000e+02
4.880000000000000000e+02
4.880000000000000000e+02
5.760000000000000000e+02
5.640000000000000000e+02
4.520000000000000000e+02
4.520000000000000000e+02
5.680000000000000000e+02
5.813333333333333712e+02
4.720000000000000000e+02
4.760000000000000000e+02
5.580000000000000000e+02
5.460000000000000000e+02
5.080000000000000000e+02
5.520000000000000000e+02
4.800000000000000000e+02
5.640000000000000000e+02
5.570000000000000000e+02
4.680000000000000000e+02
7.520000000000000000e+02
4.480000000000000000e+02
4.480000000000000000e+02
4.480000000000000000e+02
5.480000000000000000e+02
4.360000000000000000e+02
4.320000000000000000e+02
4.370000000000000000e+02
5.560000000000000000e+02
4.600000000000000000e+02
4.680000000000000000e+02
4.580000000000000000e+02
4.560000000000000000e+02
4.280000000000000000e+02
4.400000000000000000e+02
4.360000000000000000e+02
4.360000000000000000e+02
4.360000000000000000e+02
4.360000000000000000e+02
4.480000000000000000e+02
4.520000000000000000e+02
4.500000000000000000e+02
7.440000000000000000e+02
5.530000000000000000e+02
5.680000000000000000e+02
5.613333333333333712e+02
5.586666666666666288e+02
4.840000000000000000e+02
4.800000000000000000e+02
7.650000000000000000e+02
5.560000000000000000e+02
5.533333333333333712e+02
4.666666666666666856e+02
4.520000000000000000e+02
5.630000000000000000e+02
4.320000000000000000e+02
4.400000000000000000e+02
4.360000000000000000e+02
4.360000000000000000e+02
4.360000000000000000e+02
4.370000000000000000e+02
4.520000000000000000e+02
4.520000000000000000e+02
4.520000000000000000e+02
6.320000000000000000e+02
4.560000000000000000e+02
4.320000000000000000e+02
4.280000000000000000e+02
4.306666666666666856e+02
4.440000000000000000e+02
5.653333333333333712e+02
4.720000000000000000e+02
4.573333333333333144e+02
4.760000000000000000e+02
5.546666666666666288e+02
5.680000000000000000e+02
7.440000000000000000e+02
4.733333333333333144e+02
7.440000000000000000e+02
6.360000000000000000e+02
5.600000000000000000e+02
5.613333333333333712e+02
4.940000000000000000e+02
5.600000000000000000e+02
4.813333333333333144e+02
5.520000000000000000e+02
5.520000000000000000e+02
5.400000000000000000e+02
5.480000000000000000e+02
5.480000000000000000e+02
4.520000000000000000e+02
4.520000000000000000e+02
6.280000000000000000e+02
6.320000000000000000e+02
5.680000000000000000e+02
6.360000000000000000e+02
6.280000000000000000e+02
5.520000000000000000e+02
5.520000000000000000e+02
5.560000000000000000e+02
5.560000000000000000e+02
5.600000000000000000e+02
5.520000000000000000e+02
5.520000000000000000e+02
5.560000000000000000e+02
5.600000000000000000e+02
5.650000000000000000e+02
5.720000000000000000e+02
7.450000000000000000e+02
5.700000000000000000e+02
7.600000000000000000e+02
5.800000000000000000e+02
5.840000000000000000e+02
5.973333333333333712e+02
5.820000000000000000e+02
5.740000000000000000e+02
5.480000000000000000e+02
5.320000000000000000e+02
5.520000000000000000e+02
5.640000000000000000e+02
5.640000000000000000e+02
5.480000000000000000e+02
5.520000000000000000e+02
5.560000000000000000e+02
5.560000000000000000e+02
5.600000000000000000e+02
5.520000000000000000e+02
