6.360000000000000000e+02
6.360000000000000000e+02
6.440000000000000000e+02
6.400000000000000000e+02
6.360000000000000000e+02
6.320000000000000000e+02
6.480000000000000000e+02
6.400000000000000000e+02
6.250000000000000000e+02
6.400000000000000000e+02
6.480000000000000000e+02
6.520000000000000000e+02
6.880000000000000000e+02
7.000000000000000000e+02
6.800000000000000000e+02
6.520000000000000000e+02
6.506666666666666288e+02
6.800000000000000000e+02
6.906666666666666288e+02
6.960000000000000000e+02
5.880000000000000000e+02
6.460000000000000000e+02
6.410000000000000000e+02
6.620000000000000000e+02
5.760000000000000000e+02
6.480000000000000000e+02
6.320000000000000000e+02
6.360000000000000000e+02
6.400000000000000000e+02
6.440000000000000000e+02
6.440000000000000000e+02
6.400000000000000000e+02
6.026666666666666288e+02
6.480000000000000000e+02
6.450000000000000000e+02
6.400000000000000000e+02
6.400000000000000000e+02
5.680000000000000000e+02
5.680000000000000000e+02
5.680000000000000000e+02
7.520000000000000000e+02
5.680000000000000000e+02
5.680000000000000000e+02
5.840000000000000000e+02
6.980000000000000000e+02
6.830000000000000000e+02
6.800000000000000000e+02
6.080000000000000000e+02
6.180000000000000000e+02
5.720000000000000000e+02
5.800000000000000000e+02
5.800000000000000000e+02
5.840000000000000000e+02
5.680000000000000000e+02
5.640000000000000000e+02
5.680000000000000000e+02
5.680000000000000000e+02
5.720000000000000000e+02
5.640000000000000000e+02
5.680000000000000000e+02
5.680000000000000000e+02
5.720000000000000000e+02
5.720000000000000000e+02
5.680000000000000000e+02
5.720000000000000000e+02
5.720000000000000000e+02
5.680000000000000000e+02
5.640000000000000000e+02
5.640000000000000000e+02
5.600000000000000000e+02
5.640000000000000000e+02
5.680000000000000000e+02
5.680000000000000000e+02
5.520000000000000000e+02
5.620000000000000000e+02
5.750000000000000000e+02
5.893333333333333712e+02
5.890000000000000000e+02
6.400000000000000000e+02
6.320000000000000000e+02
6.320000000000000000e+02
6.440000000000000000e+02
5.920000000000000000e+02
5.880000000000000000e+02
5.800000000000000000e+02
5.920000000000000000e+02
5.370000000000000000e+02
5.750000000000000000e+02
5.600000000000000000e+02
5.640000000000000000e+02
5.680000000000000000e+02
5.600000000000000000e+02
5.600000000000000000e+02
5.600000000000000000e+02
5.800000000000000000e+02
5.720000000000000000e+02
5.040000000000000000e+02
5.080000000000000000e+02
5.840000000000000000e+02
5.880000000000000000e+02
5.920000000000000000e+02
5.760000000000000000e+02
5.346666666666666288e+02
5.640000000000000000e+02
5.740000000000000000e+02
5.570000000000000000e+02
5.720000000000000000e+02
6.786666666666666288e+02
5.840000000000000000e+02
5.480000000000000000e+02
5.410000000000000000e+02
5.640000000000000000e+02
5.093333333333333144e+02
5.100000000000000000e+02
5.440000000000000000e+02
5.460000000000000000e+02
4.720000000000000000e+02
7.500000000000000000e+02
4.760000000000000000e+02
4.720000000000000000e+02
4.560000000000000000e+02
4.666666666666666856e+02
4.853333333333333144e+02
5.880000000000000000e+02
5.840000000000000000e+02
5.800000000000000000e+02
4.800000000000000000e+02
4.970000000000000000e+02
4.800000000000000000e+02
4.600000000000000000e+02
4.560000000000000000e+02
4.880000000000000000e+02
4.880000000000000000e+02
5.760000000000000000e+02
5.640000000000000000e+02
5.610000000000000000e+02
4.520000000000000000e+02
5.626666666666666288e+02
7.360000000000000000e+02
4.680000000000000000e+02
4.750000000000000000e+02
6.020000000000000000e+02
4.840000000000000000e+02
5.430000000000000000e+02
5.520000000000000000e+02
4.800000000000000000e+02
5.626666666666666288e+02
5.600000000000000000e+02
4.720000000000000000e+02
7.546666666666666288e+02
4.480000000000000000e+02
4.493333333333333144e+02
4.480000000000000000e+02
5.480000000000000000e+02
4.360000000000000000e+02
4.360000000000000000e+02
4.346666666666666856e+02
5.520000000000000000e+02
4.560000000000000000e+02
4.630000000000000000e+02
4.546666666666666856e+02
4.560000000000000000e+02
4.260000000000000000e+02
4.360000000000000000e+02
4.400000000000000000e+02
4.360000000000000000e+02
4.400000000000000000e+02
4.360000000000000000e+02
4.430000000000000000e+02
4.520000000000000000e+02
4.500000000000000000e+02
5.640000000000000000e+02
5.520000000000000000e+02
5.640000000000000000e+02
4.760000000000000000e+02
5.560000000000000000e+02
4.880000000000000000e+02
4.800000000000000000e+02
7.720000000000000000e+02
5.520000000000000000e+02
5.680000000000000000e+02
4.666666666666666856e+02
4.580000000000000000e+02
4.540000000000000000e+02
4.320000000000000000e+02
4.400000000000000000e+02
4.360000000000000000e+02
4.360000000000000000e+02
4.400000000000000000e+02
4.400000000000000000e+02
4.560000000000000000e+02
4.520000000000000000e+02
4.560000000000000000e+02
4.573333333333333144e+02
6.290000000000000000e+02
4.280000000000000000e+02
4.280000000000000000e+02
5.560000000000000000e+02
4.440000000000000000e+02
5.666666666666666288e+02
4.680000000000000000e+02
4.573333333333333144e+02
4.760000000000000000e+02
5.560000000000000000e+02
5.690000000000000000e+02
7.320000000000000000e+02
4.760000000000000000e+02
7.800000000000000000e+02
7.460000000000000000e+02
5.613333333333333712e+02
5.640000000000000000e+02
5.480000000000000000e+02
5.600000000000000000e+02
5.586666666666666288e+02
5.560000000000000000e+02
5.560000000000000000e+02
5.500000000000000000e+02
5.480000000000000000e+02
5.440000000000000000e+02
4.480000000000000000e+02
4.520000000000000000e+02
6.280000000000000000e+02
6.320000000000000000e+02
5.680000000000000000e+02
6.280000000000000000e+02
6.240000000000000000e+02
5.520000000000000000e+02
5.520000000000000000e+02
5.560000000000000000e+02
5.600000000000000000e+02
5.640000000000000000e+02
5.520000000000000000e+02
5.520000000000000000e+02
5.560000000000000000e+02
5.600000000000000000e+02
5.640000000000000000e+02
5.720000000000000000e+02
6.030000000000000000e+02
5.720000000000000000e+02
7.790000000000000000e+02
5.840000000000000000e+02
5.840000000000000000e+02
6.000000000000000000e+02
5.820000000000000000e+02
5.680000000000000000e+02
5.440000000000000000e+02
5.320000000000000000e+02
5.520000000000000000e+02
5.600000000000000000e+02
5.640000000000000000e+02
5.520000000000000000e+02
5.520000000000000000e+02
5.600000000000000000e+02
5.560000000000000000e+02
5.600000000000000000e+02
5.520000000000000000e+02
