6.360000000000000000e+02
6.320000000000000000e+02
6.440000000000000000e+02
6.400000000000000000e+02
6.400000000000000000e+02
6.400000000000000000e+02
6.386666666666666288e+02
5.986666666666666288e+02
6.426666666666666288e+02
6.610000000000000000e+02
6.440000000000000000e+02
6.520000000000000000e+02
7.173333333333333712e+02
6.840000000000000000e+02
6.720000000000000000e+02
6.786666666666666288e+02
6.506666666666666288e+02
6.820000000000000000e+02
6.760000000000000000e+02
7.000000000000000000e+02
5.850000000000000000e+02
6.400000000000000000e+02
6.410000000000000000e+02
6.610000000000000000e+02
5.760000000000000000e+02
5.720000000000000000e+02
6.320000000000000000e+02
6.360000000000000000e+02
6.400000000000000000e+02
6.440000000000000000e+02
6.400000000000000000e+02
6.320000000000000000e+02
5.960000000000000000e+02
6.440000000000000000e+02
6.400000000000000000e+02
6.400000000000000000e+02
6.400000000000000000e+02
6.400000000000000000e+02
5.680000000000000000e+02
5.720000000000000000e+02
7.520000000000000000e+02
5.680000000000000000e+02
5.750000000000000000e+02
5.840000000000000000e+02
6.130000000000000000e+02
6.840000000000000000e+02
6.850000000000000000e+02
6.066666666666666288e+02
6.160000000000000000e+02
5.710000000000000000e+02
5.800000000000000000e+02
5.800000000000000000e+02
5.840000000000000000e+02
5.680000000000000000e+02
5.640000000000000000e+02
5.680000000000000000e+02
5.680000000000000000e+02
5.760000000000000000e+02
5.640000000000000000e+02
5.680000000000000000e+02
5.680000000000000000e+02
5.760000000000000000e+02
5.720000000000000000e+02
5.680000000000000000e+02
5.680000000000000000e+02
5.720000000000000000e+02
5.680000000000000000e+02
5.680000000000000000e+02
5.640000000000000000e+02
5.610000000000000000e+02
5.680000000000000000e+02
5.680000000000000000e+02
5.720000000000000000e+02
5.520000000000000000e+02
5.620000000000000000e+02
5.800000000000000000e+02
5.880000000000000000e+02
5.920000000000000000e+02
6.440000000000000000e+02
6.320000000000000000e+02
6.360000000000000000e+02
6.440000000000000000e+02
6.000000000000000000e+02
5.840000000000000000e+02
5.840000000000000000e+02
6.000000000000000000e+02
5.440000000000000000e+02
5.720000000000000000e+02
5.600000000000000000e+02
5.640000000000000000e+02
5.640000000000000000e+02
5.600000000000000000e+02
5.600000000000000000e+02
5.600000000000000000e+02
5.800000000000000000e+02
5.720000000000000000e+02
5.080000000000000000e+02
5.080000000000000000e+02
5.840000000000000000e+02
5.880000000000000000e+02
5.920000000000000000e+02
5.760000000000000000e+02
5.610000000000000000e+02
5.600000000000000000e+02
5.760000000000000000e+02
5.480000000000000000e+02
7.493333333333333712e+02
5.860000000000000000e+02
5.826666666666666288e+02
5.480000000000000000e+02
5.413333333333333712e+02
5.586666666666666288e+02
5.093333333333333144e+02
5.000000000000000000e+02
5.180000000000000000e+02
5.460000000000000000e+02
4.720000000000000000e+02
4.720000000000000000e+02
4.760000000000000000e+02
6.080000000000000000e+02
4.540000000000000000e+02
5.760000000000000000e+02
4.813333333333333144e+02
5.920000000000000000e+02
5.840000000000000000e+02
5.720000000000000000e+02
4.800000000000000000e+02
5.000000000000000000e+02
4.800000000000000000e+02
4.640000000000000000e+02
5.640000000000000000e+02
4.880000000000000000e+02
4.880000000000000000e+02
5.800000000000000000e+02
5.660000000000000000e+02
5.610000000000000000e+02
4.560000000000000000e+02
5.626666666666666288e+02
5.813333333333333712e+02
4.680000000000000000e+02
4.770000000000000000e+02
6.020000000000000000e+02
5.460000000000000000e+02
5.220000000000000000e+02
5.410000000000000000e+02
4.800000000000000000e+02
5.640000000000000000e+02
5.560000000000000000e+02
4.720000000000000000e+02
7.520000000000000000e+02
4.480000000000000000e+02
4.490000000000000000e+02
4.480000000000000000e+02
5.480000000000000000e+02
4.360000000000000000e+02
4.360000000000000000e+02
4.840000000000000000e+02
5.520000000000000000e+02
4.560000000000000000e+02
4.680000000000000000e+02
4.520000000000000000e+02
4.560000000000000000e+02
4.280000000000000000e+02
4.380000000000000000e+02
4.360000000000000000e+02
4.360000000000000000e+02
4.360000000000000000e+02
4.360000000000000000e+02
4.480000000000000000e+02
4.480000000000000000e+02
4.480000000000000000e+02
4.770000000000000000e+02
5.520000000000000000e+02
5.680000000000000000e+02
4.760000000000000000e+02
5.586666666666666288e+02
4.880000000000000000e+02
4.800000000000000000e+02
7.626666666666666288e+02
7.620000000000000000e+02
5.580000000000000000e+02
4.680000000000000000e+02
4.560000000000000000e+02
5.630000000000000000e+02
4.360000000000000000e+02
4.400000000000000000e+02
4.360000000000000000e+02
4.360000000000000000e+02
4.400000000000000000e+02
4.360000000000000000e+02
4.520000000000000000e+02
4.520000000000000000e+02
4.520000000000000000e+02
6.320000000000000000e+02
4.520000000000000000e+02
4.280000000000000000e+02
4.280000000000000000e+02
4.306666666666666856e+02
4.440000000000000000e+02
5.720000000000000000e+02
4.680000000000000000e+02
4.573333333333333144e+02
4.730000000000000000e+02
5.560000000000000000e+02
5.690000000000000000e+02
7.320000000000000000e+02
4.733333333333333144e+02
7.480000000000000000e+02
5.680000000000000000e+02
5.613333333333333712e+02
6.173333333333333712e+02
5.600000000000000000e+02
5.560000000000000000e+02
5.586666666666666288e+02
5.560000000000000000e+02
5.560000000000000000e+02
5.413333333333333712e+02
5.480000000000000000e+02
4.430000000000000000e+02
4.520000000000000000e+02
4.480000000000000000e+02
6.280000000000000000e+02
6.320000000000000000e+02
5.680000000000000000e+02
6.280000000000000000e+02
6.280000000000000000e+02
5.546666666666666288e+02
5.520000000000000000e+02
5.560000000000000000e+02
5.560000000000000000e+02
5.600000000000000000e+02
5.520000000000000000e+02
5.520000000000000000e+02
5.560000000000000000e+02
5.600000000000000000e+02
5.650000000000000000e+02
5.720000000000000000e+02
7.450000000000000000e+02
5.720000000000000000e+02
7.600000000000000000e+02
5.840000000000000000e+02
5.840000000000000000e+02
5.880000000000000000e+02
5.840000000000000000e+02
5.720000000000000000e+02
5.440000000000000000e+02
5.320000000000000000e+02
5.440000000000000000e+02
5.610000000000000000e+02
5.680000000000000000e+02
5.480000000000000000e+02
5.520000000000000000e+02
5.560000000000000000e+02
5.560000000000000000e+02
5.600000000000000000e+02
5.520000000000000000e+02
