6.360000000000000000e+02
6.360000000000000000e+02
6.380000000000000000e+02
6.440000000000000000e+02
6.400000000000000000e+02
6.320000000000000000e+02
6.386666666666666288e+02
6.400000000000000000e+02
6.250000000000000000e+02
6.440000000000000000e+02
6.480000000000000000e+02
6.440000000000000000e+02
6.920000000000000000e+02
7.106666666666666288e+02
6.746666666666666288e+02
7.040000000000000000e+02
6.746666666666666288e+02
6.840000000000000000e+02
6.920000000000000000e+02
6.920000000000000000e+02
7.266666666666666288e+02
6.460000000000000000e+02
6.400000000000000000e+02
6.610000000000000000e+02
5.760000000000000000e+02
6.520000000000000000e+02
6.320000000000000000e+02
6.360000000000000000e+02
6.400000000000000000e+02
6.440000000000000000e+02
6.440000000000000000e+02
6.360000000000000000e+02
6.026666666666666288e+02
6.400000000000000000e+02
6.400000000000000000e+02
6.400000000000000000e+02
6.400000000000000000e+02
5.640000000000000000e+02
5.680000000000000000e+02
5.720000000000000000e+02
7.520000000000000000e+02
5.680000000000000000e+02
5.720000000000000000e+02
5.840000000000000000e+02
6.890000000000000000e+02
6.830000000000000000e+02
6.800000000000000000e+02
6.080000000000000000e+02
6.186666666666666288e+02
5.710000000000000000e+02
5.800000000000000000e+02
5.800000000000000000e+02
5.840000000000000000e+02
5.760000000000000000e+02
5.640000000000000000e+02
5.680000000000000000e+02
5.680000000000000000e+02
5.760000000000000000e+02
5.640000000000000000e+02
5.680000000000000000e+02
5.680000000000000000e+02
5.720000000000000000e+02
5.720000000000000000e+02
5.720000000000000000e+02
5.720000000000000000e+02
5.720000000000000000e+02
5.680000000000000000e+02
5.680000000000000000e+02
5.640000000000000000e+02
5.640000000000000000e+02
5.680000000000000000e+02
5.720000000000000000e+02
5.720000000000000000e+02
5.520000000000000000e+02
5.480000000000000000e+02
5.800000000000000000e+02
5.880000000000000000e+02
5.920000000000000000e+02
6.440000000000000000e+02
6.320000000000000000e+02
6.360000000000000000e+02
6.360000000000000000e+02
5.960000000000000000e+02
5.880000000000000000e+02
5.800000000000000000e+02
6.010000000000000000e+02
5.400000000000000000e+02
5.720000000000000000e+02
5.600000000000000000e+02
5.640000000000000000e+02
5.680000000000000000e+02
5.600000000000000000e+02
5.560000000000000000e+02
5.600000000000000000e+02
5.800000000000000000e+02
5.720000000000000000e+02
5.040000000000000000e+02
5.080000000000000000e+02
5.840000000000000000e+02
5.880000000000000000e+02
5.880000000000000000e+02
5.720000000000000000e+02
5.853333333333333712e+02
5.600000000000000000e+02
5.720000000000000000e+02
5.520000000000000000e+02
5.730000000000000000e+02
5.860000000000000000e+02
7.540000000000000000e+02
5.480000000000000000e+02
5.413333333333333712e+02
5.520000000000000000e+02
5.093333333333333144e+02
5.060000000000000000e+02
5.400000000000000000e+02
5.586666666666666288e+02
5.140000000000000000e+02
7.500000000000000000e+02
4.770000000000000000e+02
6.050000000000000000e+02
4.560000000000000000e+02
5.760000000000000000e+02
4.813333333333333144e+02
5.920000000000000000e+02
5.840000000000000000e+02
5.720000000000000000e+02
4.800000000000000000e+02
5.000000000000000000e+02
5.000000000000000000e+02
4.640000000000000000e+02
5.640000000000000000e+02
4.880000000000000000e+02
4.880000000000000000e+02
5.800000000000000000e+02
5.640000000000000000e+02
4.480000000000000000e+02
4.560000000000000000e+02
4.600000000000000000e+02
7.360000000000000000e+02
4.720000000000000000e+02
4.720000000000000000e+02
6.020000000000000000e+02
5.460000000000000000e+02
5.260000000000000000e+02
5.520000000000000000e+02
4.760000000000000000e+02
5.600000000000000000e+02
5.600000000000000000e+02
4.720000000000000000e+02
7.520000000000000000e+02
4.460000000000000000e+02
4.520000000000000000e+02
4.480000000000000000e+02
5.480000000000000000e+02
4.360000000000000000e+02
4.360000000000000000e+02
4.360000000000000000e+02
5.560000000000000000e+02
4.560000000000000000e+02
4.640000000000000000e+02
4.520000000000000000e+02
4.560000000000000000e+02
4.280000000000000000e+02
4.400000000000000000e+02
4.360000000000000000e+02
4.360000000000000000e+02
4.400000000000000000e+02
4.330000000000000000e+02
4.480000000000000000e+02
4.480000000000000000e+02
4.506666666666666856e+02
5.640000000000000000e+02
5.520000000000000000e+02
5.640000000000000000e+02
4.720000000000000000e+02
5.600000000000000000e+02
4.880000000000000000e+02
4.813333333333333144e+02
7.650000000000000000e+02
7.620000000000000000e+02
5.600000000000000000e+02
4.640000000000000000e+02
4.520000000000000000e+02
4.560000000000000000e+02
4.360000000000000000e+02
4.400000000000000000e+02
4.360000000000000000e+02
4.400000000000000000e+02
4.360000000000000000e+02
4.360000000000000000e+02
4.480000000000000000e+02
4.520000000000000000e+02
4.560000000000000000e+02
6.320000000000000000e+02
4.560000000000000000e+02
4.520000000000000000e+02
4.280000000000000000e+02
4.340000000000000000e+02
4.400000000000000000e+02
5.720000000000000000e+02
4.680000000000000000e+02
4.573333333333333144e+02
4.730000000000000000e+02
5.560000000000000000e+02
5.690000000000000000e+02
7.320000000000000000e+02
7.653333333333333712e+02
4.786666666666666856e+02
6.360000000000000000e+02
5.640000000000000000e+02
5.640000000000000000e+02
5.600000000000000000e+02
5.600000000000000000e+02
4.800000000000000000e+02
5.560000000000000000e+02
5.520000000000000000e+02
5.440000000000000000e+02
5.480000000000000000e+02
5.453333333333333712e+02
4.480000000000000000e+02
4.480000000000000000e+02
6.280000000000000000e+02
6.320000000000000000e+02
6.340000000000000000e+02
6.280000000000000000e+02
6.280000000000000000e+02
5.520000000000000000e+02
5.520000000000000000e+02
5.560000000000000000e+02
5.600000000000000000e+02
5.600000000000000000e+02
5.520000000000000000e+02
5.520000000000000000e+02
5.520000000000000000e+02
5.600000000000000000e+02
5.640000000000000000e+02
5.680000000000000000e+02
6.030000000000000000e+02
5.700000000000000000e+02
7.620000000000000000e+02
5.800000000000000000e+02
5.840000000000000000e+02
6.000000000000000000e+02
5.840000000000000000e+02
5.740000000000000000e+02
5.480000000000000000e+02
5.320000000000000000e+02
5.520000000000000000e+02
5.640000000000000000e+02
5.640000000000000000e+02
5.580000000000000000e+02
5.520000000000000000e+02
5.560000000000000000e+02
5.560000000000000000e+02
5.600000000000000000e+02
5.520000000000000000e+02
