6.360000000000000000e+02
6.360000000000000000e+02
6.380000000000000000e+02
6.440000000000000000e+02
6.400000000000000000e+02
6.320000000000000000e+02
6.440000000000000000e+02
5.946666666666666288e+02
6.426666666666666288e+02
6.400000000000000000e+02
6.440000000000000000e+02
6.440000000000000000e+02
7.000000000000000000e+02
7.106666666666666288e+02
6.733333333333333712e+02
7.060000000000000000e+02
6.520000000000000000e+02
6.800000000000000000e+02
6.920000000000000000e+02
6.920000000000000000e+02
5.850000000000000000e+02
6.460000000000000000e+02
6.440000000000000000e+02
6.700000000000000000e+02
5.720000000000000000e+02
5.653333333333333712e+02
6.346666666666666288e+02
6.360000000000000000e+02
6.400000000000000000e+02
6.440000000000000000e+02
6.400000000000000000e+02
6.320000000000000000e+02
6.280000000000000000e+02
6.400000000000000000e+02
6.400000000000000000e+02
6.400000000000000000e+02
6.400000000000000000e+02
5.680000000000000000e+02
5.680000000000000000e+02
5.680000000000000000e+02
5.680000000000000000e+02
5.680000000000000000e+02
5.720000000000000000e+02
5.840000000000000000e+02
6.890000000000000000e+02
7.470000000000000000e+02
6.800000000000000000e+02
6.800000000000000000e+02
6.186666666666666288e+02
5.720000000000000000e+02
5.800000000000000000e+02
5.840000000000000000e+02
5.800000000000000000e+02
5.680000000000000000e+02
5.640000000000000000e+02
5.680000000000000000e+02
5.680000000000000000e+02
5.720000000000000000e+02
5.640000000000000000e+02
5.640000000000000000e+02
5.680000000000000000e+02
5.720000000000000000e+02
5.720000000000000000e+02
5.680000000000000000e+02
5.680000000000000000e+02
5.720000000000000000e+02
5.680000000000000000e+02
5.640000000000000000e+02
5.640000000000000000e+02
5.640000000000000000e+02
5.680000000000000000e+02
5.720000000000000000e+02
5.680000000000000000e+02
5.560000000000000000e+02
5.506666666666666288e+02
5.800000000000000000e+02
5.920000000000000000e+02
5.920000000000000000e+02
5.840000000000000000e+02
6.400000000000000000e+02
6.360000000000000000e+02
6.400000000000000000e+02
5.866666666666666288e+02
5.880000000000000000e+02
5.840000000000000000e+02
6.000000000000000000e+02
5.400000000000000000e+02
5.720000000000000000e+02
5.640000000000000000e+02
5.640000000000000000e+02
5.640000000000000000e+02
5.600000000000000000e+02
5.600000000000000000e+02
5.600000000000000000e+02
5.700000000000000000e+02
5.720000000000000000e+02
5.040000000000000000e+02
5.120000000000000000e+02
5.800000000000000000e+02
5.880000000000000000e+02
5.880000000000000000e+02
5.760000000000000000e+02
5.346666666666666288e+02
5.600000000000000000e+02
5.740000000000000000e+02
5.520000000000000000e+02
5.600000000000000000e+02
6.786666666666666288e+02
5.840000000000000000e+02
5.480000000000000000e+02
5.386666666666666288e+02
5.640000000000000000e+02
5.120000000000000000e+02
5.100000000000000000e+02
5.180000000000000000e+02
5.480000000000000000e+02
4.720000000000000000e+02
7.500000000000000000e+02
4.770000000000000000e+02
6.050000000000000000e+02
4.560000000000000000e+02
5.760000000000000000e+02
4.813333333333333144e+02
5.880000000000000000e+02
5.840000000000000000e+02
5.770000000000000000e+02
4.800000000000000000e+02
4.970000000000000000e+02
4.800000000000000000e+02
4.600000000000000000e+02
5.630000000000000000e+02
4.880000000000000000e+02
4.920000000000000000e+02
5.760000000000000000e+02
5.600000000000000000e+02
4.520000000000000000e+02
4.520000000000000000e+02
5.720000000000000000e+02
5.813333333333333712e+02
4.680000000000000000e+02
4.760000000000000000e+02
5.600000000000000000e+02
4.840000000000000000e+02
5.370000000000000000e+02
5.480000000000000000e+02
5.520000000000000000e+02
5.640000000000000000e+02
5.560000000000000000e+02
5.560000000000000000e+02
7.560000000000000000e+02
4.480000000000000000e+02
4.480000000000000000e+02
4.480000000000000000e+02
5.480000000000000000e+02
4.320000000000000000e+02
4.360000000000000000e+02
4.360000000000000000e+02
5.520000000000000000e+02
4.560000000000000000e+02
4.630000000000000000e+02
4.520000000000000000e+02
4.560000000000000000e+02
4.280000000000000000e+02
4.400000000000000000e+02
4.360000000000000000e+02
4.360000000000000000e+02
4.360000000000000000e+02
4.360000000000000000e+02
4.480000000000000000e+02
4.520000000000000000e+02
4.480000000000000000e+02
4.660000000000000000e+02
5.520000000000000000e+02
5.630000000000000000e+02
4.760000000000000000e+02
5.586666666666666288e+02
4.880000000000000000e+02
4.800000000000000000e+02
7.650000000000000000e+02
5.560000000000000000e+02
5.600000000000000000e+02
4.680000000000000000e+02
4.560000000000000000e+02
4.600000000000000000e+02
4.413333333333333144e+02
4.400000000000000000e+02
4.360000000000000000e+02
4.360000000000000000e+02
4.400000000000000000e+02
4.400000000000000000e+02
4.480000000000000000e+02
4.520000000000000000e+02
4.520000000000000000e+02
4.573333333333333144e+02
4.520000000000000000e+02
4.280000000000000000e+02
4.280000000000000000e+02
4.280000000000000000e+02
4.400000000000000000e+02
5.666666666666666288e+02
4.680000000000000000e+02
4.573333333333333144e+02
4.760000000000000000e+02
5.560000000000000000e+02
5.600000000000000000e+02
7.440000000000000000e+02
7.546666666666666288e+02
4.800000000000000000e+02
7.460000000000000000e+02
5.600000000000000000e+02
5.640000000000000000e+02
5.600000000000000000e+02
5.600000000000000000e+02
4.813333333333333144e+02
5.520000000000000000e+02
5.560000000000000000e+02
5.500000000000000000e+02
5.480000000000000000e+02
5.490000000000000000e+02
4.520000000000000000e+02
4.520000000000000000e+02
5.600000000000000000e+02
6.320000000000000000e+02
5.680000000000000000e+02
6.280000000000000000e+02
6.280000000000000000e+02
5.520000000000000000e+02
5.520000000000000000e+02
5.560000000000000000e+02
5.560000000000000000e+02
5.600000000000000000e+02
5.560000000000000000e+02
5.520000000000000000e+02
5.560000000000000000e+02
5.560000000000000000e+02
5.680000000000000000e+02
5.720000000000000000e+02
7.450000000000000000e+02
5.700000000000000000e+02
7.620000000000000000e+02
5.840000000000000000e+02
5.840000000000000000e+02
6.030000000000000000e+02
5.820000000000000000e+02
5.720000000000000000e+02
5.440000000000000000e+02
5.280000000000000000e+02
5.520000000000000000e+02
5.610000000000000000e+02
5.680000000000000000e+02
5.480000000000000000e+02
5.520000000000000000e+02
5.560000000000000000e+02
5.560000000000000000e+02
5.600000000000000000e+02
5.520000000000000000e+02
