6.600000000000000000e+02
6.320000000000000000e+02
6.280000000000000000e+02
6.300000000000000000e+02
6.120000000000000000e+02
6.040000000000000000e+02
6.080000000000000000e+02
6.080000000000000000e+02
6.200000000000000000e+02
6.160000000000000000e+02
6.080000000000000000e+02
6.080000000000000000e+02
6.240000000000000000e+02
6.240000000000000000e+02
6.600000000000000000e+02
6.360000000000000000e+02
5.920000000000000000e+02
6.000000000000000000e+02
6.120000000000000000e+02
6.200000000000000000e+02
6.220000000000000000e+02
6.120000000000000000e+02
6.240000000000000000e+02
6.320000000000000000e+02
6.250000000000000000e+02
6.133333333333333712e+02
6.080000000000000000e+02
6.120000000000000000e+02
6.106666666666666288e+02
6.320000000000000000e+02
6.240000000000000000e+02
6.426666666666666288e+02
6.720000000000000000e+02
6.160000000000000000e+02
6.280000000000000000e+02
6.200000000000000000e+02
6.080000000000000000e+02
6.120000000000000000e+02
6.160000000000000000e+02
6.410000000000000000e+02
6.280000000000000000e+02
6.240000000000000000e+02
6.280000000000000000e+02
6.120000000000000000e+02
6.240000000000000000e+02
6.200000000000000000e+02
6.120000000000000000e+02
6.480000000000000000e+02
6.480000000000000000e+02
6.580000000000000000e+02
6.240000000000000000e+02
6.240000000000000000e+02
5.880000000000000000e+02
6.240000000000000000e+02
6.080000000000000000e+02
6.120000000000000000e+02
6.160000000000000000e+02
6.080000000000000000e+02
6.160000000000000000e+02
6.080000000000000000e+02
6.040000000000000000e+02
6.200000000000000000e+02
6.160000000000000000e+02
6.120000000000000000e+02
5.960000000000000000e+02
6.360000000000000000e+02
6.160000000000000000e+02
6.040000000000000000e+02
5.920000000000000000e+02
5.800000000000000000e+02
6.330000000000000000e+02
6.080000000000000000e+02
5.880000000000000000e+02
5.930000000000000000e+02
6.160000000000000000e+02
6.080000000000000000e+02
6.000000000000000000e+02
6.200000000000000000e+02
6.400000000000000000e+02
6.400000000000000000e+02
6.280000000000000000e+02
6.340000000000000000e+02
6.240000000000000000e+02
6.120000000000000000e+02
6.120000000000000000e+02
6.120000000000000000e+02
5.960000000000000000e+02
5.920000000000000000e+02
5.950000000000000000e+02
5.960000000000000000e+02
5.840000000000000000e+02
5.880000000000000000e+02
6.280000000000000000e+02
6.250000000000000000e+02
6.260000000000000000e+02
6.280000000000000000e+02
5.920000000000000000e+02
6.360000000000000000e+02
6.080000000000000000e+02
6.010000000000000000e+02
5.880000000000000000e+02
6.000000000000000000e+02
5.920000000000000000e+02
5.960000000000000000e+02
6.000000000000000000e+02
5.920000000000000000e+02
6.080000000000000000e+02
6.200000000000000000e+02
6.040000000000000000e+02
6.280000000000000000e+02
6.280000000000000000e+02
6.240000000000000000e+02
6.200000000000000000e+02
6.200000000000000000e+02
6.200000000000000000e+02
6.040000000000000000e+02
6.040000000000000000e+02
6.030000000000000000e+02
5.960000000000000000e+02
5.920000000000000000e+02
5.920000000000000000e+02
5.920000000000000000e+02
5.920000000000000000e+02
5.960000000000000000e+02
5.960000000000000000e+02
6.200000000000000000e+02
6.120000000000000000e+02
6.360000000000000000e+02
6.380000000000000000e+02
6.000000000000000000e+02
5.960000000000000000e+02
5.960000000000000000e+02
5.920000000000000000e+02
5.960000000000000000e+02
5.920000000000000000e+02
5.920000000000000000e+02
5.920000000000000000e+02
5.960000000000000000e+02
5.920000000000000000e+02
5.960000000000000000e+02
6.066666666666666288e+02
6.080000000000000000e+02
6.240000000000000000e+02
6.240000000000000000e+02
6.320000000000000000e+02
6.200000000000000000e+02
6.080000000000000000e+02
6.160000000000000000e+02
5.920000000000000000e+02
5.920000000000000000e+02
5.920000000000000000e+02
5.920000000000000000e+02
5.960000000000000000e+02
5.960000000000000000e+02
5.960000000000000000e+02
5.920000000000000000e+02
5.960000000000000000e+02
5.920000000000000000e+02
6.080000000000000000e+02
6.120000000000000000e+02
6.120000000000000000e+02
6.120000000000000000e+02
5.920000000000000000e+02
5.960000000000000000e+02
5.920000000000000000e+02
5.920000000000000000e+02
5.920000000000000000e+02
5.920000000000000000e+02
5.920000000000000000e+02
5.920000000000000000e+02
5.920000000000000000e+02
5.960000000000000000e+02
6.160000000000000000e+02
6.080000000000000000e+02
6.200000000000000000e+02
6.200000000000000000e+02
6.280000000000000000e+02
6.280000000000000000e+02
6.120000000000000000e+02
6.120000000000000000e+02
6.000000000000000000e+02
6.000000000000000000e+02
5.840000000000000000e+02
5.900000000000000000e+02
5.920000000000000000e+02
5.920000000000000000e+02
5.920000000000000000e+02
5.880000000000000000e+02
5.920000000000000000e+02
5.920000000000000000e+02
5.960000000000000000e+02
6.000000000000000000e+02
6.040000000000000000e+02
6.200000000000000000e+02
5.960000000000000000e+02
5.920000000000000000e+02
5.880000000000000000e+02
5.880000000000000000e+02
5.880000000000000000e+02
5.960000000000000000e+02
5.880000000000000000e+02
6.000000000000000000e+02
6.000000000000000000e+02
5.960000000000000000e+02
6.040000000000000000e+02
6.080000000000000000e+02
6.240000000000000000e+02
6.120000000000000000e+02
6.280000000000000000e+02
6.240000000000000000e+02
6.200000000000000000e+02
6.040000000000000000e+02
6.080000000000000000e+02
6.040000000000000000e+02
6.000000000000000000e+02
6.000000000000000000e+02
5.880000000000000000e+02
5.800000000000000000e+02
5.880000000000000000e+02
5.920000000000000000e+02
5.920000000000000000e+02
5.940000000000000000e+02
6.080000000000000000e+02
6.600000000000000000e+02
6.120000000000000000e+02
6.240000000000000000e+02
6.240000000000000000e+02
5.960000000000000000e+02
6.000000000000000000e+02
5.960000000000000000e+02
5.990000000000000000e+02
5.960000000000000000e+02
6.000000000000000000e+02
6.000000000000000000e+02
6.080000000000000000e+02
6.080000000000000000e+02
6.120000000000000000e+02
6.240000000000000000e+02
6.240000000000000000e+02
6.240000000000000000e+02
6.400000000000000000e+02
6.320000000000000000e+02
6.280000000000000000e+02
6.200000000000000000e+02
6.160000000000000000e+02
6.160000000000000000e+02
6.160000000000000000e+02
5.880000000000000000e+02
5.800000000000000000e+02
6.320000000000000000e+02
6.200000000000000000e+02
6.280000000000000000e+02
6.240000000000000000e+02
6.306666666666666288e+02
6.080000000000000000e+02
6.120000000000000000e+02
