5.160000000000000000e+02
5.280000000000000000e+02
5.120000000000000000e+02
5.280000000000000000e+02
5.160000000000000000e+02
5.040000000000000000e+02
5.200000000000000000e+02
5.200000000000000000e+02
5.240000000000000000e+02
5.160000000000000000e+02
5.200000000000000000e+02
5.360000000000000000e+02
5.120000000000000000e+02
5.190000000000000000e+02
5.280000000000000000e+02
5.400000000000000000e+02
5.400000000000000000e+02
5.200000000000000000e+02
5.280000000000000000e+02
5.040000000000000000e+02
5.160000000000000000e+02
5.240000000000000000e+02
5.000000000000000000e+02
5.160000000000000000e+02
5.200000000000000000e+02
5.280000000000000000e+02
5.080000000000000000e+02
5.120000000000000000e+02
5.230000000000000000e+02
5.120000000000000000e+02
5.160000000000000000e+02
5.200000000000000000e+02
5.200000000000000000e+02
5.200000000000000000e+02
5.080000000000000000e+02
5.120000000000000000e+02
5.120000000000000000e+02
5.160000000000000000e+02
5.260000000000000000e+02
5.200000000000000000e+02
5.240000000000000000e+02
5.040000000000000000e+02
5.213333333333333712e+02
5.120000000000000000e+02
4.960000000000000000e+02
5.013333333333333144e+02
5.160000000000000000e+02
5.360000000000000000e+02
5.200000000000000000e+02
5.120000000000000000e+02
5.040000000000000000e+02
4.920000000000000000e+02
5.120000000000000000e+02
5.200000000000000000e+02
4.960000000000000000e+02
5.160000000000000000e+02
5.120000000000000000e+02
5.160000000000000000e+02
5.120000000000000000e+02
5.200000000000000000e+02
5.160000000000000000e+02
5.000000000000000000e+02
5.200000000000000000e+02
5.160000000000000000e+02
5.120000000000000000e+02
5.100000000000000000e+02
5.100000000000000000e+02
5.120000000000000000e+02
5.040000000000000000e+02
5.040000000000000000e+02
5.000000000000000000e+02
4.880000000000000000e+02
4.960000000000000000e+02
5.000000000000000000e+02
5.040000000000000000e+02
5.360000000000000000e+02
5.280000000000000000e+02
5.360000000000000000e+02
5.200000000000000000e+02
5.310000000000000000e+02
5.280000000000000000e+02
5.240000000000000000e+02
5.230000000000000000e+02
5.160000000000000000e+02
5.120000000000000000e+02
4.960000000000000000e+02
5.040000000000000000e+02
4.960000000000000000e+02
5.040000000000000000e+02
5.000000000000000000e+02
4.960000000000000000e+02
5.000000000000000000e+02
5.040000000000000000e+02
5.200000000000000000e+02
5.160000000000000000e+02
5.280000000000000000e+02
5.250000000000000000e+02
5.360000000000000000e+02
5.160000000000000000e+02
5.040000000000000000e+02
5.040000000000000000e+02
5.040000000000000000e+02
5.000000000000000000e+02
5.000000000000000000e+02
4.960000000000000000e+02
5.000000000000000000e+02
5.040000000000000000e+02
5.040000000000000000e+02
5.200000000000000000e+02
5.160000000000000000e+02
5.160000000000000000e+02
5.280000000000000000e+02
5.200000000000000000e+02
5.090000000000000000e+02
5.080000000000000000e+02
5.120000000000000000e+02
5.050000000000000000e+02
5.000000000000000000e+02
5.000000000000000000e+02
4.960000000000000000e+02
4.960000000000000000e+02
5.000000000000000000e+02
5.040000000000000000e+02
5.000000000000000000e+02
5.040000000000000000e+02
5.040000000000000000e+02
5.040000000000000000e+02
5.240000000000000000e+02
5.200000000000000000e+02
5.000000000000000000e+02
4.960000000000000000e+02
5.040000000000000000e+02
4.960000000000000000e+02
4.960000000000000000e+02
5.000000000000000000e+02
4.960000000000000000e+02
4.960000000000000000e+02
4.970000000000000000e+02
5.000000000000000000e+02
5.000000000000000000e+02
4.986666666666666856e+02
4.870000000000000000e+02
5.280000000000000000e+02
5.200000000000000000e+02
5.240000000000000000e+02
5.280000000000000000e+02
5.320000000000000000e+02
5.200000000000000000e+02
4.840000000000000000e+02
4.960000000000000000e+02
5.040000000000000000e+02
5.040000000000000000e+02
4.960000000000000000e+02
4.960000000000000000e+02
4.960000000000000000e+02
4.960000000000000000e+02
5.000000000000000000e+02
5.000000000000000000e+02
5.000000000000000000e+02
5.000000000000000000e+02
5.120000000000000000e+02
5.200000000000000000e+02
5.040000000000000000e+02
5.040000000000000000e+02
5.080000000000000000e+02
5.000000000000000000e+02
4.960000000000000000e+02
5.000000000000000000e+02
5.000000000000000000e+02
5.040000000000000000e+02
5.080000000000000000e+02
5.280000000000000000e+02
5.320000000000000000e+02
5.280000000000000000e+02
5.160000000000000000e+02
5.120000000000000000e+02
5.120000000000000000e+02
5.120000000000000000e+02
5.080000000000000000e+02
5.080000000000000000e+02
5.280000000000000000e+02
5.520000000000000000e+02
5.080000000000000000e+02
5.000000000000000000e+02
5.000000000000000000e+02
4.920000000000000000e+02
5.000000000000000000e+02
5.040000000000000000e+02
4.940000000000000000e+02
4.920000000000000000e+02
5.120000000000000000e+02
5.240000000000000000e+02
5.360000000000000000e+02
5.340000000000000000e+02
5.040000000000000000e+02
4.960000000000000000e+02
4.920000000000000000e+02
5.000000000000000000e+02
5.000000000000000000e+02
5.080000000000000000e+02
5.040000000000000000e+02
5.200000000000000000e+02
5.280000000000000000e+02
5.160000000000000000e+02
5.080000000000000000e+02
5.120000000000000000e+02
5.160000000000000000e+02
5.280000000000000000e+02
5.350000000000000000e+02
5.400000000000000000e+02
5.240000000000000000e+02
5.200000000000000000e+02
5.200000000000000000e+02
5.240000000000000000e+02
5.320000000000000000e+02
5.380000000000000000e+02
5.360000000000000000e+02
4.900000000000000000e+02
4.960000000000000000e+02
5.160000000000000000e+02
5.120000000000000000e+02
5.200000000000000000e+02
5.200000000000000000e+02
5.280000000000000000e+02
5.280000000000000000e+02
5.240000000000000000e+02
5.240000000000000000e+02
5.120000000000000000e+02
5.120000000000000000e+02
5.120000000000000000e+02
5.200000000000000000e+02
5.160000000000000000e+02
5.093333333333333144e+02
5.240000000000000000e+02
5.280000000000000000e+02
5.750000000000000000e+02
5.480000000000000000e+02
5.320000000000000000e+02
5.280000000000000000e+02
5.320000000000000000e+02
5.400000000000000000e+02
5.440000000000000000e+02
5.400000000000000000e+02
5.320000000000000000e+02
5.280000000000000000e+02
5.320000000000000000e+02
5.320000000000000000e+02
5.320000000000000000e+02
5.560000000000000000e+02
5.080000000000000000e+02
4.960000000000000000e+02
5.450000000000000000e+02
5.360000000000000000e+02
5.200000000000000000e+02
5.320000000000000000e+02
5.320000000000000000e+02
