6.420000000000000000e+02
6.320000000000000000e+02
6.320000000000000000e+02
7.266666666666666288e+02
6.120000000000000000e+02
6.080000000000000000e+02
6.080000000000000000e+02
6.080000000000000000e+02
6.200000000000000000e+02
6.170000000000000000e+02
6.190000000000000000e+02
6.080000000000000000e+02
6.220000000000000000e+02
6.240000000000000000e+02
6.600000000000000000e+02
6.493333333333333712e+02
5.920000000000000000e+02
6.050000000000000000e+02
6.120000000000000000e+02
6.240000000000000000e+02
6.130000000000000000e+02
6.120000000000000000e+02
6.240000000000000000e+02
6.320000000000000000e+02
6.266666666666666288e+02
6.080000000000000000e+02
6.040000000000000000e+02
6.080000000000000000e+02
6.230000000000000000e+02
6.280000000000000000e+02
6.320000000000000000e+02
6.426666666666666288e+02
6.720000000000000000e+02
6.160000000000000000e+02
6.280000000000000000e+02
6.240000000000000000e+02
6.093333333333333712e+02
6.120000000000000000e+02
6.160000000000000000e+02
6.410000000000000000e+02
6.280000000000000000e+02
6.240000000000000000e+02
6.280000000000000000e+02
6.120000000000000000e+02
6.240000000000000000e+02
6.160000000000000000e+02
6.040000000000000000e+02
6.480000000000000000e+02
6.480000000000000000e+02
6.580000000000000000e+02
6.200000000000000000e+02
6.200000000000000000e+02
5.880000000000000000e+02
6.280000000000000000e+02
6.120000000000000000e+02
6.120000000000000000e+02
6.160000000000000000e+02
6.080000000000000000e+02
6.120000000000000000e+02
6.080000000000000000e+02
5.920000000000000000e+02
6.120000000000000000e+02
6.160000000000000000e+02
6.120000000000000000e+02
6.013333333333333712e+02
6.360000000000000000e+02
6.160000000000000000e+02
6.040000000000000000e+02
6.013333333333333712e+02
5.800000000000000000e+02
6.330000000000000000e+02
6.040000000000000000e+02
5.880000000000000000e+02
5.920000000000000000e+02
6.160000000000000000e+02
6.080000000000000000e+02
5.880000000000000000e+02
6.200000000000000000e+02
6.280000000000000000e+02
6.400000000000000000e+02
6.320000000000000000e+02
6.480000000000000000e+02
6.240000000000000000e+02
6.000000000000000000e+02
6.120000000000000000e+02
6.040000000000000000e+02
5.960000000000000000e+02
5.920000000000000000e+02
6.000000000000000000e+02
6.360000000000000000e+02
5.830000000000000000e+02
5.960000000000000000e+02
6.240000000000000000e+02
5.840000000000000000e+02
6.240000000000000000e+02
6.250000000000000000e+02
5.920000000000000000e+02
6.320000000000000000e+02
6.080000000000000000e+02
6.010000000000000000e+02
5.880000000000000000e+02
6.000000000000000000e+02
5.960000000000000000e+02
5.960000000000000000e+02
6.000000000000000000e+02
5.880000000000000000e+02
6.120000000000000000e+02
6.200000000000000000e+02
6.040000000000000000e+02
6.280000000000000000e+02
6.280000000000000000e+02
6.240000000000000000e+02
6.240000000000000000e+02
6.200000000000000000e+02
6.160000000000000000e+02
6.040000000000000000e+02
6.040000000000000000e+02
5.960000000000000000e+02
5.960000000000000000e+02
5.920000000000000000e+02
5.920000000000000000e+02
5.880000000000000000e+02
5.920000000000000000e+02
5.920000000000000000e+02
5.960000000000000000e+02
6.180000000000000000e+02
6.160000000000000000e+02
6.213333333333333712e+02
5.880000000000000000e+02
6.000000000000000000e+02
5.960000000000000000e+02
5.960000000000000000e+02
5.920000000000000000e+02
5.960000000000000000e+02
5.880000000000000000e+02
5.920000000000000000e+02
5.920000000000000000e+02
5.960000000000000000e+02
5.920000000000000000e+02
5.920000000000000000e+02
6.066666666666666288e+02
6.080000000000000000e+02
6.240000000000000000e+02
6.200000000000000000e+02
6.320000000000000000e+02
6.230000000000000000e+02
6.040000000000000000e+02
6.160000000000000000e+02
6.040000000000000000e+02
5.920000000000000000e+02
5.920000000000000000e+02
5.920000000000000000e+02
5.960000000000000000e+02
5.920000000000000000e+02
5.920000000000000000e+02
5.960000000000000000e+02
5.960000000000000000e+02
5.920000000000000000e+02
6.080000000000000000e+02
6.080000000000000000e+02
6.160000000000000000e+02
6.120000000000000000e+02
5.920000000000000000e+02
5.960000000000000000e+02
5.920000000000000000e+02
5.920000000000000000e+02
5.920000000000000000e+02
5.960000000000000000e+02
5.920000000000000000e+02
5.880000000000000000e+02
5.920000000000000000e+02
6.000000000000000000e+02
6.160000000000000000e+02
6.120000000000000000e+02
6.320000000000000000e+02
6.160000000000000000e+02
6.240000000000000000e+02
6.280000000000000000e+02
6.120000000000000000e+02
6.120000000000000000e+02
6.000000000000000000e+02
6.000000000000000000e+02
5.800000000000000000e+02
5.960000000000000000e+02
5.960000000000000000e+02
5.920000000000000000e+02
5.920000000000000000e+02
5.880000000000000000e+02
5.920000000000000000e+02
5.920000000000000000e+02
5.920000000000000000e+02
6.000000000000000000e+02
6.040000000000000000e+02
6.200000000000000000e+02
5.920000000000000000e+02
5.880000000000000000e+02
5.880000000000000000e+02
5.920000000000000000e+02
5.880000000000000000e+02
5.960000000000000000e+02
5.880000000000000000e+02
6.000000000000000000e+02
6.000000000000000000e+02
5.960000000000000000e+02
6.040000000000000000e+02
6.080000000000000000e+02
6.240000000000000000e+02
6.160000000000000000e+02
6.240000000000000000e+02
6.240000000000000000e+02
6.200000000000000000e+02
6.040000000000000000e+02
6.080000000000000000e+02
6.040000000000000000e+02
6.000000000000000000e+02
5.960000000000000000e+02
5.880000000000000000e+02
5.840000000000000000e+02
5.880000000000000000e+02
5.920000000000000000e+02
6.000000000000000000e+02
6.290000000000000000e+02
6.080000000000000000e+02
6.590000000000000000e+02
6.120000000000000000e+02
6.240000000000000000e+02
6.240000000000000000e+02
6.070000000000000000e+02
5.960000000000000000e+02
5.960000000000000000e+02
6.000000000000000000e+02
5.960000000000000000e+02
6.000000000000000000e+02
5.960000000000000000e+02
6.080000000000000000e+02
6.120000000000000000e+02
6.080000000000000000e+02
6.280000000000000000e+02
6.240000000000000000e+02
6.240000000000000000e+02
6.400000000000000000e+02
6.360000000000000000e+02
6.280000000000000000e+02
6.210000000000000000e+02
6.160000000000000000e+02
6.160000000000000000e+02
6.160000000000000000e+02
5.880000000000000000e+02
5.840000000000000000e+02
5.780000000000000000e+02
6.200000000000000000e+02
6.280000000000000000e+02
6.280000000000000000e+02
6.280000000000000000e+02
6.080000000000000000e+02
6.120000000000000000e+02
