6.880000000000000000e+02
6.920000000000000000e+02
5.560000000000000000e+02
5.840000000000000000e+02
5.720000000000000000e+02
5.800000000000000000e+02
5.840000000000000000e+02
5.800000000000000000e+02
5.320000000000000000e+02
5.680000000000000000e+02
5.520000000000000000e+02
5.573333333333333712e+02
5.720000000000000000e+02
5.740000000000000000e+02
5.800000000000000000e+02
5.280000000000000000e+02
5.240000000000000000e+02
5.800000000000000000e+02
5.840000000000000000e+02
5.720000000000000000e+02
5.590000000000000000e+02
5.520000000000000000e+02
5.440000000000000000e+02
5.400000000000000000e+02
5.320000000000000000e+02
5.200000000000000000e+02
5.820000000000000000e+02
5.680000000000000000e+02
5.800000000000000000e+02
5.560000000000000000e+02
6.160000000000000000e+02
6.920000000000000000e+02
6.160000000000000000e+02
6.060000000000000000e+02
5.960000000000000000e+02
5.800000000000000000e+02
5.750000000000000000e+02
5.370000000000000000e+02
5.240000000000000000e+02
5.360000000000000000e+02
5.440000000000000000e+02
5.520000000000000000e+02
5.560000000000000000e+02
6.360000000000000000e+02
5.480000000000000000e+02
5.760000000000000000e+02
5.760000000000000000e+02
5.200000000000000000e+02
5.760000000000000000e+02
5.800000000000000000e+02
5.720000000000000000e+02
5.480000000000000000e+02
6.373333333333333712e+02
5.560000000000000000e+02
5.560000000000000000e+02
5.520000000000000000e+02
5.360000000000000000e+02
5.320000000000000000e+02
5.320000000000000000e+02
5.280000000000000000e+02
5.830000000000000000e+02
7.050000000000000000e+02
5.920000000000000000e+02
5.920000000000000000e+02
5.880000000000000000e+02
7.080000000000000000e+02
7.080000000000000000e+02
5.760000000000000000e+02
6.360000000000000000e+02
5.280000000000000000e+02
5.320000000000000000e+02
5.840000000000000000e+02
5.560000000000000000e+02
5.600000000000000000e+02
5.760000000000000000e+02
5.360000000000000000e+02
5.320000000000000000e+02
5.760000000000000000e+02
5.760000000000000000e+02
5.760000000000000000e+02
6.520000000000000000e+02
6.560000000000000000e+02
5.160000000000000000e+02
5.440000000000000000e+02
5.720000000000000000e+02
5.360000000000000000e+02
5.440000000000000000e+02
5.560000000000000000e+02
5.600000000000000000e+02
5.520000000000000000e+02
5.320000000000000000e+02
5.200000000000000000e+02
5.740000000000000000e+02
7.120000000000000000e+02
7.120000000000000000e+02
5.840000000000000000e+02
5.880000000000000000e+02
7.093333333333333712e+02
7.080000000000000000e+02
5.680000000000000000e+02
5.660000000000000000e+02
5.360000000000000000e+02
5.640000000000000000e+02
5.560000000000000000e+02
5.520000000000000000e+02
5.440000000000000000e+02
5.560000000000000000e+02
5.600000000000000000e+02
6.440000000000000000e+02
5.280000000000000000e+02
5.720000000000000000e+02
5.680000000000000000e+02
5.720000000000000000e+02
5.600000000000000000e+02
5.320000000000000000e+02
5.680000000000000000e+02
5.506666666666666288e+02
5.440000000000000000e+02
5.560000000000000000e+02
5.520000000000000000e+02
5.400000000000000000e+02
5.360000000000000000e+02
6.680000000000000000e+02
6.700000000000000000e+02
5.800000000000000000e+02
5.760000000000000000e+02
7.160000000000000000e+02
5.920000000000000000e+02
5.920000000000000000e+02
5.800000000000000000e+02
5.800000000000000000e+02
5.720000000000000000e+02
5.760000000000000000e+02
5.440000000000000000e+02
5.240000000000000000e+02
5.240000000000000000e+02
5.120000000000000000e+02
5.200000000000000000e+02
5.200000000000000000e+02
5.200000000000000000e+02
5.160000000000000000e+02
5.240000000000000000e+02
5.680000000000000000e+02
5.720000000000000000e+02
6.120000000000000000e+02
5.660000000000000000e+02
5.360000000000000000e+02
5.200000000000000000e+02
5.120000000000000000e+02
5.080000000000000000e+02
5.120000000000000000e+02
5.120000000000000000e+02
5.000000000000000000e+02
5.080000000000000000e+02
5.080000000000000000e+02
6.600000000000000000e+02
5.680000000000000000e+02
5.720000000000000000e+02
7.010000000000000000e+02
7.120000000000000000e+02
5.800000000000000000e+02
7.280000000000000000e+02
5.760000000000000000e+02
5.760000000000000000e+02
6.650000000000000000e+02
6.600000000000000000e+02
5.080000000000000000e+02
5.040000000000000000e+02
5.080000000000000000e+02
5.120000000000000000e+02
5.120000000000000000e+02
5.120000000000000000e+02
5.080000000000000000e+02
5.440000000000000000e+02
5.600000000000000000e+02
5.560000000000000000e+02
6.200000000000000000e+02
5.600000000000000000e+02
5.440000000000000000e+02
5.600000000000000000e+02
5.200000000000000000e+02
5.160000000000000000e+02
5.190000000000000000e+02
5.480000000000000000e+02
5.546666666666666288e+02
5.600000000000000000e+02
6.600000000000000000e+02
5.640000000000000000e+02
5.680000000000000000e+02
5.680000000000000000e+02
5.750000000000000000e+02
5.720000000000000000e+02
7.240000000000000000e+02
5.760000000000000000e+02
5.760000000000000000e+02
5.680000000000000000e+02
5.640000000000000000e+02
5.600000000000000000e+02
5.560000000000000000e+02
5.640000000000000000e+02
5.520000000000000000e+02
5.200000000000000000e+02
5.160000000000000000e+02
5.200000000000000000e+02
5.360000000000000000e+02
5.320000000000000000e+02
5.320000000000000000e+02
5.490000000000000000e+02
5.520000000000000000e+02
5.440000000000000000e+02
5.390000000000000000e+02
5.800000000000000000e+02
5.520000000000000000e+02
5.040000000000000000e+02
5.080000000000000000e+02
5.440000000000000000e+02
5.400000000000000000e+02
5.280000000000000000e+02
5.400000000000000000e+02
6.680000000000000000e+02
6.720000000000000000e+02
7.000000000000000000e+02
7.160000000000000000e+02
7.200000000000000000e+02
7.160000000000000000e+02
7.200000000000000000e+02
7.160000000000000000e+02
5.800000000000000000e+02
5.840000000000000000e+02
5.470000000000000000e+02
5.320000000000000000e+02
5.440000000000000000e+02
5.480000000000000000e+02
5.440000000000000000e+02
5.400000000000000000e+02
5.480000000000000000e+02
5.760000000000000000e+02
5.840000000000000000e+02
5.173333333333333712e+02
5.600000000000000000e+02
5.600000000000000000e+02
5.680000000000000000e+02
5.680000000000000000e+02
5.720000000000000000e+02
7.960000000000000000e+02
5.440000000000000000e+02
5.720000000000000000e+02
5.480000000000000000e+02
5.280000000000000000e+02
5.440000000000000000e+02
5.320000000000000000e+02
5.360000000000000000e+02
5.520000000000000000e+02
5.746666666666666288e+02
7.240000000000000000e+02
5.960000000000000000e+02
