6.920000000000000000e+02
6.920000000000000000e+02
6.970000000000000000e+02
5.840000000000000000e+02
5.720000000000000000e+02
5.800000000000000000e+02
5.800000000000000000e+02
5.800000000000000000e+02
5.320000000000000000e+02
5.280000000000000000e+02
5.560000000000000000e+02
5.640000000000000000e+02
5.760000000000000000e+02
5.740000000000000000e+02
5.800000000000000000e+02
5.280000000000000000e+02
5.240000000000000000e+02
5.800000000000000000e+02
5.840000000000000000e+02
5.640000000000000000e+02
5.590000000000000000e+02
5.560000000000000000e+02
5.440000000000000000e+02
5.360000000000000000e+02
5.320000000000000000e+02
5.240000000000000000e+02
5.720000000000000000e+02
5.680000000000000000e+02
5.746666666666666288e+02
5.780000000000000000e+02
6.160000000000000000e+02
6.920000000000000000e+02
6.146666666666666288e+02
6.040000000000000000e+02
5.960000000000000000e+02
5.800000000000000000e+02
5.710000000000000000e+02
5.360000000000000000e+02
5.240000000000000000e+02
5.320000000000000000e+02
5.440000000000000000e+02
5.480000000000000000e+02
5.520000000000000000e+02
6.320000000000000000e+02
5.480000000000000000e+02
5.573333333333333712e+02
5.760000000000000000e+02
5.200000000000000000e+02
5.760000000000000000e+02
5.760000000000000000e+02
5.720000000000000000e+02
5.320000000000000000e+02
6.320000000000000000e+02
5.600000000000000000e+02
5.600000000000000000e+02
5.480000000000000000e+02
5.360000000000000000e+02
5.280000000000000000e+02
5.280000000000000000e+02
5.280000000000000000e+02
5.800000000000000000e+02
7.080000000000000000e+02
5.940000000000000000e+02
5.960000000000000000e+02
5.920000000000000000e+02
7.080000000000000000e+02
7.080000000000000000e+02
5.760000000000000000e+02
5.760000000000000000e+02
5.280000000000000000e+02
5.320000000000000000e+02
5.840000000000000000e+02
5.560000000000000000e+02
5.560000000000000000e+02
5.653333333333333712e+02
7.960000000000000000e+02
5.360000000000000000e+02
5.760000000000000000e+02
5.760000000000000000e+02
5.760000000000000000e+02
6.520000000000000000e+02
6.520000000000000000e+02
5.210000000000000000e+02
5.440000000000000000e+02
5.720000000000000000e+02
5.360000000000000000e+02
5.440000000000000000e+02
5.560000000000000000e+02
5.600000000000000000e+02
5.560000000000000000e+02
5.320000000000000000e+02
5.200000000000000000e+02
7.120000000000000000e+02
7.120000000000000000e+02
7.120000000000000000e+02
5.840000000000000000e+02
6.000000000000000000e+02
7.080000000000000000e+02
7.080000000000000000e+02
5.680000000000000000e+02
5.360000000000000000e+02
5.320000000000000000e+02
5.600000000000000000e+02
5.560000000000000000e+02
5.560000000000000000e+02
5.440000000000000000e+02
5.560000000000000000e+02
5.570000000000000000e+02
5.413333333333333712e+02
5.280000000000000000e+02
5.720000000000000000e+02
5.680000000000000000e+02
5.680000000000000000e+02
5.600000000000000000e+02
5.320000000000000000e+02
5.640000000000000000e+02
5.506666666666666288e+02
5.440000000000000000e+02
5.560000000000000000e+02
5.520000000000000000e+02
5.400000000000000000e+02
5.360000000000000000e+02
6.680000000000000000e+02
6.800000000000000000e+02
5.800000000000000000e+02
5.760000000000000000e+02
5.760000000000000000e+02
5.880000000000000000e+02
5.880000000000000000e+02
5.800000000000000000e+02
5.800000000000000000e+02
5.720000000000000000e+02
5.720000000000000000e+02
5.440000000000000000e+02
5.240000000000000000e+02
5.240000000000000000e+02
5.280000000000000000e+02
5.160000000000000000e+02
5.200000000000000000e+02
5.200000000000000000e+02
5.160000000000000000e+02
5.240000000000000000e+02
5.640000000000000000e+02
5.720000000000000000e+02
6.120000000000000000e+02
5.660000000000000000e+02
5.440000000000000000e+02
5.260000000000000000e+02
5.120000000000000000e+02
5.080000000000000000e+02
5.080000000000000000e+02
5.200000000000000000e+02
5.560000000000000000e+02
5.080000000000000000e+02
5.120000000000000000e+02
6.640000000000000000e+02
5.680000000000000000e+02
5.720000000000000000e+02
6.930000000000000000e+02
7.120000000000000000e+02
5.800000000000000000e+02
7.213333333333333712e+02
5.760000000000000000e+02
5.760000000000000000e+02
6.650000000000000000e+02
6.600000000000000000e+02
5.120000000000000000e+02
5.040000000000000000e+02
5.120000000000000000e+02
5.120000000000000000e+02
5.120000000000000000e+02
5.120000000000000000e+02
5.080000000000000000e+02
5.500000000000000000e+02
5.600000000000000000e+02
5.560000000000000000e+02
6.200000000000000000e+02
5.600000000000000000e+02
5.440000000000000000e+02
5.653333333333333712e+02
5.200000000000000000e+02
5.160000000000000000e+02
5.160000000000000000e+02
5.480000000000000000e+02
5.546666666666666288e+02
5.600000000000000000e+02
6.600000000000000000e+02
5.640000000000000000e+02
5.640000000000000000e+02
5.680000000000000000e+02
5.720000000000000000e+02
7.160000000000000000e+02
7.200000000000000000e+02
7.180000000000000000e+02
5.760000000000000000e+02
5.680000000000000000e+02
5.640000000000000000e+02
5.600000000000000000e+02
5.560000000000000000e+02
5.640000000000000000e+02
5.520000000000000000e+02
5.200000000000000000e+02
5.200000000000000000e+02
5.200000000000000000e+02
5.400000000000000000e+02
5.320000000000000000e+02
5.360000000000000000e+02
5.600000000000000000e+02
5.480000000000000000e+02
5.480000000000000000e+02
5.320000000000000000e+02
5.720000000000000000e+02
5.520000000000000000e+02
5.040000000000000000e+02
5.080000000000000000e+02
5.480000000000000000e+02
5.400000000000000000e+02
5.280000000000000000e+02
5.320000000000000000e+02
6.680000000000000000e+02
6.720000000000000000e+02
7.040000000000000000e+02
7.200000000000000000e+02
7.200000000000000000e+02
7.160000000000000000e+02
7.200000000000000000e+02
7.160000000000000000e+02
5.800000000000000000e+02
5.840000000000000000e+02
5.320000000000000000e+02
5.320000000000000000e+02
5.400000000000000000e+02
5.480000000000000000e+02
5.480000000000000000e+02
5.460000000000000000e+02
5.480000000000000000e+02
5.760000000000000000e+02
5.800000000000000000e+02
5.200000000000000000e+02
5.626666666666666288e+02
5.640000000000000000e+02
5.680000000000000000e+02
5.680000000000000000e+02
5.720000000000000000e+02
7.960000000000000000e+02
5.640000000000000000e+02
5.690000000000000000e+02
5.400000000000000000e+02
5.320000000000000000e+02
5.480000000000000000e+02
5.330000000000000000e+02
5.360000000000000000e+02
5.680000000000000000e+02
5.800000000000000000e+02
7.266666666666666288e+02
5.960000000000000000e+02
