6.560000000000000000e+02
6.320000000000000000e+02
6.280000000000000000e+02
7.946666666666666288e+02
6.120000000000000000e+02
6.080000000000000000e+02
6.080000000000000000e+02
6.080000000000000000e+02
6.200000000000000000e+02
6.160000000000000000e+02
6.120000000000000000e+02
6.080000000000000000e+02
6.240000000000000000e+02
6.240000000000000000e+02
6.460000000000000000e+02
6.493333333333333712e+02
5.920000000000000000e+02
6.066666666666666288e+02
6.080000000000000000e+02
6.240000000000000000e+02
6.220000000000000000e+02
6.120000000000000000e+02
6.240000000000000000e+02
6.320000000000000000e+02
6.240000000000000000e+02
6.080000000000000000e+02
6.080000000000000000e+02
6.120000000000000000e+02
6.230000000000000000e+02
6.320000000000000000e+02
6.280000000000000000e+02
6.600000000000000000e+02
6.680000000000000000e+02
6.160000000000000000e+02
6.280000000000000000e+02
6.240000000000000000e+02
6.080000000000000000e+02
6.120000000000000000e+02
6.120000000000000000e+02
6.400000000000000000e+02
6.280000000000000000e+02
6.240000000000000000e+02
6.240000000000000000e+02
6.120000000000000000e+02
6.240000000000000000e+02
6.200000000000000000e+02
6.120000000000000000e+02
5.930000000000000000e+02
6.480000000000000000e+02
6.600000000000000000e+02
6.240000000000000000e+02
6.200000000000000000e+02
5.880000000000000000e+02
6.280000000000000000e+02
6.080000000000000000e+02
6.120000000000000000e+02
6.160000000000000000e+02
6.080000000000000000e+02
6.120000000000000000e+02
6.080000000000000000e+02
5.920000000000000000e+02
6.200000000000000000e+02
6.160000000000000000e+02
6.120000000000000000e+02
6.120000000000000000e+02
6.360000000000000000e+02
6.160000000000000000e+02
6.050000000000000000e+02
5.960000000000000000e+02
5.800000000000000000e+02
6.346666666666666288e+02
6.140000000000000000e+02
5.840000000000000000e+02
5.920000000000000000e+02
6.090000000000000000e+02
6.120000000000000000e+02
5.880000000000000000e+02
6.200000000000000000e+02
6.400000000000000000e+02
6.400000000000000000e+02
6.320000000000000000e+02
6.480000000000000000e+02
6.240000000000000000e+02
6.120000000000000000e+02
6.120000000000000000e+02
6.080000000000000000e+02
5.960000000000000000e+02
5.920000000000000000e+02
5.960000000000000000e+02
6.360000000000000000e+02
5.840000000000000000e+02
5.880000000000000000e+02
6.080000000000000000e+02
5.840000000000000000e+02
6.260000000000000000e+02
6.240000000000000000e+02
5.920000000000000000e+02
6.400000000000000000e+02
6.160000000000000000e+02
6.010000000000000000e+02
5.920000000000000000e+02
5.960000000000000000e+02
5.960000000000000000e+02
5.960000000000000000e+02
5.960000000000000000e+02
5.920000000000000000e+02
6.080000000000000000e+02
6.200000000000000000e+02
6.000000000000000000e+02
6.280000000000000000e+02
6.320000000000000000e+02
6.240000000000000000e+02
6.200000000000000000e+02
6.200000000000000000e+02
6.160000000000000000e+02
6.040000000000000000e+02
6.000000000000000000e+02
5.960000000000000000e+02
5.960000000000000000e+02
5.920000000000000000e+02
5.920000000000000000e+02
5.880000000000000000e+02
5.920000000000000000e+02
5.920000000000000000e+02
5.960000000000000000e+02
6.200000000000000000e+02
6.080000000000000000e+02
6.320000000000000000e+02
5.880000000000000000e+02
6.080000000000000000e+02
5.960000000000000000e+02
5.960000000000000000e+02
5.920000000000000000e+02
5.960000000000000000e+02
5.880000000000000000e+02
5.920000000000000000e+02
5.960000000000000000e+02
5.960000000000000000e+02
5.960000000000000000e+02
5.960000000000000000e+02
6.160000000000000000e+02
6.120000000000000000e+02
6.200000000000000000e+02
6.200000000000000000e+02
6.360000000000000000e+02
6.200000000000000000e+02
6.080000000000000000e+02
6.160000000000000000e+02
5.930000000000000000e+02
5.960000000000000000e+02
5.920000000000000000e+02
5.920000000000000000e+02
5.920000000000000000e+02
5.920000000000000000e+02
5.920000000000000000e+02
5.920000000000000000e+02
5.960000000000000000e+02
5.920000000000000000e+02
6.080000000000000000e+02
6.080000000000000000e+02
6.120000000000000000e+02
6.040000000000000000e+02
5.933333333333333712e+02
5.960000000000000000e+02
5.960000000000000000e+02
5.920000000000000000e+02
5.920000000000000000e+02
5.920000000000000000e+02
5.920000000000000000e+02
5.920000000000000000e+02
5.920000000000000000e+02
5.960000000000000000e+02
6.170000000000000000e+02
6.080000000000000000e+02
6.360000000000000000e+02
6.266666666666666288e+02
6.240000000000000000e+02
6.280000000000000000e+02
6.120000000000000000e+02
6.080000000000000000e+02
6.000000000000000000e+02
6.000000000000000000e+02
5.800000000000000000e+02
5.960000000000000000e+02
5.920000000000000000e+02
5.920000000000000000e+02
5.920000000000000000e+02
5.920000000000000000e+02
5.920000000000000000e+02
5.920000000000000000e+02
5.960000000000000000e+02
6.000000000000000000e+02
6.040000000000000000e+02
6.200000000000000000e+02
5.960000000000000000e+02
5.920000000000000000e+02
5.880000000000000000e+02
5.880000000000000000e+02
5.880000000000000000e+02
5.920000000000000000e+02
5.880000000000000000e+02
5.986666666666666288e+02
6.000000000000000000e+02
6.000000000000000000e+02
6.040000000000000000e+02
6.080000000000000000e+02
6.160000000000000000e+02
6.160000000000000000e+02
6.240000000000000000e+02
6.200000000000000000e+02
6.200000000000000000e+02
6.100000000000000000e+02
6.080000000000000000e+02
6.040000000000000000e+02
6.040000000000000000e+02
5.960000000000000000e+02
5.880000000000000000e+02
5.800000000000000000e+02
5.840000000000000000e+02
5.880000000000000000e+02
5.920000000000000000e+02
6.220000000000000000e+02
6.120000000000000000e+02
6.590000000000000000e+02
6.090000000000000000e+02
6.240000000000000000e+02
6.280000000000000000e+02
6.070000000000000000e+02
5.960000000000000000e+02
5.960000000000000000e+02
6.000000000000000000e+02
5.960000000000000000e+02
6.000000000000000000e+02
6.040000000000000000e+02
6.066666666666666288e+02
6.080000000000000000e+02
6.080000000000000000e+02
6.186666666666666288e+02
6.200000000000000000e+02
6.240000000000000000e+02
6.360000000000000000e+02
6.360000000000000000e+02
6.320000000000000000e+02
6.160000000000000000e+02
6.160000000000000000e+02
6.120000000000000000e+02
6.200000000000000000e+02
5.840000000000000000e+02
5.800000000000000000e+02
6.280000000000000000e+02
6.240000000000000000e+02
6.320000000000000000e+02
6.280000000000000000e+02
6.306666666666666288e+02
6.080000000000000000e+02
6.120000000000000000e+02
