5.120000000000000000e+02
5.186666666666666288e+02
5.240000000000000000e+02
5.360000000000000000e+02
5.240000000000000000e+02
5.410000000000000000e+02
5.400000000000000000e+02
5.280000000000000000e+02
5.270000000000000000e+02
5.240000000000000000e+02
5.240000000000000000e+02
5.280000000000000000e+02
5.270000000000000000e+02
5.360000000000000000e+02
5.200000000000000000e+02
5.280000000000000000e+02
5.280000000000000000e+02
5.240000000000000000e+02
5.400000000000000000e+02
5.300000000000000000e+02
5.280000000000000000e+02
5.240000000000000000e+02
5.240000000000000000e+02
5.240000000000000000e+02
5.240000000000000000e+02
5.360000000000000000e+02
5.440000000000000000e+02
5.200000000000000000e+02
5.240000000000000000e+02
5.240000000000000000e+02
5.240000000000000000e+02
5.160000000000000000e+02
5.200000000000000000e+02
5.240000000000000000e+02
5.270000000000000000e+02
5.640000000000000000e+02
5.173333333333333712e+02
5.480000000000000000e+02
5.360000000000000000e+02
5.320000000000000000e+02
5.200000000000000000e+02
5.240000000000000000e+02
5.240000000000000000e+02
5.240000000000000000e+02
5.160000000000000000e+02
5.400000000000000000e+02
5.360000000000000000e+02
5.200000000000000000e+02
5.080000000000000000e+02
5.080000000000000000e+02
5.160000000000000000e+02
5.200000000000000000e+02
5.080000000000000000e+02
5.240000000000000000e+02
5.240000000000000000e+02
5.250000000000000000e+02
5.400000000000000000e+02
5.400000000000000000e+02
5.560000000000000000e+02
5.200000000000000000e+02
5.080000000000000000e+02
5.253333333333333712e+02
5.240000000000000000e+02
5.240000000000000000e+02
5.200000000000000000e+02
5.240000000000000000e+02
5.440000000000000000e+02
5.080000000000000000e+02
5.200000000000000000e+02
4.960000000000000000e+02
5.440000000000000000e+02
5.400000000000000000e+02
5.370000000000000000e+02
5.160000000000000000e+02
5.240000000000000000e+02
5.080000000000000000e+02
5.040000000000000000e+02
5.240000000000000000e+02
5.120000000000000000e+02
5.080000000000000000e+02
5.120000000000000000e+02
5.040000000000000000e+02
5.200000000000000000e+02
5.040000000000000000e+02
5.080000000000000000e+02
5.140000000000000000e+02
5.200000000000000000e+02
5.320000000000000000e+02
5.360000000000000000e+02
5.400000000000000000e+02
5.160000000000000000e+02
5.200000000000000000e+02
5.120000000000000000e+02
5.200000000000000000e+02
5.533333333333333712e+02
5.880000000000000000e+02
5.840000000000000000e+02
5.830000000000000000e+02
5.330000000000000000e+02
5.080000000000000000e+02
5.200000000000000000e+02
5.200000000000000000e+02
5.240000000000000000e+02
5.360000000000000000e+02
5.240000000000000000e+02
5.240000000000000000e+02
5.200000000000000000e+02
5.160000000000000000e+02
5.040000000000000000e+02
5.080000000000000000e+02
5.000000000000000000e+02
5.080000000000000000e+02
5.200000000000000000e+02
5.000000000000000000e+02
5.000000000000000000e+02
5.000000000000000000e+02
5.000000000000000000e+02
5.000000000000000000e+02
5.080000000000000000e+02
5.110000000000000000e+02
5.080000000000000000e+02
5.040000000000000000e+02
5.030000000000000000e+02
5.160000000000000000e+02
5.080000000000000000e+02
5.080000000000000000e+02
5.120000000000000000e+02
5.160000000000000000e+02
5.080000000000000000e+02
5.120000000000000000e+02
5.120000000000000000e+02
5.040000000000000000e+02
5.120000000000000000e+02
4.960000000000000000e+02
4.960000000000000000e+02
4.960000000000000000e+02
4.920000000000000000e+02
4.920000000000000000e+02
4.920000000000000000e+02
4.960000000000000000e+02
4.960000000000000000e+02
4.960000000000000000e+02
5.000000000000000000e+02
5.090000000000000000e+02
5.040000000000000000e+02
5.360000000000000000e+02
4.960000000000000000e+02
5.000000000000000000e+02
4.960000000000000000e+02
4.960000000000000000e+02
4.920000000000000000e+02
4.960000000000000000e+02
5.000000000000000000e+02
4.920000000000000000e+02
4.920000000000000000e+02
4.920000000000000000e+02
5.026666666666666856e+02
5.080000000000000000e+02
5.080000000000000000e+02
5.200000000000000000e+02
5.160000000000000000e+02
5.130000000000000000e+02
5.120000000000000000e+02
5.160000000000000000e+02
4.880000000000000000e+02
4.920000000000000000e+02
4.880000000000000000e+02
5.040000000000000000e+02
4.960000000000000000e+02
4.920000000000000000e+02
4.920000000000000000e+02
4.920000000000000000e+02
4.960000000000000000e+02
4.960000000000000000e+02
5.280000000000000000e+02
5.140000000000000000e+02
5.120000000000000000e+02
5.200000000000000000e+02
4.920000000000000000e+02
4.840000000000000000e+02
4.960000000000000000e+02
5.000000000000000000e+02
4.960000000000000000e+02
4.960000000000000000e+02
5.040000000000000000e+02
4.960000000000000000e+02
5.200000000000000000e+02
5.040000000000000000e+02
5.050000000000000000e+02
5.040000000000000000e+02
5.240000000000000000e+02
5.240000000000000000e+02
5.240000000000000000e+02
5.240000000000000000e+02
5.160000000000000000e+02
5.080000000000000000e+02
5.040000000000000000e+02
5.060000000000000000e+02
4.990000000000000000e+02
5.400000000000000000e+02
4.893333333333333144e+02
4.920000000000000000e+02
4.960000000000000000e+02
5.000000000000000000e+02
5.200000000000000000e+02
4.920000000000000000e+02
4.933333333333333144e+02
5.120000000000000000e+02
5.120000000000000000e+02
5.080000000000000000e+02
5.040000000000000000e+02
5.080000000000000000e+02
4.960000000000000000e+02
5.000000000000000000e+02
4.880000000000000000e+02
4.840000000000000000e+02
5.040000000000000000e+02
5.120000000000000000e+02
5.040000000000000000e+02
5.040000000000000000e+02
5.040000000000000000e+02
5.040000000000000000e+02
5.160000000000000000e+02
5.080000000000000000e+02
5.080000000000000000e+02
5.080000000000000000e+02
5.080000000000000000e+02
4.970000000000000000e+02
5.280000000000000000e+02
5.320000000000000000e+02
5.040000000000000000e+02
4.960000000000000000e+02
5.400000000000000000e+02
4.920000000000000000e+02
5.040000000000000000e+02
5.000000000000000000e+02
5.120000000000000000e+02
5.080000000000000000e+02
5.040000000000000000e+02
5.120000000000000000e+02
5.080000000000000000e+02
5.080000000000000000e+02
5.080000000000000000e+02
5.400000000000000000e+02
4.880000000000000000e+02
4.960000000000000000e+02
4.910000000000000000e+02
5.280000000000000000e+02
5.040000000000000000e+02
5.000000000000000000e+02
5.470000000000000000e+02
5.173333333333333712e+02
5.040000000000000000e+02
5.573333333333333712e+02
5.520000000000000000e+02
5.160000000000000000e+02
