5.160000000000000000e+02
5.240000000000000000e+02
5.240000000000000000e+02
5.280000000000000000e+02
5.200000000000000000e+02
5.410000000000000000e+02
5.400000000000000000e+02
5.280000000000000000e+02
5.240000000000000000e+02
5.240000000000000000e+02
5.240000000000000000e+02
5.280000000000000000e+02
5.280000000000000000e+02
5.360000000000000000e+02
5.200000000000000000e+02
5.280000000000000000e+02
5.280000000000000000e+02
5.280000000000000000e+02
5.440000000000000000e+02
5.200000000000000000e+02
5.250000000000000000e+02
5.250000000000000000e+02
5.280000000000000000e+02
5.270000000000000000e+02
5.280000000000000000e+02
5.360000000000000000e+02
5.440000000000000000e+02
5.280000000000000000e+02
5.480000000000000000e+02
5.240000000000000000e+02
5.200000000000000000e+02
5.170000000000000000e+02
5.240000000000000000e+02
5.240000000000000000e+02
5.270000000000000000e+02
5.586666666666666288e+02
5.200000000000000000e+02
5.480000000000000000e+02
5.420000000000000000e+02
5.320000000000000000e+02
5.200000000000000000e+02
5.280000000000000000e+02
5.240000000000000000e+02
5.240000000000000000e+02
5.040000000000000000e+02
5.400000000000000000e+02
5.360000000000000000e+02
5.226666666666666288e+02
5.080000000000000000e+02
5.080000000000000000e+02
5.160000000000000000e+02
5.080000000000000000e+02
5.080000000000000000e+02
5.280000000000000000e+02
5.200000000000000000e+02
5.280000000000000000e+02
5.400000000000000000e+02
5.400000000000000000e+02
5.600000000000000000e+02
5.146666666666666288e+02
5.080000000000000000e+02
5.253333333333333712e+02
5.320000000000000000e+02
5.240000000000000000e+02
5.240000000000000000e+02
5.280000000000000000e+02
5.480000000000000000e+02
5.080000000000000000e+02
5.146666666666666288e+02
5.000000000000000000e+02
5.440000000000000000e+02
5.440000000000000000e+02
5.320000000000000000e+02
5.160000000000000000e+02
5.280000000000000000e+02
5.080000000000000000e+02
5.040000000000000000e+02
5.240000000000000000e+02
5.120000000000000000e+02
5.080000000000000000e+02
5.120000000000000000e+02
5.080000000000000000e+02
5.106666666666666856e+02
5.010000000000000000e+02
5.080000000000000000e+02
5.200000000000000000e+02
5.200000000000000000e+02
5.220000000000000000e+02
5.360000000000000000e+02
5.400000000000000000e+02
5.160000000000000000e+02
5.200000000000000000e+02
5.120000000000000000e+02
5.560000000000000000e+02
5.533333333333333712e+02
5.870000000000000000e+02
5.840000000000000000e+02
5.800000000000000000e+02
5.320000000000000000e+02
5.080000000000000000e+02
5.200000000000000000e+02
5.200000000000000000e+02
5.240000000000000000e+02
5.360000000000000000e+02
5.240000000000000000e+02
5.240000000000000000e+02
5.200000000000000000e+02
5.160000000000000000e+02
5.040000000000000000e+02
5.080000000000000000e+02
5.000000000000000000e+02
5.080000000000000000e+02
5.200000000000000000e+02
5.000000000000000000e+02
5.000000000000000000e+02
5.000000000000000000e+02
5.000000000000000000e+02
5.000000000000000000e+02
5.120000000000000000e+02
5.080000000000000000e+02
5.080000000000000000e+02
5.040000000000000000e+02
5.040000000000000000e+02
5.120000000000000000e+02
5.040000000000000000e+02
5.040000000000000000e+02
5.200000000000000000e+02
5.160000000000000000e+02
5.080000000000000000e+02
5.120000000000000000e+02
5.120000000000000000e+02
5.040000000000000000e+02
5.120000000000000000e+02
4.960000000000000000e+02
4.960000000000000000e+02
4.960000000000000000e+02
4.880000000000000000e+02
4.920000000000000000e+02
4.920000000000000000e+02
4.960000000000000000e+02
4.920000000000000000e+02
4.960000000000000000e+02
5.000000000000000000e+02
5.080000000000000000e+02
5.000000000000000000e+02
5.360000000000000000e+02
5.000000000000000000e+02
4.960000000000000000e+02
4.960000000000000000e+02
4.960000000000000000e+02
4.920000000000000000e+02
4.990000000000000000e+02
5.000000000000000000e+02
4.946666666666666856e+02
4.960000000000000000e+02
4.960000000000000000e+02
5.040000000000000000e+02
5.040000000000000000e+02
5.120000000000000000e+02
5.200000000000000000e+02
5.160000000000000000e+02
5.120000000000000000e+02
5.120000000000000000e+02
5.120000000000000000e+02
4.880000000000000000e+02
4.920000000000000000e+02
4.880000000000000000e+02
5.040000000000000000e+02
5.000000000000000000e+02
4.920000000000000000e+02
4.960000000000000000e+02
4.920000000000000000e+02
4.960000000000000000e+02
4.960000000000000000e+02
5.280000000000000000e+02
5.140000000000000000e+02
5.160000000000000000e+02
5.160000000000000000e+02
4.920000000000000000e+02
4.880000000000000000e+02
4.960000000000000000e+02
5.000000000000000000e+02
4.960000000000000000e+02
4.960000000000000000e+02
5.160000000000000000e+02
4.920000000000000000e+02
5.200000000000000000e+02
5.040000000000000000e+02
5.080000000000000000e+02
5.040000000000000000e+02
5.200000000000000000e+02
5.240000000000000000e+02
5.240000000000000000e+02
5.240000000000000000e+02
5.000000000000000000e+02
5.040000000000000000e+02
5.080000000000000000e+02
5.060000000000000000e+02
4.960000000000000000e+02
4.860000000000000000e+02
4.960000000000000000e+02
4.920000000000000000e+02
4.960000000000000000e+02
4.960000000000000000e+02
5.060000000000000000e+02
5.000000000000000000e+02
5.200000000000000000e+02
5.150000000000000000e+02
5.120000000000000000e+02
5.080000000000000000e+02
5.080000000000000000e+02
5.080000000000000000e+02
4.960000000000000000e+02
5.000000000000000000e+02
4.880000000000000000e+02
4.840000000000000000e+02
5.040000000000000000e+02
5.120000000000000000e+02
5.040000000000000000e+02
5.080000000000000000e+02
5.040000000000000000e+02
5.080000000000000000e+02
5.160000000000000000e+02
5.080000000000000000e+02
5.120000000000000000e+02
5.080000000000000000e+02
5.040000000000000000e+02
4.960000000000000000e+02
5.280000000000000000e+02
5.320000000000000000e+02
5.040000000000000000e+02
5.000000000000000000e+02
5.360000000000000000e+02
4.880000000000000000e+02
5.040000000000000000e+02
4.930000000000000000e+02
5.120000000000000000e+02
5.080000000000000000e+02
5.040000000000000000e+02
5.120000000000000000e+02
5.080000000000000000e+02
5.080000000000000000e+02
5.080000000000000000e+02
5.400000000000000000e+02
4.880000000000000000e+02
4.920000000000000000e+02
5.440000000000000000e+02
5.320000000000000000e+02
5.220000000000000000e+02
5.000000000000000000e+02
5.940000000000000000e+02
5.080000000000000000e+02
5.000000000000000000e+02
5.030000000000000000e+02
5.520000000000000000e+02
5.120000000000000000e+02
