5.160000000000000000e+02
5.240000000000000000e+02
5.240000000000000000e+02
5.360000000000000000e+02
5.240000000000000000e+02
5.480000000000000000e+02
5.400000000000000000e+02
5.280000000000000000e+02
5.240000000000000000e+02
5.240000000000000000e+02
5.240000000000000000e+02
5.240000000000000000e+02
5.240000000000000000e+02
5.360000000000000000e+02
5.200000000000000000e+02
5.310000000000000000e+02
5.280000000000000000e+02
5.280000000000000000e+02
5.333333333333333712e+02
5.170000000000000000e+02
5.280000000000000000e+02
5.240000000000000000e+02
5.280000000000000000e+02
5.270000000000000000e+02
5.280000000000000000e+02
5.320000000000000000e+02
5.480000000000000000e+02
5.200000000000000000e+02
5.480000000000000000e+02
5.270000000000000000e+02
5.240000000000000000e+02
5.160000000000000000e+02
5.200000000000000000e+02
5.240000000000000000e+02
5.240000000000000000e+02
5.640000000000000000e+02
5.200000000000000000e+02
5.480000000000000000e+02
5.360000000000000000e+02
5.320000000000000000e+02
5.200000000000000000e+02
5.280000000000000000e+02
5.240000000000000000e+02
5.280000000000000000e+02
5.040000000000000000e+02
5.410000000000000000e+02
5.390000000000000000e+02
5.160000000000000000e+02
5.080000000000000000e+02
5.080000000000000000e+02
5.140000000000000000e+02
5.120000000000000000e+02
5.120000000000000000e+02
5.240000000000000000e+02
5.240000000000000000e+02
5.240000000000000000e+02
5.430000000000000000e+02
5.400000000000000000e+02
5.493333333333333712e+02
5.146666666666666288e+02
5.186666666666666288e+02
5.330000000000000000e+02
5.240000000000000000e+02
5.240000000000000000e+02
5.240000000000000000e+02
5.240000000000000000e+02
5.300000000000000000e+02
5.080000000000000000e+02
5.200000000000000000e+02
4.960000000000000000e+02
5.490000000000000000e+02
5.440000000000000000e+02
5.370000000000000000e+02
5.200000000000000000e+02
5.280000000000000000e+02
5.080000000000000000e+02
5.040000000000000000e+02
5.220000000000000000e+02
5.080000000000000000e+02
5.080000000000000000e+02
5.120000000000000000e+02
5.040000000000000000e+02
5.106666666666666856e+02
5.040000000000000000e+02
5.040000000000000000e+02
5.140000000000000000e+02
5.200000000000000000e+02
5.280000000000000000e+02
5.360000000000000000e+02
5.440000000000000000e+02
5.120000000000000000e+02
5.200000000000000000e+02
5.120000000000000000e+02
5.600000000000000000e+02
5.760000000000000000e+02
5.880000000000000000e+02
5.840000000000000000e+02
5.800000000000000000e+02
5.360000000000000000e+02
5.080000000000000000e+02
5.240000000000000000e+02
5.200000000000000000e+02
5.240000000000000000e+02
5.360000000000000000e+02
5.240000000000000000e+02
5.240000000000000000e+02
5.200000000000000000e+02
5.160000000000000000e+02
5.040000000000000000e+02
5.080000000000000000e+02
5.040000000000000000e+02
5.080000000000000000e+02
5.200000000000000000e+02
5.000000000000000000e+02
4.960000000000000000e+02
4.970000000000000000e+02
5.000000000000000000e+02
5.000000000000000000e+02
5.080000000000000000e+02
5.080000000000000000e+02
5.120000000000000000e+02
5.000000000000000000e+02
5.040000000000000000e+02
5.160000000000000000e+02
5.080000000000000000e+02
5.040000000000000000e+02
5.200000000000000000e+02
5.160000000000000000e+02
5.080000000000000000e+02
5.120000000000000000e+02
5.080000000000000000e+02
5.040000000000000000e+02
5.120000000000000000e+02
4.880000000000000000e+02
4.960000000000000000e+02
4.960000000000000000e+02
4.880000000000000000e+02
4.920000000000000000e+02
4.960000000000000000e+02
4.960000000000000000e+02
5.000000000000000000e+02
4.960000000000000000e+02
5.000000000000000000e+02
5.090000000000000000e+02
5.020000000000000000e+02
5.106666666666666856e+02
4.960000000000000000e+02
5.000000000000000000e+02
4.960000000000000000e+02
4.960000000000000000e+02
4.920000000000000000e+02
5.000000000000000000e+02
4.960000000000000000e+02
4.960000000000000000e+02
4.920000000000000000e+02
4.920000000000000000e+02
5.040000000000000000e+02
5.080000000000000000e+02
5.120000000000000000e+02
5.200000000000000000e+02
5.160000000000000000e+02
5.120000000000000000e+02
5.120000000000000000e+02
5.160000000000000000e+02
4.880000000000000000e+02
4.920000000000000000e+02
4.880000000000000000e+02
5.040000000000000000e+02
4.960000000000000000e+02
4.960000000000000000e+02
4.920000000000000000e+02
4.920000000000000000e+02
4.960000000000000000e+02
4.960000000000000000e+02
5.280000000000000000e+02
5.080000000000000000e+02
5.120000000000000000e+02
5.200000000000000000e+02
4.920000000000000000e+02
4.880000000000000000e+02
4.960000000000000000e+02
5.000000000000000000e+02
4.960000000000000000e+02
4.960000000000000000e+02
5.160000000000000000e+02
4.960000000000000000e+02
5.146666666666666288e+02
5.040000000000000000e+02
5.040000000000000000e+02
5.040000000000000000e+02
5.240000000000000000e+02
5.240000000000000000e+02
5.200000000000000000e+02
5.200000000000000000e+02
5.160000000000000000e+02
5.040000000000000000e+02
5.040000000000000000e+02
5.160000000000000000e+02
4.960000000000000000e+02
5.400000000000000000e+02
4.893333333333333144e+02
4.920000000000000000e+02
4.960000000000000000e+02
5.000000000000000000e+02
5.060000000000000000e+02
4.920000000000000000e+02
5.200000000000000000e+02
5.120000000000000000e+02
5.120000000000000000e+02
5.040000000000000000e+02
5.080000000000000000e+02
5.080000000000000000e+02
4.960000000000000000e+02
5.000000000000000000e+02
4.840000000000000000e+02
4.840000000000000000e+02
5.000000000000000000e+02
5.080000000000000000e+02
5.040000000000000000e+02
5.040000000000000000e+02
5.040000000000000000e+02
5.040000000000000000e+02
5.120000000000000000e+02
5.120000000000000000e+02
5.120000000000000000e+02
5.080000000000000000e+02
5.080000000000000000e+02
5.040000000000000000e+02
5.280000000000000000e+02
5.320000000000000000e+02
5.040000000000000000e+02
4.960000000000000000e+02
5.360000000000000000e+02
4.920000000000000000e+02
5.030000000000000000e+02
5.000000000000000000e+02
5.120000000000000000e+02
5.080000000000000000e+02
5.040000000000000000e+02
5.080000000000000000e+02
5.080000000000000000e+02
5.080000000000000000e+02
5.080000000000000000e+02
5.400000000000000000e+02
4.880000000000000000e+02
4.920000000000000000e+02
5.440000000000000000e+02
5.400000000000000000e+02
5.040000000000000000e+02
5.000000000000000000e+02
5.880000000000000000e+02
5.080000000000000000e+02
5.000000000000000000e+02
5.600000000000000000e+02
5.560000000000000000e+02
5.120000000000000000e+02
