6.520000000000000000e+02
6.360000000000000000e+02
6.320000000000000000e+02
6.300000000000000000e+02
6.120000000000000000e+02
6.040000000000000000e+02
6.080000000000000000e+02
6.080000000000000000e+02
6.200000000000000000e+02
6.170000000000000000e+02
6.080000000000000000e+02
6.130000000000000000e+02
6.240000000000000000e+02
6.240000000000000000e+02
6.600000000000000000e+02
6.360000000000000000e+02
5.920000000000000000e+02
5.933333333333333712e+02
6.120000000000000000e+02
6.200000000000000000e+02
6.120000000000000000e+02
6.120000000000000000e+02
6.240000000000000000e+02
6.320000000000000000e+02
6.266666666666666288e+02
6.120000000000000000e+02
6.040000000000000000e+02
6.120000000000000000e+02
6.240000000000000000e+02
6.320000000000000000e+02
6.240000000000000000e+02
6.600000000000000000e+02
6.670000000000000000e+02
6.160000000000000000e+02
6.280000000000000000e+02
6.240000000000000000e+02
6.120000000000000000e+02
6.120000000000000000e+02
6.160000000000000000e+02
6.440000000000000000e+02
6.340000000000000000e+02
6.280000000000000000e+02
6.240000000000000000e+02
6.130000000000000000e+02
6.240000000000000000e+02
6.160000000000000000e+02
6.120000000000000000e+02
6.480000000000000000e+02
6.480000000000000000e+02
6.640000000000000000e+02
6.200000000000000000e+02
6.200000000000000000e+02
5.880000000000000000e+02
6.280000000000000000e+02
6.160000000000000000e+02
6.160000000000000000e+02
6.160000000000000000e+02
6.040000000000000000e+02
6.150000000000000000e+02
6.080000000000000000e+02
5.960000000000000000e+02
6.200000000000000000e+02
6.200000000000000000e+02
6.160000000000000000e+02
6.000000000000000000e+02
6.360000000000000000e+02
6.120000000000000000e+02
6.040000000000000000e+02
5.920000000000000000e+02
5.800000000000000000e+02
6.360000000000000000e+02
6.080000000000000000e+02
5.840000000000000000e+02
5.930000000000000000e+02
6.120000000000000000e+02
6.120000000000000000e+02
6.000000000000000000e+02
6.200000000000000000e+02
6.280000000000000000e+02
6.360000000000000000e+02
6.360000000000000000e+02
6.480000000000000000e+02
6.240000000000000000e+02
6.000000000000000000e+02
6.100000000000000000e+02
6.080000000000000000e+02
5.960000000000000000e+02
5.920000000000000000e+02
6.000000000000000000e+02
5.960000000000000000e+02
5.840000000000000000e+02
5.920000000000000000e+02
6.280000000000000000e+02
5.800000000000000000e+02
6.240000000000000000e+02
6.250000000000000000e+02
5.920000000000000000e+02
6.320000000000000000e+02
6.080000000000000000e+02
5.960000000000000000e+02
5.960000000000000000e+02
5.960000000000000000e+02
5.960000000000000000e+02
5.960000000000000000e+02
5.960000000000000000e+02
5.880000000000000000e+02
6.080000000000000000e+02
6.200000000000000000e+02
6.093333333333333712e+02
6.280000000000000000e+02
6.280000000000000000e+02
6.320000000000000000e+02
6.240000000000000000e+02
6.200000000000000000e+02
6.160000000000000000e+02
6.080000000000000000e+02
6.040000000000000000e+02
5.960000000000000000e+02
5.960000000000000000e+02
5.920000000000000000e+02
5.920000000000000000e+02
5.880000000000000000e+02
5.920000000000000000e+02
5.960000000000000000e+02
5.960000000000000000e+02
6.180000000000000000e+02
6.120000000000000000e+02
6.213333333333333712e+02
5.900000000000000000e+02
6.080000000000000000e+02
5.960000000000000000e+02
5.960000000000000000e+02
5.960000000000000000e+02
5.960000000000000000e+02
5.880000000000000000e+02
5.920000000000000000e+02
5.920000000000000000e+02
5.960000000000000000e+02
5.920000000000000000e+02
5.960000000000000000e+02
6.120000000000000000e+02
6.080000000000000000e+02
6.200000000000000000e+02
6.200000000000000000e+02
6.320000000000000000e+02
6.240000000000000000e+02
6.140000000000000000e+02
6.160000000000000000e+02
5.960000000000000000e+02
5.920000000000000000e+02
5.960000000000000000e+02
5.920000000000000000e+02
5.920000000000000000e+02
5.920000000000000000e+02
5.960000000000000000e+02
5.920000000000000000e+02
5.960000000000000000e+02
5.920000000000000000e+02
6.080000000000000000e+02
6.080000000000000000e+02
6.160000000000000000e+02
6.080000000000000000e+02
5.933333333333333712e+02
5.960000000000000000e+02
5.920000000000000000e+02
5.920000000000000000e+02
5.920000000000000000e+02
5.960000000000000000e+02
5.920000000000000000e+02
5.880000000000000000e+02
5.920000000000000000e+02
5.960000000000000000e+02
6.040000000000000000e+02
6.080000000000000000e+02
6.360000000000000000e+02
6.160000000000000000e+02
6.240000000000000000e+02
6.280000000000000000e+02
6.160000000000000000e+02
6.120000000000000000e+02
6.040000000000000000e+02
6.000000000000000000e+02
5.800000000000000000e+02
5.960000000000000000e+02
5.920000000000000000e+02
5.920000000000000000e+02
5.920000000000000000e+02
5.920000000000000000e+02
5.920000000000000000e+02
5.920000000000000000e+02
5.920000000000000000e+02
6.000000000000000000e+02
6.040000000000000000e+02
6.200000000000000000e+02
5.920000000000000000e+02
5.880000000000000000e+02
5.880000000000000000e+02
5.880000000000000000e+02
5.880000000000000000e+02
5.920000000000000000e+02
5.880000000000000000e+02
6.000000000000000000e+02
6.000000000000000000e+02
6.000000000000000000e+02
6.040000000000000000e+02
6.080000000000000000e+02
6.200000000000000000e+02
6.120000000000000000e+02
6.280000000000000000e+02
6.200000000000000000e+02
6.240000000000000000e+02
6.040000000000000000e+02
6.080000000000000000e+02
6.080000000000000000e+02
6.040000000000000000e+02
6.000000000000000000e+02
5.960000000000000000e+02
5.840000000000000000e+02
5.840000000000000000e+02
5.880000000000000000e+02
5.920000000000000000e+02
6.290000000000000000e+02
6.080000000000000000e+02
6.590000000000000000e+02
6.080000000000000000e+02
6.240000000000000000e+02
6.240000000000000000e+02
6.000000000000000000e+02
6.000000000000000000e+02
5.960000000000000000e+02
5.990000000000000000e+02
5.960000000000000000e+02
6.000000000000000000e+02
6.000000000000000000e+02
6.066666666666666288e+02
6.080000000000000000e+02
6.080000000000000000e+02
6.240000000000000000e+02
6.240000000000000000e+02
6.240000000000000000e+02
6.293333333333333712e+02
6.320000000000000000e+02
6.280000000000000000e+02
6.160000000000000000e+02
6.160000000000000000e+02
6.120000000000000000e+02
6.160000000000000000e+02
5.880000000000000000e+02
5.840000000000000000e+02
6.280000000000000000e+02
6.200000000000000000e+02
6.240000000000000000e+02
6.240000000000000000e+02
6.280000000000000000e+02
6.080000000000000000e+02
6.120000000000000000e+02
