6.520000000000000000e+02
6.320000000000000000e+02
6.280000000000000000e+02
7.266666666666666288e+02
6.120000000000000000e+02
6.040000000000000000e+02
6.080000000000000000e+02
6.120000000000000000e+02
6.240000000000000000e+02
6.160000000000000000e+02
6.080000000000000000e+02
6.080000000000000000e+02
6.240000000000000000e+02
6.240000000000000000e+02
6.520000000000000000e+02
6.360000000000000000e+02
5.920000000000000000e+02
6.000000000000000000e+02
6.120000000000000000e+02
6.200000000000000000e+02
6.120000000000000000e+02
6.120000000000000000e+02
6.280000000000000000e+02
6.280000000000000000e+02
6.266666666666666288e+02
6.133333333333333712e+02
6.040000000000000000e+02
6.120000000000000000e+02
6.240000000000000000e+02
6.280000000000000000e+02
6.240000000000000000e+02
6.600000000000000000e+02
6.680000000000000000e+02
6.120000000000000000e+02
6.280000000000000000e+02
6.240000000000000000e+02
6.120000000000000000e+02
6.120000000000000000e+02
6.160000000000000000e+02
6.410000000000000000e+02
6.280000000000000000e+02
6.240000000000000000e+02
6.280000000000000000e+02
6.120000000000000000e+02
6.200000000000000000e+02
6.160000000000000000e+02
6.070000000000000000e+02
5.930000000000000000e+02
6.480000000000000000e+02
6.640000000000000000e+02
6.240000000000000000e+02
6.200000000000000000e+02
5.880000000000000000e+02
6.306666666666666288e+02
6.120000000000000000e+02
6.160000000000000000e+02
6.160000000000000000e+02
6.080000000000000000e+02
6.160000000000000000e+02
6.080000000000000000e+02
5.960000000000000000e+02
6.200000000000000000e+02
6.160000000000000000e+02
6.160000000000000000e+02
6.120000000000000000e+02
6.360000000000000000e+02
6.120000000000000000e+02
6.040000000000000000e+02
5.920000000000000000e+02
5.800000000000000000e+02
6.346666666666666288e+02
6.040000000000000000e+02
5.880000000000000000e+02
5.880000000000000000e+02
6.120000000000000000e+02
6.080000000000000000e+02
5.920000000000000000e+02
6.200000000000000000e+02
6.400000000000000000e+02
6.360000000000000000e+02
6.280000000000000000e+02
6.440000000000000000e+02
6.240000000000000000e+02
6.030000000000000000e+02
6.120000000000000000e+02
6.120000000000000000e+02
5.960000000000000000e+02
5.920000000000000000e+02
5.950000000000000000e+02
5.960000000000000000e+02
5.840000000000000000e+02
5.920000000000000000e+02
6.280000000000000000e+02
5.800000000000000000e+02
6.200000000000000000e+02
6.240000000000000000e+02
5.920000000000000000e+02
6.320000000000000000e+02
6.080000000000000000e+02
5.960000000000000000e+02
5.920000000000000000e+02
5.960000000000000000e+02
5.960000000000000000e+02
5.960000000000000000e+02
5.960000000000000000e+02
5.920000000000000000e+02
5.933333333333333712e+02
6.200000000000000000e+02
6.000000000000000000e+02
6.320000000000000000e+02
6.320000000000000000e+02
6.320000000000000000e+02
6.200000000000000000e+02
6.200000000000000000e+02
6.160000000000000000e+02
6.080000000000000000e+02
6.040000000000000000e+02
5.960000000000000000e+02
5.960000000000000000e+02
5.920000000000000000e+02
5.920000000000000000e+02
5.880000000000000000e+02
5.920000000000000000e+02
5.960000000000000000e+02
5.960000000000000000e+02
6.180000000000000000e+02
6.133333333333333712e+02
6.320000000000000000e+02
5.880000000000000000e+02
6.080000000000000000e+02
5.960000000000000000e+02
5.960000000000000000e+02
5.920000000000000000e+02
5.960000000000000000e+02
5.920000000000000000e+02
5.920000000000000000e+02
5.960000000000000000e+02
5.960000000000000000e+02
5.920000000000000000e+02
5.960000000000000000e+02
6.120000000000000000e+02
6.080000000000000000e+02
6.240000000000000000e+02
6.240000000000000000e+02
6.240000000000000000e+02
6.200000000000000000e+02
6.080000000000000000e+02
6.160000000000000000e+02
6.040000000000000000e+02
5.960000000000000000e+02
5.920000000000000000e+02
5.920000000000000000e+02
5.960000000000000000e+02
5.920000000000000000e+02
5.920000000000000000e+02
5.960000000000000000e+02
5.920000000000000000e+02
5.920000000000000000e+02
6.080000000000000000e+02
6.080000000000000000e+02
6.160000000000000000e+02
6.120000000000000000e+02
5.933333333333333712e+02
5.960000000000000000e+02
5.920000000000000000e+02
5.950000000000000000e+02
5.920000000000000000e+02
5.960000000000000000e+02
5.920000000000000000e+02
5.920000000000000000e+02
5.920000000000000000e+02
5.960000000000000000e+02
6.160000000000000000e+02
6.080000000000000000e+02
6.320000000000000000e+02
6.200000000000000000e+02
6.240000000000000000e+02
6.280000000000000000e+02
6.186666666666666288e+02
6.080000000000000000e+02
6.000000000000000000e+02
6.000000000000000000e+02
5.840000000000000000e+02
5.960000000000000000e+02
5.920000000000000000e+02
5.920000000000000000e+02
5.920000000000000000e+02
5.920000000000000000e+02
5.920000000000000000e+02
5.920000000000000000e+02
5.920000000000000000e+02
6.000000000000000000e+02
6.040000000000000000e+02
6.200000000000000000e+02
5.920000000000000000e+02
5.880000000000000000e+02
5.880000000000000000e+02
5.880000000000000000e+02
5.880000000000000000e+02
5.960000000000000000e+02
5.960000000000000000e+02
5.920000000000000000e+02
6.000000000000000000e+02
6.000000000000000000e+02
6.040000000000000000e+02
6.040000000000000000e+02
6.120000000000000000e+02
6.120000000000000000e+02
6.280000000000000000e+02
6.240000000000000000e+02
6.240000000000000000e+02
6.100000000000000000e+02
6.080000000000000000e+02
6.080000000000000000e+02
6.000000000000000000e+02
6.000000000000000000e+02
5.960000000000000000e+02
5.800000000000000000e+02
5.840000000000000000e+02
5.880000000000000000e+02
6.000000000000000000e+02
5.940000000000000000e+02
6.080000000000000000e+02
6.560000000000000000e+02
6.080000000000000000e+02
6.240000000000000000e+02
6.240000000000000000e+02
6.000000000000000000e+02
6.000000000000000000e+02
5.960000000000000000e+02
5.990000000000000000e+02
5.960000000000000000e+02
6.000000000000000000e+02
6.000000000000000000e+02
6.120000000000000000e+02
6.080000000000000000e+02
6.120000000000000000e+02
6.280000000000000000e+02
6.240000000000000000e+02
6.240000000000000000e+02
6.400000000000000000e+02
6.320000000000000000e+02
6.280000000000000000e+02
6.200000000000000000e+02
6.160000000000000000e+02
6.160000000000000000e+02
6.160000000000000000e+02
5.840000000000000000e+02
5.800000000000000000e+02
6.320000000000000000e+02
6.240000000000000000e+02
6.240000000000000000e+02
6.280000000000000000e+02
6.280000000000000000e+02
6.080000000000000000e+02
6.120000000000000000e+02
