6.520000000000000000e+02
6.320000000000000000e+02
6.320000000000000000e+02
7.266666666666666288e+02
6.120000000000000000e+02
6.040000000000000000e+02
6.080000000000000000e+02
6.120000000000000000e+02
6.200000000000000000e+02
6.170000000000000000e+02
6.080000000000000000e+02
6.080000000000000000e+02
6.240000000000000000e+02
6.240000000000000000e+02
6.460000000000000000e+02
6.493333333333333712e+02
5.920000000000000000e+02
6.040000000000000000e+02
6.120000000000000000e+02
6.240000000000000000e+02
6.120000000000000000e+02
6.120000000000000000e+02
6.240000000000000000e+02
6.280000000000000000e+02
6.280000000000000000e+02
6.120000000000000000e+02
6.040000000000000000e+02
6.080000000000000000e+02
6.230000000000000000e+02
6.320000000000000000e+02
6.240000000000000000e+02
6.426666666666666288e+02
6.720000000000000000e+02
6.120000000000000000e+02
6.280000000000000000e+02
6.240000000000000000e+02
6.040000000000000000e+02
6.120000000000000000e+02
6.160000000000000000e+02
6.320000000000000000e+02
6.280000000000000000e+02
6.240000000000000000e+02
6.280000000000000000e+02
6.120000000000000000e+02
6.240000000000000000e+02
6.200000000000000000e+02
6.040000000000000000e+02
6.480000000000000000e+02
6.480000000000000000e+02
6.600000000000000000e+02
6.240000000000000000e+02
6.240000000000000000e+02
5.880000000000000000e+02
6.240000000000000000e+02
6.120000000000000000e+02
6.160000000000000000e+02
6.200000000000000000e+02
6.080000000000000000e+02
6.160000000000000000e+02
6.080000000000000000e+02
5.920000000000000000e+02
6.120000000000000000e+02
6.200000000000000000e+02
6.120000000000000000e+02
6.013333333333333712e+02
6.360000000000000000e+02
6.120000000000000000e+02
6.080000000000000000e+02
5.960000000000000000e+02
5.853333333333333712e+02
6.360000000000000000e+02
6.080000000000000000e+02
5.880000000000000000e+02
5.920000000000000000e+02
6.160000000000000000e+02
6.120000000000000000e+02
6.000000000000000000e+02
6.150000000000000000e+02
6.280000000000000000e+02
6.400000000000000000e+02
6.360000000000000000e+02
6.480000000000000000e+02
6.240000000000000000e+02
6.120000000000000000e+02
6.100000000000000000e+02
6.080000000000000000e+02
6.000000000000000000e+02
5.880000000000000000e+02
5.960000000000000000e+02
6.360000000000000000e+02
5.840000000000000000e+02
5.880000000000000000e+02
6.240000000000000000e+02
5.800000000000000000e+02
6.200000000000000000e+02
6.240000000000000000e+02
5.920000000000000000e+02
6.320000000000000000e+02
6.080000000000000000e+02
6.010000000000000000e+02
5.920000000000000000e+02
5.946666666666666288e+02
5.920000000000000000e+02
5.960000000000000000e+02
6.000000000000000000e+02
5.880000000000000000e+02
5.933333333333333712e+02
6.200000000000000000e+02
6.000000000000000000e+02
6.320000000000000000e+02
6.320000000000000000e+02
6.280000000000000000e+02
6.200000000000000000e+02
6.200000000000000000e+02
6.160000000000000000e+02
6.040000000000000000e+02
6.000000000000000000e+02
5.960000000000000000e+02
5.960000000000000000e+02
5.920000000000000000e+02
5.920000000000000000e+02
5.880000000000000000e+02
5.920000000000000000e+02
5.920000000000000000e+02
5.960000000000000000e+02
6.200000000000000000e+02
6.120000000000000000e+02
6.360000000000000000e+02
5.900000000000000000e+02
6.080000000000000000e+02
6.040000000000000000e+02
5.960000000000000000e+02
5.920000000000000000e+02
5.960000000000000000e+02
5.880000000000000000e+02
5.920000000000000000e+02
5.920000000000000000e+02
5.960000000000000000e+02
5.920000000000000000e+02
5.960000000000000000e+02
6.066666666666666288e+02
6.080000000000000000e+02
6.186666666666666288e+02
6.240000000000000000e+02
6.360000000000000000e+02
6.200000000000000000e+02
6.080000000000000000e+02
6.160000000000000000e+02
5.960000000000000000e+02
5.960000000000000000e+02
5.920000000000000000e+02
5.920000000000000000e+02
5.920000000000000000e+02
5.920000000000000000e+02
5.920000000000000000e+02
5.960000000000000000e+02
5.960000000000000000e+02
5.920000000000000000e+02
6.080000000000000000e+02
6.120000000000000000e+02
6.120000000000000000e+02
6.120000000000000000e+02
5.920000000000000000e+02
5.920000000000000000e+02
5.920000000000000000e+02
5.920000000000000000e+02
5.920000000000000000e+02
5.960000000000000000e+02
5.920000000000000000e+02
5.920000000000000000e+02
5.920000000000000000e+02
5.960000000000000000e+02
6.160000000000000000e+02
6.080000000000000000e+02
6.320000000000000000e+02
6.160000000000000000e+02
6.280000000000000000e+02
6.280000000000000000e+02
6.120000000000000000e+02
6.080000000000000000e+02
6.000000000000000000e+02
6.000000000000000000e+02
5.800000000000000000e+02
5.960000000000000000e+02
5.960000000000000000e+02
5.920000000000000000e+02
5.920000000000000000e+02
5.920000000000000000e+02
5.920000000000000000e+02
5.920000000000000000e+02
5.960000000000000000e+02
6.000000000000000000e+02
6.040000000000000000e+02
6.200000000000000000e+02
5.920000000000000000e+02
5.960000000000000000e+02
5.880000000000000000e+02
5.880000000000000000e+02
5.880000000000000000e+02
5.920000000000000000e+02
5.880000000000000000e+02
6.000000000000000000e+02
6.000000000000000000e+02
5.960000000000000000e+02
6.040000000000000000e+02
6.080000000000000000e+02
6.240000000000000000e+02
6.120000000000000000e+02
6.240000000000000000e+02
6.240000000000000000e+02
6.200000000000000000e+02
6.100000000000000000e+02
6.080000000000000000e+02
6.080000000000000000e+02
6.000000000000000000e+02
5.960000000000000000e+02
5.880000000000000000e+02
5.800000000000000000e+02
5.880000000000000000e+02
5.880000000000000000e+02
6.000000000000000000e+02
6.290000000000000000e+02
6.080000000000000000e+02
6.560000000000000000e+02
6.080000000000000000e+02
6.240000000000000000e+02
6.240000000000000000e+02
6.070000000000000000e+02
6.000000000000000000e+02
5.960000000000000000e+02
6.000000000000000000e+02
5.960000000000000000e+02
6.000000000000000000e+02
6.000000000000000000e+02
6.066666666666666288e+02
6.080000000000000000e+02
6.120000000000000000e+02
6.240000000000000000e+02
6.200000000000000000e+02
6.240000000000000000e+02
6.430000000000000000e+02
6.360000000000000000e+02
6.280000000000000000e+02
6.160000000000000000e+02
6.160000000000000000e+02
6.160000000000000000e+02
6.160000000000000000e+02
5.880000000000000000e+02
5.840000000000000000e+02
5.780000000000000000e+02
6.200000000000000000e+02
6.320000000000000000e+02
6.280000000000000000e+02
6.240000000000000000e+02
6.080000000000000000e+02
6.120000000000000000e+02
