6.880000000000000000e+02
6.880000000000000000e+02
6.970000000000000000e+02
5.840000000000000000e+02
5.720000000000000000e+02
5.760000000000000000e+02
5.760000000000000000e+02
5.680000000000000000e+02
5.320000000000000000e+02
5.720000000000000000e+02
5.560000000000000000e+02
5.640000000000000000e+02
5.760000000000000000e+02
5.840000000000000000e+02
5.800000000000000000e+02
5.280000000000000000e+02
5.240000000000000000e+02
5.800000000000000000e+02
5.800000000000000000e+02
5.720000000000000000e+02
5.520000000000000000e+02
5.520000000000000000e+02
5.470000000000000000e+02
5.400000000000000000e+02
5.240000000000000000e+02
5.280000000000000000e+02
5.760000000000000000e+02
5.680000000000000000e+02
5.746666666666666288e+02
5.560000000000000000e+02
6.120000000000000000e+02
6.173333333333333712e+02
7.000000000000000000e+02
6.060000000000000000e+02
6.000000000000000000e+02
5.800000000000000000e+02
5.710000000000000000e+02
5.360000000000000000e+02
5.240000000000000000e+02
5.320000000000000000e+02
5.440000000000000000e+02
5.520000000000000000e+02
5.560000000000000000e+02
6.320000000000000000e+02
5.480000000000000000e+02
5.760000000000000000e+02
5.760000000000000000e+02
5.240000000000000000e+02
5.760000000000000000e+02
5.760000000000000000e+02
5.746666666666666288e+02
5.290000000000000000e+02
6.280000000000000000e+02
6.240000000000000000e+02
5.600000000000000000e+02
5.480000000000000000e+02
5.360000000000000000e+02
5.280000000000000000e+02
5.320000000000000000e+02
5.280000000000000000e+02
5.800000000000000000e+02
7.080000000000000000e+02
5.960000000000000000e+02
5.960000000000000000e+02
5.920000000000000000e+02
7.080000000000000000e+02
7.080000000000000000e+02
5.760000000000000000e+02
5.760000000000000000e+02
5.270000000000000000e+02
5.360000000000000000e+02
5.280000000000000000e+02
5.560000000000000000e+02
5.560000000000000000e+02
5.760000000000000000e+02
7.960000000000000000e+02
5.346666666666666288e+02
5.720000000000000000e+02
5.800000000000000000e+02
5.760000000000000000e+02
6.520000000000000000e+02
6.520000000000000000e+02
5.210000000000000000e+02
5.440000000000000000e+02
5.720000000000000000e+02
5.360000000000000000e+02
5.560000000000000000e+02
5.560000000000000000e+02
5.600000000000000000e+02
5.480000000000000000e+02
5.320000000000000000e+02
5.200000000000000000e+02
7.120000000000000000e+02
7.120000000000000000e+02
7.120000000000000000e+02
5.840000000000000000e+02
6.000000000000000000e+02
7.093333333333333712e+02
7.080000000000000000e+02
7.120000000000000000e+02
5.330000000000000000e+02
5.360000000000000000e+02
5.630000000000000000e+02
5.560000000000000000e+02
5.560000000000000000e+02
5.440000000000000000e+02
5.560000000000000000e+02
5.600000000000000000e+02
6.440000000000000000e+02
5.320000000000000000e+02
5.720000000000000000e+02
5.640000000000000000e+02
5.680000000000000000e+02
5.600000000000000000e+02
5.320000000000000000e+02
5.680000000000000000e+02
5.400000000000000000e+02
5.440000000000000000e+02
5.560000000000000000e+02
5.520000000000000000e+02
5.466666666666666288e+02
5.360000000000000000e+02
6.670000000000000000e+02
6.760000000000000000e+02
5.760000000000000000e+02
5.760000000000000000e+02
7.160000000000000000e+02
5.880000000000000000e+02
5.920000000000000000e+02
5.800000000000000000e+02
5.800000000000000000e+02
5.720000000000000000e+02
5.760000000000000000e+02
5.440000000000000000e+02
5.240000000000000000e+02
5.240000000000000000e+02
5.120000000000000000e+02
5.120000000000000000e+02
5.160000000000000000e+02
5.200000000000000000e+02
5.200000000000000000e+02
5.210000000000000000e+02
5.500000000000000000e+02
5.720000000000000000e+02
6.120000000000000000e+02
5.640000000000000000e+02
5.560000000000000000e+02
5.200000000000000000e+02
5.120000000000000000e+02
5.080000000000000000e+02
5.120000000000000000e+02
5.120000000000000000e+02
5.140000000000000000e+02
5.070000000000000000e+02
5.120000000000000000e+02
6.640000000000000000e+02
5.680000000000000000e+02
5.750000000000000000e+02
6.930000000000000000e+02
7.120000000000000000e+02
5.800000000000000000e+02
7.213333333333333712e+02
5.730000000000000000e+02
5.760000000000000000e+02
6.640000000000000000e+02
6.600000000000000000e+02
5.120000000000000000e+02
5.080000000000000000e+02
5.120000000000000000e+02
5.120000000000000000e+02
5.080000000000000000e+02
5.120000000000000000e+02
5.080000000000000000e+02
5.440000000000000000e+02
5.600000000000000000e+02
5.560000000000000000e+02
6.253333333333333712e+02
5.600000000000000000e+02
5.440000000000000000e+02
5.600000000000000000e+02
5.200000000000000000e+02
5.160000000000000000e+02
5.160000000000000000e+02
5.480000000000000000e+02
5.640000000000000000e+02
5.640000000000000000e+02
6.600000000000000000e+02
5.640000000000000000e+02
5.680000000000000000e+02
5.680000000000000000e+02
5.720000000000000000e+02
7.120000000000000000e+02
7.160000000000000000e+02
7.180000000000000000e+02
5.760000000000000000e+02
5.680000000000000000e+02
5.640000000000000000e+02
5.640000000000000000e+02
5.560000000000000000e+02
5.640000000000000000e+02
5.520000000000000000e+02
5.200000000000000000e+02
5.200000000000000000e+02
5.200000000000000000e+02
5.400000000000000000e+02
5.240000000000000000e+02
5.360000000000000000e+02
5.490000000000000000e+02
5.480000000000000000e+02
5.440000000000000000e+02
5.320000000000000000e+02
5.720000000000000000e+02
5.520000000000000000e+02
5.040000000000000000e+02
5.080000000000000000e+02
5.440000000000000000e+02
5.460000000000000000e+02
5.280000000000000000e+02
5.320000000000000000e+02
6.680000000000000000e+02
6.680000000000000000e+02
7.000000000000000000e+02
7.200000000000000000e+02
7.200000000000000000e+02
7.160000000000000000e+02
7.200000000000000000e+02
7.160000000000000000e+02
5.800000000000000000e+02
5.880000000000000000e+02
5.280000000000000000e+02
5.320000000000000000e+02
5.400000000000000000e+02
5.480000000000000000e+02
5.520000000000000000e+02
5.400000000000000000e+02
5.480000000000000000e+02
5.653333333333333712e+02
5.800000000000000000e+02
5.170000000000000000e+02
5.640000000000000000e+02
5.640000000000000000e+02
5.680000000000000000e+02
5.680000000000000000e+02
5.720000000000000000e+02
7.960000000000000000e+02
5.640000000000000000e+02
5.680000000000000000e+02
5.613333333333333712e+02
5.280000000000000000e+02
5.480000000000000000e+02
5.386666666666666288e+02
5.400000000000000000e+02
5.680000000000000000e+02
5.800000000000000000e+02
7.240000000000000000e+02
5.960000000000000000e+02
