7.960000000000000000e+02
7.960000000000000000e+02
7.960000000000000000e+02
7.626666666666666288e+02
7.880000000000000000e+02
7.880000000000000000e+02
7.880000000000000000e+02
7.880000000000000000e+02
7.920000000000000000e+02
7.920000000000000000e+02
7.520000000000000000e+02
7.400000000000000000e+02
7.386666666666666288e+02
7.960000000000000000e+02
7.960000000000000000e+02
7.960000000000000000e+02
7.960000000000000000e+02
7.960000000000000000e+02
7.320000000000000000e+02
7.386666666666666288e+02
7.360000000000000000e+02
7.320000000000000000e+02
7.350000000000000000e+02
7.960000000000000000e+02
7.840000000000000000e+02
7.890000000000000000e+02
7.880000000000000000e+02
7.813333333333333712e+02
7.880000000000000000e+02
7.960000000000000000e+02
7.800000000000000000e+02
7.493333333333333712e+02
7.440000000000000000e+02
7.960000000000000000e+02
7.950000000000000000e+02
7.840000000000000000e+02
7.960000000000000000e+02
7.680000000000000000e+02
7.720000000000000000e+02
7.840000000000000000e+02
7.850000000000000000e+02
7.800000000000000000e+02
7.906666666666666288e+02
7.960000000000000000e+02
5.413333333333333712e+02
6.773333333333333712e+02
6.720000000000000000e+02
7.660000000000000000e+02
6.960000000000000000e+02
5.450000000000000000e+02
5.440000000000000000e+02
5.426666666666666288e+02
7.610000000000000000e+02
7.960000000000000000e+02
7.893333333333333712e+02
7.960000000000000000e+02
7.840000000000000000e+02
7.920000000000000000e+02
7.720000000000000000e+02
7.960000000000000000e+02
7.960000000000000000e+02
7.920000000000000000e+02
7.680000000000000000e+02
7.946666666666666288e+02
7.570000000000000000e+02
7.960000000000000000e+02
7.880000000000000000e+02
7.920000000000000000e+02
7.820000000000000000e+02
7.960000000000000000e+02
7.960000000000000000e+02
7.960000000000000000e+02
7.960000000000000000e+02
7.880000000000000000e+02
7.960000000000000000e+02
7.940000000000000000e+02
7.586666666666666288e+02
5.360000000000000000e+02
7.560000000000000000e+02
7.680000000000000000e+02
5.546666666666666288e+02
7.480000000000000000e+02
7.480000000000000000e+02
7.493333333333333712e+02
7.960000000000000000e+02
7.850000000000000000e+02
7.900000000000000000e+02
7.890000000000000000e+02
7.930000000000000000e+02
7.840000000000000000e+02
7.880000000000000000e+02
7.773333333333333712e+02
7.960000000000000000e+02
7.960000000000000000e+02
7.920000000000000000e+02
7.640000000000000000e+02
7.520000000000000000e+02
7.880000000000000000e+02
7.826666666666666288e+02
7.800000000000000000e+02
7.840000000000000000e+02
7.840000000000000000e+02
7.760000000000000000e+02
7.900000000000000000e+02
7.920000000000000000e+02
7.826666666666666288e+02
7.650000000000000000e+02
7.620000000000000000e+02
7.920000000000000000e+02
7.600000000000000000e+02
7.960000000000000000e+02
5.800000000000000000e+02
5.773333333333333712e+02
5.880000000000000000e+02
7.600000000000000000e+02
7.960000000000000000e+02
7.960000000000000000e+02
7.680000000000000000e+02
7.960000000000000000e+02
7.650000000000000000e+02
7.960000000000000000e+02
7.670000000000000000e+02
7.800000000000000000e+02
7.870000000000000000e+02
7.760000000000000000e+02
7.920000000000000000e+02
7.960000000000000000e+02
7.920000000000000000e+02
7.960000000000000000e+02
7.940000000000000000e+02
7.960000000000000000e+02
7.720000000000000000e+02
7.693333333333333712e+02
7.960000000000000000e+02
7.960000000000000000e+02
7.640000000000000000e+02
7.960000000000000000e+02
7.960000000000000000e+02
7.640000000000000000e+02
7.620000000000000000e+02
7.630000000000000000e+02
7.600000000000000000e+02
7.600000000000000000e+02
7.520000000000000000e+02
7.400000000000000000e+02
7.430000000000000000e+02
7.520000000000000000e+02
7.480000000000000000e+02
7.560000000000000000e+02
7.960000000000000000e+02
7.960000000000000000e+02
7.960000000000000000e+02
7.960000000000000000e+02
7.960000000000000000e+02
7.960000000000000000e+02
7.960000000000000000e+02
7.960000000000000000e+02
7.960000000000000000e+02
7.800000000000000000e+02
7.880000000000000000e+02
7.880000000000000000e+02
7.880000000000000000e+02
7.880000000000000000e+02
7.840000000000000000e+02
7.960000000000000000e+02
7.960000000000000000e+02
7.960000000000000000e+02
7.960000000000000000e+02
7.940000000000000000e+02
7.580000000000000000e+02
7.520000000000000000e+02
7.586666666666666288e+02
7.960000000000000000e+02
7.400000000000000000e+02
6.910000000000000000e+02
7.453333333333333712e+02
7.493333333333333712e+02
7.533333333333333712e+02
7.840000000000000000e+02
7.920000000000000000e+02
7.453333333333333712e+02
6.800000000000000000e+02
7.540000000000000000e+02
7.586666666666666288e+02
7.960000000000000000e+02
7.960000000000000000e+02
7.960000000000000000e+02
7.920000000000000000e+02
7.840000000000000000e+02
7.840000000000000000e+02
7.840000000000000000e+02
7.840000000000000000e+02
7.840000000000000000e+02
7.840000000000000000e+02
7.800000000000000000e+02
7.840000000000000000e+02
7.880000000000000000e+02
7.840000000000000000e+02
7.880000000000000000e+02
7.880000000000000000e+02
7.880000000000000000e+02
7.800000000000000000e+02
6.866666666666666288e+02
6.906666666666666288e+02
7.440000000000000000e+02
7.946666666666666288e+02
7.750000000000000000e+02
7.880000000000000000e+02
7.840000000000000000e+02
7.800000000000000000e+02
7.820000000000000000e+02
7.760000000000000000e+02
7.920000000000000000e+02
7.820000000000000000e+02
7.460000000000000000e+02
7.440000000000000000e+02
7.426666666666666288e+02
7.840000000000000000e+02
7.840000000000000000e+02
7.880000000000000000e+02
7.840000000000000000e+02
7.840000000000000000e+02
7.840000000000000000e+02
7.880000000000000000e+02
7.840000000000000000e+02
7.840000000000000000e+02
7.880000000000000000e+02
7.880000000000000000e+02
7.840000000000000000e+02
7.800000000000000000e+02
7.840000000000000000e+02
7.920000000000000000e+02
7.600000000000000000e+02
7.360000000000000000e+02
7.920000000000000000e+02
7.050000000000000000e+02
7.906666666666666288e+02
7.800000000000000000e+02
7.826666666666666288e+02
7.733333333333333712e+02
7.960000000000000000e+02
7.850000000000000000e+02
7.960000000000000000e+02
7.840000000000000000e+02
7.160000000000000000e+02
7.800000000000000000e+02
7.960000000000000000e+02
7.960000000000000000e+02
7.960000000000000000e+02
7.960000000000000000e+02
7.960000000000000000e+02
7.840000000000000000e+02
7.880000000000000000e+02
7.960000000000000000e+02
7.840000000000000000e+02
7.840000000000000000e+02
