7.960000000000000000e+02
7.960000000000000000e+02
7.960000000000000000e+02
7.960000000000000000e+02
7.800000000000000000e+02
7.880000000000000000e+02
7.960000000000000000e+02
7.880000000000000000e+02
7.920000000000000000e+02
7.920000000000000000e+02
7.400000000000000000e+02
7.360000000000000000e+02
7.960000000000000000e+02
7.960000000000000000e+02
7.960000000000000000e+02
7.960000000000000000e+02
7.960000000000000000e+02
7.960000000000000000e+02
7.960000000000000000e+02
7.386666666666666288e+02
7.360000000000000000e+02
7.360000000000000000e+02
7.400000000000000000e+02
7.960000000000000000e+02
7.880000000000000000e+02
7.800000000000000000e+02
7.800000000000000000e+02
7.960000000000000000e+02
7.880000000000000000e+02
7.960000000000000000e+02
7.960000000000000000e+02
7.550000000000000000e+02
6.800000000000000000e+02
7.960000000000000000e+02
7.960000000000000000e+02
7.720000000000000000e+02
7.960000000000000000e+02
7.760000000000000000e+02
7.680000000000000000e+02
7.960000000000000000e+02
7.750000000000000000e+02
7.760000000000000000e+02
7.746666666666666288e+02
7.960000000000000000e+02
6.820000000000000000e+02
6.773333333333333712e+02
6.780000000000000000e+02
7.150000000000000000e+02
7.040000000000000000e+02
5.400000000000000000e+02
5.400000000000000000e+02
5.426666666666666288e+02
7.520000000000000000e+02
7.730000000000000000e+02
7.820000000000000000e+02
7.950000000000000000e+02
7.880000000000000000e+02
7.910000000000000000e+02
7.880000000000000000e+02
7.813333333333333712e+02
7.960000000000000000e+02
7.920000000000000000e+02
7.680000000000000000e+02
7.946666666666666288e+02
7.570000000000000000e+02
7.960000000000000000e+02
7.960000000000000000e+02
7.650000000000000000e+02
7.820000000000000000e+02
7.840000000000000000e+02
7.960000000000000000e+02
7.960000000000000000e+02
7.960000000000000000e+02
7.893333333333333712e+02
7.960000000000000000e+02
7.870000000000000000e+02
6.780000000000000000e+02
5.400000000000000000e+02
5.360000000000000000e+02
7.600000000000000000e+02
7.520000000000000000e+02
7.510000000000000000e+02
7.520000000000000000e+02
7.560000000000000000e+02
7.560000000000000000e+02
7.720000000000000000e+02
7.920000000000000000e+02
7.840000000000000000e+02
7.930000000000000000e+02
7.840000000000000000e+02
7.893333333333333712e+02
7.840000000000000000e+02
7.960000000000000000e+02
7.960000000000000000e+02
7.960000000000000000e+02
7.660000000000000000e+02
7.520000000000000000e+02
7.880000000000000000e+02
7.860000000000000000e+02
7.880000000000000000e+02
7.800000000000000000e+02
7.866666666666666288e+02
7.840000000000000000e+02
7.950000000000000000e+02
7.960000000000000000e+02
7.826666666666666288e+02
7.760000000000000000e+02
7.620000000000000000e+02
7.866666666666666288e+02
7.480000000000000000e+02
7.500000000000000000e+02
5.800000000000000000e+02
7.960000000000000000e+02
7.813333333333333712e+02
7.613333333333333712e+02
7.560000000000000000e+02
7.960000000000000000e+02
7.960000000000000000e+02
7.930000000000000000e+02
7.650000000000000000e+02
7.640000000000000000e+02
7.960000000000000000e+02
7.960000000000000000e+02
7.900000000000000000e+02
7.920000000000000000e+02
7.880000000000000000e+02
7.850000000000000000e+02
7.480000000000000000e+02
7.960000000000000000e+02
7.960000000000000000e+02
7.960000000000000000e+02
7.960000000000000000e+02
7.880000000000000000e+02
7.960000000000000000e+02
7.960000000000000000e+02
7.960000000000000000e+02
7.960000000000000000e+02
7.960000000000000000e+02
7.960000000000000000e+02
7.600000000000000000e+02
7.560000000000000000e+02
7.560000000000000000e+02
7.520000000000000000e+02
7.520000000000000000e+02
6.880000000000000000e+02
7.440000000000000000e+02
7.550000000000000000e+02
7.520000000000000000e+02
7.560000000000000000e+02
7.960000000000000000e+02
7.960000000000000000e+02
7.960000000000000000e+02
7.960000000000000000e+02
7.960000000000000000e+02
7.960000000000000000e+02
7.960000000000000000e+02
7.960000000000000000e+02
7.960000000000000000e+02
7.800000000000000000e+02
7.880000000000000000e+02
7.880000000000000000e+02
7.880000000000000000e+02
7.880000000000000000e+02
7.840000000000000000e+02
7.960000000000000000e+02
7.960000000000000000e+02
7.960000000000000000e+02
7.960000000000000000e+02
7.746666666666666288e+02
7.630000000000000000e+02
7.960000000000000000e+02
7.500000000000000000e+02
7.520000000000000000e+02
7.400000000000000000e+02
7.440000000000000000e+02
7.540000000000000000e+02
7.520000000000000000e+02
7.530000000000000000e+02
7.960000000000000000e+02
7.960000000000000000e+02
7.400000000000000000e+02
6.800000000000000000e+02
7.540000000000000000e+02
7.960000000000000000e+02
7.960000000000000000e+02
7.960000000000000000e+02
7.840000000000000000e+02
7.960000000000000000e+02
7.840000000000000000e+02
7.840000000000000000e+02
7.840000000000000000e+02
7.840000000000000000e+02
7.840000000000000000e+02
7.840000000000000000e+02
7.840000000000000000e+02
7.840000000000000000e+02
7.880000000000000000e+02
7.880000000000000000e+02
7.880000000000000000e+02
7.920000000000000000e+02
7.920000000000000000e+02
6.840000000000000000e+02
7.500000000000000000e+02
6.860000000000000000e+02
7.450000000000000000e+02
7.430000000000000000e+02
7.840000000000000000e+02
7.920000000000000000e+02
7.840000000000000000e+02
7.800000000000000000e+02
7.800000000000000000e+02
7.760000000000000000e+02
7.920000000000000000e+02
7.920000000000000000e+02
7.960000000000000000e+02
7.340000000000000000e+02
7.440000000000000000e+02
7.420000000000000000e+02
7.800000000000000000e+02
7.920000000000000000e+02
7.840000000000000000e+02
7.820000000000000000e+02
7.840000000000000000e+02
7.880000000000000000e+02
7.840000000000000000e+02
7.840000000000000000e+02
7.840000000000000000e+02
7.840000000000000000e+02
7.880000000000000000e+02
7.880000000000000000e+02
7.880000000000000000e+02
7.960000000000000000e+02
7.586666666666666288e+02
7.360000000000000000e+02
7.920000000000000000e+02
7.220000000000000000e+02
7.880000000000000000e+02
7.940000000000000000e+02
7.820000000000000000e+02
7.800000000000000000e+02
7.940000000000000000e+02
7.890000000000000000e+02
7.960000000000000000e+02
7.920000000000000000e+02
7.820000000000000000e+02
7.800000000000000000e+02
7.760000000000000000e+02
7.960000000000000000e+02
7.960000000000000000e+02
7.920000000000000000e+02
7.960000000000000000e+02
7.950000000000000000e+02
7.880000000000000000e+02
7.920000000000000000e+02
7.840000000000000000e+02
7.880000000000000000e+02
