7.960000000000000000e+02
7.960000000000000000e+02
7.920000000000000000e+02
7.960000000000000000e+02
7.960000000000000000e+02
7.880000000000000000e+02
7.840000000000000000e+02
7.880000000000000000e+02
7.920000000000000000e+02
7.920000000000000000e+02
7.400000000000000000e+02
7.360000000000000000e+02
7.410000000000000000e+02
7.960000000000000000e+02
7.960000000000000000e+02
7.960000000000000000e+02
7.920000000000000000e+02
7.960000000000000000e+02
7.360000000000000000e+02
7.920000000000000000e+02
7.360000000000000000e+02
7.330000000000000000e+02
7.400000000000000000e+02
7.960000000000000000e+02
7.840000000000000000e+02
7.890000000000000000e+02
7.880000000000000000e+02
7.920000000000000000e+02
7.880000000000000000e+02
7.960000000000000000e+02
7.960000000000000000e+02
7.493333333333333712e+02
6.800000000000000000e+02
7.960000000000000000e+02
7.960000000000000000e+02
7.880000000000000000e+02
7.960000000000000000e+02
7.680000000000000000e+02
7.720000000000000000e+02
7.840000000000000000e+02
7.750000000000000000e+02
7.800000000000000000e+02
7.746666666666666288e+02
7.860000000000000000e+02
6.820000000000000000e+02
6.800000000000000000e+02
6.740000000000000000e+02
7.093333333333333712e+02
7.370000000000000000e+02
5.450000000000000000e+02
5.400000000000000000e+02
5.440000000000000000e+02
7.720000000000000000e+02
7.600000000000000000e+02
7.800000000000000000e+02
7.960000000000000000e+02
7.870000000000000000e+02
7.880000000000000000e+02
7.960000000000000000e+02
7.950000000000000000e+02
7.960000000000000000e+02
7.900000000000000000e+02
7.680000000000000000e+02
7.860000000000000000e+02
7.626666666666666288e+02
7.960000000000000000e+02
7.920000000000000000e+02
7.920000000000000000e+02
7.880000000000000000e+02
7.760000000000000000e+02
7.960000000000000000e+02
7.960000000000000000e+02
7.960000000000000000e+02
7.860000000000000000e+02
7.960000000000000000e+02
7.940000000000000000e+02
6.890000000000000000e+02
5.400000000000000000e+02
7.560000000000000000e+02
7.600000000000000000e+02
7.440000000000000000e+02
7.480000000000000000e+02
7.520000000000000000e+02
7.960000000000000000e+02
7.800000000000000000e+02
7.960000000000000000e+02
7.920000000000000000e+02
7.960000000000000000e+02
7.930000000000000000e+02
7.840000000000000000e+02
7.880000000000000000e+02
7.840000000000000000e+02
7.960000000000000000e+02
7.960000000000000000e+02
7.960000000000000000e+02
7.613333333333333712e+02
7.560000000000000000e+02
7.840000000000000000e+02
7.826666666666666288e+02
7.800000000000000000e+02
7.840000000000000000e+02
7.866666666666666288e+02
7.880000000000000000e+02
7.906666666666666288e+02
7.960000000000000000e+02
7.840000000000000000e+02
7.960000000000000000e+02
7.960000000000000000e+02
7.920000000000000000e+02
7.620000000000000000e+02
7.500000000000000000e+02
5.800000000000000000e+02
7.960000000000000000e+02
7.520000000000000000e+02
7.600000000000000000e+02
7.800000000000000000e+02
7.840000000000000000e+02
7.680000000000000000e+02
7.960000000000000000e+02
7.930000000000000000e+02
7.960000000000000000e+02
7.960000000000000000e+02
7.800000000000000000e+02
7.840000000000000000e+02
7.800000000000000000e+02
7.880000000000000000e+02
7.960000000000000000e+02
7.920000000000000000e+02
7.920000000000000000e+02
7.960000000000000000e+02
7.960000000000000000e+02
7.960000000000000000e+02
7.880000000000000000e+02
7.660000000000000000e+02
7.960000000000000000e+02
7.960000000000000000e+02
7.960000000000000000e+02
7.960000000000000000e+02
7.610000000000000000e+02
7.530000000000000000e+02
7.630000000000000000e+02
7.600000000000000000e+02
7.520000000000000000e+02
7.520000000000000000e+02
7.440000000000000000e+02
7.493333333333333712e+02
7.453333333333333712e+02
7.510000000000000000e+02
7.520000000000000000e+02
7.960000000000000000e+02
7.960000000000000000e+02
7.960000000000000000e+02
7.960000000000000000e+02
7.960000000000000000e+02
7.960000000000000000e+02
7.960000000000000000e+02
7.960000000000000000e+02
7.960000000000000000e+02
7.960000000000000000e+02
7.840000000000000000e+02
7.880000000000000000e+02
7.840000000000000000e+02
7.880000000000000000e+02
7.840000000000000000e+02
7.960000000000000000e+02
7.960000000000000000e+02
7.960000000000000000e+02
7.960000000000000000e+02
7.940000000000000000e+02
7.550000000000000000e+02
7.960000000000000000e+02
7.440000000000000000e+02
7.480000000000000000e+02
7.390000000000000000e+02
7.440000000000000000e+02
7.470000000000000000e+02
7.520000000000000000e+02
7.680000000000000000e+02
7.840000000000000000e+02
7.920000000000000000e+02
7.440000000000000000e+02
7.386666666666666288e+02
7.540000000000000000e+02
7.586666666666666288e+02
7.960000000000000000e+02
7.960000000000000000e+02
7.960000000000000000e+02
7.960000000000000000e+02
7.840000000000000000e+02
7.840000000000000000e+02
7.840000000000000000e+02
7.840000000000000000e+02
7.840000000000000000e+02
7.840000000000000000e+02
7.800000000000000000e+02
7.840000000000000000e+02
7.840000000000000000e+02
7.880000000000000000e+02
7.880000000000000000e+02
7.920000000000000000e+02
7.920000000000000000e+02
6.853333333333333712e+02
7.500000000000000000e+02
7.960000000000000000e+02
7.440000000000000000e+02
7.426666666666666288e+02
7.880000000000000000e+02
7.920000000000000000e+02
7.840000000000000000e+02
7.740000000000000000e+02
7.820000000000000000e+02
7.950000000000000000e+02
7.920000000000000000e+02
7.960000000000000000e+02
7.960000000000000000e+02
7.340000000000000000e+02
7.440000000000000000e+02
7.840000000000000000e+02
7.840000000000000000e+02
7.930000000000000000e+02
7.840000000000000000e+02
7.880000000000000000e+02
7.840000000000000000e+02
7.880000000000000000e+02
7.840000000000000000e+02
7.840000000000000000e+02
7.840000000000000000e+02
7.840000000000000000e+02
7.840000000000000000e+02
7.800000000000000000e+02
7.840000000000000000e+02
7.960000000000000000e+02
7.600000000000000000e+02
7.640000000000000000e+02
7.910000000000000000e+02
7.140000000000000000e+02
7.880000000000000000e+02
7.800000000000000000e+02
7.760000000000000000e+02
7.800000000000000000e+02
7.900000000000000000e+02
7.890000000000000000e+02
7.920000000000000000e+02
7.920000000000000000e+02
7.960000000000000000e+02
6.960000000000000000e+02
7.960000000000000000e+02
7.960000000000000000e+02
7.960000000000000000e+02
7.960000000000000000e+02
7.960000000000000000e+02
7.840000000000000000e+02
7.880000000000000000e+02
7.960000000000000000e+02
7.840000000000000000e+02
7.840000000000000000e+02
