7.960000000000000000e+02
7.960000000000000000e+02
7.960000000000000000e+02
7.960000000000000000e+02
7.960000000000000000e+02
7.840000000000000000e+02
7.960000000000000000e+02
7.880000000000000000e+02
7.920000000000000000e+02
7.920000000000000000e+02
7.400000000000000000e+02
7.400000000000000000e+02
7.920000000000000000e+02
7.960000000000000000e+02
7.960000000000000000e+02
7.960000000000000000e+02
7.960000000000000000e+02
7.960000000000000000e+02
7.960000000000000000e+02
7.320000000000000000e+02
7.320000000000000000e+02
7.320000000000000000e+02
7.920000000000000000e+02
7.960000000000000000e+02
7.880000000000000000e+02
7.800000000000000000e+02
7.880000000000000000e+02
7.960000000000000000e+02
7.880000000000000000e+02
7.960000000000000000e+02
7.880000000000000000e+02
7.490000000000000000e+02
7.440000000000000000e+02
7.960000000000000000e+02
7.940000000000000000e+02
7.800000000000000000e+02
7.650000000000000000e+02
7.680000000000000000e+02
7.720000000000000000e+02
7.960000000000000000e+02
7.850000000000000000e+02
7.800000000000000000e+02
7.906666666666666288e+02
7.960000000000000000e+02
6.760000000000000000e+02
6.720000000000000000e+02
6.780000000000000000e+02
7.093333333333333712e+02
7.040000000000000000e+02
5.413333333333333712e+02
5.440000000000000000e+02
5.426666666666666288e+02
7.520000000000000000e+02
7.960000000000000000e+02
7.820000000000000000e+02
7.880000000000000000e+02
7.760000000000000000e+02
7.880000000000000000e+02
7.720000000000000000e+02
7.960000000000000000e+02
7.960000000000000000e+02
7.960000000000000000e+02
7.706666666666666288e+02
7.860000000000000000e+02
7.960000000000000000e+02
7.910000000000000000e+02
7.880000000000000000e+02
7.960000000000000000e+02
7.880000000000000000e+02
7.840000000000000000e+02
7.960000000000000000e+02
7.960000000000000000e+02
7.960000000000000000e+02
7.880000000000000000e+02
7.960000000000000000e+02
7.940000000000000000e+02
6.890000000000000000e+02
7.510000000000000000e+02
7.720000000000000000e+02
7.680000000000000000e+02
7.640000000000000000e+02
7.510000000000000000e+02
7.520000000000000000e+02
7.493333333333333712e+02
7.800000000000000000e+02
7.680000000000000000e+02
7.880000000000000000e+02
7.840000000000000000e+02
7.960000000000000000e+02
7.840000000000000000e+02
7.960000000000000000e+02
7.960000000000000000e+02
7.960000000000000000e+02
7.960000000000000000e+02
7.960000000000000000e+02
7.640000000000000000e+02
7.520000000000000000e+02
7.840000000000000000e+02
7.920000000000000000e+02
7.880000000000000000e+02
7.800000000000000000e+02
7.813333333333333712e+02
7.880000000000000000e+02
7.950000000000000000e+02
7.960000000000000000e+02
7.840000000000000000e+02
7.680000000000000000e+02
7.620000000000000000e+02
7.866666666666666288e+02
7.626666666666666288e+02
7.620000000000000000e+02
5.830000000000000000e+02
7.960000000000000000e+02
7.813333333333333712e+02
7.570000000000000000e+02
7.950000000000000000e+02
7.960000000000000000e+02
7.680000000000000000e+02
7.930000000000000000e+02
7.960000000000000000e+02
7.960000000000000000e+02
7.960000000000000000e+02
7.800000000000000000e+02
7.870000000000000000e+02
7.760000000000000000e+02
7.800000000000000000e+02
7.880000000000000000e+02
7.400000000000000000e+02
7.946666666666666288e+02
7.940000000000000000e+02
7.960000000000000000e+02
7.720000000000000000e+02
7.960000000000000000e+02
7.653333333333333712e+02
7.960000000000000000e+02
7.640000000000000000e+02
7.960000000000000000e+02
7.960000000000000000e+02
7.610000000000000000e+02
7.530000000000000000e+02
7.520000000000000000e+02
7.600000000000000000e+02
7.520000000000000000e+02
7.520000000000000000e+02
6.880000000000000000e+02
7.440000000000000000e+02
7.520000000000000000e+02
7.510000000000000000e+02
7.960000000000000000e+02
7.960000000000000000e+02
7.960000000000000000e+02
7.960000000000000000e+02
7.960000000000000000e+02
7.960000000000000000e+02
7.960000000000000000e+02
7.960000000000000000e+02
7.960000000000000000e+02
7.960000000000000000e+02
7.960000000000000000e+02
7.880000000000000000e+02
7.880000000000000000e+02
7.880000000000000000e+02
7.840000000000000000e+02
7.840000000000000000e+02
7.960000000000000000e+02
7.960000000000000000e+02
7.960000000000000000e+02
7.960000000000000000e+02
7.746666666666666288e+02
7.580000000000000000e+02
7.960000000000000000e+02
7.520000000000000000e+02
7.520000000000000000e+02
7.390000000000000000e+02
6.910000000000000000e+02
7.470000000000000000e+02
7.520000000000000000e+02
7.680000000000000000e+02
7.840000000000000000e+02
7.920000000000000000e+02
7.440000000000000000e+02
7.430000000000000000e+02
7.800000000000000000e+02
7.960000000000000000e+02
7.960000000000000000e+02
7.960000000000000000e+02
7.960000000000000000e+02
7.840000000000000000e+02
7.880000000000000000e+02
7.840000000000000000e+02
7.840000000000000000e+02
7.840000000000000000e+02
7.840000000000000000e+02
7.800000000000000000e+02
7.840000000000000000e+02
7.840000000000000000e+02
7.880000000000000000e+02
7.840000000000000000e+02
7.880000000000000000e+02
7.880000000000000000e+02
7.920000000000000000e+02
7.800000000000000000e+02
7.460000000000000000e+02
6.860000000000000000e+02
7.440000000000000000e+02
7.946666666666666288e+02
7.880000000000000000e+02
7.900000000000000000e+02
7.840000000000000000e+02
7.800000000000000000e+02
7.830000000000000000e+02
7.880000000000000000e+02
7.960000000000000000e+02
7.880000000000000000e+02
7.520000000000000000e+02
7.400000000000000000e+02
7.440000000000000000e+02
7.840000000000000000e+02
7.840000000000000000e+02
7.880000000000000000e+02
7.840000000000000000e+02
7.820000000000000000e+02
7.840000000000000000e+02
7.880000000000000000e+02
7.840000000000000000e+02
7.840000000000000000e+02
7.880000000000000000e+02
7.840000000000000000e+02
7.840000000000000000e+02
7.880000000000000000e+02
7.880000000000000000e+02
7.960000000000000000e+02
7.586666666666666288e+02
7.680000000000000000e+02
7.600000000000000000e+02
7.050000000000000000e+02
7.120000000000000000e+02
7.940000000000000000e+02
7.760000000000000000e+02
7.800000000000000000e+02
7.920000000000000000e+02
7.850000000000000000e+02
7.900000000000000000e+02
7.920000000000000000e+02
7.820000000000000000e+02
7.800000000000000000e+02
7.540000000000000000e+02
7.960000000000000000e+02
7.960000000000000000e+02
7.920000000000000000e+02
7.960000000000000000e+02
7.960000000000000000e+02
7.880000000000000000e+02
7.960000000000000000e+02
7.840000000000000000e+02
7.840000000000000000e+02
