7.960000000000000000e+02
7.960000000000000000e+02
7.920000000000000000e+02
7.960000000000000000e+02
7.880000000000000000e+02
7.880000000000000000e+02
7.960000000000000000e+02
7.880000000000000000e+02
7.920000000000000000e+02
7.920000000000000000e+02
7.373333333333333712e+02
7.400000000000000000e+02
7.960000000000000000e+02
7.960000000000000000e+02
7.960000000000000000e+02
7.960000000000000000e+02
7.960000000000000000e+02
7.960000000000000000e+02
7.960000000000000000e+02
7.320000000000000000e+02
7.360000000000000000e+02
7.330000000000000000e+02
7.950000000000000000e+02
7.840000000000000000e+02
7.840000000000000000e+02
7.800000000000000000e+02
7.840000000000000000e+02
7.920000000000000000e+02
7.920000000000000000e+02
7.960000000000000000e+02
7.800000000000000000e+02
7.960000000000000000e+02
7.360000000000000000e+02
7.960000000000000000e+02
7.960000000000000000e+02
7.880000000000000000e+02
7.650000000000000000e+02
7.760000000000000000e+02
7.680000000000000000e+02
7.960000000000000000e+02
7.786666666666666288e+02
7.690000000000000000e+02
7.733333333333333712e+02
7.960000000000000000e+02
5.413333333333333712e+02
6.720000000000000000e+02
6.730000000000000000e+02
7.150000000000000000e+02
7.370000000000000000e+02
5.450000000000000000e+02
5.440000000000000000e+02
5.426666666666666288e+02
7.520000000000000000e+02
7.600000000000000000e+02
7.820000000000000000e+02
7.890000000000000000e+02
7.870000000000000000e+02
7.880000000000000000e+02
7.960000000000000000e+02
7.960000000000000000e+02
7.960000000000000000e+02
7.920000000000000000e+02
7.680000000000000000e+02
7.960000000000000000e+02
7.960000000000000000e+02
7.920000000000000000e+02
7.920000000000000000e+02
7.680000000000000000e+02
7.780000000000000000e+02
7.960000000000000000e+02
7.960000000000000000e+02
7.960000000000000000e+02
7.960000000000000000e+02
7.880000000000000000e+02
7.960000000000000000e+02
5.760000000000000000e+02
7.586666666666666288e+02
7.510000000000000000e+02
7.560000000000000000e+02
7.600000000000000000e+02
5.546666666666666288e+02
7.510000000000000000e+02
7.490000000000000000e+02
7.640000000000000000e+02
7.960000000000000000e+02
7.960000000000000000e+02
7.920000000000000000e+02
7.840000000000000000e+02
7.960000000000000000e+02
7.840000000000000000e+02
7.960000000000000000e+02
7.773333333333333712e+02
7.960000000000000000e+02
7.920000000000000000e+02
7.920000000000000000e+02
7.613333333333333712e+02
7.706666666666666288e+02
7.880000000000000000e+02
7.920000000000000000e+02
7.880000000000000000e+02
7.880000000000000000e+02
7.840000000000000000e+02
7.840000000000000000e+02
7.950000000000000000e+02
7.960000000000000000e+02
7.840000000000000000e+02
7.680000000000000000e+02
7.960000000000000000e+02
7.940000000000000000e+02
7.626666666666666288e+02
7.960000000000000000e+02
5.790000000000000000e+02
5.810000000000000000e+02
5.880000000000000000e+02
7.600000000000000000e+02
7.560000000000000000e+02
7.960000000000000000e+02
7.960000000000000000e+02
7.720000000000000000e+02
7.960000000000000000e+02
7.960000000000000000e+02
7.670000000000000000e+02
7.860000000000000000e+02
7.840000000000000000e+02
7.893333333333333712e+02
7.880000000000000000e+02
7.880000000000000000e+02
7.920000000000000000e+02
7.960000000000000000e+02
7.960000000000000000e+02
7.800000000000000000e+02
7.960000000000000000e+02
7.693333333333333712e+02
7.653333333333333712e+02
7.960000000000000000e+02
7.960000000000000000e+02
7.960000000000000000e+02
7.960000000000000000e+02
7.640000000000000000e+02
7.600000000000000000e+02
7.586666666666666288e+02
7.600000000000000000e+02
7.600000000000000000e+02
7.520000000000000000e+02
7.490000000000000000e+02
7.400000000000000000e+02
7.490000000000000000e+02
7.520000000000000000e+02
7.960000000000000000e+02
7.960000000000000000e+02
7.960000000000000000e+02
7.960000000000000000e+02
7.960000000000000000e+02
7.960000000000000000e+02
7.960000000000000000e+02
7.960000000000000000e+02
7.960000000000000000e+02
7.960000000000000000e+02
7.960000000000000000e+02
7.840000000000000000e+02
7.880000000000000000e+02
7.880000000000000000e+02
7.840000000000000000e+02
7.880000000000000000e+02
7.960000000000000000e+02
7.960000000000000000e+02
7.960000000000000000e+02
7.960000000000000000e+02
7.840000000000000000e+02
7.580000000000000000e+02
7.960000000000000000e+02
7.586666666666666288e+02
7.520000000000000000e+02
7.390000000000000000e+02
7.373333333333333712e+02
7.453333333333333712e+02
7.560000000000000000e+02
7.533333333333333712e+02
7.960000000000000000e+02
7.960000000000000000e+02
7.453333333333333712e+02
7.386666666666666288e+02
7.906666666666666288e+02
7.960000000000000000e+02
7.960000000000000000e+02
7.960000000000000000e+02
7.960000000000000000e+02
7.960000000000000000e+02
7.840000000000000000e+02
7.840000000000000000e+02
7.840000000000000000e+02
7.840000000000000000e+02
7.840000000000000000e+02
7.840000000000000000e+02
7.840000000000000000e+02
7.840000000000000000e+02
7.840000000000000000e+02
7.880000000000000000e+02
7.880000000000000000e+02
7.920000000000000000e+02
7.920000000000000000e+02
6.840000000000000000e+02
6.866666666666666288e+02
6.906666666666666288e+02
7.440000000000000000e+02
7.430000000000000000e+02
7.840000000000000000e+02
7.900000000000000000e+02
7.810000000000000000e+02
7.800000000000000000e+02
7.830000000000000000e+02
7.880000000000000000e+02
7.960000000000000000e+02
7.960000000000000000e+02
7.960000000000000000e+02
7.400000000000000000e+02
7.950000000000000000e+02
7.840000000000000000e+02
7.840000000000000000e+02
7.880000000000000000e+02
7.840000000000000000e+02
7.840000000000000000e+02
7.840000000000000000e+02
7.880000000000000000e+02
7.840000000000000000e+02
7.840000000000000000e+02
7.880000000000000000e+02
7.880000000000000000e+02
7.880000000000000000e+02
7.800000000000000000e+02
7.880000000000000000e+02
7.920000000000000000e+02
7.960000000000000000e+02
7.360000000000000000e+02
7.600000000000000000e+02
7.960000000000000000e+02
7.880000000000000000e+02
7.226666666666666288e+02
7.826666666666666288e+02
7.760000000000000000e+02
7.940000000000000000e+02
7.820000000000000000e+02
7.920000000000000000e+02
7.920000000000000000e+02
7.160000000000000000e+02
7.960000000000000000e+02
7.910000000000000000e+02
7.960000000000000000e+02
7.960000000000000000e+02
7.960000000000000000e+02
7.960000000000000000e+02
7.960000000000000000e+02
7.880000000000000000e+02
7.960000000000000000e+02
7.840000000000000000e+02
7.840000000000000000e+02
