5.440000000000000000e+02
5.040000000000000000e+02
5.160000000000000000e+02
5.160000000000000000e+02
5.360000000000000000e+02
5.200000000000000000e+02
5.200000000000000000e+02
5.240000000000000000e+02
5.240000000000000000e+02
5.270000000000000000e+02
5.250000000000000000e+02
5.200000000000000000e+02
5.300000000000000000e+02
5.320000000000000000e+02
5.520000000000000000e+02
4.960000000000000000e+02
5.460000000000000000e+02
5.560000000000000000e+02
5.400000000000000000e+02
5.360000000000000000e+02
5.210000000000000000e+02
5.240000000000000000e+02
5.200000000000000000e+02
5.240000000000000000e+02
5.200000000000000000e+02
5.200000000000000000e+02
5.200000000000000000e+02
5.200000000000000000e+02
5.120000000000000000e+02
5.120000000000000000e+02
5.080000000000000000e+02
5.493333333333333712e+02
5.440000000000000000e+02
5.040000000000000000e+02
5.120000000000000000e+02
5.080000000000000000e+02
5.200000000000000000e+02
5.160000000000000000e+02
5.200000000000000000e+02
5.200000000000000000e+02
5.240000000000000000e+02
5.200000000000000000e+02
5.200000000000000000e+02
5.440000000000000000e+02
5.400000000000000000e+02
5.300000000000000000e+02
5.600000000000000000e+02
5.440000000000000000e+02
5.440000000000000000e+02
5.600000000000000000e+02
5.240000000000000000e+02
5.240000000000000000e+02
5.240000000000000000e+02
5.320000000000000000e+02
5.160000000000000000e+02
5.240000000000000000e+02
5.200000000000000000e+02
5.200000000000000000e+02
5.160000000000000000e+02
5.160000000000000000e+02
5.040000000000000000e+02
5.106666666666666856e+02
5.040000000000000000e+02
5.493333333333333712e+02
5.080000000000000000e+02
5.000000000000000000e+02
5.160000000000000000e+02
5.080000000000000000e+02
5.120000000000000000e+02
5.120000000000000000e+02
5.160000000000000000e+02
5.280000000000000000e+02
5.200000000000000000e+02
5.200000000000000000e+02
5.160000000000000000e+02
5.160000000000000000e+02
5.146666666666666288e+02
5.280000000000000000e+02
5.680000000000000000e+02
5.600000000000000000e+02
5.400000000000000000e+02
5.480000000000000000e+02
5.213333333333333712e+02
5.040000000000000000e+02
5.120000000000000000e+02
5.080000000000000000e+02
5.190000000000000000e+02
5.160000000000000000e+02
4.960000000000000000e+02
5.000000000000000000e+02
5.120000000000000000e+02
5.120000000000000000e+02
5.120000000000000000e+02
5.080000000000000000e+02
5.120000000000000000e+02
5.120000000000000000e+02
5.080000000000000000e+02
5.080000000000000000e+02
5.040000000000000000e+02
5.026666666666666856e+02
5.000000000000000000e+02
5.040000000000000000e+02
5.040000000000000000e+02
5.080000000000000000e+02
5.120000000000000000e+02
5.120000000000000000e+02
5.040000000000000000e+02
5.120000000000000000e+02
5.226666666666666288e+02
5.240000000000000000e+02
5.440000000000000000e+02
5.320000000000000000e+02
5.240000000000000000e+02
5.280000000000000000e+02
5.320000000000000000e+02
5.120000000000000000e+02
5.120000000000000000e+02
5.120000000000000000e+02
5.106666666666666856e+02
5.080000000000000000e+02
5.080000000000000000e+02
5.040000000000000000e+02
5.000000000000000000e+02
5.040000000000000000e+02
5.000000000000000000e+02
5.000000000000000000e+02
5.040000000000000000e+02
5.000000000000000000e+02
5.040000000000000000e+02
5.040000000000000000e+02
5.000000000000000000e+02
5.000000000000000000e+02
5.040000000000000000e+02
5.000000000000000000e+02
5.040000000000000000e+02
5.040000000000000000e+02
5.040000000000000000e+02
5.080000000000000000e+02
5.120000000000000000e+02
5.120000000000000000e+02
5.146666666666666288e+02
5.360000000000000000e+02
5.240000000000000000e+02
5.240000000000000000e+02
5.200000000000000000e+02
5.280000000000000000e+02
5.280000000000000000e+02
5.093333333333333144e+02
5.120000000000000000e+02
5.120000000000000000e+02
5.160000000000000000e+02
5.000000000000000000e+02
5.040000000000000000e+02
5.080000000000000000e+02
5.040000000000000000e+02
5.000000000000000000e+02
5.040000000000000000e+02
5.000000000000000000e+02
5.000000000000000000e+02
5.000000000000000000e+02
5.040000000000000000e+02
5.000000000000000000e+02
5.000000000000000000e+02
5.040000000000000000e+02
5.000000000000000000e+02
5.000000000000000000e+02
5.080000000000000000e+02
5.040000000000000000e+02
5.000000000000000000e+02
5.360000000000000000e+02
5.160000000000000000e+02
5.190000000000000000e+02
5.080000000000000000e+02
5.146666666666666288e+02
5.240000000000000000e+02
5.200000000000000000e+02
5.200000000000000000e+02
5.240000000000000000e+02
5.280000000000000000e+02
5.200000000000000000e+02
5.200000000000000000e+02
5.080000000000000000e+02
5.120000000000000000e+02
5.120000000000000000e+02
5.080000000000000000e+02
4.800000000000000000e+02
5.000000000000000000e+02
5.000000000000000000e+02
5.000000000000000000e+02
4.920000000000000000e+02
5.000000000000000000e+02
5.000000000000000000e+02
5.040000000000000000e+02
5.000000000000000000e+02
5.000000000000000000e+02
5.000000000000000000e+02
5.000000000000000000e+02
5.000000000000000000e+02
4.920000000000000000e+02
5.080000000000000000e+02
5.120000000000000000e+02
5.080000000000000000e+02
5.080000000000000000e+02
5.160000000000000000e+02
5.160000000000000000e+02
5.440000000000000000e+02
5.480000000000000000e+02
5.000000000000000000e+02
5.290000000000000000e+02
5.340000000000000000e+02
5.080000000000000000e+02
5.120000000000000000e+02
5.240000000000000000e+02
5.040000000000000000e+02
5.080000000000000000e+02
5.080000000000000000e+02
5.080000000000000000e+02
5.040000000000000000e+02
5.040000000000000000e+02
4.880000000000000000e+02
4.960000000000000000e+02
5.000000000000000000e+02
4.960000000000000000e+02
4.960000000000000000e+02
5.080000000000000000e+02
5.160000000000000000e+02
4.880000000000000000e+02
4.920000000000000000e+02
5.040000000000000000e+02
5.080000000000000000e+02
5.080000000000000000e+02
5.080000000000000000e+02
5.120000000000000000e+02
5.080000000000000000e+02
5.440000000000000000e+02
5.200000000000000000e+02
5.200000000000000000e+02
5.240000000000000000e+02
5.400000000000000000e+02
5.186666666666666288e+02
5.320000000000000000e+02
5.440000000000000000e+02
5.160000000000000000e+02
5.200000000000000000e+02
5.160000000000000000e+02
5.160000000000000000e+02
5.000000000000000000e+02
5.000000000000000000e+02
5.040000000000000000e+02
5.080000000000000000e+02
5.080000000000000000e+02
5.080000000000000000e+02
5.040000000000000000e+02
5.040000000000000000e+02
5.120000000000000000e+02
5.120000000000000000e+02
