5.530000000000000000e+02
5.520000000000000000e+02
4.240000000000000000e+02
4.200000000000000000e+02
4.200000000000000000e+02
4.360000000000000000e+02
4.240000000000000000e+02
4.150000000000000000e+02
4.240000000000000000e+02
5.460000000000000000e+02
4.280000000000000000e+02
4.306666666666666856e+02
5.480000000000000000e+02
5.450000000000000000e+02
4.960000000000000000e+02
7.493333333333333712e+02
5.020000000000000000e+02
4.240000000000000000e+02
5.480000000000000000e+02
5.480000000000000000e+02
4.440000000000000000e+02
5.520000000000000000e+02
5.400000000000000000e+02
4.280000000000000000e+02
4.160000000000000000e+02
4.080000000000000000e+02
4.360000000000000000e+02
4.560000000000000000e+02
4.160000000000000000e+02
4.200000000000000000e+02
4.200000000000000000e+02
4.200000000000000000e+02
5.600000000000000000e+02
5.480000000000000000e+02
4.240000000000000000e+02
4.200000000000000000e+02
4.200000000000000000e+02
4.580000000000000000e+02
4.400000000000000000e+02
4.360000000000000000e+02
4.160000000000000000e+02
4.080000000000000000e+02
4.120000000000000000e+02
5.533333333333333712e+02
4.520000000000000000e+02
7.440000000000000000e+02
7.260000000000000000e+02
4.600000000000000000e+02
4.120000000000000000e+02
4.760000000000000000e+02
5.440000000000000000e+02
4.120000000000000000e+02
4.120000000000000000e+02
4.240000000000000000e+02
4.240000000000000000e+02
4.120000000000000000e+02
4.573333333333333144e+02
5.400000000000000000e+02
5.460000000000000000e+02
4.360000000000000000e+02
4.320000000000000000e+02
4.320000000000000000e+02
5.470000000000000000e+02
5.520000000000000000e+02
5.440000000000000000e+02
5.480000000000000000e+02
5.480000000000000000e+02
4.280000000000000000e+02
4.480000000000000000e+02
4.080000000000000000e+02
4.400000000000000000e+02
4.520000000000000000e+02
4.640000000000000000e+02
4.160000000000000000e+02
4.120000000000000000e+02
4.080000000000000000e+02
4.080000000000000000e+02
4.680000000000000000e+02
4.120000000000000000e+02
4.120000000000000000e+02
4.160000000000000000e+02
4.200000000000000000e+02
4.760000000000000000e+02
4.040000000000000000e+02
4.120000000000000000e+02
4.160000000000000000e+02
4.160000000000000000e+02
4.160000000000000000e+02
4.480000000000000000e+02
4.400000000000000000e+02
4.280000000000000000e+02
5.520000000000000000e+02
4.133333333333333144e+02
5.480000000000000000e+02
5.480000000000000000e+02
5.490000000000000000e+02
5.440000000000000000e+02
5.480000000000000000e+02
5.440000000000000000e+02
5.520000000000000000e+02
5.490000000000000000e+02
5.520000000000000000e+02
4.360000000000000000e+02
5.480000000000000000e+02
5.480000000000000000e+02
4.160000000000000000e+02
4.720000000000000000e+02
4.040000000000000000e+02
4.080000000000000000e+02
4.810000000000000000e+02
4.120000000000000000e+02
4.050000000000000000e+02
4.200000000000000000e+02
4.120000000000000000e+02
4.200000000000000000e+02
4.160000000000000000e+02
4.120000000000000000e+02
4.640000000000000000e+02
4.640000000000000000e+02
5.520000000000000000e+02
5.520000000000000000e+02
5.560000000000000000e+02
5.480000000000000000e+02
5.520000000000000000e+02
5.400000000000000000e+02
5.480000000000000000e+02
5.480000000000000000e+02
5.450000000000000000e+02
5.480000000000000000e+02
5.480000000000000000e+02
5.440000000000000000e+02
5.440000000000000000e+02
5.480000000000000000e+02
5.480000000000000000e+02
5.480000000000000000e+02
5.466666666666666288e+02
5.480000000000000000e+02
4.520000000000000000e+02
4.680000000000000000e+02
4.160000000000000000e+02
4.200000000000000000e+02
4.200000000000000000e+02
4.160000000000000000e+02
4.200000000000000000e+02
5.120000000000000000e+02
4.160000000000000000e+02
4.160000000000000000e+02
4.160000000000000000e+02
4.120000000000000000e+02
4.840000000000000000e+02
5.360000000000000000e+02
5.600000000000000000e+02
5.490000000000000000e+02
5.520000000000000000e+02
5.480000000000000000e+02
5.440000000000000000e+02
5.520000000000000000e+02
5.440000000000000000e+02
5.440000000000000000e+02
5.480000000000000000e+02
5.440000000000000000e+02
5.440000000000000000e+02
5.440000000000000000e+02
5.520000000000000000e+02
5.480000000000000000e+02
5.480000000000000000e+02
5.520000000000000000e+02
5.450000000000000000e+02
4.780000000000000000e+02
5.480000000000000000e+02
5.560000000000000000e+02
4.893333333333333144e+02
4.360000000000000000e+02
4.390000000000000000e+02
4.360000000000000000e+02
4.620000000000000000e+02
4.200000000000000000e+02
4.200000000000000000e+02
4.320000000000000000e+02
4.280000000000000000e+02
4.200000000000000000e+02
4.160000000000000000e+02
5.560000000000000000e+02
5.973333333333333712e+02
5.386666666666666288e+02
5.480000000000000000e+02
5.560000000000000000e+02
5.506666666666666288e+02
5.520000000000000000e+02
5.480000000000000000e+02
5.400000000000000000e+02
5.400000000000000000e+02
5.440000000000000000e+02
5.400000000000000000e+02
5.400000000000000000e+02
4.880000000000000000e+02
4.880000000000000000e+02
5.600000000000000000e+02
5.480000000000000000e+02
5.000000000000000000e+02
5.550000000000000000e+02
5.490000000000000000e+02
7.533333333333333712e+02
5.640000000000000000e+02
5.240000000000000000e+02
5.320000000000000000e+02
5.410000000000000000e+02
7.510000000000000000e+02
5.820000000000000000e+02
5.620000000000000000e+02
5.660000000000000000e+02
5.440000000000000000e+02
5.640000000000000000e+02
5.626666666666666288e+02
4.250000000000000000e+02
4.306666666666666856e+02
4.860000000000000000e+02
5.893333333333333712e+02
5.520000000000000000e+02
4.840000000000000000e+02
4.840000000000000000e+02
5.480000000000000000e+02
5.720000000000000000e+02
5.640000000000000000e+02
5.620000000000000000e+02
5.560000000000000000e+02
5.520000000000000000e+02
5.550000000000000000e+02
6.690000000000000000e+02
5.240000000000000000e+02
5.586666666666666288e+02
5.440000000000000000e+02
5.466666666666666288e+02
5.200000000000000000e+02
5.720000000000000000e+02
5.640000000000000000e+02
5.590000000000000000e+02
5.546666666666666288e+02
5.586666666666666288e+02
5.640000000000000000e+02
5.760000000000000000e+02
5.706666666666666288e+02
5.660000000000000000e+02
5.680000000000000000e+02
5.600000000000000000e+02
5.613333333333333712e+02
5.350000000000000000e+02
5.360000000000000000e+02
5.293333333333333712e+02
5.220000000000000000e+02
7.453333333333333712e+02
5.920000000000000000e+02
5.160000000000000000e+02
5.880000000000000000e+02
5.600000000000000000e+02
5.733333333333333712e+02
