5.560000000000000000e+02
5.520000000000000000e+02
5.510000000000000000e+02
4.213333333333333144e+02
4.200000000000000000e+02
4.360000000000000000e+02
4.290000000000000000e+02
4.150000000000000000e+02
4.280000000000000000e+02
5.440000000000000000e+02
4.260000000000000000e+02
4.306666666666666856e+02
4.440000000000000000e+02
5.450000000000000000e+02
4.960000000000000000e+02
4.400000000000000000e+02
4.410000000000000000e+02
4.300000000000000000e+02
5.480000000000000000e+02
4.480000000000000000e+02
4.440000000000000000e+02
5.520000000000000000e+02
5.400000000000000000e+02
4.240000000000000000e+02
4.213333333333333144e+02
4.080000000000000000e+02
4.400000000000000000e+02
4.560000000000000000e+02
4.160000000000000000e+02
4.200000000000000000e+02
4.200000000000000000e+02
4.200000000000000000e+02
5.600000000000000000e+02
5.533333333333333712e+02
4.240000000000000000e+02
4.200000000000000000e+02
4.200000000000000000e+02
4.320000000000000000e+02
4.400000000000000000e+02
4.426666666666666856e+02
4.340000000000000000e+02
4.040000000000000000e+02
4.120000000000000000e+02
4.140000000000000000e+02
4.560000000000000000e+02
4.560000000000000000e+02
6.900000000000000000e+02
4.600000000000000000e+02
4.110000000000000000e+02
4.760000000000000000e+02
5.420000000000000000e+02
4.120000000000000000e+02
4.160000000000000000e+02
4.240000000000000000e+02
4.240000000000000000e+02
4.120000000000000000e+02
4.573333333333333144e+02
4.520000000000000000e+02
4.440000000000000000e+02
4.410000000000000000e+02
4.280000000000000000e+02
4.320000000000000000e+02
5.480000000000000000e+02
5.520000000000000000e+02
5.440000000000000000e+02
5.440000000000000000e+02
5.440000000000000000e+02
4.320000000000000000e+02
4.480000000000000000e+02
4.040000000000000000e+02
4.340000000000000000e+02
4.520000000000000000e+02
4.590000000000000000e+02
4.160000000000000000e+02
4.160000000000000000e+02
4.120000000000000000e+02
4.040000000000000000e+02
4.680000000000000000e+02
4.700000000000000000e+02
4.120000000000000000e+02
4.160000000000000000e+02
4.160000000000000000e+02
4.800000000000000000e+02
4.080000000000000000e+02
4.080000000000000000e+02
4.160000000000000000e+02
4.120000000000000000e+02
4.280000000000000000e+02
4.440000000000000000e+02
4.400000000000000000e+02
4.360000000000000000e+02
5.520000000000000000e+02
4.133333333333333144e+02
5.480000000000000000e+02
5.480000000000000000e+02
5.520000000000000000e+02
5.480000000000000000e+02
5.480000000000000000e+02
5.440000000000000000e+02
5.520000000000000000e+02
5.520000000000000000e+02
5.520000000000000000e+02
4.400000000000000000e+02
5.480000000000000000e+02
4.173333333333333144e+02
4.150000000000000000e+02
4.720000000000000000e+02
4.040000000000000000e+02
4.080000000000000000e+02
4.826666666666666856e+02
4.120000000000000000e+02
4.040000000000000000e+02
4.200000000000000000e+02
4.120000000000000000e+02
4.200000000000000000e+02
4.160000000000000000e+02
4.040000000000000000e+02
4.640000000000000000e+02
4.680000000000000000e+02
5.520000000000000000e+02
5.520000000000000000e+02
4.680000000000000000e+02
5.480000000000000000e+02
5.520000000000000000e+02
5.400000000000000000e+02
5.480000000000000000e+02
5.480000000000000000e+02
5.480000000000000000e+02
5.480000000000000000e+02
5.480000000000000000e+02
5.440000000000000000e+02
5.470000000000000000e+02
5.520000000000000000e+02
5.520000000000000000e+02
5.480000000000000000e+02
5.440000000000000000e+02
5.480000000000000000e+02
4.520000000000000000e+02
4.640000000000000000e+02
4.160000000000000000e+02
4.200000000000000000e+02
4.200000000000000000e+02
4.200000000000000000e+02
4.240000000000000000e+02
5.160000000000000000e+02
4.160000000000000000e+02
4.160000000000000000e+02
4.160000000000000000e+02
4.160000000000000000e+02
4.870000000000000000e+02
4.810000000000000000e+02
5.480000000000000000e+02
5.540000000000000000e+02
5.520000000000000000e+02
5.480000000000000000e+02
5.480000000000000000e+02
5.480000000000000000e+02
5.440000000000000000e+02
5.440000000000000000e+02
5.440000000000000000e+02
5.480000000000000000e+02
5.440000000000000000e+02
5.480000000000000000e+02
5.480000000000000000e+02
5.480000000000000000e+02
5.480000000000000000e+02
5.520000000000000000e+02
5.440000000000000000e+02
4.780000000000000000e+02
5.480000000000000000e+02
5.546666666666666288e+02
4.893333333333333144e+02
4.360000000000000000e+02
4.320000000000000000e+02
4.306666666666666856e+02
4.620000000000000000e+02
4.160000000000000000e+02
4.200000000000000000e+02
4.280000000000000000e+02
4.280000000000000000e+02
4.200000000000000000e+02
4.200000000000000000e+02
5.520000000000000000e+02
5.973333333333333712e+02
5.386666666666666288e+02
5.480000000000000000e+02
5.560000000000000000e+02
5.460000000000000000e+02
5.520000000000000000e+02
5.440000000000000000e+02
5.440000000000000000e+02
5.400000000000000000e+02
5.400000000000000000e+02
5.400000000000000000e+02
5.400000000000000000e+02
4.860000000000000000e+02
4.880000000000000000e+02
5.613333333333333712e+02
5.480000000000000000e+02
5.000000000000000000e+02
4.930000000000000000e+02
5.520000000000000000e+02
5.480000000000000000e+02
5.666666666666666288e+02
5.240000000000000000e+02
5.320000000000000000e+02
5.426666666666666288e+02
7.510000000000000000e+02
7.470000000000000000e+02
7.530000000000000000e+02
5.613333333333333712e+02
5.440000000000000000e+02
5.600000000000000000e+02
5.660000000000000000e+02
4.280000000000000000e+02
4.306666666666666856e+02
4.893333333333333144e+02
5.910000000000000000e+02
5.560000000000000000e+02
4.870000000000000000e+02
4.880000000000000000e+02
5.480000000000000000e+02
5.720000000000000000e+02
5.640000000000000000e+02
5.620000000000000000e+02
5.550000000000000000e+02
5.520000000000000000e+02
5.520000000000000000e+02
6.690000000000000000e+02
5.190000000000000000e+02
5.590000000000000000e+02
5.400000000000000000e+02
5.450000000000000000e+02
5.293333333333333712e+02
5.720000000000000000e+02
5.610000000000000000e+02
4.173333333333333144e+02
5.546666666666666288e+02
5.640000000000000000e+02
5.680000000000000000e+02
5.680000000000000000e+02
5.640000000000000000e+02
5.653333333333333712e+02
5.680000000000000000e+02
5.720000000000000000e+02
5.600000000000000000e+02
5.350000000000000000e+02
5.373333333333333712e+02
5.400000000000000000e+02
5.720000000000000000e+02
5.253333333333333712e+02
5.890000000000000000e+02
5.120000000000000000e+02
6.000000000000000000e+02
5.660000000000000000e+02
5.720000000000000000e+02
