5.960000000000000000e+02
6.000000000000000000e+02
6.000000000000000000e+02
5.360000000000000000e+02
5.400000000000000000e+02
5.480000000000000000e+02
5.560000000000000000e+02
4.120000000000000000e+02
5.450000000000000000e+02
5.440000000000000000e+02
5.560000000000000000e+02
5.560000000000000000e+02
5.480000000000000000e+02
5.586666666666666288e+02
4.080000000000000000e+02
7.560000000000000000e+02
5.960000000000000000e+02
5.840000000000000000e+02
5.600000000000000000e+02
5.440000000000000000e+02
5.520000000000000000e+02
5.480000000000000000e+02
5.520000000000000000e+02
5.480000000000000000e+02
4.120000000000000000e+02
5.160000000000000000e+02
5.670000000000000000e+02
5.370000000000000000e+02
5.700000000000000000e+02
5.480000000000000000e+02
5.440000000000000000e+02
6.000000000000000000e+02
6.000000000000000000e+02
5.760000000000000000e+02
5.720000000000000000e+02
5.640000000000000000e+02
5.200000000000000000e+02
5.480000000000000000e+02
5.200000000000000000e+02
5.280000000000000000e+02
5.546666666666666288e+02
5.400000000000000000e+02
5.440000000000000000e+02
5.440000000000000000e+02
5.240000000000000000e+02
5.290000000000000000e+02
5.830000000000000000e+02
5.820000000000000000e+02
6.140000000000000000e+02
7.560000000000000000e+02
7.546666666666666288e+02
7.410000000000000000e+02
5.560000000000000000e+02
5.520000000000000000e+02
5.420000000000000000e+02
5.280000000000000000e+02
5.160000000000000000e+02
5.280000000000000000e+02
5.120000000000000000e+02
4.960000000000000000e+02
5.540000000000000000e+02
5.946666666666666288e+02
5.773333333333333712e+02
5.666666666666666288e+02
5.480000000000000000e+02
5.440000000000000000e+02
5.400000000000000000e+02
5.330000000000000000e+02
4.960000000000000000e+02
5.000000000000000000e+02
4.880000000000000000e+02
5.500000000000000000e+02
5.213333333333333712e+02
5.190000000000000000e+02
5.470000000000000000e+02
5.480000000000000000e+02
5.520000000000000000e+02
5.520000000000000000e+02
5.380000000000000000e+02
5.360000000000000000e+02
5.440000000000000000e+02
5.293333333333333712e+02
5.400000000000000000e+02
5.540000000000000000e+02
5.560000000000000000e+02
5.400000000000000000e+02
5.106666666666666856e+02
5.160000000000000000e+02
5.320000000000000000e+02
5.333333333333333712e+02
5.320000000000000000e+02
5.360000000000000000e+02
5.440000000000000000e+02
5.440000000000000000e+02
5.400000000000000000e+02
5.400000000000000000e+02
5.480000000000000000e+02
5.440000000000000000e+02
5.440000000000000000e+02
4.680000000000000000e+02
5.560000000000000000e+02
4.760000000000000000e+02
5.560000000000000000e+02
5.400000000000000000e+02
5.430000000000000000e+02
5.546666666666666288e+02
5.226666666666666288e+02
5.000000000000000000e+02
5.010000000000000000e+02
5.120000000000000000e+02
4.440000000000000000e+02
5.680000000000000000e+02
5.230000000000000000e+02
5.080000000000000000e+02
5.000000000000000000e+02
5.000000000000000000e+02
4.920000000000000000e+02
4.880000000000000000e+02
4.960000000000000000e+02
4.600000000000000000e+02
5.510000000000000000e+02
4.640000000000000000e+02
5.480000000000000000e+02
5.480000000000000000e+02
5.480000000000000000e+02
5.400000000000000000e+02
5.480000000000000000e+02
5.480000000000000000e+02
5.480000000000000000e+02
5.480000000000000000e+02
5.480000000000000000e+02
5.440000000000000000e+02
5.440000000000000000e+02
5.480000000000000000e+02
4.600000000000000000e+02
4.600000000000000000e+02
4.586666666666666856e+02
4.980000000000000000e+02
4.800000000000000000e+02
4.760000000000000000e+02
4.930000000000000000e+02
5.000000000000000000e+02
4.840000000000000000e+02
4.830000000000000000e+02
4.880000000000000000e+02
4.800000000000000000e+02
4.800000000000000000e+02
5.480000000000000000e+02
4.620000000000000000e+02
4.680000000000000000e+02
4.680000000000000000e+02
4.600000000000000000e+02
4.640000000000000000e+02
4.560000000000000000e+02
5.500000000000000000e+02
5.480000000000000000e+02
5.440000000000000000e+02
5.440000000000000000e+02
5.520000000000000000e+02
5.480000000000000000e+02
5.440000000000000000e+02
5.440000000000000000e+02
5.440000000000000000e+02
5.520000000000000000e+02
5.440000000000000000e+02
5.480000000000000000e+02
5.480000000000000000e+02
4.600000000000000000e+02
4.600000000000000000e+02
4.590000000000000000e+02
5.650000000000000000e+02
4.853333333333333144e+02
4.120000000000000000e+02
4.180000000000000000e+02
4.820000000000000000e+02
5.040000000000000000e+02
4.360000000000000000e+02
4.370000000000000000e+02
4.160000000000000000e+02
4.120000000000000000e+02
4.760000000000000000e+02
4.706666666666666856e+02
5.520000000000000000e+02
5.490000000000000000e+02
5.440000000000000000e+02
5.520000000000000000e+02
5.480000000000000000e+02
5.440000000000000000e+02
5.480000000000000000e+02
5.440000000000000000e+02
5.440000000000000000e+02
5.480000000000000000e+02
5.400000000000000000e+02
5.440000000000000000e+02
5.510000000000000000e+02
5.560000000000000000e+02
5.440000000000000000e+02
4.200000000000000000e+02
5.506666666666666288e+02
4.360000000000000000e+02
5.440000000000000000e+02
5.506666666666666288e+02
4.400000000000000000e+02
4.320000000000000000e+02
4.160000000000000000e+02
4.090000000000000000e+02
4.080000000000000000e+02
4.240000000000000000e+02
4.120000000000000000e+02
4.080000000000000000e+02
4.640000000000000000e+02
4.200000000000000000e+02
4.240000000000000000e+02
4.240000000000000000e+02
4.280000000000000000e+02
5.480000000000000000e+02
5.510000000000000000e+02
5.480000000000000000e+02
5.520000000000000000e+02
4.440000000000000000e+02
4.360000000000000000e+02
5.453333333333333712e+02
5.360000000000000000e+02
5.480000000000000000e+02
5.880000000000000000e+02
5.840000000000000000e+02
5.920000000000000000e+02
4.120000000000000000e+02
4.200000000000000000e+02
5.613333333333333712e+02
4.400000000000000000e+02
5.360000000000000000e+02
5.480000000000000000e+02
4.120000000000000000e+02
4.250000000000000000e+02
4.160000000000000000e+02
4.120000000000000000e+02
4.400000000000000000e+02
4.570000000000000000e+02
7.410000000000000000e+02
4.700000000000000000e+02
4.680000000000000000e+02
4.080000000000000000e+02
4.040000000000000000e+02
4.560000000000000000e+02
4.200000000000000000e+02
4.160000000000000000e+02
4.040000000000000000e+02
4.240000000000000000e+02
4.280000000000000000e+02
5.620000000000000000e+02
4.240000000000000000e+02
5.450000000000000000e+02
5.440000000000000000e+02
4.080000000000000000e+02
4.120000000000000000e+02
