5.500000000000000000e+02
5.550000000000000000e+02
4.240000000000000000e+02
4.213333333333333144e+02
4.200000000000000000e+02
4.360000000000000000e+02
4.240000000000000000e+02
5.510000000000000000e+02
4.240000000000000000e+02
5.480000000000000000e+02
4.280000000000000000e+02
4.360000000000000000e+02
4.440000000000000000e+02
5.440000000000000000e+02
4.746666666666666856e+02
6.860000000000000000e+02
4.410000000000000000e+02
4.240000000000000000e+02
4.890000000000000000e+02
4.440000000000000000e+02
5.440000000000000000e+02
4.390000000000000000e+02
5.210000000000000000e+02
4.240000000000000000e+02
4.160000000000000000e+02
4.190000000000000000e+02
4.400000000000000000e+02
4.560000000000000000e+02
4.160000000000000000e+02
4.200000000000000000e+02
4.240000000000000000e+02
4.240000000000000000e+02
5.640000000000000000e+02
5.480000000000000000e+02
4.240000000000000000e+02
4.200000000000000000e+02
4.200000000000000000e+02
4.530000000000000000e+02
4.400000000000000000e+02
4.320000000000000000e+02
4.160000000000000000e+02
4.120000000000000000e+02
4.140000000000000000e+02
4.100000000000000000e+02
4.520000000000000000e+02
4.560000000000000000e+02
6.050000000000000000e+02
7.510000000000000000e+02
4.120000000000000000e+02
4.750000000000000000e+02
5.440000000000000000e+02
4.120000000000000000e+02
4.160000000000000000e+02
4.240000000000000000e+02
4.240000000000000000e+02
4.190000000000000000e+02
4.520000000000000000e+02
5.440000000000000000e+02
4.440000000000000000e+02
4.360000000000000000e+02
4.280000000000000000e+02
4.320000000000000000e+02
5.470000000000000000e+02
5.520000000000000000e+02
5.440000000000000000e+02
5.480000000000000000e+02
5.480000000000000000e+02
4.306666666666666856e+02
4.340000000000000000e+02
4.080000000000000000e+02
4.440000000000000000e+02
4.560000000000000000e+02
4.640000000000000000e+02
4.160000000000000000e+02
4.160000000000000000e+02
4.080000000000000000e+02
4.080000000000000000e+02
4.680000000000000000e+02
4.120000000000000000e+02
4.160000000000000000e+02
4.160000000000000000e+02
4.160000000000000000e+02
4.760000000000000000e+02
4.080000000000000000e+02
4.120000000000000000e+02
4.160000000000000000e+02
4.120000000000000000e+02
4.240000000000000000e+02
4.373333333333333144e+02
4.410000000000000000e+02
4.280000000000000000e+02
4.266666666666666856e+02
4.133333333333333144e+02
5.510000000000000000e+02
5.480000000000000000e+02
5.520000000000000000e+02
5.480000000000000000e+02
5.440000000000000000e+02
5.440000000000000000e+02
5.480000000000000000e+02
5.520000000000000000e+02
5.480000000000000000e+02
5.540000000000000000e+02
5.480000000000000000e+02
5.480000000000000000e+02
4.160000000000000000e+02
4.730000000000000000e+02
4.080000000000000000e+02
4.080000000000000000e+02
4.840000000000000000e+02
4.120000000000000000e+02
4.040000000000000000e+02
4.160000000000000000e+02
4.120000000000000000e+02
4.200000000000000000e+02
4.160000000000000000e+02
4.040000000000000000e+02
4.640000000000000000e+02
4.600000000000000000e+02
5.520000000000000000e+02
5.520000000000000000e+02
5.520000000000000000e+02
5.500000000000000000e+02
5.520000000000000000e+02
5.400000000000000000e+02
5.440000000000000000e+02
5.480000000000000000e+02
5.480000000000000000e+02
5.480000000000000000e+02
5.480000000000000000e+02
5.480000000000000000e+02
5.440000000000000000e+02
5.520000000000000000e+02
5.480000000000000000e+02
5.480000000000000000e+02
5.440000000000000000e+02
5.480000000000000000e+02
4.520000000000000000e+02
4.640000000000000000e+02
4.120000000000000000e+02
4.200000000000000000e+02
4.160000000000000000e+02
4.160000000000000000e+02
4.200000000000000000e+02
4.200000000000000000e+02
4.200000000000000000e+02
4.160000000000000000e+02
4.160000000000000000e+02
4.160000000000000000e+02
4.800000000000000000e+02
4.810000000000000000e+02
4.986666666666666856e+02
5.490000000000000000e+02
5.520000000000000000e+02
5.520000000000000000e+02
5.440000000000000000e+02
5.520000000000000000e+02
5.440000000000000000e+02
5.440000000000000000e+02
5.440000000000000000e+02
5.440000000000000000e+02
5.440000000000000000e+02
5.440000000000000000e+02
5.480000000000000000e+02
5.480000000000000000e+02
5.480000000000000000e+02
5.520000000000000000e+02
5.440000000000000000e+02
4.760000000000000000e+02
5.493333333333333712e+02
5.560000000000000000e+02
4.200000000000000000e+02
4.360000000000000000e+02
4.360000000000000000e+02
4.300000000000000000e+02
4.460000000000000000e+02
4.200000000000000000e+02
4.240000000000000000e+02
4.320000000000000000e+02
4.280000000000000000e+02
4.200000000000000000e+02
4.160000000000000000e+02
5.560000000000000000e+02
5.580000000000000000e+02
5.410000000000000000e+02
5.480000000000000000e+02
5.560000000000000000e+02
5.440000000000000000e+02
5.520000000000000000e+02
5.480000000000000000e+02
5.400000000000000000e+02
5.400000000000000000e+02
5.440000000000000000e+02
5.400000000000000000e+02
5.400000000000000000e+02
4.880000000000000000e+02
4.880000000000000000e+02
5.640000000000000000e+02
5.480000000000000000e+02
5.000000000000000000e+02
5.560000000000000000e+02
5.480000000000000000e+02
7.150000000000000000e+02
5.600000000000000000e+02
5.240000000000000000e+02
5.320000000000000000e+02
5.426666666666666288e+02
7.510000000000000000e+02
7.470000000000000000e+02
7.530000000000000000e+02
5.026666666666666856e+02
5.400000000000000000e+02
5.640000000000000000e+02
5.660000000000000000e+02
4.250000000000000000e+02
5.480000000000000000e+02
4.860000000000000000e+02
5.880000000000000000e+02
5.520000000000000000e+02
4.870000000000000000e+02
4.880000000000000000e+02
5.480000000000000000e+02
5.720000000000000000e+02
5.640000000000000000e+02
5.620000000000000000e+02
5.440000000000000000e+02
5.520000000000000000e+02
5.440000000000000000e+02
5.040000000000000000e+02
5.160000000000000000e+02
5.500000000000000000e+02
5.360000000000000000e+02
5.450000000000000000e+02
5.293333333333333712e+02
5.760000000000000000e+02
5.650000000000000000e+02
5.400000000000000000e+02
4.230000000000000000e+02
5.600000000000000000e+02
5.680000000000000000e+02
5.720000000000000000e+02
5.640000000000000000e+02
5.660000000000000000e+02
5.640000000000000000e+02
5.600000000000000000e+02
5.600000000000000000e+02
5.280000000000000000e+02
5.360000000000000000e+02
5.400000000000000000e+02
5.400000000000000000e+02
5.253333333333333712e+02
5.890000000000000000e+02
5.120000000000000000e+02
6.000000000000000000e+02
5.600000000000000000e+02
5.733333333333333712e+02
