5.890000000000000000e+02
5.960000000000000000e+02
6.000000000000000000e+02
5.400000000000000000e+02
5.370000000000000000e+02
5.480000000000000000e+02
5.560000000000000000e+02
4.120000000000000000e+02
5.450000000000000000e+02
5.480000000000000000e+02
5.530000000000000000e+02
5.560000000000000000e+02
5.440000000000000000e+02
5.620000000000000000e+02
5.690000000000000000e+02
6.990000000000000000e+02
7.613333333333333712e+02
5.853333333333333712e+02
5.560000000000000000e+02
5.400000000000000000e+02
5.560000000000000000e+02
5.520000000000000000e+02
5.480000000000000000e+02
5.480000000000000000e+02
4.120000000000000000e+02
5.160000000000000000e+02
5.590000000000000000e+02
5.360000000000000000e+02
5.580000000000000000e+02
5.500000000000000000e+02
5.440000000000000000e+02
6.000000000000000000e+02
6.000000000000000000e+02
5.680000000000000000e+02
5.720000000000000000e+02
5.640000000000000000e+02
5.160000000000000000e+02
5.350000000000000000e+02
5.200000000000000000e+02
5.280000000000000000e+02
5.546666666666666288e+02
5.400000000000000000e+02
5.440000000000000000e+02
5.440000000000000000e+02
5.320000000000000000e+02
4.160000000000000000e+02
5.800000000000000000e+02
6.860000000000000000e+02
6.980000000000000000e+02
5.600000000000000000e+02
7.180000000000000000e+02
5.360000000000000000e+02
7.480000000000000000e+02
5.520000000000000000e+02
5.333333333333333712e+02
5.320000000000000000e+02
5.160000000000000000e+02
5.280000000000000000e+02
5.200000000000000000e+02
4.960000000000000000e+02
4.920000000000000000e+02
5.946666666666666288e+02
5.773333333333333712e+02
5.666666666666666288e+02
5.480000000000000000e+02
5.480000000000000000e+02
5.400000000000000000e+02
5.370000000000000000e+02
4.920000000000000000e+02
5.000000000000000000e+02
4.880000000000000000e+02
5.440000000000000000e+02
5.306666666666666288e+02
5.120000000000000000e+02
5.440000000000000000e+02
5.470000000000000000e+02
5.520000000000000000e+02
5.480000000000000000e+02
5.440000000000000000e+02
5.420000000000000000e+02
5.440000000000000000e+02
5.660000000000000000e+02
5.400000000000000000e+02
5.600000000000000000e+02
5.560000000000000000e+02
5.360000000000000000e+02
5.540000000000000000e+02
5.290000000000000000e+02
5.320000000000000000e+02
5.333333333333333712e+02
5.320000000000000000e+02
5.360000000000000000e+02
5.440000000000000000e+02
5.440000000000000000e+02
5.400000000000000000e+02
5.400000000000000000e+02
5.480000000000000000e+02
5.480000000000000000e+02
5.440000000000000000e+02
4.680000000000000000e+02
5.520000000000000000e+02
4.760000000000000000e+02
5.520000000000000000e+02
5.440000000000000000e+02
5.350000000000000000e+02
5.573333333333333712e+02
5.226666666666666288e+02
5.000000000000000000e+02
5.000000000000000000e+02
4.590000000000000000e+02
4.240000000000000000e+02
4.173333333333333144e+02
4.170000000000000000e+02
5.960000000000000000e+02
5.000000000000000000e+02
4.960000000000000000e+02
4.880000000000000000e+02
4.920000000000000000e+02
4.920000000000000000e+02
4.613333333333333144e+02
5.520000000000000000e+02
4.640000000000000000e+02
5.480000000000000000e+02
5.520000000000000000e+02
5.480000000000000000e+02
5.400000000000000000e+02
5.480000000000000000e+02
5.480000000000000000e+02
5.480000000000000000e+02
5.480000000000000000e+02
5.480000000000000000e+02
5.440000000000000000e+02
5.480000000000000000e+02
5.480000000000000000e+02
4.600000000000000000e+02
5.480000000000000000e+02
4.560000000000000000e+02
7.520000000000000000e+02
4.800000000000000000e+02
4.760000000000000000e+02
4.920000000000000000e+02
5.000000000000000000e+02
4.860000000000000000e+02
4.586666666666666856e+02
4.880000000000000000e+02
4.800000000000000000e+02
4.410000000000000000e+02
5.480000000000000000e+02
4.520000000000000000e+02
4.840000000000000000e+02
4.680000000000000000e+02
4.600000000000000000e+02
4.640000000000000000e+02
4.570000000000000000e+02
5.500000000000000000e+02
5.440000000000000000e+02
5.440000000000000000e+02
5.440000000000000000e+02
5.520000000000000000e+02
5.480000000000000000e+02
5.440000000000000000e+02
5.440000000000000000e+02
5.480000000000000000e+02
5.470000000000000000e+02
5.440000000000000000e+02
5.480000000000000000e+02
5.480000000000000000e+02
4.600000000000000000e+02
4.600000000000000000e+02
4.590000000000000000e+02
5.640000000000000000e+02
4.840000000000000000e+02
4.120000000000000000e+02
4.180000000000000000e+02
4.800000000000000000e+02
4.946666666666666856e+02
5.040000000000000000e+02
4.360000000000000000e+02
4.266666666666666856e+02
4.040000000000000000e+02
4.780000000000000000e+02
5.600000000000000000e+02
5.520000000000000000e+02
5.480000000000000000e+02
5.440000000000000000e+02
5.520000000000000000e+02
5.480000000000000000e+02
5.400000000000000000e+02
5.480000000000000000e+02
5.440000000000000000e+02
5.440000000000000000e+02
5.440000000000000000e+02
5.440000000000000000e+02
5.440000000000000000e+02
5.440000000000000000e+02
5.480000000000000000e+02
5.440000000000000000e+02
4.160000000000000000e+02
5.506666666666666288e+02
4.333333333333333144e+02
6.980000000000000000e+02
5.480000000000000000e+02
4.400000000000000000e+02
4.240000000000000000e+02
4.160000000000000000e+02
4.050000000000000000e+02
4.120000000000000000e+02
4.240000000000000000e+02
4.200000000000000000e+02
4.080000000000000000e+02
4.640000000000000000e+02
4.160000000000000000e+02
4.240000000000000000e+02
4.240000000000000000e+02
4.280000000000000000e+02
4.320000000000000000e+02
4.300000000000000000e+02
5.466666666666666288e+02
5.520000000000000000e+02
4.440000000000000000e+02
4.400000000000000000e+02
5.440000000000000000e+02
5.360000000000000000e+02
5.426666666666666288e+02
5.880000000000000000e+02
4.150000000000000000e+02
5.920000000000000000e+02
4.186666666666666856e+02
4.200000000000000000e+02
5.600000000000000000e+02
4.420000000000000000e+02
4.280000000000000000e+02
4.320000000000000000e+02
4.120000000000000000e+02
4.250000000000000000e+02
4.120000000000000000e+02
4.120000000000000000e+02
4.400000000000000000e+02
4.800000000000000000e+02
7.410000000000000000e+02
4.670000000000000000e+02
4.680000000000000000e+02
4.120000000000000000e+02
4.040000000000000000e+02
4.560000000000000000e+02
4.200000000000000000e+02
4.080000000000000000e+02
4.040000000000000000e+02
4.280000000000000000e+02
4.280000000000000000e+02
5.600000000000000000e+02
4.240000000000000000e+02
5.450000000000000000e+02
5.480000000000000000e+02
4.080000000000000000e+02
4.120000000000000000e+02
