5.520000000000000000e+02
6.400000000000000000e+02
6.320000000000000000e+02
6.240000000000000000e+02
6.213333333333333712e+02
6.000000000000000000e+02
6.000000000000000000e+02
5.040000000000000000e+02
5.400000000000000000e+02
5.440000000000000000e+02
5.440000000000000000e+02
5.440000000000000000e+02
5.440000000000000000e+02
5.360000000000000000e+02
5.560000000000000000e+02
5.720000000000000000e+02
5.146666666666666288e+02
5.040000000000000000e+02
4.800000000000000000e+02
4.880000000000000000e+02
4.840000000000000000e+02
4.880000000000000000e+02
4.880000000000000000e+02
4.920000000000000000e+02
4.960000000000000000e+02
5.040000000000000000e+02
5.690000000000000000e+02
5.520000000000000000e+02
5.360000000000000000e+02
5.360000000000000000e+02
5.480000000000000000e+02
5.520000000000000000e+02
5.480000000000000000e+02
5.440000000000000000e+02
5.050000000000000000e+02
4.960000000000000000e+02
6.010000000000000000e+02
6.190000000000000000e+02
6.240000000000000000e+02
6.280000000000000000e+02
5.586666666666666288e+02
5.450000000000000000e+02
5.400000000000000000e+02
5.413333333333333712e+02
5.160000000000000000e+02
5.060000000000000000e+02
6.280000000000000000e+02
4.893333333333333144e+02
4.960000000000000000e+02
5.000000000000000000e+02
5.453333333333333712e+02
5.480000000000000000e+02
5.510000000000000000e+02
5.400000000000000000e+02
5.400000000000000000e+02
5.320000000000000000e+02
5.440000000000000000e+02
5.533333333333333712e+02
4.893333333333333144e+02
4.960000000000000000e+02
4.920000000000000000e+02
4.890000000000000000e+02
4.890000000000000000e+02
4.880000000000000000e+02
4.880000000000000000e+02
4.880000000000000000e+02
4.960000000000000000e+02
5.480000000000000000e+02
5.500000000000000000e+02
5.240000000000000000e+02
5.280000000000000000e+02
5.360000000000000000e+02
5.440000000000000000e+02
5.510000000000000000e+02
5.480000000000000000e+02
5.480000000000000000e+02
5.840000000000000000e+02
5.560000000000000000e+02
4.880000000000000000e+02
4.840000000000000000e+02
5.000000000000000000e+02
5.040000000000000000e+02
5.013333333333333144e+02
5.360000000000000000e+02
5.010000000000000000e+02
4.920000000000000000e+02
5.560000000000000000e+02
4.930000000000000000e+02
4.920000000000000000e+02
4.880000000000000000e+02
5.480000000000000000e+02
4.800000000000000000e+02
4.840000000000000000e+02
5.700000000000000000e+02
5.480000000000000000e+02
5.440000000000000000e+02
4.840000000000000000e+02
4.840000000000000000e+02
4.826666666666666856e+02
5.160000000000000000e+02
4.840000000000000000e+02
4.880000000000000000e+02
4.840000000000000000e+02
4.920000000000000000e+02
7.440000000000000000e+02
4.920000000000000000e+02
4.840000000000000000e+02
4.626666666666666856e+02
4.880000000000000000e+02
4.840000000000000000e+02
4.960000000000000000e+02
4.933333333333333144e+02
4.840000000000000000e+02
5.000000000000000000e+02
5.400000000000000000e+02
5.400000000000000000e+02
5.400000000000000000e+02
4.840000000000000000e+02
4.880000000000000000e+02
4.800000000000000000e+02
5.360000000000000000e+02
4.920000000000000000e+02
4.920000000000000000e+02
5.360000000000000000e+02
5.440000000000000000e+02
5.040000000000000000e+02
5.253333333333333712e+02
5.480000000000000000e+02
5.480000000000000000e+02
4.960000000000000000e+02
5.080000000000000000e+02
5.370000000000000000e+02
4.800000000000000000e+02
4.840000000000000000e+02
4.840000000000000000e+02
4.840000000000000000e+02
4.840000000000000000e+02
4.880000000000000000e+02
4.880000000000000000e+02
5.520000000000000000e+02
5.480000000000000000e+02
4.880000000000000000e+02
4.800000000000000000e+02
4.900000000000000000e+02
5.080000000000000000e+02
4.930000000000000000e+02
4.960000000000000000e+02
5.040000000000000000e+02
5.120000000000000000e+02
5.600000000000000000e+02
5.000000000000000000e+02
4.880000000000000000e+02
4.840000000000000000e+02
4.840000000000000000e+02
4.880000000000000000e+02
4.880000000000000000e+02
4.880000000000000000e+02
4.840000000000000000e+02
4.760000000000000000e+02
4.800000000000000000e+02
4.840000000000000000e+02
4.840000000000000000e+02
5.480000000000000000e+02
5.960000000000000000e+02
5.000000000000000000e+02
4.920000000000000000e+02
5.560000000000000000e+02
5.480000000000000000e+02
4.930000000000000000e+02
4.990000000000000000e+02
4.990000000000000000e+02
6.040000000000000000e+02
5.060000000000000000e+02
4.880000000000000000e+02
4.840000000000000000e+02
4.920000000000000000e+02
4.880000000000000000e+02
4.880000000000000000e+02
4.840000000000000000e+02
4.760000000000000000e+02
4.880000000000000000e+02
4.880000000000000000e+02
4.840000000000000000e+02
4.840000000000000000e+02
4.960000000000000000e+02
4.840000000000000000e+02
4.840000000000000000e+02
5.120000000000000000e+02
5.013333333333333144e+02
4.920000000000000000e+02
4.960000000000000000e+02
4.940000000000000000e+02
4.840000000000000000e+02
4.880000000000000000e+02
4.880000000000000000e+02
4.880000000000000000e+02
4.920000000000000000e+02
4.840000000000000000e+02
4.840000000000000000e+02
4.840000000000000000e+02
4.880000000000000000e+02
4.840000000000000000e+02
4.880000000000000000e+02
4.840000000000000000e+02
4.840000000000000000e+02
5.240000000000000000e+02
5.240000000000000000e+02
5.360000000000000000e+02
5.480000000000000000e+02
5.820000000000000000e+02
5.800000000000000000e+02
5.800000000000000000e+02
5.280000000000000000e+02
5.240000000000000000e+02
5.200000000000000000e+02
4.960000000000000000e+02
4.800000000000000000e+02
4.840000000000000000e+02
4.840000000000000000e+02
4.840000000000000000e+02
4.880000000000000000e+02
4.840000000000000000e+02
4.800000000000000000e+02
4.880000000000000000e+02
4.840000000000000000e+02
4.840000000000000000e+02
4.850000000000000000e+02
5.440000000000000000e+02
4.840000000000000000e+02
4.960000000000000000e+02
4.920000000000000000e+02
4.920000000000000000e+02
4.920000000000000000e+02
4.880000000000000000e+02
5.440000000000000000e+02
4.880000000000000000e+02
4.880000000000000000e+02
4.880000000000000000e+02
4.880000000000000000e+02
4.800000000000000000e+02
4.840000000000000000e+02
4.840000000000000000e+02
4.840000000000000000e+02
4.880000000000000000e+02
4.840000000000000000e+02
5.330000000000000000e+02
5.200000000000000000e+02
5.160000000000000000e+02
5.160000000000000000e+02
5.200000000000000000e+02
5.266666666666666288e+02
5.840000000000000000e+02
5.960000000000000000e+02
5.880000000000000000e+02
5.320000000000000000e+02
5.160000000000000000e+02
5.200000000000000000e+02
5.200000000000000000e+02
5.320000000000000000e+02
4.840000000000000000e+02
4.880000000000000000e+02
4.840000000000000000e+02
4.840000000000000000e+02
4.840000000000000000e+02
4.840000000000000000e+02
4.840000000000000000e+02
4.880000000000000000e+02
4.880000000000000000e+02
4.880000000000000000e+02
5.400000000000000000e+02
4.880000000000000000e+02
4.920000000000000000e+02
5.080000000000000000e+02
5.080000000000000000e+02
4.960000000000000000e+02
4.840000000000000000e+02
4.840000000000000000e+02
4.900000000000000000e+02
4.880000000000000000e+02
4.880000000000000000e+02
4.800000000000000000e+02
4.840000000000000000e+02
4.840000000000000000e+02
4.840000000000000000e+02
4.840000000000000000e+02
4.880000000000000000e+02
4.840000000000000000e+02
4.800000000000000000e+02
5.280000000000000000e+02
5.280000000000000000e+02
5.120000000000000000e+02
5.360000000000000000e+02
5.400000000000000000e+02
5.920000000000000000e+02
5.920000000000000000e+02
5.400000000000000000e+02
5.460000000000000000e+02
5.190000000000000000e+02
5.160000000000000000e+02
5.240000000000000000e+02
5.320000000000000000e+02
4.786666666666666856e+02
4.840000000000000000e+02
4.840000000000000000e+02
4.840000000000000000e+02
4.840000000000000000e+02
4.840000000000000000e+02
4.800000000000000000e+02
4.880000000000000000e+02
4.880000000000000000e+02
4.880000000000000000e+02
4.760000000000000000e+02
5.320000000000000000e+02
4.920000000000000000e+02
5.000000000000000000e+02
4.920000000000000000e+02
4.960000000000000000e+02
4.960000000000000000e+02
4.773333333333333144e+02
5.220000000000000000e+02
4.880000000000000000e+02
4.910000000000000000e+02
4.840000000000000000e+02
4.840000000000000000e+02
4.840000000000000000e+02
4.840000000000000000e+02
4.800000000000000000e+02
4.800000000000000000e+02
4.800000000000000000e+02
5.240000000000000000e+02
5.200000000000000000e+02
5.160000000000000000e+02
5.160000000000000000e+02
5.360000000000000000e+02
5.400000000000000000e+02
5.440000000000000000e+02
5.360000000000000000e+02
5.360000000000000000e+02
5.440000000000000000e+02
5.200000000000000000e+02
5.160000000000000000e+02
5.120000000000000000e+02
4.960000000000000000e+02
4.800000000000000000e+02
4.830000000000000000e+02
4.800000000000000000e+02
4.840000000000000000e+02
4.840000000000000000e+02
4.920000000000000000e+02
4.850000000000000000e+02
4.920000000000000000e+02
5.120000000000000000e+02
5.090000000000000000e+02
5.000000000000000000e+02
4.920000000000000000e+02
4.960000000000000000e+02
4.840000000000000000e+02
4.880000000000000000e+02
4.960000000000000000e+02
4.960000000000000000e+02
4.920000000000000000e+02
4.920000000000000000e+02
5.080000000000000000e+02
5.280000000000000000e+02
5.180000000000000000e+02
4.920000000000000000e+02
4.880000000000000000e+02
4.840000000000000000e+02
4.800000000000000000e+02
4.800000000000000000e+02
4.840000000000000000e+02
4.840000000000000000e+02
4.920000000000000000e+02
5.000000000000000000e+02
5.146666666666666288e+02
5.120000000000000000e+02
5.240000000000000000e+02
5.240000000000000000e+02
5.720000000000000000e+02
5.820000000000000000e+02
5.200000000000000000e+02
5.080000000000000000e+02
5.600000000000000000e+02
4.890000000000000000e+02
4.840000000000000000e+02
4.840000000000000000e+02
4.800000000000000000e+02
4.870000000000000000e+02
4.880000000000000000e+02
4.840000000000000000e+02
4.840000000000000000e+02
5.200000000000000000e+02
5.120000000000000000e+02
4.920000000000000000e+02
4.880000000000000000e+02
4.880000000000000000e+02
5.040000000000000000e+02
5.000000000000000000e+02
4.990000000000000000e+02
5.080000000000000000e+02
5.080000000000000000e+02
5.080000000000000000e+02
4.800000000000000000e+02
4.960000000000000000e+02
4.930000000000000000e+02
4.920000000000000000e+02
4.920000000000000000e+02
5.280000000000000000e+02
4.760000000000000000e+02
4.800000000000000000e+02
4.840000000000000000e+02
4.840000000000000000e+02
4.760000000000000000e+02
5.360000000000000000e+02
5.360000000000000000e+02
5.320000000000000000e+02
5.320000000000000000e+02
5.400000000000000000e+02
5.400000000000000000e+02
5.830000000000000000e+02
5.680000000000000000e+02
6.240000000000000000e+02
6.133333333333333712e+02
5.430000000000000000e+02
5.400000000000000000e+02
5.360000000000000000e+02
5.320000000000000000e+02
5.920000000000000000e+02
5.160000000000000000e+02
5.160000000000000000e+02
5.200000000000000000e+02
4.800000000000000000e+02
4.880000000000000000e+02
4.840000000000000000e+02
5.640000000000000000e+02
5.040000000000000000e+02
5.240000000000000000e+02
4.720000000000000000e+02
4.820000000000000000e+02
5.040000000000000000e+02
5.130000000000000000e+02
5.000000000000000000e+02
7.480000000000000000e+02
4.920000000000000000e+02
4.840000000000000000e+02
5.546666666666666288e+02
5.520000000000000000e+02
5.530000000000000000e+02
4.920000000000000000e+02
4.920000000000000000e+02
5.600000000000000000e+02
5.720000000000000000e+02
5.080000000000000000e+02
5.000000000000000000e+02
5.360000000000000000e+02
5.280000000000000000e+02
5.280000000000000000e+02
5.400000000000000000e+02
5.426666666666666288e+02
5.930000000000000000e+02
6.120000000000000000e+02
6.120000000000000000e+02
5.650000000000000000e+02
5.930000000000000000e+02
5.920000000000000000e+02
5.986666666666666288e+02
6.000000000000000000e+02
5.880000000000000000e+02
5.880000000000000000e+02
4.960000000000000000e+02
4.840000000000000000e+02
5.760000000000000000e+02
5.720000000000000000e+02
5.650000000000000000e+02
4.880000000000000000e+02
4.830000000000000000e+02
5.450000000000000000e+02
5.400000000000000000e+02
5.360000000000000000e+02
4.920000000000000000e+02
5.440000000000000000e+02
4.840000000000000000e+02
4.880000000000000000e+02
4.880000000000000000e+02
4.850000000000000000e+02
4.880000000000000000e+02
5.240000000000000000e+02
5.133333333333333712e+02
5.520000000000000000e+02
5.360000000000000000e+02
5.320000000000000000e+02
4.960000000000000000e+02
5.080000000000000000e+02
5.720000000000000000e+02
5.490000000000000000e+02
5.360000000000000000e+02
5.000000000000000000e+02
4.800000000000000000e+02
5.880000000000000000e+02
5.960000000000000000e+02
5.880000000000000000e+02
5.760000000000000000e+02
5.880000000000000000e+02
4.800000000000000000e+02
4.826666666666666856e+02
5.850000000000000000e+02
5.640000000000000000e+02
5.680000000000000000e+02
4.920000000000000000e+02
5.020000000000000000e+02
4.900000000000000000e+02
4.960000000000000000e+02
5.040000000000000000e+02
5.120000000000000000e+02
4.960000000000000000e+02
4.920000000000000000e+02
4.920000000000000000e+02
5.720000000000000000e+02
5.710000000000000000e+02
4.960000000000000000e+02
5.000000000000000000e+02
4.986666666666666856e+02
5.400000000000000000e+02
4.800000000000000000e+02
4.840000000000000000e+02
4.840000000000000000e+02
5.240000000000000000e+02
5.280000000000000000e+02
4.900000000000000000e+02
4.970000000000000000e+02
5.000000000000000000e+02
5.000000000000000000e+02
5.760000000000000000e+02
5.680000000000000000e+02
5.680000000000000000e+02
5.800000000000000000e+02
5.400000000000000000e+02
5.400000000000000000e+02
5.320000000000000000e+02
5.160000000000000000e+02
4.880000000000000000e+02
4.920000000000000000e+02
4.893333333333333144e+02
5.560000000000000000e+02
5.560000000000000000e+02
5.440000000000000000e+02
5.480000000000000000e+02
5.240000000000000000e+02
5.040000000000000000e+02
5.080000000000000000e+02
5.040000000000000000e+02
5.800000000000000000e+02
4.960000000000000000e+02
5.010000000000000000e+02
5.800000000000000000e+02
5.240000000000000000e+02
5.266666666666666288e+02
5.660000000000000000e+02
5.600000000000000000e+02
5.030000000000000000e+02
5.040000000000000000e+02
5.000000000000000000e+02
4.960000000000000000e+02
5.450000000000000000e+02
5.160000000000000000e+02
5.080000000000000000e+02
4.880000000000000000e+02
