5.530000000000000000e+02
5.520000000000000000e+02
4.240000000000000000e+02
4.213333333333333144e+02
4.200000000000000000e+02
4.360000000000000000e+02
4.240000000000000000e+02
4.150000000000000000e+02
4.280000000000000000e+02
5.460000000000000000e+02
5.470000000000000000e+02
4.360000000000000000e+02
5.480000000000000000e+02
5.440000000000000000e+02
7.530000000000000000e+02
7.480000000000000000e+02
5.000000000000000000e+02
4.260000000000000000e+02
5.480000000000000000e+02
4.450000000000000000e+02
5.410000000000000000e+02
4.266666666666666856e+02
4.533333333333333144e+02
4.280000000000000000e+02
4.240000000000000000e+02
4.080000000000000000e+02
4.400000000000000000e+02
4.460000000000000000e+02
4.160000000000000000e+02
4.160000000000000000e+02
4.200000000000000000e+02
4.240000000000000000e+02
5.600000000000000000e+02
5.520000000000000000e+02
4.240000000000000000e+02
4.240000000000000000e+02
4.240000000000000000e+02
4.560000000000000000e+02
4.400000000000000000e+02
4.360000000000000000e+02
4.160000000000000000e+02
4.120000000000000000e+02
4.133333333333333144e+02
4.120000000000000000e+02
4.520000000000000000e+02
7.440000000000000000e+02
6.050000000000000000e+02
7.586666666666666288e+02
4.706666666666666856e+02
4.760000000000000000e+02
5.440000000000000000e+02
4.120000000000000000e+02
4.160000000000000000e+02
4.240000000000000000e+02
4.240000000000000000e+02
4.120000000000000000e+02
4.560000000000000000e+02
4.520000000000000000e+02
4.440000000000000000e+02
4.360000000000000000e+02
4.280000000000000000e+02
4.320000000000000000e+02
5.470000000000000000e+02
5.520000000000000000e+02
5.440000000000000000e+02
5.440000000000000000e+02
5.440000000000000000e+02
4.320000000000000000e+02
4.480000000000000000e+02
4.080000000000000000e+02
4.440000000000000000e+02
4.520000000000000000e+02
4.680000000000000000e+02
4.160000000000000000e+02
4.120000000000000000e+02
4.120000000000000000e+02
4.080000000000000000e+02
4.680000000000000000e+02
4.120000000000000000e+02
4.120000000000000000e+02
4.160000000000000000e+02
4.160000000000000000e+02
4.760000000000000000e+02
4.080000000000000000e+02
4.080000000000000000e+02
4.160000000000000000e+02
4.120000000000000000e+02
4.240000000000000000e+02
4.440000000000000000e+02
4.410000000000000000e+02
4.280000000000000000e+02
5.480000000000000000e+02
5.600000000000000000e+02
5.480000000000000000e+02
5.480000000000000000e+02
5.480000000000000000e+02
5.480000000000000000e+02
5.480000000000000000e+02
5.480000000000000000e+02
5.520000000000000000e+02
5.520000000000000000e+02
5.520000000000000000e+02
5.540000000000000000e+02
4.380000000000000000e+02
4.160000000000000000e+02
4.160000000000000000e+02
4.120000000000000000e+02
4.080000000000000000e+02
4.080000000000000000e+02
4.800000000000000000e+02
4.106666666666666856e+02
4.050000000000000000e+02
4.160000000000000000e+02
4.120000000000000000e+02
4.200000000000000000e+02
4.160000000000000000e+02
4.080000000000000000e+02
4.670000000000000000e+02
4.600000000000000000e+02
5.520000000000000000e+02
5.480000000000000000e+02
5.560000000000000000e+02
5.480000000000000000e+02
5.480000000000000000e+02
5.400000000000000000e+02
5.440000000000000000e+02
5.480000000000000000e+02
5.480000000000000000e+02
5.480000000000000000e+02
5.480000000000000000e+02
5.480000000000000000e+02
5.440000000000000000e+02
5.480000000000000000e+02
5.480000000000000000e+02
5.520000000000000000e+02
5.440000000000000000e+02
5.480000000000000000e+02
4.560000000000000000e+02
4.680000000000000000e+02
4.160000000000000000e+02
4.200000000000000000e+02
4.160000000000000000e+02
4.160000000000000000e+02
4.200000000000000000e+02
5.120000000000000000e+02
4.160000000000000000e+02
4.160000000000000000e+02
4.160000000000000000e+02
4.160000000000000000e+02
4.800000000000000000e+02
5.420000000000000000e+02
5.480000000000000000e+02
5.540000000000000000e+02
5.520000000000000000e+02
5.480000000000000000e+02
5.480000000000000000e+02
5.520000000000000000e+02
5.440000000000000000e+02
5.440000000000000000e+02
5.480000000000000000e+02
5.480000000000000000e+02
5.480000000000000000e+02
5.480000000000000000e+02
5.520000000000000000e+02
5.480000000000000000e+02
5.480000000000000000e+02
5.520000000000000000e+02
5.440000000000000000e+02
4.790000000000000000e+02
5.480000000000000000e+02
5.560000000000000000e+02
4.893333333333333144e+02
4.360000000000000000e+02
4.390000000000000000e+02
4.300000000000000000e+02
4.600000000000000000e+02
4.160000000000000000e+02
4.200000000000000000e+02
4.320000000000000000e+02
4.280000000000000000e+02
4.200000000000000000e+02
4.160000000000000000e+02
5.560000000000000000e+02
5.973333333333333712e+02
5.440000000000000000e+02
5.480000000000000000e+02
5.560000000000000000e+02
5.506666666666666288e+02
5.520000000000000000e+02
5.480000000000000000e+02
5.440000000000000000e+02
5.400000000000000000e+02
5.440000000000000000e+02
5.400000000000000000e+02
5.400000000000000000e+02
4.880000000000000000e+02
4.880000000000000000e+02
5.640000000000000000e+02
5.480000000000000000e+02
4.920000000000000000e+02
5.550000000000000000e+02
5.520000000000000000e+02
7.150000000000000000e+02
5.570000000000000000e+02
5.240000000000000000e+02
5.250000000000000000e+02
5.480000000000000000e+02
7.510000000000000000e+02
7.470000000000000000e+02
5.640000000000000000e+02
5.613333333333333712e+02
5.400000000000000000e+02
5.640000000000000000e+02
5.120000000000000000e+02
4.250000000000000000e+02
5.570000000000000000e+02
4.893333333333333144e+02
5.960000000000000000e+02
5.560000000000000000e+02
4.800000000000000000e+02
4.880000000000000000e+02
5.480000000000000000e+02
5.720000000000000000e+02
5.680000000000000000e+02
5.620000000000000000e+02
5.560000000000000000e+02
5.520000000000000000e+02
5.440000000000000000e+02
5.070000000000000000e+02
5.210000000000000000e+02
5.500000000000000000e+02
7.480000000000000000e+02
5.450000000000000000e+02
5.293333333333333712e+02
5.760000000000000000e+02
5.610000000000000000e+02
5.413333333333333712e+02
4.220000000000000000e+02
5.640000000000000000e+02
5.680000000000000000e+02
5.720000000000000000e+02
5.640000000000000000e+02
5.640000000000000000e+02
5.680000000000000000e+02
5.720000000000000000e+02
5.600000000000000000e+02
5.320000000000000000e+02
5.360000000000000000e+02
5.360000000000000000e+02
5.220000000000000000e+02
7.453333333333333712e+02
5.910000000000000000e+02
5.120000000000000000e+02
6.030000000000000000e+02
5.600000000000000000e+02
5.720000000000000000e+02
