5.500000000000000000e+02
5.520000000000000000e+02
4.240000000000000000e+02
4.170000000000000000e+02
4.200000000000000000e+02
4.320000000000000000e+02
4.290000000000000000e+02
5.480000000000000000e+02
4.240000000000000000e+02
5.480000000000000000e+02
4.280000000000000000e+02
4.400000000000000000e+02
4.480000000000000000e+02
5.440000000000000000e+02
4.960000000000000000e+02
6.860000000000000000e+02
7.420000000000000000e+02
4.260000000000000000e+02
5.480000000000000000e+02
4.440000000000000000e+02
4.440000000000000000e+02
4.266666666666666856e+02
5.450000000000000000e+02
4.240000000000000000e+02
4.213333333333333144e+02
4.190000000000000000e+02
4.400000000000000000e+02
4.560000000000000000e+02
4.180000000000000000e+02
4.200000000000000000e+02
4.200000000000000000e+02
4.200000000000000000e+02
5.640000000000000000e+02
5.480000000000000000e+02
4.240000000000000000e+02
4.200000000000000000e+02
4.240000000000000000e+02
4.530000000000000000e+02
4.490000000000000000e+02
4.426666666666666856e+02
4.340000000000000000e+02
4.120000000000000000e+02
4.120000000000000000e+02
5.533333333333333712e+02
4.520000000000000000e+02
7.506666666666666288e+02
6.050000000000000000e+02
4.600000000000000000e+02
4.120000000000000000e+02
4.760000000000000000e+02
5.420000000000000000e+02
4.120000000000000000e+02
4.120000000000000000e+02
4.240000000000000000e+02
4.240000000000000000e+02
4.190000000000000000e+02
4.573333333333333144e+02
4.520000000000000000e+02
4.440000000000000000e+02
4.410000000000000000e+02
4.280000000000000000e+02
4.320000000000000000e+02
5.480000000000000000e+02
5.520000000000000000e+02
5.480000000000000000e+02
5.440000000000000000e+02
5.480000000000000000e+02
4.306666666666666856e+02
4.440000000000000000e+02
4.040000000000000000e+02
4.400000000000000000e+02
4.560000000000000000e+02
4.680000000000000000e+02
4.160000000000000000e+02
4.120000000000000000e+02
4.120000000000000000e+02
4.040000000000000000e+02
4.680000000000000000e+02
4.120000000000000000e+02
4.120000000000000000e+02
4.160000000000000000e+02
4.160000000000000000e+02
4.800000000000000000e+02
4.040000000000000000e+02
4.120000000000000000e+02
4.160000000000000000e+02
4.160000000000000000e+02
4.240000000000000000e+02
4.480000000000000000e+02
4.410000000000000000e+02
4.360000000000000000e+02
5.520000000000000000e+02
4.133333333333333144e+02
5.510000000000000000e+02
5.480000000000000000e+02
5.520000000000000000e+02
5.440000000000000000e+02
5.440000000000000000e+02
5.440000000000000000e+02
5.480000000000000000e+02
5.520000000000000000e+02
5.520000000000000000e+02
4.360000000000000000e+02
5.480000000000000000e+02
4.200000000000000000e+02
4.120000000000000000e+02
4.120000000000000000e+02
4.040000000000000000e+02
4.080000000000000000e+02
4.840000000000000000e+02
4.120000000000000000e+02
4.040000000000000000e+02
4.200000000000000000e+02
4.120000000000000000e+02
4.120000000000000000e+02
4.160000000000000000e+02
4.040000000000000000e+02
4.670000000000000000e+02
4.680000000000000000e+02
5.520000000000000000e+02
5.480000000000000000e+02
5.533333333333333712e+02
5.480000000000000000e+02
5.520000000000000000e+02
5.400000000000000000e+02
5.480000000000000000e+02
5.480000000000000000e+02
5.480000000000000000e+02
5.480000000000000000e+02
5.480000000000000000e+02
5.480000000000000000e+02
5.440000000000000000e+02
5.480000000000000000e+02
5.480000000000000000e+02
5.520000000000000000e+02
5.440000000000000000e+02
5.480000000000000000e+02
4.560000000000000000e+02
4.680000000000000000e+02
4.106666666666666856e+02
4.200000000000000000e+02
4.160000000000000000e+02
4.200000000000000000e+02
4.240000000000000000e+02
5.160000000000000000e+02
4.200000000000000000e+02
4.160000000000000000e+02
4.130000000000000000e+02
4.160000000000000000e+02
4.800000000000000000e+02
5.420000000000000000e+02
4.986666666666666856e+02
5.520000000000000000e+02
5.480000000000000000e+02
5.480000000000000000e+02
5.480000000000000000e+02
5.520000000000000000e+02
5.440000000000000000e+02
5.440000000000000000e+02
5.480000000000000000e+02
5.480000000000000000e+02
5.480000000000000000e+02
5.440000000000000000e+02
5.520000000000000000e+02
5.480000000000000000e+02
5.480000000000000000e+02
5.520000000000000000e+02
5.440000000000000000e+02
4.800000000000000000e+02
5.480000000000000000e+02
5.546666666666666288e+02
4.200000000000000000e+02
4.360000000000000000e+02
4.320000000000000000e+02
4.306666666666666856e+02
4.460000000000000000e+02
4.130000000000000000e+02
4.200000000000000000e+02
4.320000000000000000e+02
4.280000000000000000e+02
4.200000000000000000e+02
4.160000000000000000e+02
5.520000000000000000e+02
5.973333333333333712e+02
5.400000000000000000e+02
5.480000000000000000e+02
5.560000000000000000e+02
5.506666666666666288e+02
5.520000000000000000e+02
5.480000000000000000e+02
5.400000000000000000e+02
5.400000000000000000e+02
5.440000000000000000e+02
5.400000000000000000e+02
5.400000000000000000e+02
4.860000000000000000e+02
4.920000000000000000e+02
5.640000000000000000e+02
5.480000000000000000e+02
4.920000000000000000e+02
5.560000000000000000e+02
5.480000000000000000e+02
7.140000000000000000e+02
5.570000000000000000e+02
5.346666666666666288e+02
5.320000000000000000e+02
5.410000000000000000e+02
7.510000000000000000e+02
5.600000000000000000e+02
5.640000000000000000e+02
5.586666666666666288e+02
5.480000000000000000e+02
5.640000000000000000e+02
5.660000000000000000e+02
4.240000000000000000e+02
5.570000000000000000e+02
5.440000000000000000e+02
5.880000000000000000e+02
5.560000000000000000e+02
4.840000000000000000e+02
4.840000000000000000e+02
5.480000000000000000e+02
5.760000000000000000e+02
5.640000000000000000e+02
5.560000000000000000e+02
5.440000000000000000e+02
5.520000000000000000e+02
5.480000000000000000e+02
5.070000000000000000e+02
5.210000000000000000e+02
5.500000000000000000e+02
5.400000000000000000e+02
5.466666666666666288e+02
5.200000000000000000e+02
5.680000000000000000e+02
5.600000000000000000e+02
5.590000000000000000e+02
4.230000000000000000e+02
5.640000000000000000e+02
5.640000000000000000e+02
5.720000000000000000e+02
5.706666666666666288e+02
5.640000000000000000e+02
5.640000000000000000e+02
5.720000000000000000e+02
5.600000000000000000e+02
5.280000000000000000e+02
5.400000000000000000e+02
5.360000000000000000e+02
5.720000000000000000e+02
5.580000000000000000e+02
5.910000000000000000e+02
5.160000000000000000e+02
5.880000000000000000e+02
5.600000000000000000e+02
5.720000000000000000e+02
