5.960000000000000000e+02
5.880000000000000000e+02
6.000000000000000000e+02
6.000000000000000000e+02
5.240000000000000000e+02
5.040000000000000000e+02
5.040000000000000000e+02
5.520000000000000000e+02
7.480000000000000000e+02
5.600000000000000000e+02
5.640000000000000000e+02
5.760000000000000000e+02
5.093333333333333144e+02
5.040000000000000000e+02
4.920000000000000000e+02
5.000000000000000000e+02
5.040000000000000000e+02
5.000000000000000000e+02
5.670000000000000000e+02
5.080000000000000000e+02
5.080000000000000000e+02
5.680000000000000000e+02
5.720000000000000000e+02
5.690000000000000000e+02
5.480000000000000000e+02
5.000000000000000000e+02
5.040000000000000000e+02
5.360000000000000000e+02
5.600000000000000000e+02
5.920000000000000000e+02
5.880000000000000000e+02
5.960000000000000000e+02
5.910000000000000000e+02
5.760000000000000000e+02
5.640000000000000000e+02
5.600000000000000000e+02
4.920000000000000000e+02
4.990000000000000000e+02
5.080000000000000000e+02
5.080000000000000000e+02
5.786666666666666288e+02
5.880000000000000000e+02
5.080000000000000000e+02
5.000000000000000000e+02
5.000000000000000000e+02
5.040000000000000000e+02
4.960000000000000000e+02
5.000000000000000000e+02
5.040000000000000000e+02
4.906666666666666856e+02
4.960000000000000000e+02
5.480000000000000000e+02
4.933333333333333144e+02
4.960000000000000000e+02
5.200000000000000000e+02
4.920000000000000000e+02
5.040000000000000000e+02
5.200000000000000000e+02
5.080000000000000000e+02
5.120000000000000000e+02
5.120000000000000000e+02
5.280000000000000000e+02
5.493333333333333712e+02
5.640000000000000000e+02
6.320000000000000000e+02
5.010000000000000000e+02
5.480000000000000000e+02
5.240000000000000000e+02
5.280000000000000000e+02
5.000000000000000000e+02
5.040000000000000000e+02
5.000000000000000000e+02
5.040000000000000000e+02
5.000000000000000000e+02
5.000000000000000000e+02
5.080000000000000000e+02
5.140000000000000000e+02
4.960000000000000000e+02
5.240000000000000000e+02
5.080000000000000000e+02
5.120000000000000000e+02
5.600000000000000000e+02
4.933333333333333144e+02
5.580000000000000000e+02
5.040000000000000000e+02
4.960000000000000000e+02
4.930000000000000000e+02
5.000000000000000000e+02
5.000000000000000000e+02
4.960000000000000000e+02
4.920000000000000000e+02
4.960000000000000000e+02
5.000000000000000000e+02
4.920000000000000000e+02
5.800000000000000000e+02
5.440000000000000000e+02
5.720000000000000000e+02
5.826666666666666288e+02
4.960000000000000000e+02
4.960000000000000000e+02
5.000000000000000000e+02
4.960000000000000000e+02
5.000000000000000000e+02
4.960000000000000000e+02
5.000000000000000000e+02
5.000000000000000000e+02
5.973333333333333712e+02
5.080000000000000000e+02
5.400000000000000000e+02
5.586666666666666288e+02
5.560000000000000000e+02
5.210000000000000000e+02
5.520000000000000000e+02
5.520000000000000000e+02
5.480000000000000000e+02
5.133333333333333712e+02
5.080000000000000000e+02
5.040000000000000000e+02
5.000000000000000000e+02
5.040000000000000000e+02
5.040000000000000000e+02
5.040000000000000000e+02
5.000000000000000000e+02
4.960000000000000000e+02
5.000000000000000000e+02
5.000000000000000000e+02
5.040000000000000000e+02
5.750000000000000000e+02
5.680000000000000000e+02
5.600000000000000000e+02
4.960000000000000000e+02
5.040000000000000000e+02
5.000000000000000000e+02
5.000000000000000000e+02
5.000000000000000000e+02
5.040000000000000000e+02
5.000000000000000000e+02
5.220000000000000000e+02
5.040000000000000000e+02
5.080000000000000000e+02
5.000000000000000000e+02
5.013333333333333144e+02
5.560000000000000000e+02
5.560000000000000000e+02
5.520000000000000000e+02
5.440000000000000000e+02
5.240000000000000000e+02
5.160000000000000000e+02
5.040000000000000000e+02
5.040000000000000000e+02
5.040000000000000000e+02
5.000000000000000000e+02
5.040000000000000000e+02
5.000000000000000000e+02
5.000000000000000000e+02
5.040000000000000000e+02
5.040000000000000000e+02
5.000000000000000000e+02
5.626666666666666288e+02
5.640000000000000000e+02
5.680000000000000000e+02
5.640000000000000000e+02
5.000000000000000000e+02
5.000000000000000000e+02
5.000000000000000000e+02
4.960000000000000000e+02
4.960000000000000000e+02
5.040000000000000000e+02
5.000000000000000000e+02
4.970000000000000000e+02
5.080000000000000000e+02
5.960000000000000000e+02
5.050000000000000000e+02
5.360000000000000000e+02
5.400000000000000000e+02
5.560000000000000000e+02
5.420000000000000000e+02
5.320000000000000000e+02
5.240000000000000000e+02
5.200000000000000000e+02
5.080000000000000000e+02
5.040000000000000000e+02
5.080000000000000000e+02
4.960000000000000000e+02
5.000000000000000000e+02
5.000000000000000000e+02
5.000000000000000000e+02
5.000000000000000000e+02
5.000000000000000000e+02
4.960000000000000000e+02
5.680000000000000000e+02
5.720000000000000000e+02
5.720000000000000000e+02
5.720000000000000000e+02
5.680000000000000000e+02
4.960000000000000000e+02
5.000000000000000000e+02
5.000000000000000000e+02
5.040000000000000000e+02
5.040000000000000000e+02
4.920000000000000000e+02
5.040000000000000000e+02
5.040000000000000000e+02
5.080000000000000000e+02
5.040000000000000000e+02
5.280000000000000000e+02
5.340000000000000000e+02
5.480000000000000000e+02
5.600000000000000000e+02
4.960000000000000000e+02
5.040000000000000000e+02
5.040000000000000000e+02
5.120000000000000000e+02
5.120000000000000000e+02
5.160000000000000000e+02
5.080000000000000000e+02
5.080000000000000000e+02
5.040000000000000000e+02
5.040000000000000000e+02
4.960000000000000000e+02
4.960000000000000000e+02
5.560000000000000000e+02
5.600000000000000000e+02
5.660000000000000000e+02
5.960000000000000000e+02
5.320000000000000000e+02
6.013333333333333712e+02
5.960000000000000000e+02
5.000000000000000000e+02
5.000000000000000000e+02
5.040000000000000000e+02
5.080000000000000000e+02
5.080000000000000000e+02
5.120000000000000000e+02
5.120000000000000000e+02
5.720000000000000000e+02
5.000000000000000000e+02
5.080000000000000000e+02
5.000000000000000000e+02
5.373333333333333712e+02
5.200000000000000000e+02
5.640000000000000000e+02
4.990000000000000000e+02
5.040000000000000000e+02
5.440000000000000000e+02
5.200000000000000000e+02
5.050000000000000000e+02
5.160000000000000000e+02
5.080000000000000000e+02
5.790000000000000000e+02
4.960000000000000000e+02
5.000000000000000000e+02
4.960000000000000000e+02
5.840000000000000000e+02
5.640000000000000000e+02
5.360000000000000000e+02
