4.280000000000000000e+02
4.420000000000000000e+02
4.620000000000000000e+02
4.706666666666666856e+02
4.760000000000000000e+02
4.800000000000000000e+02
5.120000000000000000e+02
5.040000000000000000e+02
5.173333333333333712e+02
4.400000000000000000e+02
4.470000000000000000e+02
4.640000000000000000e+02
4.080000000000000000e+02
4.120000000000000000e+02
4.160000000000000000e+02
4.160000000000000000e+02
4.120000000000000000e+02
4.200000000000000000e+02
4.200000000000000000e+02
4.080000000000000000e+02
4.010000000000000000e+02
4.520000000000000000e+02
4.480000000000000000e+02
5.160000000000000000e+02
4.990000000000000000e+02
5.026666666666666856e+02
4.800000000000000000e+02
4.680000000000000000e+02
4.710000000000000000e+02
4.640000000000000000e+02
4.600000000000000000e+02
4.200000000000000000e+02
4.680000000000000000e+02
4.640000000000000000e+02
4.600000000000000000e+02
4.720000000000000000e+02
4.490000000000000000e+02
4.560000000000000000e+02
5.573333333333333712e+02
5.530000000000000000e+02
5.200000000000000000e+02
4.520000000000000000e+02
4.520000000000000000e+02
4.026666666666666856e+02
4.080000000000000000e+02
6.000000000000000000e+02
4.200000000000000000e+02
4.160000000000000000e+02
4.160000000000000000e+02
4.200000000000000000e+02
4.213333333333333144e+02
5.960000000000000000e+02
4.040000000000000000e+02
4.130000000000000000e+02
4.430000000000000000e+02
5.110000000000000000e+02
5.200000000000000000e+02
4.960000000000000000e+02
4.560000000000000000e+02
4.920000000000000000e+02
4.800000000000000000e+02
4.600000000000000000e+02
4.600000000000000000e+02
4.560000000000000000e+02
4.560000000000000000e+02
4.640000000000000000e+02
4.880000000000000000e+02
4.600000000000000000e+02
4.760000000000000000e+02
7.533333333333333712e+02
5.000000000000000000e+02
5.120000000000000000e+02
5.160000000000000000e+02
5.240000000000000000e+02
4.320000000000000000e+02
4.306666666666666856e+02
6.000000000000000000e+02
5.960000000000000000e+02
4.200000000000000000e+02
4.200000000000000000e+02
4.160000000000000000e+02
4.230000000000000000e+02
4.240000000000000000e+02
6.040000000000000000e+02
5.760000000000000000e+02
5.480000000000000000e+02
5.400000000000000000e+02
5.373333333333333712e+02
5.090000000000000000e+02
5.020000000000000000e+02
4.640000000000000000e+02
4.950000000000000000e+02
4.546666666666666856e+02
4.560000000000000000e+02
4.600000000000000000e+02
4.560000000000000000e+02
4.480000000000000000e+02
4.480000000000000000e+02
4.480000000000000000e+02
4.506666666666666856e+02
4.640000000000000000e+02
4.640000000000000000e+02
4.560000000000000000e+02
5.160000000000000000e+02
7.386666666666666288e+02
5.250000000000000000e+02
5.360000000000000000e+02
4.530000000000000000e+02
5.933333333333333712e+02
6.010000000000000000e+02
6.173333333333333712e+02
6.080000000000000000e+02
4.120000000000000000e+02
6.120000000000000000e+02
6.010000000000000000e+02
5.760000000000000000e+02
5.630000000000000000e+02
5.400000000000000000e+02
5.360000000000000000e+02
6.840000000000000000e+02
4.620000000000000000e+02
4.640000000000000000e+02
4.760000000000000000e+02
4.600000000000000000e+02
4.560000000000000000e+02
4.560000000000000000e+02
4.480000000000000000e+02
4.560000000000000000e+02
4.480000000000000000e+02
4.520000000000000000e+02
4.480000000000000000e+02
4.640000000000000000e+02
4.580000000000000000e+02
4.600000000000000000e+02
4.720000000000000000e+02
4.620000000000000000e+02
7.466666666666666288e+02
5.320000000000000000e+02
5.360000000000000000e+02
5.520000000000000000e+02
5.840000000000000000e+02
6.080000000000000000e+02
6.080000000000000000e+02
6.080000000000000000e+02
6.080000000000000000e+02
6.080000000000000000e+02
6.120000000000000000e+02
5.960000000000000000e+02
5.360000000000000000e+02
5.320000000000000000e+02
5.320000000000000000e+02
5.160000000000000000e+02
5.000000000000000000e+02
4.800000000000000000e+02
4.480000000000000000e+02
4.520000000000000000e+02
4.560000000000000000e+02
4.520000000000000000e+02
4.560000000000000000e+02
4.560000000000000000e+02
4.520000000000000000e+02
4.560000000000000000e+02
4.560000000000000000e+02
4.520000000000000000e+02
4.560000000000000000e+02
4.600000000000000000e+02
4.590000000000000000e+02
4.880000000000000000e+02
5.160000000000000000e+02
5.320000000000000000e+02
5.400000000000000000e+02
5.400000000000000000e+02
6.000000000000000000e+02
6.040000000000000000e+02
6.000000000000000000e+02
5.960000000000000000e+02
5.880000000000000000e+02
5.920000000000000000e+02
6.100000000000000000e+02
6.040000000000000000e+02
5.480000000000000000e+02
5.480000000000000000e+02
5.400000000000000000e+02
5.200000000000000000e+02
4.800000000000000000e+02
4.560000000000000000e+02
4.600000000000000000e+02
4.600000000000000000e+02
4.560000000000000000e+02
4.560000000000000000e+02
4.560000000000000000e+02
4.520000000000000000e+02
4.520000000000000000e+02
4.520000000000000000e+02
4.520000000000000000e+02
4.920000000000000000e+02
4.520000000000000000e+02
5.080000000000000000e+02
4.420000000000000000e+02
5.080000000000000000e+02
5.210000000000000000e+02
5.280000000000000000e+02
5.480000000000000000e+02
5.680000000000000000e+02
5.960000000000000000e+02
6.000000000000000000e+02
6.040000000000000000e+02
4.280000000000000000e+02
4.120000000000000000e+02
6.080000000000000000e+02
6.000000000000000000e+02
5.960000000000000000e+02
5.440000000000000000e+02
5.480000000000000000e+02
7.386666666666666288e+02
4.450000000000000000e+02
5.420000000000000000e+02
4.613333333333333144e+02
4.930000000000000000e+02
4.906666666666666856e+02
4.600000000000000000e+02
4.560000000000000000e+02
4.520000000000000000e+02
4.520000000000000000e+02
4.520000000000000000e+02
4.560000000000000000e+02
4.560000000000000000e+02
4.520000000000000000e+02
4.800000000000000000e+02
4.580000000000000000e+02
5.230000000000000000e+02
4.946666666666666856e+02
4.960000000000000000e+02
5.440000000000000000e+02
5.400000000000000000e+02
5.653333333333333712e+02
5.680000000000000000e+02
6.040000000000000000e+02
6.040000000000000000e+02
4.080000000000000000e+02
4.160000000000000000e+02
4.120000000000000000e+02
5.680000000000000000e+02
5.720000000000000000e+02
4.640000000000000000e+02
5.413333333333333712e+02
5.360000000000000000e+02
5.280000000000000000e+02
4.786666666666666856e+02
4.900000000000000000e+02
4.760000000000000000e+02
4.640000000000000000e+02
4.520000000000000000e+02
4.600000000000000000e+02
4.600000000000000000e+02
4.560000000000000000e+02
