4.380000000000000000e+02
4.080000000000000000e+02
4.050000000000000000e+02
4.040000000000000000e+02
4.860000000000000000e+02
4.120000000000000000e+02
4.160000000000000000e+02
4.200000000000000000e+02
5.080000000000000000e+02
5.080000000000000000e+02
4.080000000000000000e+02
4.080000000000000000e+02
4.120000000000000000e+02
4.270000000000000000e+02
4.080000000000000000e+02
4.080000000000000000e+02
4.080000000000000000e+02
4.040000000000000000e+02
4.080000000000000000e+02
4.120000000000000000e+02
4.520000000000000000e+02
4.080000000000000000e+02
4.080000000000000000e+02
5.000000000000000000e+02
4.160000000000000000e+02
4.160000000000000000e+02
4.880000000000000000e+02
4.040000000000000000e+02
4.040000000000000000e+02
4.040000000000000000e+02
4.160000000000000000e+02
4.160000000000000000e+02
4.360000000000000000e+02
4.280000000000000000e+02
4.506666666666666856e+02
4.080000000000000000e+02
4.040000000000000000e+02
4.000000000000000000e+02
4.160000000000000000e+02
4.170000000000000000e+02
4.960000000000000000e+02
4.200000000000000000e+02
5.040000000000000000e+02
4.000000000000000000e+02
4.013333333333333144e+02
4.120000000000000000e+02
4.080000000000000000e+02
4.000000000000000000e+02
3.960000000000000000e+02
3.960000000000000000e+02
4.090000000000000000e+02
4.080000000000000000e+02
4.120000000000000000e+02
4.120000000000000000e+02
4.930000000000000000e+02
4.080000000000000000e+02
4.213333333333333144e+02
4.160000000000000000e+02
4.160000000000000000e+02
4.080000000000000000e+02
4.320000000000000000e+02
4.560000000000000000e+02
4.090000000000000000e+02
4.800000000000000000e+02
4.560000000000000000e+02
4.760000000000000000e+02
4.120000000000000000e+02
4.060000000000000000e+02
4.040000000000000000e+02
4.120000000000000000e+02
4.160000000000000000e+02
4.080000000000000000e+02
4.040000000000000000e+02
4.013333333333333144e+02
4.080000000000000000e+02
4.200000000000000000e+02
4.120000000000000000e+02
4.160000000000000000e+02
4.520000000000000000e+02
4.000000000000000000e+02
4.120000000000000000e+02
4.240000000000000000e+02
4.160000000000000000e+02
4.050000000000000000e+02
4.120000000000000000e+02
4.000000000000000000e+02
4.040000000000000000e+02
4.050000000000000000e+02
4.080000000000000000e+02
4.120000000000000000e+02
4.080000000000000000e+02
4.560000000000000000e+02
4.000000000000000000e+02
4.040000000000000000e+02
4.640000000000000000e+02
4.480000000000000000e+02
5.040000000000000000e+02
4.040000000000000000e+02
4.080000000000000000e+02
4.000000000000000000e+02
4.000000000000000000e+02
4.040000000000000000e+02
4.040000000000000000e+02
4.040000000000000000e+02
4.080000000000000000e+02
4.080000000000000000e+02
3.960000000000000000e+02
4.120000000000000000e+02
4.160000000000000000e+02
4.080000000000000000e+02
4.040000000000000000e+02
4.600000000000000000e+02
4.600000000000000000e+02
4.080000000000000000e+02
3.920000000000000000e+02
4.160000000000000000e+02
4.120000000000000000e+02
4.066666666666666856e+02
4.080000000000000000e+02
4.080000000000000000e+02
4.080000000000000000e+02
4.080000000000000000e+02
4.040000000000000000e+02
4.000000000000000000e+02
4.080000000000000000e+02
4.040000000000000000e+02
4.040000000000000000e+02
5.040000000000000000e+02
5.120000000000000000e+02
4.080000000000000000e+02
4.040000000000000000e+02
4.040000000000000000e+02
4.000000000000000000e+02
4.040000000000000000e+02
4.120000000000000000e+02
4.120000000000000000e+02
4.080000000000000000e+02
5.000000000000000000e+02
3.920000000000000000e+02
4.080000000000000000e+02
4.120000000000000000e+02
4.480000000000000000e+02
4.320000000000000000e+02
4.280000000000000000e+02
4.840000000000000000e+02
4.180000000000000000e+02
4.160000000000000000e+02
4.160000000000000000e+02
4.120000000000000000e+02
4.040000000000000000e+02
5.000000000000000000e+02
4.040000000000000000e+02
4.080000000000000000e+02
4.000000000000000000e+02
4.040000000000000000e+02
4.040000000000000000e+02
4.040000000000000000e+02
4.040000000000000000e+02
4.440000000000000000e+02
4.320000000000000000e+02
4.420000000000000000e+02
4.520000000000000000e+02
4.040000000000000000e+02
4.080000000000000000e+02
4.080000000000000000e+02
4.040000000000000000e+02
4.040000000000000000e+02
4.120000000000000000e+02
4.040000000000000000e+02
4.080000000000000000e+02
4.080000000000000000e+02
4.120000000000000000e+02
4.210000000000000000e+02
4.200000000000000000e+02
4.680000000000000000e+02
4.200000000000000000e+02
4.640000000000000000e+02
4.040000000000000000e+02
4.280000000000000000e+02
4.240000000000000000e+02
4.160000000000000000e+02
4.120000000000000000e+02
4.080000000000000000e+02
4.080000000000000000e+02
4.000000000000000000e+02
4.040000000000000000e+02
4.040000000000000000e+02
4.080000000000000000e+02
4.040000000000000000e+02
4.080000000000000000e+02
4.053333333333333144e+02
5.120000000000000000e+02
5.080000000000000000e+02
4.560000000000000000e+02
4.080000000000000000e+02
4.040000000000000000e+02
4.080000000000000000e+02
4.040000000000000000e+02
4.040000000000000000e+02
4.040000000000000000e+02
4.040000000000000000e+02
4.080000000000000000e+02
4.080000000000000000e+02
4.120000000000000000e+02
4.120000000000000000e+02
4.280000000000000000e+02
4.030000000000000000e+02
4.150000000000000000e+02
4.440000000000000000e+02
3.960000000000000000e+02
4.080000000000000000e+02
4.080000000000000000e+02
4.120000000000000000e+02
5.240000000000000000e+02
5.000000000000000000e+02
4.040000000000000000e+02
4.040000000000000000e+02
4.040000000000000000e+02
4.080000000000000000e+02
4.000000000000000000e+02
4.040000000000000000e+02
4.080000000000000000e+02
4.960000000000000000e+02
5.040000000000000000e+02
5.040000000000000000e+02
3.960000000000000000e+02
4.080000000000000000e+02
3.960000000000000000e+02
4.000000000000000000e+02
4.040000000000000000e+02
4.080000000000000000e+02
4.080000000000000000e+02
4.080000000000000000e+02
4.093333333333333144e+02
4.050000000000000000e+02
4.120000000000000000e+02
4.080000000000000000e+02
4.080000000000000000e+02
4.540000000000000000e+02
4.480000000000000000e+02
4.133333333333333144e+02
4.040000000000000000e+02
4.040000000000000000e+02
4.040000000000000000e+02
4.120000000000000000e+02
4.120000000000000000e+02
4.080000000000000000e+02
4.120000000000000000e+02
4.120000000000000000e+02
4.120000000000000000e+02
4.080000000000000000e+02
4.040000000000000000e+02
4.040000000000000000e+02
4.040000000000000000e+02
4.000000000000000000e+02
4.920000000000000000e+02
