5.520000000000000000e+02
6.360000000000000000e+02
6.280000000000000000e+02
6.240000000000000000e+02
6.200000000000000000e+02
6.000000000000000000e+02
6.000000000000000000e+02
5.040000000000000000e+02
5.400000000000000000e+02
5.440000000000000000e+02
5.480000000000000000e+02
5.440000000000000000e+02
5.440000000000000000e+02
5.400000000000000000e+02
5.520000000000000000e+02
5.720000000000000000e+02
5.200000000000000000e+02
5.080000000000000000e+02
4.920000000000000000e+02
4.840000000000000000e+02
4.840000000000000000e+02
4.910000000000000000e+02
4.840000000000000000e+02
4.920000000000000000e+02
4.960000000000000000e+02
5.040000000000000000e+02
5.020000000000000000e+02
5.520000000000000000e+02
5.390000000000000000e+02
5.400000000000000000e+02
5.410000000000000000e+02
5.480000000000000000e+02
5.480000000000000000e+02
5.440000000000000000e+02
5.340000000000000000e+02
5.020000000000000000e+02
6.010000000000000000e+02
6.200000000000000000e+02
6.240000000000000000e+02
6.270000000000000000e+02
5.586666666666666288e+02
5.480000000000000000e+02
5.440000000000000000e+02
5.330000000000000000e+02
5.160000000000000000e+02
5.000000000000000000e+02
6.280000000000000000e+02
4.920000000000000000e+02
4.960000000000000000e+02
5.000000000000000000e+02
5.453333333333333712e+02
5.480000000000000000e+02
5.480000000000000000e+02
5.480000000000000000e+02
5.400000000000000000e+02
5.320000000000000000e+02
5.440000000000000000e+02
5.533333333333333712e+02
4.893333333333333144e+02
4.920000000000000000e+02
4.920000000000000000e+02
4.890000000000000000e+02
4.890000000000000000e+02
4.920000000000000000e+02
4.890000000000000000e+02
4.920000000000000000e+02
4.960000000000000000e+02
4.880000000000000000e+02
5.480000000000000000e+02
5.320000000000000000e+02
5.280000000000000000e+02
5.360000000000000000e+02
5.440000000000000000e+02
5.510000000000000000e+02
5.520000000000000000e+02
5.510000000000000000e+02
5.840000000000000000e+02
5.520000000000000000e+02
4.880000000000000000e+02
4.880000000000000000e+02
5.000000000000000000e+02
5.040000000000000000e+02
5.013333333333333144e+02
5.320000000000000000e+02
5.010000000000000000e+02
4.920000000000000000e+02
5.520000000000000000e+02
4.930000000000000000e+02
4.880000000000000000e+02
5.440000000000000000e+02
5.480000000000000000e+02
4.800000000000000000e+02
4.840000000000000000e+02
5.600000000000000000e+02
5.440000000000000000e+02
5.440000000000000000e+02
5.450000000000000000e+02
4.800000000000000000e+02
5.266666666666666288e+02
5.160000000000000000e+02
4.840000000000000000e+02
4.880000000000000000e+02
4.840000000000000000e+02
4.880000000000000000e+02
7.440000000000000000e+02
4.920000000000000000e+02
4.840000000000000000e+02
4.586666666666666856e+02
4.880000000000000000e+02
4.840000000000000000e+02
4.960000000000000000e+02
4.933333333333333144e+02
4.840000000000000000e+02
4.880000000000000000e+02
5.360000000000000000e+02
5.400000000000000000e+02
4.800000000000000000e+02
4.800000000000000000e+02
4.840000000000000000e+02
4.800000000000000000e+02
5.413333333333333712e+02
4.920000000000000000e+02
4.960000000000000000e+02
5.360000000000000000e+02
5.400000000000000000e+02
5.040000000000000000e+02
5.360000000000000000e+02
5.440000000000000000e+02
5.440000000000000000e+02
4.960000000000000000e+02
5.080000000000000000e+02
5.400000000000000000e+02
4.840000000000000000e+02
4.840000000000000000e+02
4.840000000000000000e+02
4.840000000000000000e+02
4.880000000000000000e+02
4.880000000000000000e+02
4.880000000000000000e+02
5.520000000000000000e+02
5.480000000000000000e+02
4.880000000000000000e+02
4.800000000000000000e+02
4.900000000000000000e+02
5.080000000000000000e+02
5.020000000000000000e+02
4.920000000000000000e+02
5.040000000000000000e+02
5.120000000000000000e+02
5.626666666666666288e+02
4.920000000000000000e+02
4.880000000000000000e+02
4.840000000000000000e+02
4.840000000000000000e+02
4.880000000000000000e+02
4.880000000000000000e+02
4.880000000000000000e+02
4.840000000000000000e+02
4.800000000000000000e+02
4.800000000000000000e+02
4.840000000000000000e+02
4.840000000000000000e+02
5.480000000000000000e+02
5.920000000000000000e+02
5.000000000000000000e+02
4.920000000000000000e+02
5.560000000000000000e+02
5.490000000000000000e+02
4.920000000000000000e+02
4.960000000000000000e+02
5.000000000000000000e+02
6.040000000000000000e+02
5.080000000000000000e+02
4.760000000000000000e+02
4.840000000000000000e+02
4.920000000000000000e+02
4.880000000000000000e+02
4.880000000000000000e+02
4.840000000000000000e+02
4.800000000000000000e+02
4.920000000000000000e+02
4.880000000000000000e+02
4.880000000000000000e+02
4.840000000000000000e+02
4.960000000000000000e+02
4.840000000000000000e+02
4.800000000000000000e+02
5.120000000000000000e+02
4.960000000000000000e+02
4.920000000000000000e+02
4.960000000000000000e+02
4.840000000000000000e+02
4.840000000000000000e+02
4.920000000000000000e+02
4.880000000000000000e+02
4.880000000000000000e+02
4.880000000000000000e+02
4.840000000000000000e+02
4.840000000000000000e+02
4.840000000000000000e+02
4.880000000000000000e+02
4.880000000000000000e+02
4.920000000000000000e+02
4.840000000000000000e+02
4.840000000000000000e+02
5.200000000000000000e+02
5.240000000000000000e+02
5.360000000000000000e+02
5.480000000000000000e+02
5.800000000000000000e+02
5.800000000000000000e+02
5.840000000000000000e+02
5.280000000000000000e+02
5.200000000000000000e+02
5.200000000000000000e+02
4.960000000000000000e+02
4.890000000000000000e+02
4.840000000000000000e+02
4.840000000000000000e+02
4.840000000000000000e+02
4.880000000000000000e+02
4.880000000000000000e+02
4.840000000000000000e+02
4.880000000000000000e+02
4.880000000000000000e+02
4.840000000000000000e+02
4.880000000000000000e+02
5.480000000000000000e+02
4.840000000000000000e+02
4.920000000000000000e+02
4.920000000000000000e+02
4.920000000000000000e+02
4.920000000000000000e+02
4.880000000000000000e+02
5.480000000000000000e+02
4.880000000000000000e+02
4.840000000000000000e+02
4.880000000000000000e+02
4.880000000000000000e+02
4.800000000000000000e+02
4.840000000000000000e+02
4.840000000000000000e+02
4.840000000000000000e+02
4.880000000000000000e+02
4.840000000000000000e+02
5.320000000000000000e+02
5.200000000000000000e+02
5.160000000000000000e+02
5.160000000000000000e+02
5.200000000000000000e+02
5.840000000000000000e+02
5.800000000000000000e+02
5.960000000000000000e+02
5.920000000000000000e+02
5.320000000000000000e+02
5.160000000000000000e+02
5.160000000000000000e+02
5.200000000000000000e+02
5.280000000000000000e+02
4.840000000000000000e+02
4.880000000000000000e+02
4.840000000000000000e+02
4.840000000000000000e+02
4.840000000000000000e+02
4.840000000000000000e+02
4.840000000000000000e+02
4.880000000000000000e+02
4.840000000000000000e+02
4.880000000000000000e+02
5.360000000000000000e+02
4.853333333333333144e+02
4.960000000000000000e+02
5.040000000000000000e+02
5.080000000000000000e+02
5.000000000000000000e+02
4.840000000000000000e+02
5.440000000000000000e+02
4.920000000000000000e+02
4.880000000000000000e+02
4.880000000000000000e+02
4.800000000000000000e+02
4.840000000000000000e+02
4.840000000000000000e+02
4.840000000000000000e+02
4.880000000000000000e+02
4.880000000000000000e+02
4.840000000000000000e+02
5.320000000000000000e+02
5.280000000000000000e+02
5.240000000000000000e+02
5.120000000000000000e+02
5.180000000000000000e+02
5.400000000000000000e+02
5.990000000000000000e+02
6.000000000000000000e+02
5.400000000000000000e+02
5.460000000000000000e+02
5.190000000000000000e+02
5.160000000000000000e+02
5.200000000000000000e+02
5.280000000000000000e+02
4.840000000000000000e+02
4.840000000000000000e+02
4.840000000000000000e+02
4.840000000000000000e+02
4.840000000000000000e+02
4.840000000000000000e+02
4.800000000000000000e+02
4.880000000000000000e+02
4.880000000000000000e+02
4.880000000000000000e+02
4.760000000000000000e+02
5.280000000000000000e+02
4.960000000000000000e+02
5.000000000000000000e+02
4.920000000000000000e+02
4.960000000000000000e+02
4.960000000000000000e+02
4.773333333333333144e+02
5.200000000000000000e+02
5.100000000000000000e+02
4.910000000000000000e+02
4.840000000000000000e+02
4.840000000000000000e+02
4.840000000000000000e+02
4.840000000000000000e+02
4.800000000000000000e+02
4.840000000000000000e+02
4.760000000000000000e+02
5.240000000000000000e+02
5.200000000000000000e+02
5.200000000000000000e+02
5.160000000000000000e+02
5.360000000000000000e+02
5.400000000000000000e+02
5.480000000000000000e+02
5.360000000000000000e+02
5.430000000000000000e+02
5.520000000000000000e+02
5.200000000000000000e+02
5.120000000000000000e+02
5.080000000000000000e+02
4.960000000000000000e+02
4.800000000000000000e+02
4.800000000000000000e+02
4.800000000000000000e+02
4.840000000000000000e+02
4.840000000000000000e+02
4.840000000000000000e+02
4.910000000000000000e+02
4.920000000000000000e+02
5.160000000000000000e+02
5.090000000000000000e+02
5.040000000000000000e+02
4.920000000000000000e+02
4.960000000000000000e+02
4.880000000000000000e+02
4.880000000000000000e+02
4.960000000000000000e+02
5.000000000000000000e+02
4.920000000000000000e+02
4.920000000000000000e+02
4.946666666666666856e+02
5.280000000000000000e+02
5.240000000000000000e+02
4.920000000000000000e+02
4.880000000000000000e+02
4.840000000000000000e+02
4.760000000000000000e+02
4.800000000000000000e+02
4.800000000000000000e+02
4.840000000000000000e+02
4.960000000000000000e+02
4.960000000000000000e+02
5.400000000000000000e+02
5.133333333333333712e+02
5.240000000000000000e+02
5.240000000000000000e+02
5.733333333333333712e+02
5.160000000000000000e+02
5.160000000000000000e+02
5.080000000000000000e+02
5.560000000000000000e+02
4.880000000000000000e+02
4.840000000000000000e+02
4.800000000000000000e+02
4.840000000000000000e+02
4.880000000000000000e+02
4.880000000000000000e+02
4.840000000000000000e+02
4.840000000000000000e+02
5.200000000000000000e+02
5.120000000000000000e+02
4.960000000000000000e+02
4.840000000000000000e+02
4.880000000000000000e+02
5.040000000000000000e+02
5.000000000000000000e+02
4.990000000000000000e+02
5.080000000000000000e+02
5.080000000000000000e+02
5.080000000000000000e+02
4.860000000000000000e+02
4.960000000000000000e+02
4.930000000000000000e+02
4.920000000000000000e+02
4.920000000000000000e+02
5.280000000000000000e+02
4.840000000000000000e+02
4.840000000000000000e+02
4.880000000000000000e+02
4.840000000000000000e+02
4.760000000000000000e+02
5.360000000000000000e+02
5.360000000000000000e+02
5.350000000000000000e+02
5.320000000000000000e+02
5.400000000000000000e+02
5.760000000000000000e+02
5.760000000000000000e+02
5.720000000000000000e+02
6.280000000000000000e+02
5.933333333333333712e+02
5.440000000000000000e+02
5.400000000000000000e+02
5.360000000000000000e+02
5.320000000000000000e+02
5.920000000000000000e+02
5.160000000000000000e+02
5.160000000000000000e+02
5.170000000000000000e+02
4.800000000000000000e+02
4.880000000000000000e+02
4.880000000000000000e+02
5.680000000000000000e+02
5.040000000000000000e+02
5.260000000000000000e+02
5.310000000000000000e+02
4.880000000000000000e+02
5.080000000000000000e+02
5.160000000000000000e+02
5.060000000000000000e+02
7.480000000000000000e+02
4.920000000000000000e+02
4.840000000000000000e+02
5.520000000000000000e+02
5.520000000000000000e+02
5.560000000000000000e+02
4.900000000000000000e+02
4.880000000000000000e+02
5.600000000000000000e+02
5.680000000000000000e+02
5.693333333333333712e+02
5.000000000000000000e+02
5.300000000000000000e+02
5.280000000000000000e+02
5.280000000000000000e+02
5.400000000000000000e+02
6.000000000000000000e+02
5.960000000000000000e+02
6.080000000000000000e+02
5.680000000000000000e+02
5.693333333333333712e+02
5.930000000000000000e+02
5.940000000000000000e+02
5.986666666666666288e+02
6.000000000000000000e+02
5.880000000000000000e+02
5.880000000000000000e+02
4.920000000000000000e+02
4.880000000000000000e+02
5.760000000000000000e+02
5.720000000000000000e+02
5.640000000000000000e+02
4.880000000000000000e+02
5.480000000000000000e+02
5.400000000000000000e+02
5.440000000000000000e+02
5.320000000000000000e+02
4.920000000000000000e+02
5.460000000000000000e+02
4.840000000000000000e+02
4.880000000000000000e+02
4.880000000000000000e+02
4.880000000000000000e+02
4.910000000000000000e+02
5.230000000000000000e+02
5.140000000000000000e+02
5.520000000000000000e+02
5.360000000000000000e+02
5.200000000000000000e+02
4.960000000000000000e+02
5.080000000000000000e+02
5.720000000000000000e+02
5.520000000000000000e+02
5.410000000000000000e+02
4.970000000000000000e+02
4.800000000000000000e+02
5.860000000000000000e+02
5.960000000000000000e+02
5.840000000000000000e+02
5.800000000000000000e+02
5.880000000000000000e+02
4.800000000000000000e+02
5.560000000000000000e+02
5.840000000000000000e+02
5.690000000000000000e+02
5.680000000000000000e+02
4.920000000000000000e+02
5.786666666666666288e+02
4.900000000000000000e+02
4.960000000000000000e+02
5.040000000000000000e+02
5.120000000000000000e+02
4.960000000000000000e+02
4.920000000000000000e+02
4.960000000000000000e+02
5.720000000000000000e+02
5.720000000000000000e+02
4.960000000000000000e+02
5.000000000000000000e+02
5.440000000000000000e+02
4.853333333333333144e+02
4.813333333333333144e+02
4.840000000000000000e+02
4.800000000000000000e+02
4.853333333333333144e+02
5.290000000000000000e+02
4.920000000000000000e+02
4.970000000000000000e+02
4.960000000000000000e+02
5.000000000000000000e+02
5.760000000000000000e+02
5.680000000000000000e+02
5.720000000000000000e+02
5.840000000000000000e+02
5.866666666666666288e+02
5.400000000000000000e+02
5.320000000000000000e+02
5.240000000000000000e+02
4.920000000000000000e+02
4.920000000000000000e+02
4.893333333333333144e+02
5.560000000000000000e+02
5.720000000000000000e+02
5.480000000000000000e+02
5.450000000000000000e+02
5.240000000000000000e+02
5.080000000000000000e+02
5.080000000000000000e+02
5.040000000000000000e+02
5.480000000000000000e+02
5.010000000000000000e+02
5.000000000000000000e+02
5.800000000000000000e+02
7.573333333333333712e+02
5.400000000000000000e+02
5.720000000000000000e+02
5.680000000000000000e+02
5.030000000000000000e+02
5.000000000000000000e+02
5.000000000000000000e+02
4.920000000000000000e+02
4.920000000000000000e+02
5.120000000000000000e+02
5.080000000000000000e+02
4.920000000000000000e+02
