5.960000000000000000e+02
5.960000000000000000e+02
5.960000000000000000e+02
5.940000000000000000e+02
5.400000000000000000e+02
5.480000000000000000e+02
5.560000000000000000e+02
4.120000000000000000e+02
5.440000000000000000e+02
5.440000000000000000e+02
5.520000000000000000e+02
5.560000000000000000e+02
5.440000000000000000e+02
5.586666666666666288e+02
4.100000000000000000e+02
7.533333333333333712e+02
7.440000000000000000e+02
5.853333333333333712e+02
5.560000000000000000e+02
5.400000000000000000e+02
5.440000000000000000e+02
5.520000000000000000e+02
5.440000000000000000e+02
5.480000000000000000e+02
4.120000000000000000e+02
5.160000000000000000e+02
5.760000000000000000e+02
5.360000000000000000e+02
5.360000000000000000e+02
5.480000000000000000e+02
5.440000000000000000e+02
6.000000000000000000e+02
6.000000000000000000e+02
5.760000000000000000e+02
5.720000000000000000e+02
7.490000000000000000e+02
5.160000000000000000e+02
5.350000000000000000e+02
5.200000000000000000e+02
5.280000000000000000e+02
5.290000000000000000e+02
5.400000000000000000e+02
5.440000000000000000e+02
5.440000000000000000e+02
5.280000000000000000e+02
5.290000000000000000e+02
5.800000000000000000e+02
7.340000000000000000e+02
6.980000000000000000e+02
5.600000000000000000e+02
7.520000000000000000e+02
5.360000000000000000e+02
5.560000000000000000e+02
5.520000000000000000e+02
5.360000000000000000e+02
5.320000000000000000e+02
5.160000000000000000e+02
5.253333333333333712e+02
5.120000000000000000e+02
5.120000000000000000e+02
5.540000000000000000e+02
5.910000000000000000e+02
5.540000000000000000e+02
5.590000000000000000e+02
5.480000000000000000e+02
5.440000000000000000e+02
5.400000000000000000e+02
5.360000000000000000e+02
4.930000000000000000e+02
5.000000000000000000e+02
4.880000000000000000e+02
5.440000000000000000e+02
5.160000000000000000e+02
5.120000000000000000e+02
5.440000000000000000e+02
5.480000000000000000e+02
5.520000000000000000e+02
5.480000000000000000e+02
5.400000000000000000e+02
5.420000000000000000e+02
5.400000000000000000e+02
5.280000000000000000e+02
5.390000000000000000e+02
5.560000000000000000e+02
5.026666666666666856e+02
5.413333333333333712e+02
5.540000000000000000e+02
5.180000000000000000e+02
5.300000000000000000e+02
5.333333333333333712e+02
5.360000000000000000e+02
5.360000000000000000e+02
5.440000000000000000e+02
5.400000000000000000e+02
5.360000000000000000e+02
5.400000000000000000e+02
5.480000000000000000e+02
5.480000000000000000e+02
5.440000000000000000e+02
5.466666666666666288e+02
5.560000000000000000e+02
4.760000000000000000e+02
5.560000000000000000e+02
5.400000000000000000e+02
5.350000000000000000e+02
5.600000000000000000e+02
5.226666666666666288e+02
5.000000000000000000e+02
5.013333333333333144e+02
4.200000000000000000e+02
4.240000000000000000e+02
5.340000000000000000e+02
5.230000000000000000e+02
7.270000000000000000e+02
5.080000000000000000e+02
4.960000000000000000e+02
4.880000000000000000e+02
4.920000000000000000e+02
4.960000000000000000e+02
4.613333333333333144e+02
5.520000000000000000e+02
4.640000000000000000e+02
5.480000000000000000e+02
5.480000000000000000e+02
5.520000000000000000e+02
5.400000000000000000e+02
5.480000000000000000e+02
5.440000000000000000e+02
5.480000000000000000e+02
5.480000000000000000e+02
5.480000000000000000e+02
5.440000000000000000e+02
5.480000000000000000e+02
5.440000000000000000e+02
5.460000000000000000e+02
5.480000000000000000e+02
4.600000000000000000e+02
7.520000000000000000e+02
4.840000000000000000e+02
4.790000000000000000e+02
4.920000000000000000e+02
4.960000000000000000e+02
4.880000000000000000e+02
4.600000000000000000e+02
4.880000000000000000e+02
4.800000000000000000e+02
4.410000000000000000e+02
5.500000000000000000e+02
4.620000000000000000e+02
4.840000000000000000e+02
4.680000000000000000e+02
4.600000000000000000e+02
4.640000000000000000e+02
4.600000000000000000e+02
5.480000000000000000e+02
5.440000000000000000e+02
5.480000000000000000e+02
5.440000000000000000e+02
5.520000000000000000e+02
5.440000000000000000e+02
5.440000000000000000e+02
5.440000000000000000e+02
5.440000000000000000e+02
5.480000000000000000e+02
5.440000000000000000e+02
5.480000000000000000e+02
5.510000000000000000e+02
4.600000000000000000e+02
4.600000000000000000e+02
5.720000000000000000e+02
5.626666666666666288e+02
4.853333333333333144e+02
4.460000000000000000e+02
4.160000000000000000e+02
4.800000000000000000e+02
5.040000000000000000e+02
4.360000000000000000e+02
4.360000000000000000e+02
4.266666666666666856e+02
4.080000000000000000e+02
4.780000000000000000e+02
5.600000000000000000e+02
5.520000000000000000e+02
5.480000000000000000e+02
5.460000000000000000e+02
5.500000000000000000e+02
5.480000000000000000e+02
5.440000000000000000e+02
5.480000000000000000e+02
5.440000000000000000e+02
5.440000000000000000e+02
5.480000000000000000e+02
5.400000000000000000e+02
5.440000000000000000e+02
5.480000000000000000e+02
5.520000000000000000e+02
5.440000000000000000e+02
4.200000000000000000e+02
5.480000000000000000e+02
4.360000000000000000e+02
6.980000000000000000e+02
5.506666666666666288e+02
4.360000000000000000e+02
4.240000000000000000e+02
4.160000000000000000e+02
4.050000000000000000e+02
4.090000000000000000e+02
4.240000000000000000e+02
4.120000000000000000e+02
4.040000000000000000e+02
4.640000000000000000e+02
4.200000000000000000e+02
4.200000000000000000e+02
4.240000000000000000e+02
4.280000000000000000e+02
5.520000000000000000e+02
5.510000000000000000e+02
5.480000000000000000e+02
5.520000000000000000e+02
4.480000000000000000e+02
4.360000000000000000e+02
5.440000000000000000e+02
5.360000000000000000e+02
5.440000000000000000e+02
5.880000000000000000e+02
5.840000000000000000e+02
5.620000000000000000e+02
4.120000000000000000e+02
4.200000000000000000e+02
5.613333333333333712e+02
4.420000000000000000e+02
5.390000000000000000e+02
5.413333333333333712e+02
4.120000000000000000e+02
4.280000000000000000e+02
4.160000000000000000e+02
4.120000000000000000e+02
4.440000000000000000e+02
5.440000000000000000e+02
6.930000000000000000e+02
4.700000000000000000e+02
4.680000000000000000e+02
4.120000000000000000e+02
4.040000000000000000e+02
4.560000000000000000e+02
4.200000000000000000e+02
4.080000000000000000e+02
4.040000000000000000e+02
4.240000000000000000e+02
4.240000000000000000e+02
5.600000000000000000e+02
4.266666666666666856e+02
5.480000000000000000e+02
5.440000000000000000e+02
4.080000000000000000e+02
4.120000000000000000e+02
