5.560000000000000000e+02
5.560000000000000000e+02
5.510000000000000000e+02
4.213333333333333144e+02
4.200000000000000000e+02
4.360000000000000000e+02
4.240000000000000000e+02
5.480000000000000000e+02
4.240000000000000000e+02
5.480000000000000000e+02
4.260000000000000000e+02
4.360000000000000000e+02
4.520000000000000000e+02
5.440000000000000000e+02
4.960000000000000000e+02
6.860000000000000000e+02
7.420000000000000000e+02
4.240000000000000000e+02
4.890000000000000000e+02
4.480000000000000000e+02
4.440000000000000000e+02
4.390000000000000000e+02
5.210000000000000000e+02
4.240000000000000000e+02
4.160000000000000000e+02
4.080000000000000000e+02
4.400000000000000000e+02
4.560000000000000000e+02
4.160000000000000000e+02
4.200000000000000000e+02
4.240000000000000000e+02
4.200000000000000000e+02
5.600000000000000000e+02
5.520000000000000000e+02
4.240000000000000000e+02
4.200000000000000000e+02
4.200000000000000000e+02
5.460000000000000000e+02
4.400000000000000000e+02
4.400000000000000000e+02
4.340000000000000000e+02
4.080000000000000000e+02
4.120000000000000000e+02
4.140000000000000000e+02
4.560000000000000000e+02
7.440000000000000000e+02
6.906666666666666288e+02
4.600000000000000000e+02
4.110000000000000000e+02
4.093333333333333144e+02
5.440000000000000000e+02
4.120000000000000000e+02
4.160000000000000000e+02
4.240000000000000000e+02
4.240000000000000000e+02
4.190000000000000000e+02
4.573333333333333144e+02
5.440000000000000000e+02
5.460000000000000000e+02
4.410000000000000000e+02
4.280000000000000000e+02
4.320000000000000000e+02
5.480000000000000000e+02
5.520000000000000000e+02
5.480000000000000000e+02
5.440000000000000000e+02
5.480000000000000000e+02
4.280000000000000000e+02
4.480000000000000000e+02
4.080000000000000000e+02
4.340000000000000000e+02
4.520000000000000000e+02
4.640000000000000000e+02
4.160000000000000000e+02
4.120000000000000000e+02
4.120000000000000000e+02
4.080000000000000000e+02
4.680000000000000000e+02
4.700000000000000000e+02
4.120000000000000000e+02
4.160000000000000000e+02
4.160000000000000000e+02
4.133333333333333144e+02
4.040000000000000000e+02
4.120000000000000000e+02
4.160000000000000000e+02
4.160000000000000000e+02
4.240000000000000000e+02
4.440000000000000000e+02
4.360000000000000000e+02
4.280000000000000000e+02
5.520000000000000000e+02
4.120000000000000000e+02
5.480000000000000000e+02
5.480000000000000000e+02
5.520000000000000000e+02
5.480000000000000000e+02
5.440000000000000000e+02
5.440000000000000000e+02
5.520000000000000000e+02
5.520000000000000000e+02
5.520000000000000000e+02
4.360000000000000000e+02
5.480000000000000000e+02
5.470000000000000000e+02
4.160000000000000000e+02
4.120000000000000000e+02
4.080000000000000000e+02
4.080000000000000000e+02
4.840000000000000000e+02
4.120000000000000000e+02
4.040000000000000000e+02
4.160000000000000000e+02
4.120000000000000000e+02
4.120000000000000000e+02
4.160000000000000000e+02
4.040000000000000000e+02
4.640000000000000000e+02
4.640000000000000000e+02
5.520000000000000000e+02
5.520000000000000000e+02
4.680000000000000000e+02
5.480000000000000000e+02
5.480000000000000000e+02
5.400000000000000000e+02
5.440000000000000000e+02
5.480000000000000000e+02
5.480000000000000000e+02
5.480000000000000000e+02
5.480000000000000000e+02
5.480000000000000000e+02
5.440000000000000000e+02
5.520000000000000000e+02
5.480000000000000000e+02
5.520000000000000000e+02
5.480000000000000000e+02
5.520000000000000000e+02
4.520000000000000000e+02
4.680000000000000000e+02
4.120000000000000000e+02
4.200000000000000000e+02
4.160000000000000000e+02
4.160000000000000000e+02
4.200000000000000000e+02
5.120000000000000000e+02
4.200000000000000000e+02
4.160000000000000000e+02
4.160000000000000000e+02
4.160000000000000000e+02
4.840000000000000000e+02
5.360000000000000000e+02
5.600000000000000000e+02
5.560000000000000000e+02
5.480000000000000000e+02
5.520000000000000000e+02
5.480000000000000000e+02
5.520000000000000000e+02
5.440000000000000000e+02
5.440000000000000000e+02
5.440000000000000000e+02
5.440000000000000000e+02
5.440000000000000000e+02
5.440000000000000000e+02
5.480000000000000000e+02
5.480000000000000000e+02
5.480000000000000000e+02
5.500000000000000000e+02
5.440000000000000000e+02
5.493333333333333712e+02
5.493333333333333712e+02
5.560000000000000000e+02
4.893333333333333144e+02
4.320000000000000000e+02
4.320000000000000000e+02
4.300000000000000000e+02
4.460000000000000000e+02
4.130000000000000000e+02
4.240000000000000000e+02
4.320000000000000000e+02
4.280000000000000000e+02
4.200000000000000000e+02
4.160000000000000000e+02
5.560000000000000000e+02
5.940000000000000000e+02
5.410000000000000000e+02
5.480000000000000000e+02
5.560000000000000000e+02
5.440000000000000000e+02
5.520000000000000000e+02
5.440000000000000000e+02
5.400000000000000000e+02
5.400000000000000000e+02
5.440000000000000000e+02
5.440000000000000000e+02
5.400000000000000000e+02
4.880000000000000000e+02
4.880000000000000000e+02
5.600000000000000000e+02
5.560000000000000000e+02
4.920000000000000000e+02
5.550000000000000000e+02
5.520000000000000000e+02
5.480000000000000000e+02
5.600000000000000000e+02
5.240000000000000000e+02
5.320000000000000000e+02
5.430000000000000000e+02
7.493333333333333712e+02
7.480000000000000000e+02
5.640000000000000000e+02
5.586666666666666288e+02
5.400000000000000000e+02
5.640000000000000000e+02
5.120000000000000000e+02
4.240000000000000000e+02
5.480000000000000000e+02
4.920000000000000000e+02
5.880000000000000000e+02
5.706666666666666288e+02
4.800000000000000000e+02
4.880000000000000000e+02
5.480000000000000000e+02
5.680000000000000000e+02
5.680000000000000000e+02
5.560000000000000000e+02
5.560000000000000000e+02
5.480000000000000000e+02
5.480000000000000000e+02
5.450000000000000000e+02
5.200000000000000000e+02
5.520000000000000000e+02
5.400000000000000000e+02
5.360000000000000000e+02
5.346666666666666288e+02
5.680000000000000000e+02
5.640000000000000000e+02
5.413333333333333712e+02
4.200000000000000000e+02
5.640000000000000000e+02
5.640000000000000000e+02
5.680000000000000000e+02
5.640000000000000000e+02
5.810000000000000000e+02
5.640000000000000000e+02
5.600000000000000000e+02
5.613333333333333712e+02
5.386666666666666288e+02
5.360000000000000000e+02
5.360000000000000000e+02
5.400000000000000000e+02
7.510000000000000000e+02
5.920000000000000000e+02
5.160000000000000000e+02
5.980000000000000000e+02
5.750000000000000000e+02
5.733333333333333712e+02
