5.520000000000000000e+02
6.360000000000000000e+02
6.320000000000000000e+02
6.240000000000000000e+02
6.200000000000000000e+02
6.000000000000000000e+02
6.000000000000000000e+02
5.000000000000000000e+02
5.400000000000000000e+02
5.440000000000000000e+02
5.440000000000000000e+02
5.440000000000000000e+02
5.440000000000000000e+02
5.330000000000000000e+02
5.520000000000000000e+02
5.720000000000000000e+02
5.200000000000000000e+02
5.080000000000000000e+02
4.920000000000000000e+02
4.880000000000000000e+02
4.880000000000000000e+02
4.880000000000000000e+02
4.880000000000000000e+02
4.920000000000000000e+02
4.960000000000000000e+02
5.000000000000000000e+02
5.690000000000000000e+02
5.560000000000000000e+02
5.320000000000000000e+02
5.400000000000000000e+02
5.480000000000000000e+02
5.520000000000000000e+02
5.480000000000000000e+02
5.440000000000000000e+02
5.080000000000000000e+02
4.960000000000000000e+02
5.940000000000000000e+02
6.190000000000000000e+02
6.200000000000000000e+02
6.280000000000000000e+02
5.380000000000000000e+02
5.480000000000000000e+02
5.440000000000000000e+02
5.330000000000000000e+02
5.160000000000000000e+02
5.060000000000000000e+02
6.310000000000000000e+02
4.920000000000000000e+02
4.930000000000000000e+02
5.800000000000000000e+02
5.440000000000000000e+02
5.493333333333333712e+02
5.480000000000000000e+02
5.400000000000000000e+02
5.400000000000000000e+02
5.320000000000000000e+02
5.440000000000000000e+02
5.600000000000000000e+02
4.920000000000000000e+02
4.960000000000000000e+02
4.880000000000000000e+02
4.880000000000000000e+02
4.880000000000000000e+02
4.880000000000000000e+02
4.880000000000000000e+02
4.880000000000000000e+02
4.920000000000000000e+02
5.480000000000000000e+02
5.500000000000000000e+02
5.320000000000000000e+02
5.320000000000000000e+02
5.400000000000000000e+02
5.440000000000000000e+02
5.480000000000000000e+02
5.520000000000000000e+02
5.480000000000000000e+02
5.840000000000000000e+02
5.740000000000000000e+02
4.880000000000000000e+02
4.840000000000000000e+02
4.880000000000000000e+02
5.040000000000000000e+02
5.560000000000000000e+02
5.320000000000000000e+02
5.000000000000000000e+02
4.920000000000000000e+02
5.560000000000000000e+02
4.930000000000000000e+02
4.880000000000000000e+02
4.866666666666666856e+02
5.480000000000000000e+02
4.800000000000000000e+02
4.840000000000000000e+02
5.600000000000000000e+02
5.480000000000000000e+02
5.440000000000000000e+02
4.840000000000000000e+02
4.800000000000000000e+02
4.826666666666666856e+02
5.240000000000000000e+02
5.320000000000000000e+02
4.840000000000000000e+02
4.880000000000000000e+02
4.880000000000000000e+02
7.440000000000000000e+02
4.920000000000000000e+02
4.840000000000000000e+02
4.626666666666666856e+02
4.880000000000000000e+02
4.880000000000000000e+02
4.960000000000000000e+02
5.440000000000000000e+02
4.853333333333333144e+02
5.000000000000000000e+02
5.380000000000000000e+02
5.400000000000000000e+02
5.400000000000000000e+02
4.840000000000000000e+02
4.840000000000000000e+02
4.840000000000000000e+02
5.360000000000000000e+02
4.920000000000000000e+02
4.960000000000000000e+02
5.400000000000000000e+02
5.400000000000000000e+02
5.080000000000000000e+02
5.360000000000000000e+02
5.480000000000000000e+02
5.440000000000000000e+02
4.960000000000000000e+02
5.040000000000000000e+02
5.400000000000000000e+02
4.800000000000000000e+02
4.840000000000000000e+02
4.840000000000000000e+02
4.840000000000000000e+02
4.880000000000000000e+02
4.880000000000000000e+02
4.840000000000000000e+02
4.880000000000000000e+02
5.480000000000000000e+02
4.880000000000000000e+02
4.800000000000000000e+02
5.080000000000000000e+02
5.040000000000000000e+02
4.960000000000000000e+02
4.960000000000000000e+02
5.000000000000000000e+02
5.040000000000000000e+02
5.600000000000000000e+02
4.890000000000000000e+02
4.880000000000000000e+02
4.840000000000000000e+02
4.880000000000000000e+02
4.880000000000000000e+02
4.880000000000000000e+02
4.880000000000000000e+02
4.840000000000000000e+02
4.800000000000000000e+02
4.800000000000000000e+02
4.840000000000000000e+02
4.840000000000000000e+02
5.480000000000000000e+02
5.960000000000000000e+02
5.000000000000000000e+02
4.920000000000000000e+02
4.920000000000000000e+02
5.480000000000000000e+02
5.510000000000000000e+02
4.960000000000000000e+02
4.960000000000000000e+02
6.040000000000000000e+02
5.120000000000000000e+02
4.760000000000000000e+02
4.840000000000000000e+02
4.906666666666666856e+02
4.880000000000000000e+02
4.880000000000000000e+02
4.840000000000000000e+02
4.760000000000000000e+02
4.920000000000000000e+02
4.920000000000000000e+02
4.840000000000000000e+02
4.880000000000000000e+02
4.920000000000000000e+02
4.840000000000000000e+02
4.840000000000000000e+02
5.110000000000000000e+02
4.960000000000000000e+02
4.960000000000000000e+02
5.000000000000000000e+02
4.840000000000000000e+02
4.840000000000000000e+02
4.920000000000000000e+02
4.880000000000000000e+02
4.880000000000000000e+02
4.920000000000000000e+02
4.840000000000000000e+02
4.840000000000000000e+02
4.880000000000000000e+02
4.840000000000000000e+02
4.840000000000000000e+02
4.920000000000000000e+02
4.880000000000000000e+02
4.840000000000000000e+02
5.200000000000000000e+02
5.240000000000000000e+02
5.360000000000000000e+02
5.480000000000000000e+02
5.800000000000000000e+02
5.800000000000000000e+02
5.840000000000000000e+02
5.280000000000000000e+02
5.200000000000000000e+02
5.200000000000000000e+02
4.960000000000000000e+02
4.890000000000000000e+02
4.840000000000000000e+02
4.840000000000000000e+02
4.840000000000000000e+02
4.880000000000000000e+02
4.840000000000000000e+02
4.840000000000000000e+02
4.880000000000000000e+02
4.920000000000000000e+02
4.840000000000000000e+02
4.880000000000000000e+02
5.440000000000000000e+02
4.840000000000000000e+02
4.880000000000000000e+02
4.920000000000000000e+02
4.920000000000000000e+02
4.950000000000000000e+02
4.880000000000000000e+02
5.440000000000000000e+02
4.880000000000000000e+02
4.880000000000000000e+02
4.880000000000000000e+02
4.880000000000000000e+02
4.800000000000000000e+02
4.840000000000000000e+02
4.840000000000000000e+02
4.840000000000000000e+02
4.880000000000000000e+02
4.880000000000000000e+02
5.320000000000000000e+02
5.200000000000000000e+02
5.200000000000000000e+02
5.200000000000000000e+02
5.240000000000000000e+02
5.840000000000000000e+02
5.840000000000000000e+02
5.880000000000000000e+02
5.920000000000000000e+02
5.320000000000000000e+02
5.160000000000000000e+02
5.160000000000000000e+02
5.200000000000000000e+02
5.280000000000000000e+02
4.840000000000000000e+02
4.880000000000000000e+02
4.840000000000000000e+02
4.840000000000000000e+02
4.880000000000000000e+02
4.840000000000000000e+02
4.840000000000000000e+02
4.880000000000000000e+02
4.880000000000000000e+02
4.880000000000000000e+02
5.440000000000000000e+02
4.880000000000000000e+02
4.960000000000000000e+02
5.040000000000000000e+02
5.080000000000000000e+02
4.960000000000000000e+02
4.840000000000000000e+02
5.440000000000000000e+02
5.390000000000000000e+02
4.880000000000000000e+02
4.880000000000000000e+02
4.800000000000000000e+02
4.840000000000000000e+02
4.840000000000000000e+02
4.840000000000000000e+02
4.840000000000000000e+02
4.880000000000000000e+02
4.840000000000000000e+02
5.320000000000000000e+02
5.280000000000000000e+02
5.240000000000000000e+02
5.160000000000000000e+02
5.280000000000000000e+02
5.400000000000000000e+02
5.960000000000000000e+02
5.960000000000000000e+02
5.400000000000000000e+02
5.440000000000000000e+02
5.120000000000000000e+02
5.160000000000000000e+02
5.240000000000000000e+02
5.320000000000000000e+02
4.840000000000000000e+02
4.840000000000000000e+02
4.840000000000000000e+02
4.840000000000000000e+02
4.840000000000000000e+02
4.880000000000000000e+02
4.840000000000000000e+02
4.920000000000000000e+02
4.880000000000000000e+02
4.880000000000000000e+02
4.760000000000000000e+02
5.320000000000000000e+02
4.960000000000000000e+02
5.000000000000000000e+02
4.920000000000000000e+02
4.920000000000000000e+02
4.920000000000000000e+02
4.773333333333333144e+02
5.160000000000000000e+02
4.880000000000000000e+02
4.910000000000000000e+02
4.840000000000000000e+02
4.840000000000000000e+02
4.880000000000000000e+02
4.840000000000000000e+02
4.800000000000000000e+02
4.840000000000000000e+02
4.760000000000000000e+02
5.240000000000000000e+02
5.200000000000000000e+02
5.160000000000000000e+02
5.160000000000000000e+02
5.200000000000000000e+02
5.440000000000000000e+02
5.440000000000000000e+02
5.360000000000000000e+02
5.400000000000000000e+02
5.520000000000000000e+02
5.320000000000000000e+02
5.120000000000000000e+02
5.120000000000000000e+02
4.960000000000000000e+02
4.800000000000000000e+02
4.840000000000000000e+02
4.800000000000000000e+02
4.840000000000000000e+02
4.840000000000000000e+02
4.880000000000000000e+02
4.880000000000000000e+02
4.940000000000000000e+02
5.120000000000000000e+02
5.080000000000000000e+02
5.070000000000000000e+02
4.920000000000000000e+02
4.960000000000000000e+02
4.880000000000000000e+02
4.880000000000000000e+02
4.920000000000000000e+02
4.960000000000000000e+02
4.920000000000000000e+02
4.950000000000000000e+02
5.040000000000000000e+02
5.280000000000000000e+02
5.173333333333333712e+02
5.000000000000000000e+02
4.920000000000000000e+02
4.840000000000000000e+02
4.760000000000000000e+02
4.800000000000000000e+02
4.840000000000000000e+02
4.800000000000000000e+02
4.920000000000000000e+02
4.960000000000000000e+02
5.360000000000000000e+02
5.133333333333333712e+02
5.280000000000000000e+02
5.240000000000000000e+02
5.733333333333333712e+02
5.760000000000000000e+02
5.160000000000000000e+02
5.080000000000000000e+02
5.600000000000000000e+02
4.880000000000000000e+02
4.880000000000000000e+02
4.840000000000000000e+02
4.800000000000000000e+02
4.840000000000000000e+02
4.840000000000000000e+02
4.840000000000000000e+02
4.840000000000000000e+02
5.200000000000000000e+02
5.120000000000000000e+02
4.960000000000000000e+02
4.840000000000000000e+02
4.880000000000000000e+02
5.040000000000000000e+02
5.000000000000000000e+02
4.990000000000000000e+02
5.080000000000000000e+02
5.080000000000000000e+02
5.080000000000000000e+02
4.800000000000000000e+02
4.960000000000000000e+02
4.930000000000000000e+02
4.960000000000000000e+02
4.960000000000000000e+02
5.320000000000000000e+02
4.840000000000000000e+02
4.800000000000000000e+02
4.840000000000000000e+02
4.840000000000000000e+02
4.760000000000000000e+02
5.360000000000000000e+02
5.320000000000000000e+02
5.350000000000000000e+02
5.320000000000000000e+02
5.400000000000000000e+02
5.760000000000000000e+02
5.830000000000000000e+02
5.720000000000000000e+02
6.280000000000000000e+02
6.000000000000000000e+02
5.440000000000000000e+02
5.400000000000000000e+02
5.360000000000000000e+02
5.320000000000000000e+02
5.920000000000000000e+02
5.160000000000000000e+02
5.160000000000000000e+02
5.240000000000000000e+02
4.800000000000000000e+02
4.880000000000000000e+02
4.866666666666666856e+02
5.640000000000000000e+02
5.000000000000000000e+02
5.200000000000000000e+02
4.720000000000000000e+02
4.880000000000000000e+02
4.980000000000000000e+02
5.180000000000000000e+02
5.026666666666666856e+02
4.880000000000000000e+02
4.920000000000000000e+02
4.880000000000000000e+02
5.546666666666666288e+02
5.530000000000000000e+02
5.530000000000000000e+02
4.920000000000000000e+02
4.880000000000000000e+02
5.600000000000000000e+02
5.720000000000000000e+02
5.040000000000000000e+02
5.000000000000000000e+02
5.360000000000000000e+02
5.280000000000000000e+02
5.320000000000000000e+02
5.400000000000000000e+02
5.426666666666666288e+02
5.960000000000000000e+02
6.133333333333333712e+02
5.680000000000000000e+02
5.693333333333333712e+02
5.960000000000000000e+02
5.920000000000000000e+02
5.986666666666666288e+02
6.040000000000000000e+02
5.920000000000000000e+02
5.880000000000000000e+02
4.920000000000000000e+02
4.880000000000000000e+02
5.760000000000000000e+02
5.760000000000000000e+02
5.640000000000000000e+02
4.880000000000000000e+02
4.830000000000000000e+02
5.400000000000000000e+02
5.400000000000000000e+02
5.360000000000000000e+02
4.920000000000000000e+02
5.480000000000000000e+02
4.773333333333333144e+02
4.880000000000000000e+02
4.880000000000000000e+02
4.840000000000000000e+02
4.880000000000000000e+02
4.893333333333333144e+02
5.120000000000000000e+02
5.480000000000000000e+02
5.360000000000000000e+02
5.200000000000000000e+02
4.970000000000000000e+02
5.080000000000000000e+02
5.720000000000000000e+02
5.580000000000000000e+02
5.400000000000000000e+02
4.970000000000000000e+02
4.800000000000000000e+02
5.880000000000000000e+02
5.960000000000000000e+02
5.840000000000000000e+02
5.760000000000000000e+02
5.880000000000000000e+02
4.800000000000000000e+02
4.826666666666666856e+02
5.570000000000000000e+02
5.690000000000000000e+02
5.710000000000000000e+02
4.920000000000000000e+02
5.000000000000000000e+02
4.880000000000000000e+02
4.960000000000000000e+02
5.040000000000000000e+02
5.080000000000000000e+02
4.960000000000000000e+02
4.960000000000000000e+02
4.960000000000000000e+02
5.720000000000000000e+02
5.720000000000000000e+02
4.960000000000000000e+02
5.000000000000000000e+02
5.440000000000000000e+02
5.420000000000000000e+02
4.800000000000000000e+02
4.840000000000000000e+02
4.800000000000000000e+02
4.853333333333333144e+02
5.280000000000000000e+02
5.440000000000000000e+02
4.946666666666666856e+02
4.960000000000000000e+02
5.000000000000000000e+02
5.720000000000000000e+02
5.693333333333333712e+02
5.680000000000000000e+02
5.880000000000000000e+02
5.400000000000000000e+02
5.400000000000000000e+02
5.320000000000000000e+02
5.186666666666666288e+02
4.880000000000000000e+02
4.880000000000000000e+02
5.560000000000000000e+02
5.560000000000000000e+02
5.580000000000000000e+02
5.440000000000000000e+02
5.480000000000000000e+02
5.240000000000000000e+02
5.080000000000000000e+02
5.080000000000000000e+02
5.040000000000000000e+02
5.053333333333333144e+02
5.000000000000000000e+02
5.000000000000000000e+02
5.800000000000000000e+02
7.573333333333333712e+02
5.400000000000000000e+02
5.660000000000000000e+02
5.640000000000000000e+02
5.030000000000000000e+02
5.040000000000000000e+02
5.000000000000000000e+02
4.960000000000000000e+02
5.440000000000000000e+02
5.380000000000000000e+02
5.000000000000000000e+02
4.880000000000000000e+02
