4.280000000000000000e+02
4.426666666666666856e+02
4.640000000000000000e+02
4.693333333333333144e+02
4.760000000000000000e+02
4.800000000000000000e+02
5.093333333333333144e+02
4.990000000000000000e+02
5.173333333333333712e+02
4.400000000000000000e+02
5.710000000000000000e+02
4.640000000000000000e+02
4.080000000000000000e+02
4.170000000000000000e+02
4.160000000000000000e+02
4.160000000000000000e+02
4.120000000000000000e+02
4.180000000000000000e+02
4.210000000000000000e+02
4.080000000000000000e+02
4.600000000000000000e+02
4.480000000000000000e+02
4.480000000000000000e+02
5.200000000000000000e+02
5.013333333333333144e+02
4.970000000000000000e+02
4.500000000000000000e+02
4.680000000000000000e+02
4.720000000000000000e+02
4.600000000000000000e+02
4.600000000000000000e+02
4.200000000000000000e+02
4.693333333333333144e+02
4.640000000000000000e+02
4.560000000000000000e+02
4.600000000000000000e+02
4.700000000000000000e+02
4.560000000000000000e+02
6.813333333333333712e+02
7.226666666666666288e+02
5.160000000000000000e+02
4.460000000000000000e+02
4.480000000000000000e+02
4.586666666666666856e+02
5.973333333333333712e+02
5.960000000000000000e+02
4.200000000000000000e+02
4.120000000000000000e+02
4.160000000000000000e+02
4.240000000000000000e+02
5.960000000000000000e+02
5.960000000000000000e+02
4.080000000000000000e+02
4.130000000000000000e+02
4.440000000000000000e+02
5.110000000000000000e+02
5.120000000000000000e+02
5.026666666666666856e+02
4.520000000000000000e+02
4.810000000000000000e+02
4.786666666666666856e+02
4.640000000000000000e+02
4.600000000000000000e+02
4.560000000000000000e+02
4.600000000000000000e+02
4.710000000000000000e+02
4.880000000000000000e+02
4.600000000000000000e+02
4.706666666666666856e+02
7.500000000000000000e+02
5.000000000000000000e+02
5.120000000000000000e+02
5.160000000000000000e+02
5.266666666666666288e+02
4.330000000000000000e+02
4.200000000000000000e+02
4.160000000000000000e+02
5.960000000000000000e+02
4.160000000000000000e+02
4.200000000000000000e+02
4.160000000000000000e+02
4.226666666666666856e+02
4.240000000000000000e+02
6.040000000000000000e+02
5.960000000000000000e+02
5.440000000000000000e+02
5.370000000000000000e+02
5.320000000000000000e+02
5.090000000000000000e+02
5.020000000000000000e+02
4.790000000000000000e+02
4.950000000000000000e+02
4.546666666666666856e+02
4.520000000000000000e+02
4.560000000000000000e+02
4.600000000000000000e+02
4.480000000000000000e+02
4.480000000000000000e+02
4.480000000000000000e+02
4.560000000000000000e+02
4.680000000000000000e+02
4.640000000000000000e+02
4.560000000000000000e+02
5.160000000000000000e+02
7.386666666666666288e+02
5.280000000000000000e+02
5.320000000000000000e+02
4.520000000000000000e+02
5.880000000000000000e+02
6.040000000000000000e+02
6.160000000000000000e+02
4.160000000000000000e+02
4.120000000000000000e+02
6.120000000000000000e+02
6.040000000000000000e+02
5.920000000000000000e+02
5.640000000000000000e+02
5.450000000000000000e+02
5.360000000000000000e+02
6.693333333333333712e+02
4.620000000000000000e+02
4.640000000000000000e+02
4.720000000000000000e+02
4.600000000000000000e+02
4.560000000000000000e+02
4.560000000000000000e+02
4.480000000000000000e+02
4.560000000000000000e+02
4.480000000000000000e+02
4.480000000000000000e+02
4.480000000000000000e+02
4.640000000000000000e+02
4.520000000000000000e+02
4.600000000000000000e+02
4.640000000000000000e+02
4.720000000000000000e+02
5.986666666666666288e+02
5.320000000000000000e+02
5.360000000000000000e+02
5.380000000000000000e+02
5.840000000000000000e+02
6.080000000000000000e+02
6.080000000000000000e+02
6.080000000000000000e+02
6.040000000000000000e+02
6.080000000000000000e+02
6.120000000000000000e+02
6.000000000000000000e+02
6.013333333333333712e+02
5.320000000000000000e+02
5.320000000000000000e+02
5.240000000000000000e+02
5.000000000000000000e+02
4.800000000000000000e+02
4.520000000000000000e+02
4.520000000000000000e+02
4.640000000000000000e+02
4.520000000000000000e+02
4.560000000000000000e+02
4.520000000000000000e+02
4.520000000000000000e+02
4.520000000000000000e+02
4.520000000000000000e+02
4.520000000000000000e+02
4.560000000000000000e+02
4.600000000000000000e+02
4.520000000000000000e+02
4.920000000000000000e+02
5.100000000000000000e+02
5.280000000000000000e+02
5.360000000000000000e+02
5.400000000000000000e+02
6.000000000000000000e+02
6.040000000000000000e+02
6.000000000000000000e+02
5.960000000000000000e+02
5.840000000000000000e+02
5.920000000000000000e+02
6.100000000000000000e+02
6.080000000000000000e+02
5.450000000000000000e+02
5.440000000000000000e+02
5.400000000000000000e+02
5.200000000000000000e+02
4.800000000000000000e+02
4.560000000000000000e+02
4.560000000000000000e+02
4.560000000000000000e+02
4.600000000000000000e+02
4.560000000000000000e+02
4.560000000000000000e+02
4.520000000000000000e+02
4.520000000000000000e+02
4.520000000000000000e+02
4.560000000000000000e+02
4.520000000000000000e+02
4.520000000000000000e+02
5.080000000000000000e+02
5.100000000000000000e+02
5.120000000000000000e+02
5.240000000000000000e+02
5.240000000000000000e+02
5.480000000000000000e+02
5.520000000000000000e+02
5.960000000000000000e+02
6.000000000000000000e+02
6.040000000000000000e+02
4.280000000000000000e+02
4.160000000000000000e+02
6.080000000000000000e+02
6.000000000000000000e+02
5.970000000000000000e+02
5.480000000000000000e+02
5.480000000000000000e+02
7.533333333333333712e+02
4.610000000000000000e+02
7.520000000000000000e+02
4.590000000000000000e+02
5.000000000000000000e+02
4.906666666666666856e+02
4.600000000000000000e+02
4.520000000000000000e+02
4.480000000000000000e+02
4.520000000000000000e+02
4.520000000000000000e+02
4.600000000000000000e+02
4.600000000000000000e+02
4.560000000000000000e+02
4.800000000000000000e+02
4.530000000000000000e+02
4.440000000000000000e+02
5.070000000000000000e+02
5.440000000000000000e+02
5.400000000000000000e+02
5.440000000000000000e+02
5.440000000000000000e+02
5.680000000000000000e+02
6.040000000000000000e+02
6.053333333333333712e+02
6.026666666666666288e+02
4.106666666666666856e+02
4.120000000000000000e+02
5.680000000000000000e+02
5.693333333333333712e+02
4.640000000000000000e+02
5.440000000000000000e+02
5.440000000000000000e+02
5.280000000000000000e+02
4.786666666666666856e+02
4.900000000000000000e+02
4.800000000000000000e+02
4.640000000000000000e+02
4.640000000000000000e+02
4.560000000000000000e+02
4.600000000000000000e+02
4.560000000000000000e+02
