5.560000000000000000e+02
5.560000000000000000e+02
5.510000000000000000e+02
4.213333333333333144e+02
4.200000000000000000e+02
4.360000000000000000e+02
4.240000000000000000e+02
5.510000000000000000e+02
4.240000000000000000e+02
4.340000000000000000e+02
4.280000000000000000e+02
4.440000000000000000e+02
4.480000000000000000e+02
5.440000000000000000e+02
7.530000000000000000e+02
4.400000000000000000e+02
7.420000000000000000e+02
4.300000000000000000e+02
5.480000000000000000e+02
4.470000000000000000e+02
4.440000000000000000e+02
5.520000000000000000e+02
5.210000000000000000e+02
4.240000000000000000e+02
4.200000000000000000e+02
4.190000000000000000e+02
4.360000000000000000e+02
4.460000000000000000e+02
4.180000000000000000e+02
4.200000000000000000e+02
4.200000000000000000e+02
4.240000000000000000e+02
5.640000000000000000e+02
5.480000000000000000e+02
4.240000000000000000e+02
4.200000000000000000e+02
4.200000000000000000e+02
4.320000000000000000e+02
4.490000000000000000e+02
4.400000000000000000e+02
4.340000000000000000e+02
4.120000000000000000e+02
4.140000000000000000e+02
4.140000000000000000e+02
4.506666666666666856e+02
4.560000000000000000e+02
6.906666666666666288e+02
4.600000000000000000e+02
4.110000000000000000e+02
4.760000000000000000e+02
5.420000000000000000e+02
4.120000000000000000e+02
4.120000000000000000e+02
4.200000000000000000e+02
4.240000000000000000e+02
4.120000000000000000e+02
4.520000000000000000e+02
4.520000000000000000e+02
4.440000000000000000e+02
4.360000000000000000e+02
4.320000000000000000e+02
4.320000000000000000e+02
5.480000000000000000e+02
5.520000000000000000e+02
5.440000000000000000e+02
5.480000000000000000e+02
5.480000000000000000e+02
4.320000000000000000e+02
4.480000000000000000e+02
4.080000000000000000e+02
4.340000000000000000e+02
4.520000000000000000e+02
4.680000000000000000e+02
4.160000000000000000e+02
4.160000000000000000e+02
4.120000000000000000e+02
4.040000000000000000e+02
4.680000000000000000e+02
4.120000000000000000e+02
4.120000000000000000e+02
4.160000000000000000e+02
4.200000000000000000e+02
4.133333333333333144e+02
4.040000000000000000e+02
4.080000000000000000e+02
4.160000000000000000e+02
4.120000000000000000e+02
4.240000000000000000e+02
4.373333333333333144e+02
4.360000000000000000e+02
4.280000000000000000e+02
4.266666666666666856e+02
4.120000000000000000e+02
5.480000000000000000e+02
5.480000000000000000e+02
5.490000000000000000e+02
5.480000000000000000e+02
5.440000000000000000e+02
5.480000000000000000e+02
5.520000000000000000e+02
5.520000000000000000e+02
5.520000000000000000e+02
4.400000000000000000e+02
5.480000000000000000e+02
5.480000000000000000e+02
4.160000000000000000e+02
4.720000000000000000e+02
4.080000000000000000e+02
4.080000000000000000e+02
4.826666666666666856e+02
4.120000000000000000e+02
4.040000000000000000e+02
4.200000000000000000e+02
4.120000000000000000e+02
4.200000000000000000e+02
4.160000000000000000e+02
4.120000000000000000e+02
4.640000000000000000e+02
4.640000000000000000e+02
5.520000000000000000e+02
5.520000000000000000e+02
5.520000000000000000e+02
5.480000000000000000e+02
5.520000000000000000e+02
5.400000000000000000e+02
5.480000000000000000e+02
5.480000000000000000e+02
5.480000000000000000e+02
5.480000000000000000e+02
5.480000000000000000e+02
5.440000000000000000e+02
5.480000000000000000e+02
5.480000000000000000e+02
5.480000000000000000e+02
5.520000000000000000e+02
5.440000000000000000e+02
5.480000000000000000e+02
4.560000000000000000e+02
4.680000000000000000e+02
4.120000000000000000e+02
4.200000000000000000e+02
4.160000000000000000e+02
4.160000000000000000e+02
4.200000000000000000e+02
4.200000000000000000e+02
4.160000000000000000e+02
4.160000000000000000e+02
4.160000000000000000e+02
4.120000000000000000e+02
4.840000000000000000e+02
5.420000000000000000e+02
4.990000000000000000e+02
5.490000000000000000e+02
5.520000000000000000e+02
5.480000000000000000e+02
5.480000000000000000e+02
5.480000000000000000e+02
5.440000000000000000e+02
5.440000000000000000e+02
5.480000000000000000e+02
5.440000000000000000e+02
5.480000000000000000e+02
5.440000000000000000e+02
5.480000000000000000e+02
5.480000000000000000e+02
5.480000000000000000e+02
5.520000000000000000e+02
5.440000000000000000e+02
4.800000000000000000e+02
5.480000000000000000e+02
5.560000000000000000e+02
4.240000000000000000e+02
4.360000000000000000e+02
4.390000000000000000e+02
4.360000000000000000e+02
4.620000000000000000e+02
4.130000000000000000e+02
4.200000000000000000e+02
4.320000000000000000e+02
4.280000000000000000e+02
4.200000000000000000e+02
4.160000000000000000e+02
5.560000000000000000e+02
5.580000000000000000e+02
5.400000000000000000e+02
5.480000000000000000e+02
5.560000000000000000e+02
5.506666666666666288e+02
5.520000000000000000e+02
5.440000000000000000e+02
5.400000000000000000e+02
5.400000000000000000e+02
5.400000000000000000e+02
5.400000000000000000e+02
5.400000000000000000e+02
4.880000000000000000e+02
4.880000000000000000e+02
5.600000000000000000e+02
5.480000000000000000e+02
4.920000000000000000e+02
5.560000000000000000e+02
5.480000000000000000e+02
7.533333333333333712e+02
5.570000000000000000e+02
5.240000000000000000e+02
5.320000000000000000e+02
5.430000000000000000e+02
7.510000000000000000e+02
7.470000000000000000e+02
5.640000000000000000e+02
5.026666666666666856e+02
5.400000000000000000e+02
5.460000000000000000e+02
5.640000000000000000e+02
4.280000000000000000e+02
4.306666666666666856e+02
4.920000000000000000e+02
5.880000000000000000e+02
5.560000000000000000e+02
4.840000000000000000e+02
4.880000000000000000e+02
5.480000000000000000e+02
5.720000000000000000e+02
5.680000000000000000e+02
5.520000000000000000e+02
5.560000000000000000e+02
5.480000000000000000e+02
5.480000000000000000e+02
6.690000000000000000e+02
5.210000000000000000e+02
5.490000000000000000e+02
5.370000000000000000e+02
5.510000000000000000e+02
5.346666666666666288e+02
5.760000000000000000e+02
5.640000000000000000e+02
4.173333333333333144e+02
4.200000000000000000e+02
5.586666666666666288e+02
5.640000000000000000e+02
5.680000000000000000e+02
5.680000000000000000e+02
7.480000000000000000e+02
5.640000000000000000e+02
5.600000000000000000e+02
5.600000000000000000e+02
5.350000000000000000e+02
5.373333333333333712e+02
5.293333333333333712e+02
5.280000000000000000e+02
5.253333333333333712e+02
5.200000000000000000e+02
5.120000000000000000e+02
5.880000000000000000e+02
5.750000000000000000e+02
5.760000000000000000e+02
