5.870000000000000000e+02
5.960000000000000000e+02
5.930000000000000000e+02
5.370000000000000000e+02
5.370000000000000000e+02
5.480000000000000000e+02
5.560000000000000000e+02
4.120000000000000000e+02
5.440000000000000000e+02
5.480000000000000000e+02
5.520000000000000000e+02
5.520000000000000000e+02
5.440000000000000000e+02
5.613333333333333712e+02
5.826666666666666288e+02
6.990000000000000000e+02
7.440000000000000000e+02
7.480000000000000000e+02
5.600000000000000000e+02
5.400000000000000000e+02
5.520000000000000000e+02
5.520000000000000000e+02
5.480000000000000000e+02
5.480000000000000000e+02
4.120000000000000000e+02
5.160000000000000000e+02
5.760000000000000000e+02
5.320000000000000000e+02
5.613333333333333712e+02
5.480000000000000000e+02
5.440000000000000000e+02
6.000000000000000000e+02
5.960000000000000000e+02
5.760000000000000000e+02
5.690000000000000000e+02
5.330000000000000000e+02
5.160000000000000000e+02
5.160000000000000000e+02
5.200000000000000000e+02
5.280000000000000000e+02
5.550000000000000000e+02
5.400000000000000000e+02
5.440000000000000000e+02
5.480000000000000000e+02
5.280000000000000000e+02
5.290000000000000000e+02
5.746666666666666288e+02
5.820000000000000000e+02
6.140000000000000000e+02
5.510000000000000000e+02
7.180000000000000000e+02
5.253333333333333712e+02
7.480000000000000000e+02
5.520000000000000000e+02
5.420000000000000000e+02
5.280000000000000000e+02
5.640000000000000000e+02
5.253333333333333712e+02
5.120000000000000000e+02
4.960000000000000000e+02
4.920000000000000000e+02
5.960000000000000000e+02
5.540000000000000000e+02
5.600000000000000000e+02
5.480000000000000000e+02
5.440000000000000000e+02
5.400000000000000000e+02
5.330000000000000000e+02
4.960000000000000000e+02
5.000000000000000000e+02
5.520000000000000000e+02
5.440000000000000000e+02
5.160000000000000000e+02
5.170000000000000000e+02
5.440000000000000000e+02
5.480000000000000000e+02
5.520000000000000000e+02
5.520000000000000000e+02
5.440000000000000000e+02
5.360000000000000000e+02
5.400000000000000000e+02
5.293333333333333712e+02
5.400000000000000000e+02
5.600000000000000000e+02
5.573333333333333712e+02
5.413333333333333712e+02
5.106666666666666856e+02
5.180000000000000000e+02
5.320000000000000000e+02
5.320000000000000000e+02
5.320000000000000000e+02
5.390000000000000000e+02
5.440000000000000000e+02
5.400000000000000000e+02
5.360000000000000000e+02
5.440000000000000000e+02
5.440000000000000000e+02
5.480000000000000000e+02
5.440000000000000000e+02
4.680000000000000000e+02
5.560000000000000000e+02
4.760000000000000000e+02
5.560000000000000000e+02
5.490000000000000000e+02
5.360000000000000000e+02
5.600000000000000000e+02
5.070000000000000000e+02
5.000000000000000000e+02
4.986666666666666856e+02
4.200000000000000000e+02
4.240000000000000000e+02
6.820000000000000000e+02
4.170000000000000000e+02
5.080000000000000000e+02
5.040000000000000000e+02
4.960000000000000000e+02
4.920000000000000000e+02
4.880000000000000000e+02
4.960000000000000000e+02
4.600000000000000000e+02
5.480000000000000000e+02
4.640000000000000000e+02
5.480000000000000000e+02
5.480000000000000000e+02
5.480000000000000000e+02
5.480000000000000000e+02
5.480000000000000000e+02
5.480000000000000000e+02
5.480000000000000000e+02
5.480000000000000000e+02
5.480000000000000000e+02
5.440000000000000000e+02
5.480000000000000000e+02
5.480000000000000000e+02
4.600000000000000000e+02
5.480000000000000000e+02
4.560000000000000000e+02
4.933333333333333144e+02
4.800000000000000000e+02
4.720000000000000000e+02
4.920000000000000000e+02
4.960000000000000000e+02
4.840000000000000000e+02
4.600000000000000000e+02
4.880000000000000000e+02
4.800000000000000000e+02
4.800000000000000000e+02
5.480000000000000000e+02
4.560000000000000000e+02
4.880000000000000000e+02
4.720000000000000000e+02
4.600000000000000000e+02
4.610000000000000000e+02
4.600000000000000000e+02
5.520000000000000000e+02
5.480000000000000000e+02
5.480000000000000000e+02
5.440000000000000000e+02
5.440000000000000000e+02
5.440000000000000000e+02
5.480000000000000000e+02
5.440000000000000000e+02
5.480000000000000000e+02
5.480000000000000000e+02
5.440000000000000000e+02
5.440000000000000000e+02
5.510000000000000000e+02
4.600000000000000000e+02
4.600000000000000000e+02
5.700000000000000000e+02
5.670000000000000000e+02
5.426666666666666288e+02
4.120000000000000000e+02
4.180000000000000000e+02
4.840000000000000000e+02
5.040000000000000000e+02
5.040000000000000000e+02
4.360000000000000000e+02
4.266666666666666856e+02
4.040000000000000000e+02
4.760000000000000000e+02
5.600000000000000000e+02
5.520000000000000000e+02
5.450000000000000000e+02
5.460000000000000000e+02
5.520000000000000000e+02
5.480000000000000000e+02
5.440000000000000000e+02
5.480000000000000000e+02
5.440000000000000000e+02
5.440000000000000000e+02
5.440000000000000000e+02
5.440000000000000000e+02
5.440000000000000000e+02
5.440000000000000000e+02
5.480000000000000000e+02
5.440000000000000000e+02
4.200000000000000000e+02
5.480000000000000000e+02
4.333333333333333144e+02
6.980000000000000000e+02
5.480000000000000000e+02
4.400000000000000000e+02
4.240000000000000000e+02
4.160000000000000000e+02
4.050000000000000000e+02
4.080000000000000000e+02
4.240000000000000000e+02
4.120000000000000000e+02
4.080000000000000000e+02
4.640000000000000000e+02
4.160000000000000000e+02
4.200000000000000000e+02
4.240000000000000000e+02
4.280000000000000000e+02
5.480000000000000000e+02
4.300000000000000000e+02
5.480000000000000000e+02
5.520000000000000000e+02
4.440000000000000000e+02
4.360000000000000000e+02
5.440000000000000000e+02
5.440000000000000000e+02
5.440000000000000000e+02
5.640000000000000000e+02
4.150000000000000000e+02
5.920000000000000000e+02
4.160000000000000000e+02
4.200000000000000000e+02
5.600000000000000000e+02
4.440000000000000000e+02
5.400000000000000000e+02
5.440000000000000000e+02
4.120000000000000000e+02
4.280000000000000000e+02
4.213333333333333144e+02
4.120000000000000000e+02
4.400000000000000000e+02
4.466666666666666856e+02
7.410000000000000000e+02
4.670000000000000000e+02
4.640000000000000000e+02
4.666666666666666856e+02
4.040000000000000000e+02
4.560000000000000000e+02
4.520000000000000000e+02
4.080000000000000000e+02
4.040000000000000000e+02
4.240000000000000000e+02
4.280000000000000000e+02
5.600000000000000000e+02
4.240000000000000000e+02
4.240000000000000000e+02
5.480000000000000000e+02
4.120000000000000000e+02
4.120000000000000000e+02
