5.560000000000000000e+02
5.520000000000000000e+02
4.280000000000000000e+02
4.200000000000000000e+02
4.200000000000000000e+02
4.320000000000000000e+02
4.240000000000000000e+02
4.150000000000000000e+02
4.280000000000000000e+02
5.460000000000000000e+02
5.470000000000000000e+02
4.400000000000000000e+02
4.480000000000000000e+02
5.450000000000000000e+02
7.530000000000000000e+02
6.860000000000000000e+02
7.420000000000000000e+02
4.260000000000000000e+02
5.480000000000000000e+02
4.480000000000000000e+02
4.440000000000000000e+02
5.520000000000000000e+02
5.450000000000000000e+02
4.240000000000000000e+02
4.200000000000000000e+02
4.080000000000000000e+02
4.400000000000000000e+02
4.560000000000000000e+02
4.160000000000000000e+02
4.200000000000000000e+02
4.200000000000000000e+02
4.240000000000000000e+02
5.600000000000000000e+02
5.480000000000000000e+02
5.480000000000000000e+02
4.240000000000000000e+02
4.240000000000000000e+02
4.560000000000000000e+02
4.400000000000000000e+02
4.360000000000000000e+02
4.160000000000000000e+02
4.050000000000000000e+02
5.426666666666666288e+02
4.120000000000000000e+02
4.520000000000000000e+02
4.560000000000000000e+02
7.260000000000000000e+02
4.600000000000000000e+02
4.120000000000000000e+02
4.750000000000000000e+02
6.960000000000000000e+02
4.120000000000000000e+02
4.160000000000000000e+02
4.240000000000000000e+02
4.240000000000000000e+02
4.120000000000000000e+02
4.520000000000000000e+02
4.520000000000000000e+02
4.440000000000000000e+02
4.360000000000000000e+02
4.280000000000000000e+02
4.320000000000000000e+02
5.480000000000000000e+02
5.520000000000000000e+02
5.440000000000000000e+02
5.440000000000000000e+02
5.480000000000000000e+02
4.280000000000000000e+02
4.480000000000000000e+02
4.300000000000000000e+02
4.440000000000000000e+02
4.560000000000000000e+02
4.590000000000000000e+02
4.110000000000000000e+02
4.160000000000000000e+02
4.120000000000000000e+02
4.080000000000000000e+02
4.680000000000000000e+02
4.120000000000000000e+02
4.120000000000000000e+02
4.160000000000000000e+02
4.160000000000000000e+02
4.760000000000000000e+02
4.040000000000000000e+02
4.120000000000000000e+02
4.160000000000000000e+02
4.120000000000000000e+02
4.240000000000000000e+02
4.440000000000000000e+02
4.360000000000000000e+02
4.360000000000000000e+02
5.520000000000000000e+02
5.600000000000000000e+02
5.480000000000000000e+02
5.480000000000000000e+02
5.490000000000000000e+02
5.440000000000000000e+02
5.480000000000000000e+02
5.480000000000000000e+02
5.520000000000000000e+02
5.520000000000000000e+02
5.520000000000000000e+02
4.400000000000000000e+02
5.480000000000000000e+02
4.160000000000000000e+02
4.160000000000000000e+02
4.720000000000000000e+02
4.040000000000000000e+02
4.080000000000000000e+02
4.826666666666666856e+02
4.106666666666666856e+02
4.040000000000000000e+02
4.200000000000000000e+02
4.160000000000000000e+02
4.200000000000000000e+02
4.160000000000000000e+02
4.040000000000000000e+02
4.640000000000000000e+02
4.640000000000000000e+02
5.520000000000000000e+02
5.480000000000000000e+02
4.700000000000000000e+02
5.480000000000000000e+02
5.520000000000000000e+02
5.450000000000000000e+02
5.480000000000000000e+02
5.480000000000000000e+02
5.480000000000000000e+02
5.480000000000000000e+02
5.480000000000000000e+02
5.480000000000000000e+02
5.440000000000000000e+02
5.520000000000000000e+02
5.480000000000000000e+02
5.560000000000000000e+02
5.440000000000000000e+02
5.480000000000000000e+02
4.560000000000000000e+02
4.680000000000000000e+02
4.160000000000000000e+02
4.200000000000000000e+02
4.160000000000000000e+02
4.200000000000000000e+02
4.200000000000000000e+02
5.180000000000000000e+02
4.160000000000000000e+02
4.160000000000000000e+02
4.160000000000000000e+02
4.120000000000000000e+02
4.840000000000000000e+02
5.360000000000000000e+02
4.986666666666666856e+02
5.520000000000000000e+02
5.480000000000000000e+02
5.480000000000000000e+02
5.480000000000000000e+02
5.520000000000000000e+02
5.440000000000000000e+02
5.440000000000000000e+02
5.480000000000000000e+02
5.480000000000000000e+02
5.480000000000000000e+02
5.440000000000000000e+02
5.520000000000000000e+02
5.480000000000000000e+02
5.480000000000000000e+02
5.520000000000000000e+02
5.440000000000000000e+02
4.800000000000000000e+02
5.493333333333333712e+02
5.560000000000000000e+02
4.893333333333333144e+02
4.360000000000000000e+02
4.390000000000000000e+02
4.320000000000000000e+02
4.620000000000000000e+02
4.200000000000000000e+02
4.200000000000000000e+02
4.280000000000000000e+02
4.280000000000000000e+02
4.200000000000000000e+02
4.160000000000000000e+02
5.560000000000000000e+02
5.973333333333333712e+02
5.386666666666666288e+02
5.480000000000000000e+02
5.560000000000000000e+02
5.506666666666666288e+02
5.520000000000000000e+02
5.480000000000000000e+02
5.440000000000000000e+02
5.400000000000000000e+02
5.440000000000000000e+02
5.400000000000000000e+02
5.400000000000000000e+02
4.880000000000000000e+02
4.880000000000000000e+02
5.613333333333333712e+02
5.480000000000000000e+02
5.480000000000000000e+02
5.560000000000000000e+02
5.520000000000000000e+02
5.480000000000000000e+02
5.570000000000000000e+02
5.200000000000000000e+02
5.320000000000000000e+02
5.426666666666666288e+02
7.430000000000000000e+02
7.480000000000000000e+02
5.640000000000000000e+02
5.640000000000000000e+02
5.400000000000000000e+02
5.640000000000000000e+02
5.640000000000000000e+02
4.250000000000000000e+02
5.590000000000000000e+02
4.920000000000000000e+02
5.340000000000000000e+02
5.520000000000000000e+02
5.600000000000000000e+02
4.880000000000000000e+02
5.480000000000000000e+02
5.680000000000000000e+02
5.640000000000000000e+02
5.560000000000000000e+02
5.550000000000000000e+02
5.520000000000000000e+02
5.480000000000000000e+02
5.040000000000000000e+02
5.190000000000000000e+02
5.490000000000000000e+02
5.400000000000000000e+02
5.510000000000000000e+02
5.200000000000000000e+02
5.720000000000000000e+02
5.610000000000000000e+02
5.590000000000000000e+02
4.220000000000000000e+02
5.640000000000000000e+02
5.640000000000000000e+02
5.760000000000000000e+02
5.640000000000000000e+02
5.653333333333333712e+02
5.640000000000000000e+02
5.680000000000000000e+02
5.660000000000000000e+02
5.320000000000000000e+02
5.400000000000000000e+02
5.400000000000000000e+02
5.400000000000000000e+02
5.120000000000000000e+02
5.920000000000000000e+02
5.120000000000000000e+02
6.000000000000000000e+02
5.600000000000000000e+02
5.720000000000000000e+02
