5.560000000000000000e+02
5.520000000000000000e+02
5.510000000000000000e+02
4.200000000000000000e+02
4.200000000000000000e+02
4.270000000000000000e+02
4.240000000000000000e+02
5.510000000000000000e+02
4.250000000000000000e+02
5.440000000000000000e+02
4.280000000000000000e+02
4.306666666666666856e+02
4.480000000000000000e+02
5.430000000000000000e+02
6.546666666666666288e+02
7.430000000000000000e+02
4.410000000000000000e+02
4.240000000000000000e+02
5.480000000000000000e+02
4.470000000000000000e+02
5.440000000000000000e+02
5.520000000000000000e+02
5.400000000000000000e+02
4.240000000000000000e+02
4.160000000000000000e+02
4.080000000000000000e+02
4.360000000000000000e+02
4.460000000000000000e+02
4.180000000000000000e+02
4.200000000000000000e+02
4.200000000000000000e+02
4.200000000000000000e+02
5.640000000000000000e+02
5.533333333333333712e+02
4.240000000000000000e+02
4.200000000000000000e+02
4.240000000000000000e+02
4.320000000000000000e+02
4.400000000000000000e+02
4.360000000000000000e+02
4.160000000000000000e+02
4.080000000000000000e+02
4.140000000000000000e+02
5.540000000000000000e+02
4.520000000000000000e+02
7.450000000000000000e+02
6.900000000000000000e+02
7.506666666666666288e+02
4.706666666666666856e+02
4.093333333333333144e+02
5.420000000000000000e+02
4.093333333333333144e+02
4.160000000000000000e+02
4.240000000000000000e+02
4.240000000000000000e+02
4.120000000000000000e+02
4.520000000000000000e+02
5.400000000000000000e+02
4.440000000000000000e+02
4.360000000000000000e+02
4.320000000000000000e+02
4.320000000000000000e+02
5.480000000000000000e+02
5.520000000000000000e+02
5.440000000000000000e+02
5.440000000000000000e+02
5.480000000000000000e+02
4.320000000000000000e+02
4.480000000000000000e+02
4.080000000000000000e+02
4.340000000000000000e+02
4.520000000000000000e+02
4.640000000000000000e+02
4.160000000000000000e+02
4.120000000000000000e+02
4.080000000000000000e+02
4.040000000000000000e+02
4.680000000000000000e+02
4.080000000000000000e+02
4.120000000000000000e+02
4.160000000000000000e+02
4.160000000000000000e+02
4.133333333333333144e+02
4.050000000000000000e+02
4.120000000000000000e+02
4.160000000000000000e+02
4.160000000000000000e+02
4.240000000000000000e+02
4.480000000000000000e+02
4.400000000000000000e+02
4.280000000000000000e+02
5.520000000000000000e+02
4.146666666666666856e+02
5.480000000000000000e+02
5.480000000000000000e+02
5.520000000000000000e+02
5.440000000000000000e+02
5.480000000000000000e+02
5.480000000000000000e+02
5.520000000000000000e+02
5.520000000000000000e+02
5.480000000000000000e+02
5.540000000000000000e+02
5.480000000000000000e+02
4.160000000000000000e+02
4.160000000000000000e+02
4.720000000000000000e+02
4.080000000000000000e+02
4.080000000000000000e+02
4.800000000000000000e+02
4.120000000000000000e+02
4.050000000000000000e+02
4.160000000000000000e+02
4.120000000000000000e+02
4.200000000000000000e+02
4.160000000000000000e+02
4.120000000000000000e+02
4.640000000000000000e+02
4.600000000000000000e+02
5.520000000000000000e+02
5.480000000000000000e+02
4.700000000000000000e+02
5.480000000000000000e+02
5.520000000000000000e+02
5.400000000000000000e+02
5.480000000000000000e+02
5.480000000000000000e+02
5.480000000000000000e+02
5.440000000000000000e+02
5.480000000000000000e+02
5.440000000000000000e+02
5.470000000000000000e+02
5.520000000000000000e+02
5.480000000000000000e+02
5.520000000000000000e+02
5.440000000000000000e+02
5.480000000000000000e+02
4.520000000000000000e+02
4.640000000000000000e+02
4.106666666666666856e+02
4.200000000000000000e+02
4.160000000000000000e+02
4.160000000000000000e+02
4.200000000000000000e+02
5.180000000000000000e+02
4.160000000000000000e+02
4.160000000000000000e+02
4.160000000000000000e+02
4.173333333333333144e+02
4.840000000000000000e+02
5.420000000000000000e+02
5.480000000000000000e+02
5.540000000000000000e+02
5.520000000000000000e+02
5.480000000000000000e+02
5.440000000000000000e+02
5.480000000000000000e+02
5.480000000000000000e+02
5.440000000000000000e+02
5.480000000000000000e+02
5.480000000000000000e+02
5.480000000000000000e+02
5.440000000000000000e+02
5.520000000000000000e+02
5.480000000000000000e+02
5.480000000000000000e+02
5.520000000000000000e+02
5.440000000000000000e+02
4.780000000000000000e+02
5.480000000000000000e+02
5.560000000000000000e+02
4.170000000000000000e+02
4.360000000000000000e+02
4.320000000000000000e+02
4.300000000000000000e+02
4.600000000000000000e+02
4.120000000000000000e+02
4.200000000000000000e+02
4.320000000000000000e+02
4.280000000000000000e+02
4.160000000000000000e+02
4.200000000000000000e+02
5.560000000000000000e+02
5.940000000000000000e+02
5.400000000000000000e+02
5.480000000000000000e+02
5.560000000000000000e+02
5.560000000000000000e+02
5.520000000000000000e+02
5.480000000000000000e+02
5.440000000000000000e+02
5.400000000000000000e+02
5.400000000000000000e+02
5.400000000000000000e+02
5.400000000000000000e+02
4.880000000000000000e+02
4.880000000000000000e+02
5.600000000000000000e+02
5.520000000000000000e+02
5.480000000000000000e+02
5.560000000000000000e+02
5.520000000000000000e+02
7.140000000000000000e+02
5.600000000000000000e+02
5.200000000000000000e+02
5.320000000000000000e+02
5.426666666666666288e+02
7.510000000000000000e+02
5.600000000000000000e+02
5.640000000000000000e+02
5.613333333333333712e+02
5.400000000000000000e+02
5.600000000000000000e+02
5.640000000000000000e+02
4.280000000000000000e+02
5.590000000000000000e+02
4.920000000000000000e+02
5.960000000000000000e+02
5.520000000000000000e+02
4.800000000000000000e+02
4.880000000000000000e+02
5.480000000000000000e+02
5.720000000000000000e+02
5.640000000000000000e+02
5.520000000000000000e+02
5.550000000000000000e+02
5.520000000000000000e+02
5.480000000000000000e+02
6.733333333333333712e+02
5.210000000000000000e+02
5.490000000000000000e+02
7.480000000000000000e+02
5.510000000000000000e+02
5.266666666666666288e+02
5.720000000000000000e+02
5.640000000000000000e+02
5.373333333333333712e+02
5.546666666666666288e+02
5.600000000000000000e+02
5.640000000000000000e+02
5.720000000000000000e+02
5.650000000000000000e+02
7.480000000000000000e+02
5.680000000000000000e+02
5.680000000000000000e+02
5.600000000000000000e+02
5.280000000000000000e+02
5.400000000000000000e+02
5.320000000000000000e+02
5.266666666666666288e+02
5.580000000000000000e+02
5.920000000000000000e+02
5.120000000000000000e+02
6.030000000000000000e+02
5.600000000000000000e+02
5.733333333333333712e+02
