4.180000000000000000e+02
4.080000000000000000e+02
4.080000000000000000e+02
4.080000000000000000e+02
4.040000000000000000e+02
4.120000000000000000e+02
4.190000000000000000e+02
4.200000000000000000e+02
5.040000000000000000e+02
5.120000000000000000e+02
4.080000000000000000e+02
4.533333333333333144e+02
4.120000000000000000e+02
4.146666666666666856e+02
4.120000000000000000e+02
4.080000000000000000e+02
4.050000000000000000e+02
4.080000000000000000e+02
4.160000000000000000e+02
4.146666666666666856e+02
4.020000000000000000e+02
4.080000000000000000e+02
4.120000000000000000e+02
5.000000000000000000e+02
4.160000000000000000e+02
4.160000000000000000e+02
4.880000000000000000e+02
4.040000000000000000e+02
4.080000000000000000e+02
4.600000000000000000e+02
4.160000000000000000e+02
4.160000000000000000e+02
4.320000000000000000e+02
4.340000000000000000e+02
4.506666666666666856e+02
4.080000000000000000e+02
4.040000000000000000e+02
4.040000000000000000e+02
4.130000000000000000e+02
4.160000000000000000e+02
4.960000000000000000e+02
4.200000000000000000e+02
5.000000000000000000e+02
3.960000000000000000e+02
4.080000000000000000e+02
4.120000000000000000e+02
4.000000000000000000e+02
4.040000000000000000e+02
3.960000000000000000e+02
3.960000000000000000e+02
4.090000000000000000e+02
4.080000000000000000e+02
4.120000000000000000e+02
4.120000000000000000e+02
4.930000000000000000e+02
4.080000000000000000e+02
4.100000000000000000e+02
4.160000000000000000e+02
4.080000000000000000e+02
4.080000000000000000e+02
4.060000000000000000e+02
4.480000000000000000e+02
4.373333333333333144e+02
4.106666666666666856e+02
4.560000000000000000e+02
4.666666666666666856e+02
4.120000000000000000e+02
4.000000000000000000e+02
4.040000000000000000e+02
4.160000000000000000e+02
4.160000000000000000e+02
4.120000000000000000e+02
4.080000000000000000e+02
3.960000000000000000e+02
4.080000000000000000e+02
4.200000000000000000e+02
4.120000000000000000e+02
4.120000000000000000e+02
4.520000000000000000e+02
4.000000000000000000e+02
4.280000000000000000e+02
4.240000000000000000e+02
4.120000000000000000e+02
4.050000000000000000e+02
4.120000000000000000e+02
4.080000000000000000e+02
4.040000000000000000e+02
4.160000000000000000e+02
4.080000000000000000e+02
4.120000000000000000e+02
4.040000000000000000e+02
4.560000000000000000e+02
4.000000000000000000e+02
4.040000000000000000e+02
4.010000000000000000e+02
4.440000000000000000e+02
5.040000000000000000e+02
5.070000000000000000e+02
4.040000000000000000e+02
4.000000000000000000e+02
3.960000000000000000e+02
4.080000000000000000e+02
4.000000000000000000e+02
4.040000000000000000e+02
4.080000000000000000e+02
4.080000000000000000e+02
4.040000000000000000e+02
4.120000000000000000e+02
4.160000000000000000e+02
4.040000000000000000e+02
4.040000000000000000e+02
4.600000000000000000e+02
4.590000000000000000e+02
4.080000000000000000e+02
3.920000000000000000e+02
4.160000000000000000e+02
4.160000000000000000e+02
4.066666666666666856e+02
4.080000000000000000e+02
4.080000000000000000e+02
4.080000000000000000e+02
4.080000000000000000e+02
4.040000000000000000e+02
4.000000000000000000e+02
4.010000000000000000e+02
4.040000000000000000e+02
4.070000000000000000e+02
5.040000000000000000e+02
5.120000000000000000e+02
4.080000000000000000e+02
4.040000000000000000e+02
4.000000000000000000e+02
4.000000000000000000e+02
4.010000000000000000e+02
4.080000000000000000e+02
4.120000000000000000e+02
4.120000000000000000e+02
5.000000000000000000e+02
3.980000000000000000e+02
4.080000000000000000e+02
4.120000000000000000e+02
4.480000000000000000e+02
4.280000000000000000e+02
4.280000000000000000e+02
4.840000000000000000e+02
3.960000000000000000e+02
4.160000000000000000e+02
4.160000000000000000e+02
4.120000000000000000e+02
4.040000000000000000e+02
5.000000000000000000e+02
4.040000000000000000e+02
4.120000000000000000e+02
4.000000000000000000e+02
4.040000000000000000e+02
4.040000000000000000e+02
4.040000000000000000e+02
4.040000000000000000e+02
4.440000000000000000e+02
4.320000000000000000e+02
5.090000000000000000e+02
4.520000000000000000e+02
4.040000000000000000e+02
4.080000000000000000e+02
4.080000000000000000e+02
4.040000000000000000e+02
4.040000000000000000e+02
4.120000000000000000e+02
4.080000000000000000e+02
4.080000000000000000e+02
4.120000000000000000e+02
4.160000000000000000e+02
4.200000000000000000e+02
4.200000000000000000e+02
4.680000000000000000e+02
4.720000000000000000e+02
4.613333333333333144e+02
4.053333333333333144e+02
4.280000000000000000e+02
4.240000000000000000e+02
4.200000000000000000e+02
4.120000000000000000e+02
4.080000000000000000e+02
4.080000000000000000e+02
4.000000000000000000e+02
4.040000000000000000e+02
4.040000000000000000e+02
4.040000000000000000e+02
4.040000000000000000e+02
4.080000000000000000e+02
4.053333333333333144e+02
5.120000000000000000e+02
5.040000000000000000e+02
4.560000000000000000e+02
4.080000000000000000e+02
4.040000000000000000e+02
4.080000000000000000e+02
4.040000000000000000e+02
4.080000000000000000e+02
4.040000000000000000e+02
4.040000000000000000e+02
4.120000000000000000e+02
4.080000000000000000e+02
4.120000000000000000e+02
4.160000000000000000e+02
4.230000000000000000e+02
4.030000000000000000e+02
4.150000000000000000e+02
4.440000000000000000e+02
4.480000000000000000e+02
4.120000000000000000e+02
4.080000000000000000e+02
4.080000000000000000e+02
4.110000000000000000e+02
5.110000000000000000e+02
4.040000000000000000e+02
4.040000000000000000e+02
4.040000000000000000e+02
4.080000000000000000e+02
4.000000000000000000e+02
4.040000000000000000e+02
4.080000000000000000e+02
4.066666666666666856e+02
5.000000000000000000e+02
5.040000000000000000e+02
3.960000000000000000e+02
4.080000000000000000e+02
4.000000000000000000e+02
4.000000000000000000e+02
4.040000000000000000e+02
4.120000000000000000e+02
4.080000000000000000e+02
4.080000000000000000e+02
4.040000000000000000e+02
4.150000000000000000e+02
4.080000000000000000e+02
4.080000000000000000e+02
4.080000000000000000e+02
4.520000000000000000e+02
4.480000000000000000e+02
4.133333333333333144e+02
4.040000000000000000e+02
4.000000000000000000e+02
4.160000000000000000e+02
4.120000000000000000e+02
4.120000000000000000e+02
4.120000000000000000e+02
4.120000000000000000e+02
4.120000000000000000e+02
4.120000000000000000e+02
4.120000000000000000e+02
4.040000000000000000e+02
4.040000000000000000e+02
4.040000000000000000e+02
4.000000000000000000e+02
4.906666666666666856e+02
