5.960000000000000000e+02
5.880000000000000000e+02
6.000000000000000000e+02
6.000000000000000000e+02
5.240000000000000000e+02
5.040000000000000000e+02
5.040000000000000000e+02
5.560000000000000000e+02
5.546666666666666288e+02
5.600000000000000000e+02
5.640000000000000000e+02
5.760000000000000000e+02
5.040000000000000000e+02
5.040000000000000000e+02
5.000000000000000000e+02
4.960000000000000000e+02
5.040000000000000000e+02
5.000000000000000000e+02
4.946666666666666856e+02
4.980000000000000000e+02
5.080000000000000000e+02
5.700000000000000000e+02
5.680000000000000000e+02
5.710000000000000000e+02
5.480000000000000000e+02
5.000000000000000000e+02
5.080000000000000000e+02
5.400000000000000000e+02
5.600000000000000000e+02
5.920000000000000000e+02
5.960000000000000000e+02
5.880000000000000000e+02
5.920000000000000000e+02
5.750000000000000000e+02
5.640000000000000000e+02
5.560000000000000000e+02
4.960000000000000000e+02
5.000000000000000000e+02
5.080000000000000000e+02
5.120000000000000000e+02
5.800000000000000000e+02
5.880000000000000000e+02
5.080000000000000000e+02
5.000000000000000000e+02
5.000000000000000000e+02
5.040000000000000000e+02
4.960000000000000000e+02
5.000000000000000000e+02
5.040000000000000000e+02
4.893333333333333144e+02
5.040000000000000000e+02
5.480000000000000000e+02
5.010000000000000000e+02
4.960000000000000000e+02
5.200000000000000000e+02
4.920000000000000000e+02
5.080000000000000000e+02
5.160000000000000000e+02
5.100000000000000000e+02
5.120000000000000000e+02
5.120000000000000000e+02
5.280000000000000000e+02
5.600000000000000000e+02
5.640000000000000000e+02
6.320000000000000000e+02
5.040000000000000000e+02
4.970000000000000000e+02
5.270000000000000000e+02
5.280000000000000000e+02
5.370000000000000000e+02
5.040000000000000000e+02
5.040000000000000000e+02
5.040000000000000000e+02
5.000000000000000000e+02
5.000000000000000000e+02
5.080000000000000000e+02
5.520000000000000000e+02
5.000000000000000000e+02
5.080000000000000000e+02
5.250000000000000000e+02
5.133333333333333712e+02
5.530000000000000000e+02
4.920000000000000000e+02
5.580000000000000000e+02
5.040000000000000000e+02
4.880000000000000000e+02
4.960000000000000000e+02
5.040000000000000000e+02
5.720000000000000000e+02
4.960000000000000000e+02
4.920000000000000000e+02
4.960000000000000000e+02
4.960000000000000000e+02
4.960000000000000000e+02
5.880000000000000000e+02
5.440000000000000000e+02
5.720000000000000000e+02
5.920000000000000000e+02
4.960000000000000000e+02
4.960000000000000000e+02
5.000000000000000000e+02
5.040000000000000000e+02
5.000000000000000000e+02
5.000000000000000000e+02
5.000000000000000000e+02
5.000000000000000000e+02
5.960000000000000000e+02
5.080000000000000000e+02
5.400000000000000000e+02
4.940000000000000000e+02
5.560000000000000000e+02
5.240000000000000000e+02
5.520000000000000000e+02
5.560000000000000000e+02
5.480000000000000000e+02
5.080000000000000000e+02
5.080000000000000000e+02
5.040000000000000000e+02
5.000000000000000000e+02
5.000000000000000000e+02
5.000000000000000000e+02
5.070000000000000000e+02
5.000000000000000000e+02
5.000000000000000000e+02
5.040000000000000000e+02
5.000000000000000000e+02
5.040000000000000000e+02
5.750000000000000000e+02
5.600000000000000000e+02
5.600000000000000000e+02
4.960000000000000000e+02
5.040000000000000000e+02
5.000000000000000000e+02
5.000000000000000000e+02
5.040000000000000000e+02
5.040000000000000000e+02
4.960000000000000000e+02
5.040000000000000000e+02
5.040000000000000000e+02
5.080000000000000000e+02
5.000000000000000000e+02
5.640000000000000000e+02
5.560000000000000000e+02
5.560000000000000000e+02
5.520000000000000000e+02
5.400000000000000000e+02
5.360000000000000000e+02
5.160000000000000000e+02
5.120000000000000000e+02
5.040000000000000000e+02
5.040000000000000000e+02
5.000000000000000000e+02
5.000000000000000000e+02
5.000000000000000000e+02
4.960000000000000000e+02
5.040000000000000000e+02
5.000000000000000000e+02
4.960000000000000000e+02
5.680000000000000000e+02
5.680000000000000000e+02
5.720000000000000000e+02
5.640000000000000000e+02
5.640000000000000000e+02
5.000000000000000000e+02
5.000000000000000000e+02
5.000000000000000000e+02
4.960000000000000000e+02
5.040000000000000000e+02
5.000000000000000000e+02
4.970000000000000000e+02
5.120000000000000000e+02
5.960000000000000000e+02
5.800000000000000000e+02
5.400000000000000000e+02
5.400000000000000000e+02
5.480000000000000000e+02
5.420000000000000000e+02
5.320000000000000000e+02
5.240000000000000000e+02
5.200000000000000000e+02
5.080000000000000000e+02
5.080000000000000000e+02
5.080000000000000000e+02
4.960000000000000000e+02
5.000000000000000000e+02
5.000000000000000000e+02
5.040000000000000000e+02
5.040000000000000000e+02
5.000000000000000000e+02
4.960000000000000000e+02
5.680000000000000000e+02
5.680000000000000000e+02
5.680000000000000000e+02
5.750000000000000000e+02
5.680000000000000000e+02
4.960000000000000000e+02
5.000000000000000000e+02
5.000000000000000000e+02
5.000000000000000000e+02
5.040000000000000000e+02
4.973333333333333144e+02
5.040000000000000000e+02
5.040000000000000000e+02
5.040000000000000000e+02
5.040000000000000000e+02
5.320000000000000000e+02
5.340000000000000000e+02
5.480000000000000000e+02
5.600000000000000000e+02
4.960000000000000000e+02
5.000000000000000000e+02
5.040000000000000000e+02
5.120000000000000000e+02
5.120000000000000000e+02
5.160000000000000000e+02
5.080000000000000000e+02
5.120000000000000000e+02
5.040000000000000000e+02
5.040000000000000000e+02
4.960000000000000000e+02
5.000000000000000000e+02
5.560000000000000000e+02
5.600000000000000000e+02
5.720000000000000000e+02
5.960000000000000000e+02
5.360000000000000000e+02
6.000000000000000000e+02
5.960000000000000000e+02
5.000000000000000000e+02
5.000000000000000000e+02
5.080000000000000000e+02
5.120000000000000000e+02
5.080000000000000000e+02
5.120000000000000000e+02
5.120000000000000000e+02
5.706666666666666288e+02
5.000000000000000000e+02
5.040000000000000000e+02
5.000000000000000000e+02
5.373333333333333712e+02
5.220000000000000000e+02
5.440000000000000000e+02
5.040000000000000000e+02
5.040000000000000000e+02
5.546666666666666288e+02
5.040000000000000000e+02
5.040000000000000000e+02
5.160000000000000000e+02
5.080000000000000000e+02
5.830000000000000000e+02
4.960000000000000000e+02
5.040000000000000000e+02
5.000000000000000000e+02
5.800000000000000000e+02
5.640000000000000000e+02
5.360000000000000000e+02
