5.530000000000000000e+02
5.550000000000000000e+02
4.240000000000000000e+02
4.200000000000000000e+02
4.200000000000000000e+02
4.360000000000000000e+02
4.250000000000000000e+02
4.150000000000000000e+02
4.250000000000000000e+02
5.440000000000000000e+02
4.280000000000000000e+02
4.306666666666666856e+02
4.520000000000000000e+02
5.440000000000000000e+02
4.746666666666666856e+02
4.400000000000000000e+02
5.000000000000000000e+02
4.240000000000000000e+02
5.480000000000000000e+02
4.480000000000000000e+02
4.440000000000000000e+02
5.520000000000000000e+02
5.210000000000000000e+02
4.240000000000000000e+02
4.160000000000000000e+02
4.190000000000000000e+02
4.400000000000000000e+02
4.560000000000000000e+02
4.160000000000000000e+02
4.200000000000000000e+02
4.240000000000000000e+02
4.240000000000000000e+02
5.640000000000000000e+02
5.480000000000000000e+02
4.240000000000000000e+02
4.200000000000000000e+02
4.200000000000000000e+02
5.460000000000000000e+02
4.400000000000000000e+02
4.360000000000000000e+02
4.160000000000000000e+02
4.080000000000000000e+02
4.120000000000000000e+02
4.120000000000000000e+02
4.506666666666666856e+02
6.900000000000000000e+02
6.906666666666666288e+02
7.510000000000000000e+02
4.120000000000000000e+02
4.750000000000000000e+02
5.420000000000000000e+02
4.120000000000000000e+02
4.160000000000000000e+02
4.240000000000000000e+02
4.240000000000000000e+02
4.120000000000000000e+02
4.520000000000000000e+02
4.520000000000000000e+02
4.440000000000000000e+02
4.360000000000000000e+02
4.280000000000000000e+02
4.320000000000000000e+02
5.480000000000000000e+02
5.520000000000000000e+02
5.440000000000000000e+02
5.480000000000000000e+02
5.480000000000000000e+02
4.280000000000000000e+02
4.340000000000000000e+02
4.040000000000000000e+02
4.400000000000000000e+02
4.520000000000000000e+02
4.640000000000000000e+02
4.110000000000000000e+02
4.120000000000000000e+02
4.080000000000000000e+02
4.040000000000000000e+02
4.680000000000000000e+02
4.120000000000000000e+02
4.120000000000000000e+02
4.160000000000000000e+02
4.160000000000000000e+02
4.800000000000000000e+02
4.040000000000000000e+02
4.150000000000000000e+02
4.160000000000000000e+02
4.120000000000000000e+02
4.240000000000000000e+02
4.440000000000000000e+02
4.400000000000000000e+02
4.280000000000000000e+02
5.520000000000000000e+02
5.600000000000000000e+02
5.480000000000000000e+02
5.480000000000000000e+02
5.490000000000000000e+02
5.480000000000000000e+02
5.440000000000000000e+02
5.440000000000000000e+02
5.520000000000000000e+02
5.520000000000000000e+02
5.520000000000000000e+02
4.400000000000000000e+02
5.480000000000000000e+02
5.470000000000000000e+02
4.120000000000000000e+02
4.720000000000000000e+02
4.040000000000000000e+02
4.080000000000000000e+02
4.800000000000000000e+02
4.120000000000000000e+02
4.040000000000000000e+02
4.160000000000000000e+02
4.120000000000000000e+02
4.120000000000000000e+02
4.160000000000000000e+02
4.080000000000000000e+02
4.640000000000000000e+02
4.640000000000000000e+02
5.520000000000000000e+02
5.520000000000000000e+02
5.533333333333333712e+02
5.480000000000000000e+02
5.520000000000000000e+02
5.400000000000000000e+02
5.480000000000000000e+02
5.480000000000000000e+02
5.480000000000000000e+02
5.480000000000000000e+02
5.480000000000000000e+02
5.480000000000000000e+02
5.440000000000000000e+02
5.480000000000000000e+02
5.480000000000000000e+02
5.520000000000000000e+02
5.480000000000000000e+02
5.480000000000000000e+02
4.520000000000000000e+02
4.640000000000000000e+02
4.160000000000000000e+02
4.200000000000000000e+02
4.160000000000000000e+02
4.200000000000000000e+02
4.240000000000000000e+02
5.180000000000000000e+02
4.160000000000000000e+02
4.160000000000000000e+02
4.160000000000000000e+02
4.160000000000000000e+02
4.840000000000000000e+02
4.810000000000000000e+02
4.990000000000000000e+02
5.560000000000000000e+02
5.520000000000000000e+02
5.480000000000000000e+02
5.440000000000000000e+02
5.480000000000000000e+02
5.440000000000000000e+02
5.440000000000000000e+02
5.480000000000000000e+02
5.440000000000000000e+02
5.440000000000000000e+02
5.440000000000000000e+02
5.480000000000000000e+02
5.480000000000000000e+02
5.480000000000000000e+02
5.480000000000000000e+02
5.440000000000000000e+02
4.780000000000000000e+02
5.440000000000000000e+02
5.546666666666666288e+02
4.170000000000000000e+02
4.320000000000000000e+02
4.360000000000000000e+02
4.320000000000000000e+02
4.600000000000000000e+02
4.120000000000000000e+02
4.200000000000000000e+02
4.320000000000000000e+02
4.240000000000000000e+02
4.200000000000000000e+02
4.200000000000000000e+02
5.520000000000000000e+02
5.940000000000000000e+02
5.386666666666666288e+02
5.480000000000000000e+02
5.560000000000000000e+02
5.440000000000000000e+02
5.520000000000000000e+02
5.480000000000000000e+02
5.400000000000000000e+02
5.400000000000000000e+02
5.440000000000000000e+02
5.400000000000000000e+02
5.400000000000000000e+02
4.880000000000000000e+02
4.880000000000000000e+02
5.640000000000000000e+02
5.560000000000000000e+02
4.920000000000000000e+02
4.930000000000000000e+02
5.490000000000000000e+02
5.480000000000000000e+02
5.640000000000000000e+02
5.200000000000000000e+02
5.320000000000000000e+02
5.426666666666666288e+02
7.493333333333333712e+02
7.480000000000000000e+02
5.620000000000000000e+02
5.613333333333333712e+02
5.440000000000000000e+02
5.640000000000000000e+02
5.120000000000000000e+02
4.280000000000000000e+02
4.306666666666666856e+02
4.893333333333333144e+02
5.893333333333333712e+02
5.560000000000000000e+02
4.840000000000000000e+02
4.880000000000000000e+02
5.480000000000000000e+02
5.760000000000000000e+02
5.640000000000000000e+02
5.560000000000000000e+02
5.560000000000000000e+02
5.520000000000000000e+02
5.480000000000000000e+02
5.450000000000000000e+02
5.240000000000000000e+02
5.520000000000000000e+02
7.480000000000000000e+02
5.466666666666666288e+02
5.280000000000000000e+02
5.680000000000000000e+02
5.600000000000000000e+02
4.173333333333333144e+02
5.546666666666666288e+02
5.640000000000000000e+02
5.680000000000000000e+02
5.680000000000000000e+02
5.640000000000000000e+02
5.660000000000000000e+02
5.640000000000000000e+02
5.720000000000000000e+02
5.660000000000000000e+02
5.350000000000000000e+02
5.360000000000000000e+02
5.360000000000000000e+02
5.220000000000000000e+02
5.253333333333333712e+02
5.200000000000000000e+02
5.120000000000000000e+02
6.000000000000000000e+02
5.750000000000000000e+02
5.760000000000000000e+02
