5.920000000000000000e+02
5.933333333333333712e+02
5.930000000000000000e+02
5.370000000000000000e+02
5.400000000000000000e+02
5.440000000000000000e+02
4.120000000000000000e+02
4.120000000000000000e+02
5.450000000000000000e+02
5.440000000000000000e+02
5.520000000000000000e+02
5.520000000000000000e+02
5.440000000000000000e+02
5.520000000000000000e+02
5.690000000000000000e+02
7.560000000000000000e+02
5.960000000000000000e+02
4.090000000000000000e+02
5.600000000000000000e+02
5.400000000000000000e+02
5.440000000000000000e+02
5.520000000000000000e+02
5.520000000000000000e+02
5.480000000000000000e+02
4.120000000000000000e+02
5.200000000000000000e+02
5.670000000000000000e+02
5.360000000000000000e+02
5.550000000000000000e+02
5.480000000000000000e+02
5.480000000000000000e+02
6.040000000000000000e+02
6.000000000000000000e+02
5.760000000000000000e+02
5.720000000000000000e+02
7.040000000000000000e+02
5.190000000000000000e+02
5.160000000000000000e+02
5.293333333333333712e+02
5.280000000000000000e+02
5.550000000000000000e+02
5.400000000000000000e+02
5.440000000000000000e+02
5.440000000000000000e+02
5.240000000000000000e+02
4.160000000000000000e+02
5.746666666666666288e+02
6.840000000000000000e+02
6.140000000000000000e+02
5.510000000000000000e+02
6.820000000000000000e+02
5.253333333333333712e+02
5.610000000000000000e+02
5.520000000000000000e+02
5.333333333333333712e+02
5.320000000000000000e+02
5.653333333333333712e+02
5.253333333333333712e+02
5.200000000000000000e+02
5.030000000000000000e+02
5.506666666666666288e+02
5.480000000000000000e+02
5.540000000000000000e+02
5.600000000000000000e+02
5.480000000000000000e+02
5.480000000000000000e+02
5.400000000000000000e+02
5.320000000000000000e+02
4.930000000000000000e+02
5.000000000000000000e+02
4.880000000000000000e+02
5.440000000000000000e+02
5.306666666666666288e+02
5.120000000000000000e+02
5.440000000000000000e+02
5.470000000000000000e+02
5.520000000000000000e+02
5.520000000000000000e+02
5.400000000000000000e+02
5.360000000000000000e+02
5.400000000000000000e+02
5.660000000000000000e+02
5.400000000000000000e+02
5.600000000000000000e+02
5.573333333333333712e+02
5.413333333333333712e+02
5.620000000000000000e+02
5.180000000000000000e+02
5.320000000000000000e+02
5.360000000000000000e+02
5.320000000000000000e+02
5.360000000000000000e+02
5.440000000000000000e+02
5.440000000000000000e+02
5.400000000000000000e+02
5.400000000000000000e+02
5.440000000000000000e+02
5.480000000000000000e+02
5.440000000000000000e+02
4.720000000000000000e+02
5.570000000000000000e+02
4.760000000000000000e+02
5.520000000000000000e+02
5.490000000000000000e+02
5.320000000000000000e+02
5.546666666666666288e+02
5.070000000000000000e+02
5.000000000000000000e+02
5.040000000000000000e+02
5.120000000000000000e+02
4.240000000000000000e+02
6.820000000000000000e+02
5.320000000000000000e+02
5.080000000000000000e+02
5.000000000000000000e+02
5.000000000000000000e+02
4.880000000000000000e+02
4.920000000000000000e+02
4.920000000000000000e+02
4.613333333333333144e+02
5.480000000000000000e+02
4.680000000000000000e+02
5.480000000000000000e+02
5.480000000000000000e+02
5.520000000000000000e+02
5.440000000000000000e+02
5.480000000000000000e+02
5.480000000000000000e+02
5.480000000000000000e+02
5.480000000000000000e+02
5.480000000000000000e+02
5.480000000000000000e+02
5.480000000000000000e+02
5.480000000000000000e+02
5.460000000000000000e+02
5.480000000000000000e+02
4.560000000000000000e+02
4.980000000000000000e+02
4.800000000000000000e+02
4.760000000000000000e+02
4.786666666666666856e+02
4.960000000000000000e+02
4.920000000000000000e+02
4.600000000000000000e+02
4.800000000000000000e+02
4.840000000000000000e+02
5.560000000000000000e+02
5.500000000000000000e+02
4.620000000000000000e+02
4.840000000000000000e+02
4.840000000000000000e+02
4.600000000000000000e+02
4.640000000000000000e+02
4.640000000000000000e+02
5.520000000000000000e+02
5.480000000000000000e+02
5.440000000000000000e+02
5.440000000000000000e+02
5.480000000000000000e+02
5.440000000000000000e+02
5.440000000000000000e+02
5.440000000000000000e+02
5.440000000000000000e+02
5.480000000000000000e+02
5.440000000000000000e+02
5.480000000000000000e+02
5.480000000000000000e+02
4.570000000000000000e+02
4.600000000000000000e+02
7.493333333333333712e+02
5.670000000000000000e+02
5.426666666666666288e+02
4.120000000000000000e+02
4.200000000000000000e+02
4.800000000000000000e+02
5.040000000000000000e+02
5.040000000000000000e+02
4.360000000000000000e+02
4.266666666666666856e+02
4.040000000000000000e+02
4.760000000000000000e+02
5.600000000000000000e+02
5.480000000000000000e+02
5.520000000000000000e+02
5.426666666666666288e+02
5.560000000000000000e+02
5.520000000000000000e+02
5.440000000000000000e+02
5.480000000000000000e+02
5.450000000000000000e+02
5.440000000000000000e+02
5.480000000000000000e+02
5.400000000000000000e+02
5.480000000000000000e+02
5.480000000000000000e+02
5.520000000000000000e+02
5.480000000000000000e+02
4.160000000000000000e+02
5.506666666666666288e+02
5.453333333333333712e+02
4.293333333333333144e+02
5.480000000000000000e+02
4.360000000000000000e+02
4.240000000000000000e+02
4.160000000000000000e+02
4.093333333333333144e+02
4.090000000000000000e+02
4.240000000000000000e+02
4.120000000000000000e+02
4.080000000000000000e+02
4.640000000000000000e+02
4.160000000000000000e+02
4.240000000000000000e+02
4.240000000000000000e+02
4.320000000000000000e+02
5.520000000000000000e+02
6.890000000000000000e+02
5.440000000000000000e+02
5.590000000000000000e+02
4.440000000000000000e+02
4.360000000000000000e+02
5.440000000000000000e+02
5.440000000000000000e+02
5.426666666666666288e+02
5.920000000000000000e+02
4.150000000000000000e+02
5.920000000000000000e+02
4.160000000000000000e+02
4.200000000000000000e+02
5.600000000000000000e+02
4.440000000000000000e+02
4.106666666666666856e+02
5.480000000000000000e+02
4.120000000000000000e+02
4.250000000000000000e+02
4.213333333333333144e+02
4.120000000000000000e+02
4.400000000000000000e+02
4.800000000000000000e+02
7.570000000000000000e+02
4.670000000000000000e+02
4.680000000000000000e+02
4.080000000000000000e+02
4.080000000000000000e+02
4.560000000000000000e+02
4.200000000000000000e+02
4.160000000000000000e+02
4.040000000000000000e+02
4.240000000000000000e+02
4.240000000000000000e+02
5.600000000000000000e+02
4.240000000000000000e+02
4.240000000000000000e+02
5.480000000000000000e+02
4.080000000000000000e+02
4.120000000000000000e+02
