5.560000000000000000e+02
5.520000000000000000e+02
4.280000000000000000e+02
4.200000000000000000e+02
4.200000000000000000e+02
4.360000000000000000e+02
4.250000000000000000e+02
5.510000000000000000e+02
4.210000000000000000e+02
5.460000000000000000e+02
5.470000000000000000e+02
4.400000000000000000e+02
5.480000000000000000e+02
5.450000000000000000e+02
4.960000000000000000e+02
7.480000000000000000e+02
4.410000000000000000e+02
4.300000000000000000e+02
4.890000000000000000e+02
4.450000000000000000e+02
4.440000000000000000e+02
5.520000000000000000e+02
5.400000000000000000e+02
4.280000000000000000e+02
4.200000000000000000e+02
4.080000000000000000e+02
4.400000000000000000e+02
4.560000000000000000e+02
4.200000000000000000e+02
4.200000000000000000e+02
4.200000000000000000e+02
4.200000000000000000e+02
5.640000000000000000e+02
5.480000000000000000e+02
5.480000000000000000e+02
4.200000000000000000e+02
4.200000000000000000e+02
4.320000000000000000e+02
4.400000000000000000e+02
4.426666666666666856e+02
4.160000000000000000e+02
4.120000000000000000e+02
4.120000000000000000e+02
4.120000000000000000e+02
4.520000000000000000e+02
7.506666666666666288e+02
7.260000000000000000e+02
7.510000000000000000e+02
4.110000000000000000e+02
4.760000000000000000e+02
6.960000000000000000e+02
4.093333333333333144e+02
4.160000000000000000e+02
4.240000000000000000e+02
4.240000000000000000e+02
4.120000000000000000e+02
4.560000000000000000e+02
4.520000000000000000e+02
4.440000000000000000e+02
4.360000000000000000e+02
4.320000000000000000e+02
4.320000000000000000e+02
5.480000000000000000e+02
5.520000000000000000e+02
5.440000000000000000e+02
5.480000000000000000e+02
5.440000000000000000e+02
4.306666666666666856e+02
4.480000000000000000e+02
4.040000000000000000e+02
4.400000000000000000e+02
4.520000000000000000e+02
4.640000000000000000e+02
4.110000000000000000e+02
4.120000000000000000e+02
4.120000000000000000e+02
4.080000000000000000e+02
4.680000000000000000e+02
4.120000000000000000e+02
4.120000000000000000e+02
4.160000000000000000e+02
4.200000000000000000e+02
4.760000000000000000e+02
4.040000000000000000e+02
4.120000000000000000e+02
4.160000000000000000e+02
4.160000000000000000e+02
4.280000000000000000e+02
4.440000000000000000e+02
4.360000000000000000e+02
4.280000000000000000e+02
5.520000000000000000e+02
5.600000000000000000e+02
5.480000000000000000e+02
5.480000000000000000e+02
5.520000000000000000e+02
5.440000000000000000e+02
5.440000000000000000e+02
5.480000000000000000e+02
5.480000000000000000e+02
5.520000000000000000e+02
5.520000000000000000e+02
4.400000000000000000e+02
4.380000000000000000e+02
5.480000000000000000e+02
4.150000000000000000e+02
4.730000000000000000e+02
4.080000000000000000e+02
4.080000000000000000e+02
4.800000000000000000e+02
4.120000000000000000e+02
4.040000000000000000e+02
4.120000000000000000e+02
4.120000000000000000e+02
4.200000000000000000e+02
4.160000000000000000e+02
4.040000000000000000e+02
4.640000000000000000e+02
4.640000000000000000e+02
5.520000000000000000e+02
5.520000000000000000e+02
4.700000000000000000e+02
5.480000000000000000e+02
5.520000000000000000e+02
5.450000000000000000e+02
5.440000000000000000e+02
5.480000000000000000e+02
5.480000000000000000e+02
5.480000000000000000e+02
5.480000000000000000e+02
5.480000000000000000e+02
5.480000000000000000e+02
5.520000000000000000e+02
5.480000000000000000e+02
5.480000000000000000e+02
5.440000000000000000e+02
5.480000000000000000e+02
4.560000000000000000e+02
4.680000000000000000e+02
4.120000000000000000e+02
4.160000000000000000e+02
4.160000000000000000e+02
4.160000000000000000e+02
4.200000000000000000e+02
5.180000000000000000e+02
4.160000000000000000e+02
4.160000000000000000e+02
4.160000000000000000e+02
4.160000000000000000e+02
4.870000000000000000e+02
4.810000000000000000e+02
4.990000000000000000e+02
5.560000000000000000e+02
5.520000000000000000e+02
5.480000000000000000e+02
5.440000000000000000e+02
5.480000000000000000e+02
5.440000000000000000e+02
5.440000000000000000e+02
5.480000000000000000e+02
5.440000000000000000e+02
5.440000000000000000e+02
5.440000000000000000e+02
5.480000000000000000e+02
5.480000000000000000e+02
5.480000000000000000e+02
5.480000000000000000e+02
5.440000000000000000e+02
5.493333333333333712e+02
5.480000000000000000e+02
5.546666666666666288e+02
4.200000000000000000e+02
4.346666666666666856e+02
4.333333333333333144e+02
4.320000000000000000e+02
4.620000000000000000e+02
4.200000000000000000e+02
4.200000000000000000e+02
4.320000000000000000e+02
4.280000000000000000e+02
4.200000000000000000e+02
4.160000000000000000e+02
5.560000000000000000e+02
5.973333333333333712e+02
5.386666666666666288e+02
5.480000000000000000e+02
5.560000000000000000e+02
5.440000000000000000e+02
5.520000000000000000e+02
5.480000000000000000e+02
5.400000000000000000e+02
5.400000000000000000e+02
5.440000000000000000e+02
5.400000000000000000e+02
5.400000000000000000e+02
5.440000000000000000e+02
4.920000000000000000e+02
5.640000000000000000e+02
5.480000000000000000e+02
5.000000000000000000e+02
5.560000000000000000e+02
5.520000000000000000e+02
7.140000000000000000e+02
5.666666666666666288e+02
5.240000000000000000e+02
5.320000000000000000e+02
5.430000000000000000e+02
7.510000000000000000e+02
5.820000000000000000e+02
5.640000000000000000e+02
5.586666666666666288e+02
5.400000000000000000e+02
5.640000000000000000e+02
5.640000000000000000e+02
4.250000000000000000e+02
5.450000000000000000e+02
4.920000000000000000e+02
5.910000000000000000e+02
5.520000000000000000e+02
5.600000000000000000e+02
4.840000000000000000e+02
5.440000000000000000e+02
5.680000000000000000e+02
5.640000000000000000e+02
5.560000000000000000e+02
5.560000000000000000e+02
5.480000000000000000e+02
5.480000000000000000e+02
6.690000000000000000e+02
5.160000000000000000e+02
5.500000000000000000e+02
7.480000000000000000e+02
5.466666666666666288e+02
5.200000000000000000e+02
5.720000000000000000e+02
5.650000000000000000e+02
5.413333333333333712e+02
4.230000000000000000e+02
5.640000000000000000e+02
5.640000000000000000e+02
5.720000000000000000e+02
5.640000000000000000e+02
5.653333333333333712e+02
5.640000000000000000e+02
5.720000000000000000e+02
5.660000000000000000e+02
5.280000000000000000e+02
5.360000000000000000e+02
5.320000000000000000e+02
5.220000000000000000e+02
5.120000000000000000e+02
5.920000000000000000e+02
5.120000000000000000e+02
6.000000000000000000e+02
5.600000000000000000e+02
5.760000000000000000e+02
