4.160000000000000000e+02
4.080000000000000000e+02
4.120000000000000000e+02
4.080000000000000000e+02
4.860000000000000000e+02
4.120000000000000000e+02
4.120000000000000000e+02
4.186666666666666856e+02
5.106666666666666856e+02
5.080000000000000000e+02
4.080000000000000000e+02
4.520000000000000000e+02
4.080000000000000000e+02
4.320000000000000000e+02
4.120000000000000000e+02
4.080000000000000000e+02
4.050000000000000000e+02
4.080000000000000000e+02
4.160000000000000000e+02
4.120000000000000000e+02
4.020000000000000000e+02
4.030000000000000000e+02
4.080000000000000000e+02
5.030000000000000000e+02
4.160000000000000000e+02
4.160000000000000000e+02
4.160000000000000000e+02
4.080000000000000000e+02
4.080000000000000000e+02
4.600000000000000000e+02
4.160000000000000000e+02
5.360000000000000000e+02
4.320000000000000000e+02
4.340000000000000000e+02
4.506666666666666856e+02
4.080000000000000000e+02
4.080000000000000000e+02
4.000000000000000000e+02
4.160000000000000000e+02
4.150000000000000000e+02
4.960000000000000000e+02
4.200000000000000000e+02
5.000000000000000000e+02
4.000000000000000000e+02
4.013333333333333144e+02
4.120000000000000000e+02
4.000000000000000000e+02
4.040000000000000000e+02
4.000000000000000000e+02
3.960000000000000000e+02
4.120000000000000000e+02
4.080000000000000000e+02
4.120000000000000000e+02
4.080000000000000000e+02
4.933333333333333144e+02
4.080000000000000000e+02
4.213333333333333144e+02
4.120000000000000000e+02
4.080000000000000000e+02
4.080000000000000000e+02
4.320000000000000000e+02
4.480000000000000000e+02
4.373333333333333144e+02
4.800000000000000000e+02
4.560000000000000000e+02
4.760000000000000000e+02
4.160000000000000000e+02
4.060000000000000000e+02
4.040000000000000000e+02
4.120000000000000000e+02
4.160000000000000000e+02
4.080000000000000000e+02
4.080000000000000000e+02
3.960000000000000000e+02
4.040000000000000000e+02
4.200000000000000000e+02
4.080000000000000000e+02
4.160000000000000000e+02
4.520000000000000000e+02
3.960000000000000000e+02
4.280000000000000000e+02
4.266666666666666856e+02
4.160000000000000000e+02
4.050000000000000000e+02
4.120000000000000000e+02
4.000000000000000000e+02
4.040000000000000000e+02
4.160000000000000000e+02
4.080000000000000000e+02
4.120000000000000000e+02
4.080000000000000000e+02
4.560000000000000000e+02
4.000000000000000000e+02
4.080000000000000000e+02
4.070000000000000000e+02
4.480000000000000000e+02
5.040000000000000000e+02
5.070000000000000000e+02
4.040000000000000000e+02
4.000000000000000000e+02
3.960000000000000000e+02
4.040000000000000000e+02
4.040000000000000000e+02
4.040000000000000000e+02
4.080000000000000000e+02
4.080000000000000000e+02
3.960000000000000000e+02
4.120000000000000000e+02
4.160000000000000000e+02
4.050000000000000000e+02
4.040000000000000000e+02
4.640000000000000000e+02
4.600000000000000000e+02
4.080000000000000000e+02
3.920000000000000000e+02
4.160000000000000000e+02
4.160000000000000000e+02
4.040000000000000000e+02
4.080000000000000000e+02
4.080000000000000000e+02
4.080000000000000000e+02
4.080000000000000000e+02
4.040000000000000000e+02
4.040000000000000000e+02
4.010000000000000000e+02
4.040000000000000000e+02
4.040000000000000000e+02
5.040000000000000000e+02
5.120000000000000000e+02
4.080000000000000000e+02
4.040000000000000000e+02
4.000000000000000000e+02
4.000000000000000000e+02
4.010000000000000000e+02
4.120000000000000000e+02
4.120000000000000000e+02
4.080000000000000000e+02
4.000000000000000000e+02
3.960000000000000000e+02
4.026666666666666856e+02
4.120000000000000000e+02
4.170000000000000000e+02
4.370000000000000000e+02
4.280000000000000000e+02
4.880000000000000000e+02
4.706666666666666856e+02
4.106666666666666856e+02
4.160000000000000000e+02
4.080000000000000000e+02
4.120000000000000000e+02
5.000000000000000000e+02
4.090000000000000000e+02
4.080000000000000000e+02
4.000000000000000000e+02
4.040000000000000000e+02
4.040000000000000000e+02
4.040000000000000000e+02
4.040000000000000000e+02
4.440000000000000000e+02
4.320000000000000000e+02
4.420000000000000000e+02
4.480000000000000000e+02
4.000000000000000000e+02
4.080000000000000000e+02
4.080000000000000000e+02
4.040000000000000000e+02
4.040000000000000000e+02
4.120000000000000000e+02
4.040000000000000000e+02
4.080000000000000000e+02
4.080000000000000000e+02
4.120000000000000000e+02
4.200000000000000000e+02
4.200000000000000000e+02
4.720000000000000000e+02
4.200000000000000000e+02
4.640000000000000000e+02
4.080000000000000000e+02
4.280000000000000000e+02
4.253333333333333144e+02
4.160000000000000000e+02
4.120000000000000000e+02
4.080000000000000000e+02
4.080000000000000000e+02
4.000000000000000000e+02
4.080000000000000000e+02
4.040000000000000000e+02
4.080000000000000000e+02
4.080000000000000000e+02
4.080000000000000000e+02
4.560000000000000000e+02
5.120000000000000000e+02
5.040000000000000000e+02
4.560000000000000000e+02
4.080000000000000000e+02
4.040000000000000000e+02
4.080000000000000000e+02
4.040000000000000000e+02
4.080000000000000000e+02
4.040000000000000000e+02
4.040000000000000000e+02
4.080000000000000000e+02
4.080000000000000000e+02
4.120000000000000000e+02
4.160000000000000000e+02
4.280000000000000000e+02
4.010000000000000000e+02
4.150000000000000000e+02
4.440000000000000000e+02
3.960000000000000000e+02
4.080000000000000000e+02
4.080000000000000000e+02
4.120000000000000000e+02
5.200000000000000000e+02
5.040000000000000000e+02
4.040000000000000000e+02
4.040000000000000000e+02
4.040000000000000000e+02
4.080000000000000000e+02
4.000000000000000000e+02
4.040000000000000000e+02
4.040000000000000000e+02
4.960000000000000000e+02
5.000000000000000000e+02
5.040000000000000000e+02
5.026666666666666856e+02
4.040000000000000000e+02
4.000000000000000000e+02
4.000000000000000000e+02
4.040000000000000000e+02
4.080000000000000000e+02
4.080000000000000000e+02
4.080000000000000000e+02
4.040000000000000000e+02
4.120000000000000000e+02
4.080000000000000000e+02
4.080000000000000000e+02
4.080000000000000000e+02
4.520000000000000000e+02
4.400000000000000000e+02
4.090000000000000000e+02
4.040000000000000000e+02
4.000000000000000000e+02
4.120000000000000000e+02
4.120000000000000000e+02
4.120000000000000000e+02
4.080000000000000000e+02
4.120000000000000000e+02
4.120000000000000000e+02
4.120000000000000000e+02
4.080000000000000000e+02
4.040000000000000000e+02
4.040000000000000000e+02
4.040000000000000000e+02
4.000000000000000000e+02
4.880000000000000000e+02
