5.600000000000000000e+02
5.520000000000000000e+02
4.280000000000000000e+02
4.213333333333333144e+02
4.200000000000000000e+02
4.360000000000000000e+02
4.240000000000000000e+02
5.520000000000000000e+02
4.210000000000000000e+02
5.480000000000000000e+02
5.470000000000000000e+02
4.400000000000000000e+02
4.440000000000000000e+02
5.440000000000000000e+02
7.460000000000000000e+02
6.860000000000000000e+02
5.000000000000000000e+02
4.260000000000000000e+02
5.480000000000000000e+02
4.480000000000000000e+02
5.440000000000000000e+02
5.520000000000000000e+02
4.533333333333333144e+02
4.240000000000000000e+02
4.240000000000000000e+02
4.080000000000000000e+02
4.400000000000000000e+02
4.560000000000000000e+02
4.160000000000000000e+02
4.200000000000000000e+02
4.200000000000000000e+02
4.200000000000000000e+02
5.640000000000000000e+02
5.520000000000000000e+02
5.480000000000000000e+02
4.200000000000000000e+02
4.200000000000000000e+02
4.320000000000000000e+02
4.490000000000000000e+02
4.320000000000000000e+02
4.160000000000000000e+02
4.080000000000000000e+02
4.093333333333333144e+02
5.540000000000000000e+02
4.560000000000000000e+02
6.900000000000000000e+02
6.900000000000000000e+02
4.670000000000000000e+02
4.120000000000000000e+02
4.760000000000000000e+02
6.960000000000000000e+02
4.080000000000000000e+02
4.160000000000000000e+02
4.240000000000000000e+02
4.200000000000000000e+02
4.120000000000000000e+02
4.560000000000000000e+02
4.520000000000000000e+02
4.440000000000000000e+02
4.410000000000000000e+02
4.280000000000000000e+02
4.320000000000000000e+02
5.480000000000000000e+02
5.520000000000000000e+02
5.440000000000000000e+02
5.440000000000000000e+02
5.440000000000000000e+02
4.320000000000000000e+02
4.480000000000000000e+02
4.300000000000000000e+02
4.440000000000000000e+02
4.560000000000000000e+02
4.590000000000000000e+02
4.160000000000000000e+02
4.120000000000000000e+02
4.120000000000000000e+02
4.040000000000000000e+02
4.680000000000000000e+02
4.080000000000000000e+02
4.120000000000000000e+02
4.160000000000000000e+02
4.160000000000000000e+02
4.760000000000000000e+02
4.050000000000000000e+02
4.150000000000000000e+02
4.160000000000000000e+02
4.120000000000000000e+02
4.280000000000000000e+02
4.480000000000000000e+02
4.360000000000000000e+02
4.280000000000000000e+02
4.266666666666666856e+02
5.600000000000000000e+02
5.480000000000000000e+02
5.480000000000000000e+02
5.490000000000000000e+02
5.480000000000000000e+02
5.480000000000000000e+02
5.480000000000000000e+02
5.520000000000000000e+02
5.520000000000000000e+02
5.520000000000000000e+02
4.400000000000000000e+02
5.480000000000000000e+02
4.173333333333333144e+02
4.120000000000000000e+02
4.730000000000000000e+02
4.080000000000000000e+02
4.080000000000000000e+02
4.800000000000000000e+02
4.160000000000000000e+02
4.050000000000000000e+02
4.160000000000000000e+02
4.120000000000000000e+02
4.200000000000000000e+02
4.160000000000000000e+02
4.040000000000000000e+02
4.670000000000000000e+02
4.640000000000000000e+02
5.480000000000000000e+02
5.520000000000000000e+02
5.560000000000000000e+02
5.500000000000000000e+02
5.520000000000000000e+02
5.400000000000000000e+02
5.480000000000000000e+02
5.480000000000000000e+02
5.440000000000000000e+02
5.480000000000000000e+02
5.480000000000000000e+02
5.440000000000000000e+02
5.470000000000000000e+02
5.520000000000000000e+02
5.520000000000000000e+02
5.560000000000000000e+02
5.466666666666666288e+02
5.480000000000000000e+02
4.560000000000000000e+02
4.680000000000000000e+02
4.160000000000000000e+02
4.160000000000000000e+02
4.160000000000000000e+02
4.160000000000000000e+02
4.200000000000000000e+02
5.160000000000000000e+02
4.160000000000000000e+02
4.160000000000000000e+02
4.160000000000000000e+02
4.120000000000000000e+02
4.800000000000000000e+02
4.810000000000000000e+02
4.986666666666666856e+02
5.560000000000000000e+02
5.520000000000000000e+02
5.480000000000000000e+02
5.440000000000000000e+02
5.520000000000000000e+02
5.440000000000000000e+02
5.440000000000000000e+02
5.440000000000000000e+02
5.480000000000000000e+02
5.440000000000000000e+02
5.480000000000000000e+02
5.480000000000000000e+02
5.480000000000000000e+02
5.480000000000000000e+02
5.520000000000000000e+02
5.440000000000000000e+02
4.800000000000000000e+02
5.480000000000000000e+02
5.560000000000000000e+02
4.880000000000000000e+02
4.320000000000000000e+02
4.360000000000000000e+02
4.360000000000000000e+02
4.460000000000000000e+02
4.120000000000000000e+02
4.200000000000000000e+02
4.306666666666666856e+02
4.240000000000000000e+02
4.200000000000000000e+02
4.160000000000000000e+02
5.520000000000000000e+02
5.973333333333333712e+02
5.440000000000000000e+02
5.480000000000000000e+02
5.540000000000000000e+02
5.460000000000000000e+02
5.520000000000000000e+02
5.480000000000000000e+02
5.400000000000000000e+02
5.400000000000000000e+02
5.400000000000000000e+02
5.400000000000000000e+02
5.400000000000000000e+02
4.880000000000000000e+02
4.880000000000000000e+02
5.640000000000000000e+02
5.560000000000000000e+02
5.480000000000000000e+02
5.560000000000000000e+02
5.490000000000000000e+02
7.150000000000000000e+02
5.600000000000000000e+02
5.240000000000000000e+02
5.320000000000000000e+02
5.480000000000000000e+02
7.493333333333333712e+02
5.600000000000000000e+02
7.530000000000000000e+02
5.586666666666666288e+02
5.440000000000000000e+02
5.460000000000000000e+02
5.660000000000000000e+02
4.280000000000000000e+02
5.590000000000000000e+02
5.440000000000000000e+02
5.340000000000000000e+02
5.520000000000000000e+02
4.800000000000000000e+02
4.880000000000000000e+02
5.440000000000000000e+02
5.720000000000000000e+02
5.640000000000000000e+02
5.520000000000000000e+02
5.560000000000000000e+02
5.480000000000000000e+02
5.550000000000000000e+02
6.690000000000000000e+02
5.240000000000000000e+02
5.590000000000000000e+02
5.360000000000000000e+02
5.510000000000000000e+02
5.293333333333333712e+02
5.680000000000000000e+02
5.650000000000000000e+02
5.373333333333333712e+02
5.546666666666666288e+02
5.640000000000000000e+02
5.640000000000000000e+02
5.720000000000000000e+02
5.650000000000000000e+02
5.660000000000000000e+02
5.640000000000000000e+02
5.600000000000000000e+02
5.600000000000000000e+02
5.386666666666666288e+02
5.360000000000000000e+02
5.360000000000000000e+02
5.266666666666666288e+02
5.580000000000000000e+02
5.890000000000000000e+02
5.120000000000000000e+02
5.980000000000000000e+02
5.600000000000000000e+02
5.733333333333333712e+02
