5.500000000000000000e+02
5.520000000000000000e+02
4.240000000000000000e+02
4.200000000000000000e+02
4.240000000000000000e+02
4.360000000000000000e+02
4.240000000000000000e+02
5.480000000000000000e+02
4.240000000000000000e+02
5.440000000000000000e+02
4.280000000000000000e+02
4.306666666666666856e+02
4.520000000000000000e+02
5.453333333333333712e+02
4.746666666666666856e+02
7.430000000000000000e+02
6.870000000000000000e+02
4.240000000000000000e+02
5.480000000000000000e+02
4.470000000000000000e+02
5.410000000000000000e+02
4.390000000000000000e+02
5.400000000000000000e+02
4.240000000000000000e+02
4.200000000000000000e+02
4.080000000000000000e+02
4.360000000000000000e+02
4.560000000000000000e+02
4.160000000000000000e+02
4.200000000000000000e+02
4.200000000000000000e+02
4.200000000000000000e+02
5.640000000000000000e+02
5.480000000000000000e+02
4.240000000000000000e+02
4.200000000000000000e+02
4.240000000000000000e+02
4.320000000000000000e+02
4.400000000000000000e+02
4.360000000000000000e+02
4.160000000000000000e+02
4.080000000000000000e+02
4.093333333333333144e+02
4.100000000000000000e+02
4.520000000000000000e+02
7.450000000000000000e+02
7.260000000000000000e+02
7.506666666666666288e+02
4.706666666666666856e+02
4.760000000000000000e+02
5.440000000000000000e+02
4.093333333333333144e+02
4.160000000000000000e+02
4.240000000000000000e+02
4.240000000000000000e+02
4.190000000000000000e+02
4.520000000000000000e+02
4.520000000000000000e+02
4.440000000000000000e+02
4.360000000000000000e+02
4.280000000000000000e+02
4.320000000000000000e+02
5.480000000000000000e+02
5.520000000000000000e+02
5.440000000000000000e+02
5.480000000000000000e+02
5.440000000000000000e+02
4.306666666666666856e+02
4.480000000000000000e+02
4.080000000000000000e+02
4.400000000000000000e+02
4.520000000000000000e+02
4.680000000000000000e+02
4.160000000000000000e+02
4.120000000000000000e+02
4.080000000000000000e+02
4.040000000000000000e+02
4.680000000000000000e+02
4.120000000000000000e+02
4.120000000000000000e+02
4.160000000000000000e+02
4.160000000000000000e+02
4.800000000000000000e+02
4.040000000000000000e+02
4.080000000000000000e+02
4.160000000000000000e+02
4.120000000000000000e+02
4.240000000000000000e+02
4.440000000000000000e+02
4.410000000000000000e+02
4.280000000000000000e+02
5.520000000000000000e+02
5.520000000000000000e+02
5.480000000000000000e+02
5.440000000000000000e+02
5.520000000000000000e+02
5.440000000000000000e+02
5.440000000000000000e+02
5.440000000000000000e+02
5.520000000000000000e+02
5.520000000000000000e+02
5.520000000000000000e+02
4.400000000000000000e+02
5.480000000000000000e+02
4.160000000000000000e+02
4.160000000000000000e+02
4.720000000000000000e+02
4.040000000000000000e+02
4.080000000000000000e+02
4.800000000000000000e+02
4.120000000000000000e+02
4.050000000000000000e+02
4.200000000000000000e+02
4.120000000000000000e+02
4.200000000000000000e+02
4.160000000000000000e+02
4.040000000000000000e+02
4.640000000000000000e+02
4.640000000000000000e+02
5.520000000000000000e+02
5.520000000000000000e+02
4.700000000000000000e+02
5.480000000000000000e+02
5.520000000000000000e+02
5.450000000000000000e+02
5.480000000000000000e+02
5.480000000000000000e+02
5.440000000000000000e+02
5.480000000000000000e+02
5.480000000000000000e+02
5.480000000000000000e+02
5.440000000000000000e+02
5.480000000000000000e+02
5.480000000000000000e+02
5.520000000000000000e+02
5.440000000000000000e+02
5.480000000000000000e+02
4.560000000000000000e+02
4.720000000000000000e+02
4.106666666666666856e+02
4.200000000000000000e+02
4.200000000000000000e+02
4.200000000000000000e+02
4.160000000000000000e+02
4.200000000000000000e+02
4.160000000000000000e+02
4.160000000000000000e+02
4.160000000000000000e+02
4.160000000000000000e+02
4.840000000000000000e+02
4.810000000000000000e+02
4.986666666666666856e+02
5.490000000000000000e+02
5.520000000000000000e+02
5.480000000000000000e+02
5.480000000000000000e+02
5.520000000000000000e+02
5.440000000000000000e+02
5.440000000000000000e+02
5.480000000000000000e+02
5.480000000000000000e+02
5.440000000000000000e+02
5.480000000000000000e+02
5.480000000000000000e+02
5.480000000000000000e+02
5.480000000000000000e+02
5.480000000000000000e+02
5.440000000000000000e+02
5.493333333333333712e+02
5.440000000000000000e+02
5.560000000000000000e+02
4.880000000000000000e+02
4.320000000000000000e+02
4.360000000000000000e+02
4.320000000000000000e+02
4.460000000000000000e+02
4.160000000000000000e+02
4.200000000000000000e+02
4.280000000000000000e+02
4.280000000000000000e+02
4.200000000000000000e+02
4.200000000000000000e+02
5.560000000000000000e+02
5.580000000000000000e+02
5.410000000000000000e+02
5.480000000000000000e+02
5.560000000000000000e+02
5.466666666666666288e+02
5.520000000000000000e+02
5.480000000000000000e+02
5.400000000000000000e+02
5.400000000000000000e+02
5.440000000000000000e+02
5.400000000000000000e+02
5.400000000000000000e+02
4.880000000000000000e+02
4.880000000000000000e+02
5.600000000000000000e+02
5.480000000000000000e+02
4.920000000000000000e+02
5.560000000000000000e+02
5.490000000000000000e+02
7.533333333333333712e+02
5.570000000000000000e+02
5.200000000000000000e+02
5.320000000000000000e+02
5.410000000000000000e+02
7.493333333333333712e+02
5.820000000000000000e+02
7.530000000000000000e+02
5.026666666666666856e+02
5.440000000000000000e+02
5.640000000000000000e+02
5.660000000000000000e+02
4.280000000000000000e+02
5.480000000000000000e+02
4.920000000000000000e+02
5.340000000000000000e+02
5.560000000000000000e+02
4.800000000000000000e+02
4.880000000000000000e+02
5.440000000000000000e+02
5.720000000000000000e+02
5.680000000000000000e+02
5.620000000000000000e+02
5.440000000000000000e+02
5.480000000000000000e+02
5.480000000000000000e+02
6.733333333333333712e+02
5.160000000000000000e+02
5.490000000000000000e+02
5.370000000000000000e+02
5.466666666666666288e+02
5.293333333333333712e+02
5.760000000000000000e+02
5.650000000000000000e+02
5.413333333333333712e+02
4.230000000000000000e+02
5.586666666666666288e+02
5.680000000000000000e+02
5.680000000000000000e+02
5.640000000000000000e+02
7.480000000000000000e+02
5.640000000000000000e+02
5.720000000000000000e+02
5.613333333333333712e+02
5.320000000000000000e+02
5.373333333333333712e+02
5.400000000000000000e+02
5.280000000000000000e+02
7.453333333333333712e+02
5.910000000000000000e+02
5.120000000000000000e+02
5.980000000000000000e+02
5.690000000000000000e+02
5.640000000000000000e+02
