4.266666666666666856e+02
4.440000000000000000e+02
4.620000000000000000e+02
4.693333333333333144e+02
4.760000000000000000e+02
4.840000000000000000e+02
5.120000000000000000e+02
5.000000000000000000e+02
5.000000000000000000e+02
4.400000000000000000e+02
4.470000000000000000e+02
4.640000000000000000e+02
4.080000000000000000e+02
4.160000000000000000e+02
4.200000000000000000e+02
4.160000000000000000e+02
4.120000000000000000e+02
4.200000000000000000e+02
4.240000000000000000e+02
4.080000000000000000e+02
4.000000000000000000e+02
4.480000000000000000e+02
4.480000000000000000e+02
5.160000000000000000e+02
4.990000000000000000e+02
5.080000000000000000e+02
4.800000000000000000e+02
4.680000000000000000e+02
4.720000000000000000e+02
4.640000000000000000e+02
4.600000000000000000e+02
4.170000000000000000e+02
4.720000000000000000e+02
4.640000000000000000e+02
4.560000000000000000e+02
4.720000000000000000e+02
4.700000000000000000e+02
4.600000000000000000e+02
4.930000000000000000e+02
4.770000000000000000e+02
5.190000000000000000e+02
4.520000000000000000e+02
4.530000000000000000e+02
4.000000000000000000e+02
5.973333333333333712e+02
6.000000000000000000e+02
4.200000000000000000e+02
4.120000000000000000e+02
4.160000000000000000e+02
4.200000000000000000e+02
5.920000000000000000e+02
5.960000000000000000e+02
4.040000000000000000e+02
4.510000000000000000e+02
5.060000000000000000e+02
5.160000000000000000e+02
5.160000000000000000e+02
5.026666666666666856e+02
4.560000000000000000e+02
4.906666666666666856e+02
4.880000000000000000e+02
4.600000000000000000e+02
4.600000000000000000e+02
4.520000000000000000e+02
4.600000000000000000e+02
4.640000000000000000e+02
4.880000000000000000e+02
4.586666666666666856e+02
4.786666666666666856e+02
4.360000000000000000e+02
5.040000000000000000e+02
5.180000000000000000e+02
5.160000000000000000e+02
5.240000000000000000e+02
4.320000000000000000e+02
4.200000000000000000e+02
4.160000000000000000e+02
5.960000000000000000e+02
4.200000000000000000e+02
4.160000000000000000e+02
4.120000000000000000e+02
4.173333333333333144e+02
4.240000000000000000e+02
6.060000000000000000e+02
5.720000000000000000e+02
5.480000000000000000e+02
5.400000000000000000e+02
4.670000000000000000e+02
5.110000000000000000e+02
5.020000000000000000e+02
4.640000000000000000e+02
4.930000000000000000e+02
4.480000000000000000e+02
4.520000000000000000e+02
4.600000000000000000e+02
4.560000000000000000e+02
4.490000000000000000e+02
4.480000000000000000e+02
4.480000000000000000e+02
4.506666666666666856e+02
4.630000000000000000e+02
4.640000000000000000e+02
4.560000000000000000e+02
5.100000000000000000e+02
6.860000000000000000e+02
5.280000000000000000e+02
5.320000000000000000e+02
4.490000000000000000e+02
5.920000000000000000e+02
5.970000000000000000e+02
6.110000000000000000e+02
4.160000000000000000e+02
4.160000000000000000e+02
6.120000000000000000e+02
6.040000000000000000e+02
5.920000000000000000e+02
5.630000000000000000e+02
5.400000000000000000e+02
5.360000000000000000e+02
5.360000000000000000e+02
4.620000000000000000e+02
4.640000000000000000e+02
4.800000000000000000e+02
4.600000000000000000e+02
4.560000000000000000e+02
4.560000000000000000e+02
4.480000000000000000e+02
4.560000000000000000e+02
4.480000000000000000e+02
4.520000000000000000e+02
4.480000000000000000e+02
4.640000000000000000e+02
4.520000000000000000e+02
4.600000000000000000e+02
4.720000000000000000e+02
4.680000000000000000e+02
7.493333333333333712e+02
5.320000000000000000e+02
5.330000000000000000e+02
5.520000000000000000e+02
5.800000000000000000e+02
6.080000000000000000e+02
6.080000000000000000e+02
6.080000000000000000e+02
6.040000000000000000e+02
6.080000000000000000e+02
6.120000000000000000e+02
5.960000000000000000e+02
6.013333333333333712e+02
5.320000000000000000e+02
5.320000000000000000e+02
5.240000000000000000e+02
5.000000000000000000e+02
4.720000000000000000e+02
4.480000000000000000e+02
4.560000000000000000e+02
4.560000000000000000e+02
4.530000000000000000e+02
4.560000000000000000e+02
4.520000000000000000e+02
4.520000000000000000e+02
4.520000000000000000e+02
4.520000000000000000e+02
4.560000000000000000e+02
4.560000000000000000e+02
4.600000000000000000e+02
4.560000000000000000e+02
4.600000000000000000e+02
5.160000000000000000e+02
5.260000000000000000e+02
5.400000000000000000e+02
5.440000000000000000e+02
6.040000000000000000e+02
6.040000000000000000e+02
6.000000000000000000e+02
5.930000000000000000e+02
5.840000000000000000e+02
5.880000000000000000e+02
6.100000000000000000e+02
6.040000000000000000e+02
6.030000000000000000e+02
5.480000000000000000e+02
5.320000000000000000e+02
5.200000000000000000e+02
4.820000000000000000e+02
4.560000000000000000e+02
4.560000000000000000e+02
4.560000000000000000e+02
4.520000000000000000e+02
4.520000000000000000e+02
4.560000000000000000e+02
4.520000000000000000e+02
4.520000000000000000e+02
4.520000000000000000e+02
4.560000000000000000e+02
4.520000000000000000e+02
4.510000000000000000e+02
5.080000000000000000e+02
4.420000000000000000e+02
4.973333333333333144e+02
5.200000000000000000e+02
5.280000000000000000e+02
5.360000000000000000e+02
5.740000000000000000e+02
5.960000000000000000e+02
6.000000000000000000e+02
6.000000000000000000e+02
4.280000000000000000e+02
4.120000000000000000e+02
6.080000000000000000e+02
6.000000000000000000e+02
5.920000000000000000e+02
5.480000000000000000e+02
5.480000000000000000e+02
7.533333333333333712e+02
4.610000000000000000e+02
5.420000000000000000e+02
4.540000000000000000e+02
4.620000000000000000e+02
4.906666666666666856e+02
4.600000000000000000e+02
4.520000000000000000e+02
4.520000000000000000e+02
4.520000000000000000e+02
4.520000000000000000e+02
4.560000000000000000e+02
4.600000000000000000e+02
4.560000000000000000e+02
4.800000000000000000e+02
4.530000000000000000e+02
4.440000000000000000e+02
4.920000000000000000e+02
4.960000000000000000e+02
5.400000000000000000e+02
5.440000000000000000e+02
5.453333333333333712e+02
5.680000000000000000e+02
4.110000000000000000e+02
6.053333333333333712e+02
4.120000000000000000e+02
4.106666666666666856e+02
4.120000000000000000e+02
5.680000000000000000e+02
5.720000000000000000e+02
4.030000000000000000e+02
5.413333333333333712e+02
5.400000000000000000e+02
5.280000000000000000e+02
4.760000000000000000e+02
4.880000000000000000e+02
4.800000000000000000e+02
4.640000000000000000e+02
4.520000000000000000e+02
4.560000000000000000e+02
4.600000000000000000e+02
4.560000000000000000e+02
