5.960000000000000000e+02
5.960000000000000000e+02
5.960000000000000000e+02
5.400000000000000000e+02
5.400000000000000000e+02
5.480000000000000000e+02
4.120000000000000000e+02
4.120000000000000000e+02
5.440000000000000000e+02
5.440000000000000000e+02
5.530000000000000000e+02
5.560000000000000000e+02
5.440000000000000000e+02
5.620000000000000000e+02
5.826666666666666288e+02
7.533333333333333712e+02
7.520000000000000000e+02
5.853333333333333712e+02
5.560000000000000000e+02
5.400000000000000000e+02
5.520000000000000000e+02
5.520000000000000000e+02
5.440000000000000000e+02
5.480000000000000000e+02
5.520000000000000000e+02
5.160000000000000000e+02
5.670000000000000000e+02
5.370000000000000000e+02
5.613333333333333712e+02
5.480000000000000000e+02
5.440000000000000000e+02
6.040000000000000000e+02
6.000000000000000000e+02
5.880000000000000000e+02
5.720000000000000000e+02
5.330000000000000000e+02
5.200000000000000000e+02
5.160000000000000000e+02
5.293333333333333712e+02
5.260000000000000000e+02
5.546666666666666288e+02
5.450000000000000000e+02
5.440000000000000000e+02
5.440000000000000000e+02
5.240000000000000000e+02
5.280000000000000000e+02
5.770000000000000000e+02
6.840000000000000000e+02
6.140000000000000000e+02
5.600000000000000000e+02
7.546666666666666288e+02
5.360000000000000000e+02
5.600000000000000000e+02
5.520000000000000000e+02
5.360000000000000000e+02
5.280000000000000000e+02
5.653333333333333712e+02
5.253333333333333712e+02
5.080000000000000000e+02
5.040000000000000000e+02
5.520000000000000000e+02
5.480000000000000000e+02
5.773333333333333712e+02
5.590000000000000000e+02
5.480000000000000000e+02
5.480000000000000000e+02
5.400000000000000000e+02
5.320000000000000000e+02
4.920000000000000000e+02
5.040000000000000000e+02
4.893333333333333144e+02
5.440000000000000000e+02
5.213333333333333712e+02
5.120000000000000000e+02
5.440000000000000000e+02
5.480000000000000000e+02
5.520000000000000000e+02
5.520000000000000000e+02
5.400000000000000000e+02
5.360000000000000000e+02
5.400000000000000000e+02
5.280000000000000000e+02
5.400000000000000000e+02
5.560000000000000000e+02
5.560000000000000000e+02
5.360000000000000000e+02
5.620000000000000000e+02
5.180000000000000000e+02
5.320000000000000000e+02
5.360000000000000000e+02
5.320000000000000000e+02
5.400000000000000000e+02
5.440000000000000000e+02
5.440000000000000000e+02
5.360000000000000000e+02
5.440000000000000000e+02
5.440000000000000000e+02
5.480000000000000000e+02
5.440000000000000000e+02
4.720000000000000000e+02
5.520000000000000000e+02
4.700000000000000000e+02
5.520000000000000000e+02
5.440000000000000000e+02
5.430000000000000000e+02
5.546666666666666288e+02
5.226666666666666288e+02
5.040000000000000000e+02
5.010000000000000000e+02
4.200000000000000000e+02
4.240000000000000000e+02
4.213333333333333144e+02
5.226666666666666288e+02
5.240000000000000000e+02
5.000000000000000000e+02
5.040000000000000000e+02
4.920000000000000000e+02
4.920000000000000000e+02
4.960000000000000000e+02
4.600000000000000000e+02
5.480000000000000000e+02
4.640000000000000000e+02
5.480000000000000000e+02
5.480000000000000000e+02
5.480000000000000000e+02
5.400000000000000000e+02
5.480000000000000000e+02
5.480000000000000000e+02
5.480000000000000000e+02
5.480000000000000000e+02
5.480000000000000000e+02
5.440000000000000000e+02
5.440000000000000000e+02
5.480000000000000000e+02
4.600000000000000000e+02
5.480000000000000000e+02
4.560000000000000000e+02
4.626666666666666856e+02
4.800000000000000000e+02
4.760000000000000000e+02
4.980000000000000000e+02
4.960000000000000000e+02
4.840000000000000000e+02
4.560000000000000000e+02
4.800000000000000000e+02
4.800000000000000000e+02
4.800000000000000000e+02
5.480000000000000000e+02
4.680000000000000000e+02
4.840000000000000000e+02
4.680000000000000000e+02
4.600000000000000000e+02
4.610000000000000000e+02
4.640000000000000000e+02
5.500000000000000000e+02
5.480000000000000000e+02
5.440000000000000000e+02
5.480000000000000000e+02
5.520000000000000000e+02
5.440000000000000000e+02
5.440000000000000000e+02
5.440000000000000000e+02
5.440000000000000000e+02
5.480000000000000000e+02
5.400000000000000000e+02
5.440000000000000000e+02
5.480000000000000000e+02
4.600000000000000000e+02
4.600000000000000000e+02
4.590000000000000000e+02
5.640000000000000000e+02
5.426666666666666288e+02
4.120000000000000000e+02
4.200000000000000000e+02
4.840000000000000000e+02
5.040000000000000000e+02
4.320000000000000000e+02
4.360000000000000000e+02
4.160000000000000000e+02
4.040000000000000000e+02
4.760000000000000000e+02
5.600000000000000000e+02
5.480000000000000000e+02
5.450000000000000000e+02
5.440000000000000000e+02
5.560000000000000000e+02
5.480000000000000000e+02
5.440000000000000000e+02
5.520000000000000000e+02
5.440000000000000000e+02
5.440000000000000000e+02
5.480000000000000000e+02
5.400000000000000000e+02
5.410000000000000000e+02
5.480000000000000000e+02
5.520000000000000000e+02
5.440000000000000000e+02
5.480000000000000000e+02
5.520000000000000000e+02
4.333333333333333144e+02
5.440000000000000000e+02
5.480000000000000000e+02
4.360000000000000000e+02
4.240000000000000000e+02
4.160000000000000000e+02
4.093333333333333144e+02
4.080000000000000000e+02
4.240000000000000000e+02
4.120000000000000000e+02
4.080000000000000000e+02
4.640000000000000000e+02
4.160000000000000000e+02
4.200000000000000000e+02
4.240000000000000000e+02
4.280000000000000000e+02
5.520000000000000000e+02
4.360000000000000000e+02
5.466666666666666288e+02
5.590000000000000000e+02
4.440000000000000000e+02
4.360000000000000000e+02
5.440000000000000000e+02
5.360000000000000000e+02
5.440000000000000000e+02
5.640000000000000000e+02
4.150000000000000000e+02
5.920000000000000000e+02
4.160000000000000000e+02
4.200000000000000000e+02
5.600000000000000000e+02
4.440000000000000000e+02
5.400000000000000000e+02
5.480000000000000000e+02
4.120000000000000000e+02
4.320000000000000000e+02
4.120000000000000000e+02
4.120000000000000000e+02
4.440000000000000000e+02
4.466666666666666856e+02
7.533333333333333712e+02
4.700000000000000000e+02
4.640000000000000000e+02
4.080000000000000000e+02
4.040000000000000000e+02
4.560000000000000000e+02
4.200000000000000000e+02
4.080000000000000000e+02
4.040000000000000000e+02
4.240000000000000000e+02
4.240000000000000000e+02
5.600000000000000000e+02
4.240000000000000000e+02
4.240000000000000000e+02
5.480000000000000000e+02
4.120000000000000000e+02
4.120000000000000000e+02
