5.500000000000000000e+02
5.520000000000000000e+02
4.240000000000000000e+02
4.200000000000000000e+02
4.200000000000000000e+02
4.360000000000000000e+02
4.240000000000000000e+02
4.150000000000000000e+02
4.240000000000000000e+02
5.440000000000000000e+02
4.280000000000000000e+02
4.400000000000000000e+02
5.480000000000000000e+02
5.450000000000000000e+02
4.960000000000000000e+02
6.860000000000000000e+02
5.020000000000000000e+02
4.240000000000000000e+02
4.890000000000000000e+02
4.440000000000000000e+02
4.440000000000000000e+02
5.520000000000000000e+02
4.533333333333333144e+02
4.280000000000000000e+02
4.160000000000000000e+02
4.080000000000000000e+02
4.400000000000000000e+02
4.560000000000000000e+02
4.160000000000000000e+02
4.200000000000000000e+02
4.200000000000000000e+02
4.200000000000000000e+02
5.640000000000000000e+02
5.520000000000000000e+02
4.253333333333333144e+02
4.240000000000000000e+02
4.200000000000000000e+02
4.560000000000000000e+02
4.400000000000000000e+02
4.320000000000000000e+02
4.160000000000000000e+02
4.080000000000000000e+02
4.120000000000000000e+02
4.100000000000000000e+02
4.560000000000000000e+02
6.900000000000000000e+02
7.260000000000000000e+02
4.600000000000000000e+02
4.080000000000000000e+02
4.093333333333333144e+02
5.440000000000000000e+02
4.080000000000000000e+02
4.120000000000000000e+02
4.240000000000000000e+02
4.240000000000000000e+02
4.120000000000000000e+02
4.520000000000000000e+02
5.400000000000000000e+02
4.440000000000000000e+02
4.360000000000000000e+02
4.320000000000000000e+02
4.320000000000000000e+02
5.480000000000000000e+02
5.520000000000000000e+02
5.440000000000000000e+02
5.440000000000000000e+02
5.480000000000000000e+02
4.280000000000000000e+02
4.480000000000000000e+02
4.300000000000000000e+02
4.340000000000000000e+02
4.520000000000000000e+02
4.640000000000000000e+02
4.160000000000000000e+02
4.120000000000000000e+02
4.120000000000000000e+02
4.040000000000000000e+02
4.680000000000000000e+02
4.080000000000000000e+02
4.120000000000000000e+02
4.160000000000000000e+02
4.160000000000000000e+02
4.800000000000000000e+02
4.080000000000000000e+02
4.120000000000000000e+02
4.160000000000000000e+02
4.160000000000000000e+02
4.280000000000000000e+02
4.440000000000000000e+02
4.400000000000000000e+02
4.280000000000000000e+02
5.480000000000000000e+02
4.120000000000000000e+02
5.480000000000000000e+02
5.480000000000000000e+02
5.490000000000000000e+02
5.440000000000000000e+02
5.480000000000000000e+02
5.480000000000000000e+02
5.490000000000000000e+02
5.520000000000000000e+02
5.520000000000000000e+02
4.360000000000000000e+02
5.480000000000000000e+02
5.480000000000000000e+02
4.160000000000000000e+02
4.720000000000000000e+02
4.080000000000000000e+02
4.080000000000000000e+02
4.810000000000000000e+02
4.106666666666666856e+02
4.050000000000000000e+02
4.160000000000000000e+02
4.120000000000000000e+02
4.200000000000000000e+02
4.160000000000000000e+02
4.040000000000000000e+02
4.640000000000000000e+02
4.600000000000000000e+02
5.520000000000000000e+02
5.480000000000000000e+02
4.680000000000000000e+02
5.480000000000000000e+02
5.480000000000000000e+02
5.400000000000000000e+02
5.480000000000000000e+02
5.480000000000000000e+02
5.480000000000000000e+02
5.440000000000000000e+02
5.480000000000000000e+02
5.480000000000000000e+02
5.440000000000000000e+02
5.480000000000000000e+02
5.520000000000000000e+02
5.480000000000000000e+02
5.440000000000000000e+02
5.480000000000000000e+02
4.520000000000000000e+02
4.680000000000000000e+02
4.120000000000000000e+02
4.200000000000000000e+02
4.160000000000000000e+02
4.200000000000000000e+02
4.160000000000000000e+02
5.120000000000000000e+02
4.160000000000000000e+02
4.160000000000000000e+02
4.160000000000000000e+02
4.120000000000000000e+02
4.870000000000000000e+02
5.390000000000000000e+02
5.480000000000000000e+02
5.540000000000000000e+02
5.520000000000000000e+02
5.480000000000000000e+02
5.440000000000000000e+02
5.480000000000000000e+02
5.440000000000000000e+02
5.440000000000000000e+02
5.440000000000000000e+02
5.480000000000000000e+02
5.440000000000000000e+02
5.440000000000000000e+02
5.480000000000000000e+02
5.480000000000000000e+02
5.480000000000000000e+02
5.500000000000000000e+02
5.440000000000000000e+02
4.800000000000000000e+02
5.480000000000000000e+02
5.560000000000000000e+02
4.170000000000000000e+02
4.320000000000000000e+02
4.360000000000000000e+02
4.360000000000000000e+02
4.620000000000000000e+02
4.120000000000000000e+02
4.200000000000000000e+02
4.320000000000000000e+02
4.280000000000000000e+02
4.160000000000000000e+02
4.160000000000000000e+02
5.560000000000000000e+02
5.580000000000000000e+02
5.440000000000000000e+02
5.480000000000000000e+02
5.560000000000000000e+02
5.506666666666666288e+02
5.520000000000000000e+02
5.480000000000000000e+02
5.400000000000000000e+02
5.400000000000000000e+02
5.400000000000000000e+02
5.400000000000000000e+02
5.400000000000000000e+02
5.440000000000000000e+02
4.880000000000000000e+02
5.600000000000000000e+02
5.560000000000000000e+02
4.920000000000000000e+02
4.930000000000000000e+02
5.520000000000000000e+02
7.150000000000000000e+02
5.640000000000000000e+02
5.240000000000000000e+02
5.250000000000000000e+02
5.480000000000000000e+02
7.493333333333333712e+02
7.470000000000000000e+02
7.530000000000000000e+02
5.586666666666666288e+02
5.440000000000000000e+02
5.640000000000000000e+02
5.640000000000000000e+02
4.240000000000000000e+02
5.590000000000000000e+02
4.920000000000000000e+02
5.960000000000000000e+02
5.560000000000000000e+02
5.600000000000000000e+02
4.840000000000000000e+02
5.480000000000000000e+02
5.720000000000000000e+02
5.680000000000000000e+02
5.560000000000000000e+02
5.560000000000000000e+02
5.520000000000000000e+02
5.480000000000000000e+02
5.040000000000000000e+02
5.160000000000000000e+02
5.500000000000000000e+02
5.400000000000000000e+02
5.400000000000000000e+02
5.293333333333333712e+02
5.720000000000000000e+02
5.600000000000000000e+02
5.413333333333333712e+02
4.230000000000000000e+02
5.600000000000000000e+02
5.680000000000000000e+02
5.760000000000000000e+02
5.650000000000000000e+02
5.810000000000000000e+02
5.640000000000000000e+02
5.680000000000000000e+02
5.613333333333333712e+02
5.320000000000000000e+02
5.360000000000000000e+02
5.360000000000000000e+02
5.720000000000000000e+02
7.510000000000000000e+02
5.840000000000000000e+02
5.120000000000000000e+02
6.030000000000000000e+02
5.630000000000000000e+02
5.733333333333333712e+02
