6.360000000000000000e+02
6.400000000000000000e+02
6.320000000000000000e+02
6.280000000000000000e+02
6.200000000000000000e+02
6.100000000000000000e+02
5.840000000000000000e+02
5.010000000000000000e+02
5.340000000000000000e+02
5.440000000000000000e+02
5.440000000000000000e+02
5.440000000000000000e+02
5.440000000000000000e+02
5.400000000000000000e+02
5.560000000000000000e+02
5.720000000000000000e+02
5.200000000000000000e+02
5.080000000000000000e+02
4.800000000000000000e+02
4.840000000000000000e+02
4.840000000000000000e+02
4.840000000000000000e+02
4.880000000000000000e+02
4.880000000000000000e+02
5.000000000000000000e+02
5.040000000000000000e+02
5.020000000000000000e+02
5.600000000000000000e+02
5.320000000000000000e+02
5.400000000000000000e+02
5.410000000000000000e+02
5.480000000000000000e+02
5.450000000000000000e+02
5.440000000000000000e+02
5.160000000000000000e+02
5.000000000000000000e+02
5.940000000000000000e+02
6.200000000000000000e+02
6.240000000000000000e+02
6.280000000000000000e+02
6.280000000000000000e+02
5.450000000000000000e+02
5.440000000000000000e+02
5.360000000000000000e+02
5.160000000000000000e+02
5.000000000000000000e+02
6.310000000000000000e+02
4.880000000000000000e+02
4.960000000000000000e+02
5.800000000000000000e+02
5.453333333333333712e+02
5.493333333333333712e+02
5.520000000000000000e+02
5.400000000000000000e+02
5.440000000000000000e+02
5.320000000000000000e+02
5.440000000000000000e+02
5.600000000000000000e+02
4.893333333333333144e+02
4.960000000000000000e+02
4.920000000000000000e+02
4.880000000000000000e+02
4.920000000000000000e+02
4.920000000000000000e+02
4.920000000000000000e+02
4.920000000000000000e+02
4.920000000000000000e+02
5.480000000000000000e+02
5.480000000000000000e+02
5.280000000000000000e+02
5.320000000000000000e+02
5.400000000000000000e+02
5.440000000000000000e+02
5.480000000000000000e+02
5.480000000000000000e+02
5.480000000000000000e+02
5.840000000000000000e+02
5.740000000000000000e+02
4.880000000000000000e+02
4.850000000000000000e+02
4.960000000000000000e+02
5.000000000000000000e+02
5.600000000000000000e+02
5.480000000000000000e+02
5.160000000000000000e+02
4.920000000000000000e+02
5.560000000000000000e+02
4.930000000000000000e+02
4.880000000000000000e+02
4.880000000000000000e+02
5.480000000000000000e+02
4.840000000000000000e+02
4.800000000000000000e+02
5.700000000000000000e+02
5.560000000000000000e+02
5.480000000000000000e+02
5.450000000000000000e+02
4.840000000000000000e+02
5.200000000000000000e+02
5.240000000000000000e+02
5.320000000000000000e+02
4.880000000000000000e+02
4.840000000000000000e+02
4.880000000000000000e+02
7.440000000000000000e+02
4.893333333333333144e+02
4.840000000000000000e+02
4.586666666666666856e+02
4.880000000000000000e+02
4.840000000000000000e+02
4.960000000000000000e+02
5.440000000000000000e+02
4.853333333333333144e+02
5.000000000000000000e+02
5.380000000000000000e+02
5.400000000000000000e+02
4.770000000000000000e+02
4.800000000000000000e+02
4.880000000000000000e+02
4.840000000000000000e+02
5.413333333333333712e+02
4.920000000000000000e+02
4.920000000000000000e+02
5.360000000000000000e+02
5.400000000000000000e+02
5.013333333333333144e+02
5.360000000000000000e+02
5.480000000000000000e+02
5.440000000000000000e+02
4.960000000000000000e+02
5.080000000000000000e+02
5.226666666666666288e+02
4.840000000000000000e+02
4.840000000000000000e+02
4.840000000000000000e+02
4.800000000000000000e+02
4.840000000000000000e+02
4.880000000000000000e+02
4.880000000000000000e+02
5.520000000000000000e+02
5.480000000000000000e+02
4.880000000000000000e+02
4.800000000000000000e+02
5.080000000000000000e+02
5.080000000000000000e+02
4.960000000000000000e+02
4.960000000000000000e+02
5.000000000000000000e+02
5.040000000000000000e+02
5.180000000000000000e+02
5.000000000000000000e+02
4.880000000000000000e+02
4.840000000000000000e+02
4.840000000000000000e+02
4.880000000000000000e+02
4.880000000000000000e+02
4.880000000000000000e+02
4.840000000000000000e+02
4.760000000000000000e+02
4.800000000000000000e+02
4.840000000000000000e+02
4.880000000000000000e+02
5.480000000000000000e+02
5.960000000000000000e+02
4.960000000000000000e+02
4.920000000000000000e+02
5.560000000000000000e+02
5.480000000000000000e+02
4.920000000000000000e+02
4.990000000000000000e+02
4.960000000000000000e+02
6.040000000000000000e+02
5.080000000000000000e+02
4.760000000000000000e+02
4.840000000000000000e+02
4.920000000000000000e+02
4.880000000000000000e+02
4.880000000000000000e+02
4.800000000000000000e+02
4.800000000000000000e+02
4.880000000000000000e+02
4.880000000000000000e+02
4.840000000000000000e+02
4.880000000000000000e+02
4.960000000000000000e+02
4.840000000000000000e+02
4.840000000000000000e+02
5.120000000000000000e+02
4.960000000000000000e+02
4.920000000000000000e+02
5.000000000000000000e+02
4.840000000000000000e+02
4.840000000000000000e+02
4.880000000000000000e+02
4.880000000000000000e+02
4.880000000000000000e+02
4.920000000000000000e+02
4.840000000000000000e+02
4.840000000000000000e+02
4.840000000000000000e+02
4.880000000000000000e+02
4.840000000000000000e+02
4.920000000000000000e+02
4.880000000000000000e+02
4.840000000000000000e+02
5.200000000000000000e+02
5.240000000000000000e+02
5.360000000000000000e+02
5.520000000000000000e+02
5.800000000000000000e+02
5.800000000000000000e+02
5.800000000000000000e+02
5.280000000000000000e+02
5.240000000000000000e+02
5.200000000000000000e+02
5.020000000000000000e+02
4.800000000000000000e+02
4.840000000000000000e+02
4.840000000000000000e+02
4.840000000000000000e+02
4.840000000000000000e+02
4.880000000000000000e+02
4.800000000000000000e+02
4.880000000000000000e+02
4.920000000000000000e+02
4.840000000000000000e+02
4.840000000000000000e+02
5.440000000000000000e+02
4.840000000000000000e+02
4.920000000000000000e+02
4.920000000000000000e+02
4.920000000000000000e+02
4.920000000000000000e+02
4.880000000000000000e+02
5.440000000000000000e+02
4.866666666666666856e+02
4.840000000000000000e+02
4.880000000000000000e+02
4.880000000000000000e+02
4.800000000000000000e+02
4.840000000000000000e+02
4.840000000000000000e+02
4.840000000000000000e+02
4.880000000000000000e+02
4.840000000000000000e+02
5.330000000000000000e+02
5.200000000000000000e+02
5.160000000000000000e+02
5.160000000000000000e+02
5.240000000000000000e+02
5.840000000000000000e+02
5.800000000000000000e+02
5.920000000000000000e+02
5.880000000000000000e+02
5.320000000000000000e+02
5.160000000000000000e+02
5.200000000000000000e+02
5.200000000000000000e+02
5.280000000000000000e+02
4.826666666666666856e+02
4.880000000000000000e+02
4.880000000000000000e+02
4.840000000000000000e+02
4.840000000000000000e+02
4.840000000000000000e+02
4.840000000000000000e+02
4.880000000000000000e+02
4.880000000000000000e+02
4.880000000000000000e+02
5.400000000000000000e+02
4.840000000000000000e+02
4.910000000000000000e+02
5.080000000000000000e+02
5.080000000000000000e+02
4.960000000000000000e+02
4.840000000000000000e+02
5.440000000000000000e+02
4.920000000000000000e+02
4.880000000000000000e+02
4.880000000000000000e+02
4.800000000000000000e+02
4.840000000000000000e+02
4.840000000000000000e+02
4.840000000000000000e+02
4.840000000000000000e+02
4.880000000000000000e+02
4.840000000000000000e+02
5.320000000000000000e+02
5.280000000000000000e+02
5.280000000000000000e+02
5.210000000000000000e+02
5.280000000000000000e+02
5.400000000000000000e+02
5.960000000000000000e+02
6.000000000000000000e+02
5.360000000000000000e+02
5.460000000000000000e+02
5.230000000000000000e+02
5.160000000000000000e+02
5.200000000000000000e+02
5.240000000000000000e+02
4.840000000000000000e+02
4.880000000000000000e+02
4.840000000000000000e+02
4.840000000000000000e+02
4.840000000000000000e+02
4.840000000000000000e+02
4.800000000000000000e+02
4.880000000000000000e+02
4.880000000000000000e+02
4.920000000000000000e+02
4.760000000000000000e+02
5.320000000000000000e+02
4.960000000000000000e+02
4.960000000000000000e+02
4.920000000000000000e+02
4.960000000000000000e+02
4.960000000000000000e+02
4.860000000000000000e+02
5.200000000000000000e+02
4.880000000000000000e+02
4.920000000000000000e+02
4.840000000000000000e+02
4.840000000000000000e+02
4.880000000000000000e+02
4.840000000000000000e+02
4.800000000000000000e+02
4.800000000000000000e+02
4.760000000000000000e+02
5.240000000000000000e+02
5.200000000000000000e+02
5.160000000000000000e+02
5.160000000000000000e+02
5.360000000000000000e+02
5.440000000000000000e+02
5.440000000000000000e+02
5.360000000000000000e+02
5.360000000000000000e+02
5.520000000000000000e+02
5.200000000000000000e+02
5.160000000000000000e+02
5.080000000000000000e+02
5.080000000000000000e+02
4.800000000000000000e+02
4.800000000000000000e+02
4.800000000000000000e+02
4.840000000000000000e+02
4.840000000000000000e+02
4.920000000000000000e+02
4.880000000000000000e+02
4.920000000000000000e+02
5.160000000000000000e+02
5.160000000000000000e+02
5.040000000000000000e+02
4.986666666666666856e+02
4.960000000000000000e+02
4.840000000000000000e+02
4.880000000000000000e+02
4.960000000000000000e+02
5.000000000000000000e+02
4.880000000000000000e+02
4.920000000000000000e+02
5.080000000000000000e+02
5.186666666666666288e+02
5.173333333333333712e+02
4.920000000000000000e+02
4.880000000000000000e+02
4.840000000000000000e+02
4.760000000000000000e+02
4.800000000000000000e+02
4.800000000000000000e+02
4.840000000000000000e+02
4.920000000000000000e+02
4.960000000000000000e+02
5.146666666666666288e+02
5.120000000000000000e+02
5.240000000000000000e+02
5.240000000000000000e+02
5.720000000000000000e+02
5.820000000000000000e+02
5.160000000000000000e+02
5.160000000000000000e+02
5.600000000000000000e+02
4.880000000000000000e+02
4.840000000000000000e+02
4.800000000000000000e+02
4.800000000000000000e+02
4.880000000000000000e+02
4.840000000000000000e+02
4.840000000000000000e+02
4.880000000000000000e+02
5.200000000000000000e+02
5.120000000000000000e+02
4.920000000000000000e+02
4.840000000000000000e+02
4.880000000000000000e+02
5.000000000000000000e+02
5.000000000000000000e+02
4.960000000000000000e+02
5.080000000000000000e+02
5.080000000000000000e+02
5.080000000000000000e+02
4.800000000000000000e+02
4.960000000000000000e+02
4.880000000000000000e+02
4.920000000000000000e+02
4.920000000000000000e+02
5.280000000000000000e+02
4.760000000000000000e+02
4.800000000000000000e+02
4.840000000000000000e+02
4.840000000000000000e+02
4.760000000000000000e+02
5.360000000000000000e+02
5.320000000000000000e+02
5.350000000000000000e+02
5.320000000000000000e+02
5.400000000000000000e+02
5.790000000000000000e+02
5.800000000000000000e+02
5.680000000000000000e+02
6.240000000000000000e+02
5.960000000000000000e+02
5.430000000000000000e+02
5.400000000000000000e+02
5.320000000000000000e+02
5.280000000000000000e+02
5.880000000000000000e+02
5.160000000000000000e+02
5.120000000000000000e+02
5.240000000000000000e+02
4.800000000000000000e+02
4.880000000000000000e+02
4.866666666666666856e+02
5.690000000000000000e+02
5.040000000000000000e+02
5.040000000000000000e+02
5.310000000000000000e+02
4.880000000000000000e+02
4.980000000000000000e+02
5.160000000000000000e+02
5.120000000000000000e+02
7.570000000000000000e+02
4.840000000000000000e+02
4.880000000000000000e+02
5.520000000000000000e+02
5.560000000000000000e+02
5.530000000000000000e+02
4.920000000000000000e+02
4.920000000000000000e+02
5.600000000000000000e+02
5.720000000000000000e+02
5.080000000000000000e+02
5.000000000000000000e+02
5.360000000000000000e+02
5.280000000000000000e+02
5.320000000000000000e+02
5.400000000000000000e+02
6.000000000000000000e+02
5.960000000000000000e+02
6.080000000000000000e+02
5.680000000000000000e+02
5.720000000000000000e+02
5.930000000000000000e+02
5.920000000000000000e+02
6.040000000000000000e+02
6.000000000000000000e+02
5.880000000000000000e+02
5.880000000000000000e+02
4.920000000000000000e+02
4.840000000000000000e+02
5.760000000000000000e+02
5.760000000000000000e+02
5.720000000000000000e+02
4.880000000000000000e+02
4.870000000000000000e+02
5.400000000000000000e+02
5.400000000000000000e+02
5.373333333333333712e+02
4.920000000000000000e+02
5.480000000000000000e+02
4.840000000000000000e+02
4.880000000000000000e+02
4.880000000000000000e+02
4.850000000000000000e+02
4.880000000000000000e+02
5.240000000000000000e+02
5.110000000000000000e+02
5.520000000000000000e+02
5.440000000000000000e+02
5.200000000000000000e+02
4.960000000000000000e+02
5.080000000000000000e+02
5.720000000000000000e+02
5.490000000000000000e+02
5.410000000000000000e+02
4.970000000000000000e+02
4.800000000000000000e+02
5.840000000000000000e+02
5.880000000000000000e+02
5.920000000000000000e+02
5.760000000000000000e+02
5.920000000000000000e+02
4.800000000000000000e+02
4.826666666666666856e+02
5.850000000000000000e+02
5.640000000000000000e+02
5.680000000000000000e+02
4.920000000000000000e+02
5.786666666666666288e+02
4.880000000000000000e+02
4.960000000000000000e+02
5.040000000000000000e+02
5.120000000000000000e+02
4.960000000000000000e+02
4.920000000000000000e+02
4.960000000000000000e+02
5.693333333333333712e+02
5.720000000000000000e+02
4.960000000000000000e+02
5.000000000000000000e+02
5.440000000000000000e+02
5.480000000000000000e+02
4.813333333333333144e+02
4.840000000000000000e+02
4.840000000000000000e+02
5.240000000000000000e+02
5.280000000000000000e+02
4.920000000000000000e+02
4.960000000000000000e+02
5.000000000000000000e+02
5.000000000000000000e+02
5.010000000000000000e+02
5.680000000000000000e+02
5.680000000000000000e+02
5.800000000000000000e+02
5.390000000000000000e+02
5.400000000000000000e+02
5.360000000000000000e+02
5.120000000000000000e+02
4.880000000000000000e+02
4.920000000000000000e+02
5.560000000000000000e+02
5.560000000000000000e+02
5.560000000000000000e+02
5.440000000000000000e+02
5.480000000000000000e+02
5.240000000000000000e+02
5.070000000000000000e+02
5.080000000000000000e+02
5.040000000000000000e+02
5.560000000000000000e+02
5.000000000000000000e+02
5.040000000000000000e+02
5.040000000000000000e+02
5.240000000000000000e+02
5.266666666666666288e+02
5.720000000000000000e+02
5.640000000000000000e+02
5.030000000000000000e+02
5.000000000000000000e+02
4.960000000000000000e+02
4.920000000000000000e+02
5.480000000000000000e+02
5.160000000000000000e+02
5.000000000000000000e+02
4.880000000000000000e+02
