5.530000000000000000e+02
5.520000000000000000e+02
4.280000000000000000e+02
4.213333333333333144e+02
4.200000000000000000e+02
4.360000000000000000e+02
4.240000000000000000e+02
5.520000000000000000e+02
4.280000000000000000e+02
5.440000000000000000e+02
5.470000000000000000e+02
4.400000000000000000e+02
4.480000000000000000e+02
5.440000000000000000e+02
4.746666666666666856e+02
7.480000000000000000e+02
5.020000000000000000e+02
4.260000000000000000e+02
5.480000000000000000e+02
4.450000000000000000e+02
4.440000000000000000e+02
5.500000000000000000e+02
4.533333333333333144e+02
4.240000000000000000e+02
4.240000000000000000e+02
4.190000000000000000e+02
4.360000000000000000e+02
4.520000000000000000e+02
4.160000000000000000e+02
4.200000000000000000e+02
4.200000000000000000e+02
4.200000000000000000e+02
5.640000000000000000e+02
5.480000000000000000e+02
4.240000000000000000e+02
4.200000000000000000e+02
4.240000000000000000e+02
4.560000000000000000e+02
4.370000000000000000e+02
4.426666666666666856e+02
4.160000000000000000e+02
4.040000000000000000e+02
4.140000000000000000e+02
5.533333333333333712e+02
4.560000000000000000e+02
7.450000000000000000e+02
7.260000000000000000e+02
4.600000000000000000e+02
4.110000000000000000e+02
4.093333333333333144e+02
5.440000000000000000e+02
4.120000000000000000e+02
4.160000000000000000e+02
4.240000000000000000e+02
4.240000000000000000e+02
4.120000000000000000e+02
4.573333333333333144e+02
4.520000000000000000e+02
4.440000000000000000e+02
4.360000000000000000e+02
4.280000000000000000e+02
4.320000000000000000e+02
5.470000000000000000e+02
5.520000000000000000e+02
5.440000000000000000e+02
5.480000000000000000e+02
5.440000000000000000e+02
4.320000000000000000e+02
4.440000000000000000e+02
4.080000000000000000e+02
4.340000000000000000e+02
4.520000000000000000e+02
4.640000000000000000e+02
4.160000000000000000e+02
4.120000000000000000e+02
4.120000000000000000e+02
4.040000000000000000e+02
4.680000000000000000e+02
4.080000000000000000e+02
4.120000000000000000e+02
4.160000000000000000e+02
4.160000000000000000e+02
4.800000000000000000e+02
4.040000000000000000e+02
4.150000000000000000e+02
4.160000000000000000e+02
4.120000000000000000e+02
4.240000000000000000e+02
4.440000000000000000e+02
4.410000000000000000e+02
4.280000000000000000e+02
5.520000000000000000e+02
5.600000000000000000e+02
5.480000000000000000e+02
5.480000000000000000e+02
5.520000000000000000e+02
5.440000000000000000e+02
5.480000000000000000e+02
5.440000000000000000e+02
5.480000000000000000e+02
5.520000000000000000e+02
5.520000000000000000e+02
4.400000000000000000e+02
5.480000000000000000e+02
4.160000000000000000e+02
4.150000000000000000e+02
4.730000000000000000e+02
4.080000000000000000e+02
4.080000000000000000e+02
4.800000000000000000e+02
4.120000000000000000e+02
4.040000000000000000e+02
4.200000000000000000e+02
4.120000000000000000e+02
4.200000000000000000e+02
4.160000000000000000e+02
4.040000000000000000e+02
4.670000000000000000e+02
4.680000000000000000e+02
5.480000000000000000e+02
5.520000000000000000e+02
5.560000000000000000e+02
5.480000000000000000e+02
5.520000000000000000e+02
5.400000000000000000e+02
5.480000000000000000e+02
5.480000000000000000e+02
5.480000000000000000e+02
5.480000000000000000e+02
5.480000000000000000e+02
5.440000000000000000e+02
5.440000000000000000e+02
5.480000000000000000e+02
5.480000000000000000e+02
5.520000000000000000e+02
5.440000000000000000e+02
5.480000000000000000e+02
4.520000000000000000e+02
4.680000000000000000e+02
4.120000000000000000e+02
4.200000000000000000e+02
4.160000000000000000e+02
4.160000000000000000e+02
4.200000000000000000e+02
5.120000000000000000e+02
4.160000000000000000e+02
4.160000000000000000e+02
4.160000000000000000e+02
4.160000000000000000e+02
4.840000000000000000e+02
5.360000000000000000e+02
5.480000000000000000e+02
5.490000000000000000e+02
5.480000000000000000e+02
5.480000000000000000e+02
5.480000000000000000e+02
5.480000000000000000e+02
5.440000000000000000e+02
5.440000000000000000e+02
5.480000000000000000e+02
5.440000000000000000e+02
5.440000000000000000e+02
5.440000000000000000e+02
5.480000000000000000e+02
5.480000000000000000e+02
5.480000000000000000e+02
5.480000000000000000e+02
5.440000000000000000e+02
4.780000000000000000e+02
5.480000000000000000e+02
5.560000000000000000e+02
4.893333333333333144e+02
4.360000000000000000e+02
4.320000000000000000e+02
4.300000000000000000e+02
4.460000000000000000e+02
4.200000000000000000e+02
4.200000000000000000e+02
4.320000000000000000e+02
4.280000000000000000e+02
4.200000000000000000e+02
4.160000000000000000e+02
5.560000000000000000e+02
5.973333333333333712e+02
5.400000000000000000e+02
5.480000000000000000e+02
5.560000000000000000e+02
5.460000000000000000e+02
5.520000000000000000e+02
5.440000000000000000e+02
5.400000000000000000e+02
5.400000000000000000e+02
5.400000000000000000e+02
5.440000000000000000e+02
5.400000000000000000e+02
5.440000000000000000e+02
4.920000000000000000e+02
5.640000000000000000e+02
5.520000000000000000e+02
4.920000000000000000e+02
5.560000000000000000e+02
5.520000000000000000e+02
5.480000000000000000e+02
5.600000000000000000e+02
5.240000000000000000e+02
5.250000000000000000e+02
5.480000000000000000e+02
7.493333333333333712e+02
5.820000000000000000e+02
5.640000000000000000e+02
5.613333333333333712e+02
5.400000000000000000e+02
5.600000000000000000e+02
5.120000000000000000e+02
4.280000000000000000e+02
5.570000000000000000e+02
4.860000000000000000e+02
5.960000000000000000e+02
5.560000000000000000e+02
4.800000000000000000e+02
4.880000000000000000e+02
5.480000000000000000e+02
5.680000000000000000e+02
5.680000000000000000e+02
5.620000000000000000e+02
5.560000000000000000e+02
5.520000000000000000e+02
5.550000000000000000e+02
6.690000000000000000e+02
5.240000000000000000e+02
5.586666666666666288e+02
5.400000000000000000e+02
5.400000000000000000e+02
5.200000000000000000e+02
5.720000000000000000e+02
5.650000000000000000e+02
5.373333333333333712e+02
4.200000000000000000e+02
5.640000000000000000e+02
5.640000000000000000e+02
5.720000000000000000e+02
5.706666666666666288e+02
5.660000000000000000e+02
5.640000000000000000e+02
5.680000000000000000e+02
5.600000000000000000e+02
5.280000000000000000e+02
5.400000000000000000e+02
5.293333333333333712e+02
5.720000000000000000e+02
5.580000000000000000e+02
5.910000000000000000e+02
5.120000000000000000e+02
6.000000000000000000e+02
5.750000000000000000e+02
5.720000000000000000e+02
