5.920000000000000000e+02
5.880000000000000000e+02
5.946666666666666288e+02
6.000000000000000000e+02
5.240000000000000000e+02
5.120000000000000000e+02
5.040000000000000000e+02
5.240000000000000000e+02
7.546666666666666288e+02
5.600000000000000000e+02
5.640000000000000000e+02
5.760000000000000000e+02
5.040000000000000000e+02
5.040000000000000000e+02
5.000000000000000000e+02
5.000000000000000000e+02
5.000000000000000000e+02
5.000000000000000000e+02
5.600000000000000000e+02
5.040000000000000000e+02
5.080000000000000000e+02
5.700000000000000000e+02
5.680000000000000000e+02
5.746666666666666288e+02
5.480000000000000000e+02
5.040000000000000000e+02
5.080000000000000000e+02
5.186666666666666288e+02
5.600000000000000000e+02
5.960000000000000000e+02
5.880000000000000000e+02
5.880000000000000000e+02
5.920000000000000000e+02
5.700000000000000000e+02
5.640000000000000000e+02
5.560000000000000000e+02
4.960000000000000000e+02
5.000000000000000000e+02
5.080000000000000000e+02
5.120000000000000000e+02
5.770000000000000000e+02
5.880000000000000000e+02
5.040000000000000000e+02
5.000000000000000000e+02
5.040000000000000000e+02
5.040000000000000000e+02
5.000000000000000000e+02
5.000000000000000000e+02
5.040000000000000000e+02
4.960000000000000000e+02
5.040000000000000000e+02
5.520000000000000000e+02
4.933333333333333144e+02
4.960000000000000000e+02
5.100000000000000000e+02
4.920000000000000000e+02
5.080000000000000000e+02
5.160000000000000000e+02
5.080000000000000000e+02
5.120000000000000000e+02
5.120000000000000000e+02
5.360000000000000000e+02
5.560000000000000000e+02
5.640000000000000000e+02
6.280000000000000000e+02
5.026666666666666856e+02
5.440000000000000000e+02
5.240000000000000000e+02
5.320000000000000000e+02
5.000000000000000000e+02
5.040000000000000000e+02
5.040000000000000000e+02
5.040000000000000000e+02
5.000000000000000000e+02
4.960000000000000000e+02
5.080000000000000000e+02
5.480000000000000000e+02
5.000000000000000000e+02
5.240000000000000000e+02
5.120000000000000000e+02
5.133333333333333712e+02
5.600000000000000000e+02
4.920000000000000000e+02
5.560000000000000000e+02
5.040000000000000000e+02
4.880000000000000000e+02
4.960000000000000000e+02
5.040000000000000000e+02
5.640000000000000000e+02
4.946666666666666856e+02
4.920000000000000000e+02
4.960000000000000000e+02
5.000000000000000000e+02
4.960000000000000000e+02
5.880000000000000000e+02
5.440000000000000000e+02
5.720000000000000000e+02
5.920000000000000000e+02
4.960000000000000000e+02
4.960000000000000000e+02
4.960000000000000000e+02
5.040000000000000000e+02
5.000000000000000000e+02
5.000000000000000000e+02
5.000000000000000000e+02
5.000000000000000000e+02
6.000000000000000000e+02
5.920000000000000000e+02
5.400000000000000000e+02
5.500000000000000000e+02
5.570000000000000000e+02
5.240000000000000000e+02
5.520000000000000000e+02
5.520000000000000000e+02
5.520000000000000000e+02
5.133333333333333712e+02
5.080000000000000000e+02
5.040000000000000000e+02
5.000000000000000000e+02
5.000000000000000000e+02
5.080000000000000000e+02
5.040000000000000000e+02
5.000000000000000000e+02
5.000000000000000000e+02
5.040000000000000000e+02
5.000000000000000000e+02
5.000000000000000000e+02
5.750000000000000000e+02
5.650000000000000000e+02
5.640000000000000000e+02
4.960000000000000000e+02
5.040000000000000000e+02
5.000000000000000000e+02
5.000000000000000000e+02
5.000000000000000000e+02
5.040000000000000000e+02
4.960000000000000000e+02
5.220000000000000000e+02
5.040000000000000000e+02
5.040000000000000000e+02
5.040000000000000000e+02
5.600000000000000000e+02
5.520000000000000000e+02
5.560000000000000000e+02
5.520000000000000000e+02
5.440000000000000000e+02
5.280000000000000000e+02
5.120000000000000000e+02
5.040000000000000000e+02
5.040000000000000000e+02
5.040000000000000000e+02
5.000000000000000000e+02
5.000000000000000000e+02
5.000000000000000000e+02
4.960000000000000000e+02
5.000000000000000000e+02
5.000000000000000000e+02
4.960000000000000000e+02
5.680000000000000000e+02
5.640000000000000000e+02
5.720000000000000000e+02
5.640000000000000000e+02
5.000000000000000000e+02
5.000000000000000000e+02
5.000000000000000000e+02
5.000000000000000000e+02
5.000000000000000000e+02
5.040000000000000000e+02
5.000000000000000000e+02
5.000000000000000000e+02
5.120000000000000000e+02
5.960000000000000000e+02
5.080000000000000000e+02
5.520000000000000000e+02
5.440000000000000000e+02
5.520000000000000000e+02
5.420000000000000000e+02
5.320000000000000000e+02
5.240000000000000000e+02
5.220000000000000000e+02
5.080000000000000000e+02
5.080000000000000000e+02
5.050000000000000000e+02
4.960000000000000000e+02
5.000000000000000000e+02
5.000000000000000000e+02
5.040000000000000000e+02
5.040000000000000000e+02
5.000000000000000000e+02
5.000000000000000000e+02
5.680000000000000000e+02
5.720000000000000000e+02
5.720000000000000000e+02
5.720000000000000000e+02
5.720000000000000000e+02
4.960000000000000000e+02
5.000000000000000000e+02
5.000000000000000000e+02
5.013333333333333144e+02
5.040000000000000000e+02
4.973333333333333144e+02
5.013333333333333144e+02
5.040000000000000000e+02
5.040000000000000000e+02
5.070000000000000000e+02
5.320000000000000000e+02
4.900000000000000000e+02
5.480000000000000000e+02
5.600000000000000000e+02
5.626666666666666288e+02
5.040000000000000000e+02
5.040000000000000000e+02
5.080000000000000000e+02
5.120000000000000000e+02
5.160000000000000000e+02
5.066666666666666856e+02
5.120000000000000000e+02
5.040000000000000000e+02
5.040000000000000000e+02
4.960000000000000000e+02
5.000000000000000000e+02
5.560000000000000000e+02
5.590000000000000000e+02
5.660000000000000000e+02
5.960000000000000000e+02
5.360000000000000000e+02
6.000000000000000000e+02
4.960000000000000000e+02
5.000000000000000000e+02
5.000000000000000000e+02
5.040000000000000000e+02
5.080000000000000000e+02
5.080000000000000000e+02
5.160000000000000000e+02
5.120000000000000000e+02
5.120000000000000000e+02
5.000000000000000000e+02
5.080000000000000000e+02
5.000000000000000000e+02
5.373333333333333712e+02
5.240000000000000000e+02
5.440000000000000000e+02
5.000000000000000000e+02
5.040000000000000000e+02
5.440000000000000000e+02
5.040000000000000000e+02
5.070000000000000000e+02
5.106666666666666856e+02
5.080000000000000000e+02
5.790000000000000000e+02
4.960000000000000000e+02
5.000000000000000000e+02
5.000000000000000000e+02
5.000000000000000000e+02
5.773333333333333712e+02
5.360000000000000000e+02
