5.600000000000000000e+02
5.560000000000000000e+02
4.240000000000000000e+02
4.200000000000000000e+02
4.200000000000000000e+02
4.320000000000000000e+02
4.290000000000000000e+02
5.510000000000000000e+02
4.280000000000000000e+02
5.440000000000000000e+02
4.280000000000000000e+02
4.360000000000000000e+02
4.480000000000000000e+02
5.440000000000000000e+02
4.960000000000000000e+02
7.480000000000000000e+02
7.420000000000000000e+02
4.240000000000000000e+02
4.890000000000000000e+02
4.480000000000000000e+02
5.410000000000000000e+02
5.520000000000000000e+02
5.400000000000000000e+02
4.240000000000000000e+02
4.213333333333333144e+02
4.080000000000000000e+02
4.400000000000000000e+02
4.560000000000000000e+02
4.180000000000000000e+02
4.200000000000000000e+02
4.240000000000000000e+02
4.200000000000000000e+02
5.600000000000000000e+02
5.480000000000000000e+02
5.480000000000000000e+02
4.200000000000000000e+02
4.200000000000000000e+02
5.460000000000000000e+02
4.370000000000000000e+02
4.360000000000000000e+02
4.160000000000000000e+02
4.040000000000000000e+02
5.426666666666666288e+02
4.120000000000000000e+02
4.560000000000000000e+02
7.506666666666666288e+02
6.050000000000000000e+02
7.510000000000000000e+02
4.080000000000000000e+02
4.750000000000000000e+02
5.440000000000000000e+02
4.093333333333333144e+02
4.120000000000000000e+02
4.240000000000000000e+02
4.240000000000000000e+02
4.120000000000000000e+02
4.560000000000000000e+02
4.520000000000000000e+02
4.440000000000000000e+02
4.360000000000000000e+02
4.280000000000000000e+02
4.320000000000000000e+02
5.470000000000000000e+02
5.520000000000000000e+02
5.440000000000000000e+02
5.480000000000000000e+02
5.480000000000000000e+02
4.280000000000000000e+02
4.480000000000000000e+02
4.080000000000000000e+02
4.400000000000000000e+02
4.520000000000000000e+02
4.680000000000000000e+02
4.160000000000000000e+02
4.120000000000000000e+02
4.120000000000000000e+02
4.040000000000000000e+02
4.680000000000000000e+02
4.700000000000000000e+02
4.120000000000000000e+02
4.160000000000000000e+02
4.200000000000000000e+02
4.800000000000000000e+02
4.040000000000000000e+02
4.150000000000000000e+02
4.160000000000000000e+02
4.120000000000000000e+02
4.280000000000000000e+02
4.480000000000000000e+02
4.360000000000000000e+02
4.360000000000000000e+02
4.266666666666666856e+02
5.600000000000000000e+02
5.480000000000000000e+02
5.480000000000000000e+02
5.480000000000000000e+02
5.480000000000000000e+02
5.440000000000000000e+02
5.440000000000000000e+02
5.480000000000000000e+02
5.520000000000000000e+02
5.520000000000000000e+02
5.540000000000000000e+02
5.480000000000000000e+02
5.470000000000000000e+02
4.160000000000000000e+02
4.720000000000000000e+02
4.040000000000000000e+02
4.080000000000000000e+02
4.840000000000000000e+02
4.106666666666666856e+02
4.040000000000000000e+02
4.160000000000000000e+02
4.120000000000000000e+02
4.200000000000000000e+02
4.160000000000000000e+02
4.120000000000000000e+02
4.640000000000000000e+02
4.640000000000000000e+02
5.480000000000000000e+02
5.520000000000000000e+02
5.520000000000000000e+02
5.480000000000000000e+02
5.520000000000000000e+02
5.400000000000000000e+02
5.480000000000000000e+02
5.480000000000000000e+02
5.450000000000000000e+02
5.440000000000000000e+02
5.480000000000000000e+02
5.480000000000000000e+02
5.440000000000000000e+02
5.480000000000000000e+02
5.480000000000000000e+02
5.520000000000000000e+02
5.440000000000000000e+02
5.480000000000000000e+02
4.520000000000000000e+02
4.680000000000000000e+02
4.120000000000000000e+02
4.200000000000000000e+02
4.160000000000000000e+02
4.160000000000000000e+02
4.240000000000000000e+02
5.120000000000000000e+02
4.160000000000000000e+02
4.160000000000000000e+02
4.160000000000000000e+02
4.160000000000000000e+02
4.840000000000000000e+02
5.453333333333333712e+02
4.986666666666666856e+02
5.540000000000000000e+02
5.520000000000000000e+02
5.480000000000000000e+02
5.480000000000000000e+02
5.520000000000000000e+02
5.440000000000000000e+02
5.440000000000000000e+02
5.440000000000000000e+02
5.440000000000000000e+02
5.440000000000000000e+02
5.440000000000000000e+02
5.480000000000000000e+02
5.480000000000000000e+02
5.480000000000000000e+02
5.500000000000000000e+02
5.440000000000000000e+02
4.790000000000000000e+02
5.480000000000000000e+02
5.560000000000000000e+02
4.170000000000000000e+02
4.346666666666666856e+02
4.320000000000000000e+02
4.320000000000000000e+02
4.620000000000000000e+02
4.130000000000000000e+02
4.200000000000000000e+02
4.320000000000000000e+02
4.280000000000000000e+02
4.200000000000000000e+02
4.160000000000000000e+02
5.560000000000000000e+02
5.973333333333333712e+02
5.410000000000000000e+02
5.480000000000000000e+02
5.560000000000000000e+02
5.460000000000000000e+02
5.520000000000000000e+02
5.440000000000000000e+02
5.440000000000000000e+02
5.400000000000000000e+02
5.440000000000000000e+02
5.400000000000000000e+02
5.400000000000000000e+02
5.440000000000000000e+02
4.880000000000000000e+02
5.600000000000000000e+02
5.480000000000000000e+02
5.480000000000000000e+02
5.560000000000000000e+02
5.480000000000000000e+02
4.540000000000000000e+02
5.600000000000000000e+02
5.346666666666666288e+02
5.320000000000000000e+02
6.160000000000000000e+02
7.493333333333333712e+02
7.470000000000000000e+02
5.620000000000000000e+02
5.613333333333333712e+02
5.400000000000000000e+02
5.640000000000000000e+02
5.626666666666666288e+02
4.250000000000000000e+02
5.590000000000000000e+02
4.920000000000000000e+02
5.340000000000000000e+02
5.520000000000000000e+02
4.840000000000000000e+02
4.880000000000000000e+02
5.480000000000000000e+02
5.830000000000000000e+02
5.680000000000000000e+02
5.520000000000000000e+02
5.440000000000000000e+02
5.520000000000000000e+02
5.440000000000000000e+02
5.070000000000000000e+02
5.210000000000000000e+02
5.590000000000000000e+02
5.370000000000000000e+02
5.360000000000000000e+02
5.293333333333333712e+02
5.420000000000000000e+02
5.610000000000000000e+02
4.173333333333333144e+02
5.546666666666666288e+02
5.586666666666666288e+02
5.680000000000000000e+02
5.720000000000000000e+02
5.650000000000000000e+02
5.653333333333333712e+02
5.640000000000000000e+02
5.600000000000000000e+02
5.613333333333333712e+02
5.386666666666666288e+02
5.360000000000000000e+02
5.360000000000000000e+02
5.720000000000000000e+02
5.580000000000000000e+02
5.890000000000000000e+02
5.120000000000000000e+02
5.880000000000000000e+02
5.660000000000000000e+02
5.760000000000000000e+02
