6.310000000000000000e+02
6.400000000000000000e+02
6.280000000000000000e+02
6.240000000000000000e+02
6.213333333333333712e+02
6.000000000000000000e+02
5.026666666666666856e+02
5.010000000000000000e+02
5.340000000000000000e+02
5.480000000000000000e+02
5.480000000000000000e+02
5.440000000000000000e+02
5.440000000000000000e+02
5.330000000000000000e+02
5.560000000000000000e+02
5.626666666666666288e+02
5.146666666666666288e+02
5.130000000000000000e+02
4.920000000000000000e+02
4.880000000000000000e+02
4.880000000000000000e+02
4.880000000000000000e+02
4.880000000000000000e+02
4.920000000000000000e+02
4.960000000000000000e+02
5.040000000000000000e+02
5.690000000000000000e+02
5.520000000000000000e+02
5.320000000000000000e+02
5.400000000000000000e+02
5.480000000000000000e+02
5.520000000000000000e+02
5.480000000000000000e+02
5.440000000000000000e+02
5.050000000000000000e+02
5.020000000000000000e+02
6.010000000000000000e+02
6.200000000000000000e+02
6.200000000000000000e+02
6.240000000000000000e+02
5.586666666666666288e+02
5.480000000000000000e+02
5.400000000000000000e+02
5.413333333333333712e+02
5.160000000000000000e+02
5.000000000000000000e+02
6.310000000000000000e+02
4.880000000000000000e+02
4.960000000000000000e+02
5.800000000000000000e+02
5.440000000000000000e+02
5.480000000000000000e+02
5.520000000000000000e+02
5.400000000000000000e+02
5.400000000000000000e+02
5.320000000000000000e+02
5.440000000000000000e+02
5.533333333333333712e+02
4.893333333333333144e+02
4.920000000000000000e+02
4.880000000000000000e+02
4.890000000000000000e+02
4.880000000000000000e+02
4.880000000000000000e+02
4.920000000000000000e+02
4.920000000000000000e+02
4.920000000000000000e+02
5.480000000000000000e+02
5.480000000000000000e+02
5.280000000000000000e+02
5.280000000000000000e+02
5.400000000000000000e+02
5.440000000000000000e+02
5.480000000000000000e+02
5.480000000000000000e+02
5.480000000000000000e+02
5.840000000000000000e+02
5.560000000000000000e+02
4.880000000000000000e+02
4.850000000000000000e+02
4.880000000000000000e+02
5.000000000000000000e+02
5.560000000000000000e+02
5.480000000000000000e+02
5.010000000000000000e+02
4.920000000000000000e+02
5.520000000000000000e+02
4.920000000000000000e+02
4.880000000000000000e+02
4.880000000000000000e+02
5.480000000000000000e+02
4.840000000000000000e+02
4.840000000000000000e+02
5.680000000000000000e+02
5.480000000000000000e+02
5.440000000000000000e+02
4.840000000000000000e+02
4.800000000000000000e+02
4.826666666666666856e+02
5.240000000000000000e+02
4.840000000000000000e+02
4.840000000000000000e+02
4.880000000000000000e+02
4.920000000000000000e+02
7.440000000000000000e+02
4.920000000000000000e+02
4.840000000000000000e+02
4.720000000000000000e+02
4.880000000000000000e+02
4.840000000000000000e+02
4.920000000000000000e+02
5.480000000000000000e+02
4.840000000000000000e+02
5.040000000000000000e+02
5.360000000000000000e+02
5.400000000000000000e+02
4.770000000000000000e+02
4.840000000000000000e+02
4.880000000000000000e+02
4.800000000000000000e+02
5.360000000000000000e+02
4.920000000000000000e+02
4.920000000000000000e+02
5.400000000000000000e+02
5.400000000000000000e+02
5.013333333333333144e+02
5.340000000000000000e+02
5.440000000000000000e+02
5.440000000000000000e+02
4.960000000000000000e+02
5.080000000000000000e+02
5.400000000000000000e+02
4.800000000000000000e+02
4.840000000000000000e+02
4.840000000000000000e+02
4.800000000000000000e+02
4.800000000000000000e+02
4.880000000000000000e+02
4.840000000000000000e+02
4.880000000000000000e+02
5.480000000000000000e+02
4.880000000000000000e+02
4.840000000000000000e+02
5.080000000000000000e+02
5.040000000000000000e+02
5.020000000000000000e+02
4.920000000000000000e+02
5.000000000000000000e+02
5.120000000000000000e+02
5.180000000000000000e+02
4.920000000000000000e+02
4.880000000000000000e+02
4.840000000000000000e+02
4.840000000000000000e+02
4.880000000000000000e+02
4.880000000000000000e+02
4.880000000000000000e+02
4.840000000000000000e+02
4.800000000000000000e+02
4.800000000000000000e+02
4.840000000000000000e+02
4.880000000000000000e+02
5.480000000000000000e+02
5.960000000000000000e+02
4.960000000000000000e+02
4.920000000000000000e+02
5.560000000000000000e+02
5.480000000000000000e+02
4.930000000000000000e+02
4.960000000000000000e+02
4.960000000000000000e+02
6.040000000000000000e+02
5.120000000000000000e+02
4.760000000000000000e+02
4.840000000000000000e+02
4.920000000000000000e+02
4.880000000000000000e+02
4.880000000000000000e+02
4.840000000000000000e+02
4.800000000000000000e+02
4.880000000000000000e+02
4.920000000000000000e+02
4.840000000000000000e+02
4.880000000000000000e+02
4.880000000000000000e+02
4.840000000000000000e+02
4.800000000000000000e+02
5.120000000000000000e+02
5.013333333333333144e+02
4.920000000000000000e+02
5.000000000000000000e+02
4.840000000000000000e+02
4.840000000000000000e+02
4.920000000000000000e+02
4.880000000000000000e+02
4.880000000000000000e+02
4.920000000000000000e+02
4.840000000000000000e+02
4.840000000000000000e+02
4.880000000000000000e+02
4.880000000000000000e+02
4.840000000000000000e+02
4.920000000000000000e+02
4.840000000000000000e+02
4.840000000000000000e+02
5.240000000000000000e+02
5.240000000000000000e+02
5.360000000000000000e+02
5.480000000000000000e+02
5.820000000000000000e+02
5.800000000000000000e+02
5.840000000000000000e+02
5.800000000000000000e+02
5.200000000000000000e+02
5.160000000000000000e+02
5.020000000000000000e+02
4.890000000000000000e+02
4.840000000000000000e+02
4.840000000000000000e+02
4.840000000000000000e+02
4.880000000000000000e+02
4.840000000000000000e+02
4.840000000000000000e+02
4.880000000000000000e+02
4.880000000000000000e+02
4.840000000000000000e+02
4.840000000000000000e+02
4.870000000000000000e+02
4.840000000000000000e+02
4.920000000000000000e+02
4.920000000000000000e+02
4.920000000000000000e+02
4.920000000000000000e+02
4.880000000000000000e+02
4.860000000000000000e+02
4.880000000000000000e+02
4.880000000000000000e+02
4.880000000000000000e+02
4.880000000000000000e+02
4.800000000000000000e+02
4.840000000000000000e+02
4.840000000000000000e+02
4.840000000000000000e+02
4.880000000000000000e+02
4.880000000000000000e+02
5.320000000000000000e+02
5.160000000000000000e+02
5.200000000000000000e+02
5.160000000000000000e+02
5.200000000000000000e+02
5.840000000000000000e+02
5.800000000000000000e+02
5.880000000000000000e+02
5.920000000000000000e+02
5.320000000000000000e+02
5.160000000000000000e+02
5.200000000000000000e+02
5.200000000000000000e+02
5.280000000000000000e+02
4.840000000000000000e+02
4.880000000000000000e+02
4.840000000000000000e+02
4.840000000000000000e+02
4.840000000000000000e+02
4.840000000000000000e+02
4.800000000000000000e+02
4.880000000000000000e+02
4.840000000000000000e+02
4.880000000000000000e+02
5.360000000000000000e+02
4.840000000000000000e+02
4.920000000000000000e+02
5.080000000000000000e+02
5.080000000000000000e+02
4.960000000000000000e+02
4.840000000000000000e+02
5.440000000000000000e+02
4.920000000000000000e+02
4.880000000000000000e+02
4.880000000000000000e+02
4.800000000000000000e+02
4.840000000000000000e+02
4.840000000000000000e+02
4.840000000000000000e+02
4.840000000000000000e+02
4.880000000000000000e+02
4.840000000000000000e+02
5.320000000000000000e+02
5.280000000000000000e+02
5.240000000000000000e+02
5.160000000000000000e+02
5.280000000000000000e+02
5.360000000000000000e+02
5.960000000000000000e+02
6.000000000000000000e+02
5.360000000000000000e+02
5.400000000000000000e+02
5.230000000000000000e+02
5.160000000000000000e+02
5.200000000000000000e+02
5.320000000000000000e+02
4.840000000000000000e+02
4.880000000000000000e+02
4.840000000000000000e+02
4.840000000000000000e+02
4.840000000000000000e+02
4.840000000000000000e+02
4.840000000000000000e+02
4.840000000000000000e+02
4.880000000000000000e+02
4.880000000000000000e+02
4.760000000000000000e+02
5.320000000000000000e+02
4.960000000000000000e+02
4.960000000000000000e+02
4.880000000000000000e+02
4.920000000000000000e+02
4.920000000000000000e+02
5.360000000000000000e+02
5.200000000000000000e+02
4.880000000000000000e+02
4.880000000000000000e+02
4.840000000000000000e+02
4.840000000000000000e+02
4.880000000000000000e+02
4.840000000000000000e+02
4.840000000000000000e+02
4.840000000000000000e+02
4.760000000000000000e+02
4.786666666666666856e+02
5.200000000000000000e+02
5.160000000000000000e+02
5.160000000000000000e+02
5.200000000000000000e+02
5.440000000000000000e+02
5.440000000000000000e+02
5.360000000000000000e+02
5.440000000000000000e+02
5.520000000000000000e+02
5.200000000000000000e+02
5.130000000000000000e+02
5.080000000000000000e+02
4.960000000000000000e+02
4.800000000000000000e+02
4.840000000000000000e+02
4.800000000000000000e+02
4.840000000000000000e+02
4.840000000000000000e+02
4.920000000000000000e+02
4.850000000000000000e+02
4.920000000000000000e+02
5.160000000000000000e+02
5.090000000000000000e+02
5.040000000000000000e+02
4.986666666666666856e+02
4.960000000000000000e+02
4.880000000000000000e+02
4.880000000000000000e+02
4.960000000000000000e+02
4.960000000000000000e+02
4.920000000000000000e+02
4.920000000000000000e+02
4.946666666666666856e+02
5.280000000000000000e+02
5.260000000000000000e+02
5.000000000000000000e+02
4.880000000000000000e+02
4.840000000000000000e+02
4.800000000000000000e+02
4.800000000000000000e+02
4.800000000000000000e+02
4.800000000000000000e+02
4.880000000000000000e+02
4.960000000000000000e+02
5.400000000000000000e+02
5.266666666666666288e+02
5.280000000000000000e+02
5.240000000000000000e+02
5.720000000000000000e+02
5.820000000000000000e+02
5.160000000000000000e+02
5.080000000000000000e+02
5.600000000000000000e+02
4.880000000000000000e+02
4.840000000000000000e+02
4.800000000000000000e+02
4.800000000000000000e+02
4.870000000000000000e+02
4.880000000000000000e+02
4.840000000000000000e+02
4.840000000000000000e+02
5.200000000000000000e+02
5.160000000000000000e+02
4.920000000000000000e+02
4.880000000000000000e+02
4.880000000000000000e+02
5.040000000000000000e+02
5.000000000000000000e+02
4.960000000000000000e+02
5.120000000000000000e+02
5.080000000000000000e+02
5.120000000000000000e+02
4.860000000000000000e+02
4.960000000000000000e+02
4.880000000000000000e+02
4.920000000000000000e+02
4.920000000000000000e+02
5.000000000000000000e+02
4.800000000000000000e+02
4.840000000000000000e+02
4.840000000000000000e+02
4.840000000000000000e+02
4.840000000000000000e+02
5.360000000000000000e+02
5.360000000000000000e+02
5.320000000000000000e+02
5.320000000000000000e+02
5.400000000000000000e+02
5.760000000000000000e+02
5.800000000000000000e+02
5.640000000000000000e+02
6.280000000000000000e+02
5.933333333333333712e+02
5.430000000000000000e+02
5.360000000000000000e+02
5.360000000000000000e+02
5.280000000000000000e+02
5.880000000000000000e+02
5.160000000000000000e+02
5.160000000000000000e+02
5.240000000000000000e+02
4.800000000000000000e+02
4.880000000000000000e+02
4.866666666666666856e+02
5.640000000000000000e+02
5.040000000000000000e+02
5.260000000000000000e+02
4.770000000000000000e+02
4.880000000000000000e+02
5.080000000000000000e+02
5.160000000000000000e+02
5.026666666666666856e+02
7.480000000000000000e+02
4.920000000000000000e+02
4.840000000000000000e+02
5.546666666666666288e+02
5.520000000000000000e+02
5.560000000000000000e+02
4.920000000000000000e+02
4.880000000000000000e+02
5.600000000000000000e+02
5.720000000000000000e+02
5.040000000000000000e+02
5.000000000000000000e+02
5.360000000000000000e+02
5.320000000000000000e+02
5.280000000000000000e+02
5.400000000000000000e+02
5.426666666666666288e+02
5.920000000000000000e+02
6.120000000000000000e+02
6.120000000000000000e+02
5.720000000000000000e+02
5.770000000000000000e+02
5.920000000000000000e+02
6.040000000000000000e+02
6.040000000000000000e+02
5.880000000000000000e+02
5.880000000000000000e+02
4.920000000000000000e+02
4.880000000000000000e+02
5.760000000000000000e+02
5.760000000000000000e+02
5.720000000000000000e+02
4.900000000000000000e+02
5.520000000000000000e+02
5.400000000000000000e+02
5.440000000000000000e+02
5.400000000000000000e+02
4.920000000000000000e+02
5.460000000000000000e+02
4.840000000000000000e+02
4.880000000000000000e+02
4.880000000000000000e+02
4.840000000000000000e+02
4.880000000000000000e+02
4.893333333333333144e+02
5.160000000000000000e+02
5.480000000000000000e+02
5.360000000000000000e+02
5.200000000000000000e+02
4.960000000000000000e+02
5.040000000000000000e+02
5.800000000000000000e+02
5.490000000000000000e+02
5.410000000000000000e+02
5.000000000000000000e+02
4.800000000000000000e+02
5.860000000000000000e+02
5.960000000000000000e+02
5.880000000000000000e+02
5.760000000000000000e+02
5.920000000000000000e+02
4.760000000000000000e+02
5.560000000000000000e+02
5.840000000000000000e+02
5.690000000000000000e+02
5.680000000000000000e+02
4.920000000000000000e+02
4.960000000000000000e+02
4.880000000000000000e+02
4.960000000000000000e+02
5.040000000000000000e+02
5.120000000000000000e+02
5.000000000000000000e+02
4.960000000000000000e+02
4.920000000000000000e+02
5.693333333333333712e+02
5.720000000000000000e+02
4.960000000000000000e+02
5.000000000000000000e+02
5.440000000000000000e+02
5.480000000000000000e+02
4.800000000000000000e+02
4.800000000000000000e+02
4.840000000000000000e+02
5.280000000000000000e+02
5.280000000000000000e+02
4.920000000000000000e+02
4.960000000000000000e+02
5.000000000000000000e+02
5.040000000000000000e+02
5.760000000000000000e+02
5.680000000000000000e+02
5.680000000000000000e+02
5.733333333333333712e+02
5.866666666666666288e+02
5.400000000000000000e+02
5.360000000000000000e+02
5.120000000000000000e+02
4.920000000000000000e+02
4.880000000000000000e+02
5.560000000000000000e+02
5.560000000000000000e+02
5.580000000000000000e+02
5.480000000000000000e+02
5.480000000000000000e+02
5.240000000000000000e+02
5.040000000000000000e+02
5.080000000000000000e+02
5.040000000000000000e+02
5.053333333333333144e+02
5.010000000000000000e+02
5.000000000000000000e+02
5.800000000000000000e+02
5.280000000000000000e+02
5.266666666666666288e+02
5.610000000000000000e+02
5.680000000000000000e+02
5.666666666666666288e+02
5.040000000000000000e+02
5.000000000000000000e+02
4.920000000000000000e+02
5.480000000000000000e+02
5.160000000000000000e+02
5.000000000000000000e+02
4.880000000000000000e+02
