5.960000000000000000e+02
5.880000000000000000e+02
5.960000000000000000e+02
6.000000000000000000e+02
5.240000000000000000e+02
5.120000000000000000e+02
5.040000000000000000e+02
5.520000000000000000e+02
7.546666666666666288e+02
5.600000000000000000e+02
5.640000000000000000e+02
5.760000000000000000e+02
5.040000000000000000e+02
5.040000000000000000e+02
4.920000000000000000e+02
4.960000000000000000e+02
5.000000000000000000e+02
5.000000000000000000e+02
4.946666666666666856e+02
4.980000000000000000e+02
5.760000000000000000e+02
5.680000000000000000e+02
5.720000000000000000e+02
5.746666666666666288e+02
5.480000000000000000e+02
5.066666666666666856e+02
5.040000000000000000e+02
5.186666666666666288e+02
5.600000000000000000e+02
5.960000000000000000e+02
5.880000000000000000e+02
6.040000000000000000e+02
5.910000000000000000e+02
5.760000000000000000e+02
5.660000000000000000e+02
5.600000000000000000e+02
5.600000000000000000e+02
5.000000000000000000e+02
5.080000000000000000e+02
5.120000000000000000e+02
5.770000000000000000e+02
5.840000000000000000e+02
5.040000000000000000e+02
5.000000000000000000e+02
5.000000000000000000e+02
5.040000000000000000e+02
4.960000000000000000e+02
5.000000000000000000e+02
5.040000000000000000e+02
4.960000000000000000e+02
5.000000000000000000e+02
5.480000000000000000e+02
5.010000000000000000e+02
5.000000000000000000e+02
5.100000000000000000e+02
4.920000000000000000e+02
5.080000000000000000e+02
5.200000000000000000e+02
5.080000000000000000e+02
5.120000000000000000e+02
5.120000000000000000e+02
5.280000000000000000e+02
5.600000000000000000e+02
5.640000000000000000e+02
5.640000000000000000e+02
5.010000000000000000e+02
5.480000000000000000e+02
5.240000000000000000e+02
5.280000000000000000e+02
5.360000000000000000e+02
5.040000000000000000e+02
5.040000000000000000e+02
5.040000000000000000e+02
5.000000000000000000e+02
4.960000000000000000e+02
5.080000000000000000e+02
5.500000000000000000e+02
5.000000000000000000e+02
5.080000000000000000e+02
5.140000000000000000e+02
5.120000000000000000e+02
5.570000000000000000e+02
5.600000000000000000e+02
5.580000000000000000e+02
5.040000000000000000e+02
4.880000000000000000e+02
4.930000000000000000e+02
5.000000000000000000e+02
5.640000000000000000e+02
4.920000000000000000e+02
4.920000000000000000e+02
4.960000000000000000e+02
4.960000000000000000e+02
4.920000000000000000e+02
5.840000000000000000e+02
5.533333333333333712e+02
5.720000000000000000e+02
5.920000000000000000e+02
4.960000000000000000e+02
4.960000000000000000e+02
4.960000000000000000e+02
5.040000000000000000e+02
5.000000000000000000e+02
4.960000000000000000e+02
5.000000000000000000e+02
5.000000000000000000e+02
6.000000000000000000e+02
5.080000000000000000e+02
5.386666666666666288e+02
5.586666666666666288e+02
5.560000000000000000e+02
5.210000000000000000e+02
5.520000000000000000e+02
5.520000000000000000e+02
5.480000000000000000e+02
5.080000000000000000e+02
5.120000000000000000e+02
5.040000000000000000e+02
5.000000000000000000e+02
5.040000000000000000e+02
5.040000000000000000e+02
5.040000000000000000e+02
5.000000000000000000e+02
5.000000000000000000e+02
5.040000000000000000e+02
4.960000000000000000e+02
4.960000000000000000e+02
5.760000000000000000e+02
5.640000000000000000e+02
5.600000000000000000e+02
4.960000000000000000e+02
5.040000000000000000e+02
5.040000000000000000e+02
5.000000000000000000e+02
5.000000000000000000e+02
5.000000000000000000e+02
5.000000000000000000e+02
5.040000000000000000e+02
5.040000000000000000e+02
5.040000000000000000e+02
5.000000000000000000e+02
5.600000000000000000e+02
5.560000000000000000e+02
5.530000000000000000e+02
5.520000000000000000e+02
5.440000000000000000e+02
5.240000000000000000e+02
5.120000000000000000e+02
5.040000000000000000e+02
5.040000000000000000e+02
5.000000000000000000e+02
5.000000000000000000e+02
5.000000000000000000e+02
5.000000000000000000e+02
4.960000000000000000e+02
5.000000000000000000e+02
5.000000000000000000e+02
5.000000000000000000e+02
5.680000000000000000e+02
5.640000000000000000e+02
5.720000000000000000e+02
5.640000000000000000e+02
4.960000000000000000e+02
5.000000000000000000e+02
5.000000000000000000e+02
4.970000000000000000e+02
5.000000000000000000e+02
5.040000000000000000e+02
5.000000000000000000e+02
4.970000000000000000e+02
5.040000000000000000e+02
5.960000000000000000e+02
5.800000000000000000e+02
5.360000000000000000e+02
5.400000000000000000e+02
5.520000000000000000e+02
5.360000000000000000e+02
5.320000000000000000e+02
5.280000000000000000e+02
5.240000000000000000e+02
5.080000000000000000e+02
5.040000000000000000e+02
5.080000000000000000e+02
5.000000000000000000e+02
5.000000000000000000e+02
5.000000000000000000e+02
5.040000000000000000e+02
5.000000000000000000e+02
5.000000000000000000e+02
5.000000000000000000e+02
5.680000000000000000e+02
5.680000000000000000e+02
5.680000000000000000e+02
5.720000000000000000e+02
5.680000000000000000e+02
4.960000000000000000e+02
5.000000000000000000e+02
5.000000000000000000e+02
5.040000000000000000e+02
5.040000000000000000e+02
4.920000000000000000e+02
5.013333333333333144e+02
5.040000000000000000e+02
5.080000000000000000e+02
5.040000000000000000e+02
5.120000000000000000e+02
4.880000000000000000e+02
5.480000000000000000e+02
5.550000000000000000e+02
4.960000000000000000e+02
5.040000000000000000e+02
5.040000000000000000e+02
5.120000000000000000e+02
5.160000000000000000e+02
5.200000000000000000e+02
5.080000000000000000e+02
5.080000000000000000e+02
5.040000000000000000e+02
5.040000000000000000e+02
4.960000000000000000e+02
5.000000000000000000e+02
5.560000000000000000e+02
5.600000000000000000e+02
5.720000000000000000e+02
5.960000000000000000e+02
5.360000000000000000e+02
6.000000000000000000e+02
4.960000000000000000e+02
5.000000000000000000e+02
5.000000000000000000e+02
5.040000000000000000e+02
5.120000000000000000e+02
5.080000000000000000e+02
5.120000000000000000e+02
5.120000000000000000e+02
5.680000000000000000e+02
5.020000000000000000e+02
5.080000000000000000e+02
5.000000000000000000e+02
5.000000000000000000e+02
5.240000000000000000e+02
5.600000000000000000e+02
5.040000000000000000e+02
5.000000000000000000e+02
5.546666666666666288e+02
5.040000000000000000e+02
5.050000000000000000e+02
5.120000000000000000e+02
5.080000000000000000e+02
5.790000000000000000e+02
5.000000000000000000e+02
5.000000000000000000e+02
5.000000000000000000e+02
5.000000000000000000e+02
5.773333333333333712e+02
5.440000000000000000e+02
