5.960000000000000000e+02
5.933333333333333712e+02
6.000000000000000000e+02
5.360000000000000000e+02
5.400000000000000000e+02
5.480000000000000000e+02
4.120000000000000000e+02
4.120000000000000000e+02
5.440000000000000000e+02
5.480000000000000000e+02
5.520000000000000000e+02
5.520000000000000000e+02
5.440000000000000000e+02
5.520000000000000000e+02
5.826666666666666288e+02
7.560000000000000000e+02
7.613333333333333712e+02
4.090000000000000000e+02
5.640000000000000000e+02
5.440000000000000000e+02
5.520000000000000000e+02
5.520000000000000000e+02
5.440000000000000000e+02
5.480000000000000000e+02
4.120000000000000000e+02
5.160000000000000000e+02
5.590000000000000000e+02
5.320000000000000000e+02
5.700000000000000000e+02
5.480000000000000000e+02
5.440000000000000000e+02
6.040000000000000000e+02
6.000000000000000000e+02
5.680000000000000000e+02
5.720000000000000000e+02
5.640000000000000000e+02
5.160000000000000000e+02
5.480000000000000000e+02
5.200000000000000000e+02
5.280000000000000000e+02
5.520000000000000000e+02
5.400000000000000000e+02
5.440000000000000000e+02
5.440000000000000000e+02
5.240000000000000000e+02
5.280000000000000000e+02
6.060000000000000000e+02
6.840000000000000000e+02
6.980000000000000000e+02
7.560000000000000000e+02
7.546666666666666288e+02
6.826666666666666288e+02
5.600000000000000000e+02
5.480000000000000000e+02
5.420000000000000000e+02
5.280000000000000000e+02
5.160000000000000000e+02
5.280000000000000000e+02
5.120000000000000000e+02
5.040000000000000000e+02
5.520000000000000000e+02
5.960000000000000000e+02
5.540000000000000000e+02
5.600000000000000000e+02
5.480000000000000000e+02
5.440000000000000000e+02
5.400000000000000000e+02
5.360000000000000000e+02
4.920000000000000000e+02
5.000000000000000000e+02
4.880000000000000000e+02
5.440000000000000000e+02
5.306666666666666288e+02
5.120000000000000000e+02
5.440000000000000000e+02
5.470000000000000000e+02
5.520000000000000000e+02
5.520000000000000000e+02
5.400000000000000000e+02
5.360000000000000000e+02
5.440000000000000000e+02
5.340000000000000000e+02
5.400000000000000000e+02
5.560000000000000000e+02
5.026666666666666856e+02
5.413333333333333712e+02
5.540000000000000000e+02
5.180000000000000000e+02
5.320000000000000000e+02
5.320000000000000000e+02
5.320000000000000000e+02
5.400000000000000000e+02
5.440000000000000000e+02
5.400000000000000000e+02
5.360000000000000000e+02
5.440000000000000000e+02
5.480000000000000000e+02
5.440000000000000000e+02
5.440000000000000000e+02
4.680000000000000000e+02
5.570000000000000000e+02
4.760000000000000000e+02
5.560000000000000000e+02
5.400000000000000000e+02
5.350000000000000000e+02
5.600000000000000000e+02
5.050000000000000000e+02
5.000000000000000000e+02
5.040000000000000000e+02
4.200000000000000000e+02
4.240000000000000000e+02
5.340000000000000000e+02
5.320000000000000000e+02
6.800000000000000000e+02
5.000000000000000000e+02
4.960000000000000000e+02
4.920000000000000000e+02
4.920000000000000000e+02
4.920000000000000000e+02
4.600000000000000000e+02
5.520000000000000000e+02
4.650000000000000000e+02
5.480000000000000000e+02
5.480000000000000000e+02
5.520000000000000000e+02
5.400000000000000000e+02
5.440000000000000000e+02
5.480000000000000000e+02
5.480000000000000000e+02
5.480000000000000000e+02
5.480000000000000000e+02
5.440000000000000000e+02
5.480000000000000000e+02
5.440000000000000000e+02
4.600000000000000000e+02
5.480000000000000000e+02
4.600000000000000000e+02
7.520000000000000000e+02
4.800000000000000000e+02
4.790000000000000000e+02
4.930000000000000000e+02
5.000000000000000000e+02
4.840000000000000000e+02
4.586666666666666856e+02
4.840000000000000000e+02
4.840000000000000000e+02
5.560000000000000000e+02
5.500000000000000000e+02
4.600000000000000000e+02
4.840000000000000000e+02
4.720000000000000000e+02
4.600000000000000000e+02
4.640000000000000000e+02
4.600000000000000000e+02
5.480000000000000000e+02
5.480000000000000000e+02
5.480000000000000000e+02
5.440000000000000000e+02
5.520000000000000000e+02
5.480000000000000000e+02
5.480000000000000000e+02
5.440000000000000000e+02
5.440000000000000000e+02
5.480000000000000000e+02
5.440000000000000000e+02
5.480000000000000000e+02
5.480000000000000000e+02
4.600000000000000000e+02
4.600000000000000000e+02
5.700000000000000000e+02
5.640000000000000000e+02
4.853333333333333144e+02
4.120000000000000000e+02
4.180000000000000000e+02
4.800000000000000000e+02
5.040000000000000000e+02
4.360000000000000000e+02
4.360000000000000000e+02
4.200000000000000000e+02
4.080000000000000000e+02
4.760000000000000000e+02
5.600000000000000000e+02
5.520000000000000000e+02
5.450000000000000000e+02
5.440000000000000000e+02
5.520000000000000000e+02
5.480000000000000000e+02
5.440000000000000000e+02
5.520000000000000000e+02
5.450000000000000000e+02
5.440000000000000000e+02
5.440000000000000000e+02
5.440000000000000000e+02
5.410000000000000000e+02
5.510000000000000000e+02
5.520000000000000000e+02
5.480000000000000000e+02
4.160000000000000000e+02
5.480000000000000000e+02
4.360000000000000000e+02
7.530000000000000000e+02
5.506666666666666288e+02
4.400000000000000000e+02
4.240000000000000000e+02
4.160000000000000000e+02
4.093333333333333144e+02
4.080000000000000000e+02
4.240000000000000000e+02
4.120000000000000000e+02
4.120000000000000000e+02
4.640000000000000000e+02
4.160000000000000000e+02
4.200000000000000000e+02
4.240000000000000000e+02
4.280000000000000000e+02
5.480000000000000000e+02
4.360000000000000000e+02
5.440000000000000000e+02
5.520000000000000000e+02
4.440000000000000000e+02
4.400000000000000000e+02
5.440000000000000000e+02
5.360000000000000000e+02
5.480000000000000000e+02
5.920000000000000000e+02
4.150000000000000000e+02
5.620000000000000000e+02
4.120000000000000000e+02
4.200000000000000000e+02
5.600000000000000000e+02
4.440000000000000000e+02
4.106666666666666856e+02
5.440000000000000000e+02
4.120000000000000000e+02
4.280000000000000000e+02
4.160000000000000000e+02
4.120000000000000000e+02
4.400000000000000000e+02
4.570000000000000000e+02
7.533333333333333712e+02
4.053333333333333144e+02
4.680000000000000000e+02
4.666666666666666856e+02
4.080000000000000000e+02
4.560000000000000000e+02
4.160000000000000000e+02
4.080000000000000000e+02
4.040000000000000000e+02
4.240000000000000000e+02
4.280000000000000000e+02
4.240000000000000000e+02
4.240000000000000000e+02
4.240000000000000000e+02
5.480000000000000000e+02
5.493333333333333712e+02
4.120000000000000000e+02
