5.560000000000000000e+02
5.520000000000000000e+02
4.240000000000000000e+02
4.200000000000000000e+02
4.200000000000000000e+02
4.320000000000000000e+02
4.240000000000000000e+02
4.150000000000000000e+02
4.280000000000000000e+02
5.460000000000000000e+02
5.470000000000000000e+02
4.360000000000000000e+02
4.480000000000000000e+02
5.453333333333333712e+02
7.460000000000000000e+02
7.480000000000000000e+02
5.020000000000000000e+02
4.240000000000000000e+02
4.890000000000000000e+02
5.480000000000000000e+02
5.440000000000000000e+02
5.520000000000000000e+02
4.533333333333333144e+02
4.240000000000000000e+02
4.160000000000000000e+02
4.190000000000000000e+02
4.320000000000000000e+02
4.560000000000000000e+02
4.180000000000000000e+02
4.200000000000000000e+02
4.240000000000000000e+02
4.200000000000000000e+02
5.600000000000000000e+02
5.533333333333333712e+02
5.480000000000000000e+02
4.200000000000000000e+02
4.240000000000000000e+02
4.560000000000000000e+02
4.370000000000000000e+02
4.360000000000000000e+02
4.160000000000000000e+02
4.080000000000000000e+02
4.140000000000000000e+02
5.533333333333333712e+02
4.560000000000000000e+02
6.900000000000000000e+02
6.050000000000000000e+02
7.586666666666666288e+02
4.080000000000000000e+02
4.093333333333333144e+02
4.940000000000000000e+02
4.080000000000000000e+02
4.160000000000000000e+02
4.240000000000000000e+02
4.200000000000000000e+02
4.190000000000000000e+02
4.520000000000000000e+02
5.440000000000000000e+02
4.440000000000000000e+02
4.360000000000000000e+02
4.280000000000000000e+02
4.320000000000000000e+02
5.480000000000000000e+02
5.520000000000000000e+02
5.480000000000000000e+02
5.480000000000000000e+02
5.480000000000000000e+02
4.280000000000000000e+02
4.440000000000000000e+02
4.300000000000000000e+02
4.440000000000000000e+02
4.560000000000000000e+02
4.680000000000000000e+02
4.160000000000000000e+02
4.160000000000000000e+02
4.080000000000000000e+02
4.040000000000000000e+02
4.680000000000000000e+02
4.700000000000000000e+02
4.120000000000000000e+02
4.160000000000000000e+02
4.160000000000000000e+02
4.800000000000000000e+02
4.040000000000000000e+02
4.120000000000000000e+02
4.160000000000000000e+02
4.160000000000000000e+02
4.240000000000000000e+02
4.373333333333333144e+02
4.410000000000000000e+02
4.240000000000000000e+02
5.520000000000000000e+02
4.146666666666666856e+02
5.480000000000000000e+02
5.480000000000000000e+02
5.490000000000000000e+02
5.480000000000000000e+02
5.480000000000000000e+02
5.480000000000000000e+02
5.490000000000000000e+02
5.490000000000000000e+02
5.520000000000000000e+02
4.400000000000000000e+02
5.480000000000000000e+02
5.470000000000000000e+02
4.120000000000000000e+02
4.120000000000000000e+02
4.040000000000000000e+02
4.080000000000000000e+02
4.840000000000000000e+02
4.120000000000000000e+02
4.040000000000000000e+02
4.200000000000000000e+02
4.160000000000000000e+02
4.120000000000000000e+02
4.160000000000000000e+02
4.040000000000000000e+02
4.640000000000000000e+02
4.600000000000000000e+02
5.560000000000000000e+02
5.480000000000000000e+02
4.700000000000000000e+02
5.480000000000000000e+02
5.520000000000000000e+02
5.400000000000000000e+02
5.440000000000000000e+02
5.480000000000000000e+02
5.480000000000000000e+02
5.480000000000000000e+02
5.480000000000000000e+02
5.480000000000000000e+02
5.440000000000000000e+02
5.440000000000000000e+02
5.480000000000000000e+02
5.520000000000000000e+02
5.440000000000000000e+02
5.480000000000000000e+02
4.520000000000000000e+02
4.680000000000000000e+02
4.120000000000000000e+02
4.200000000000000000e+02
4.200000000000000000e+02
4.200000000000000000e+02
4.200000000000000000e+02
5.160000000000000000e+02
4.160000000000000000e+02
4.160000000000000000e+02
4.160000000000000000e+02
4.120000000000000000e+02
4.840000000000000000e+02
4.810000000000000000e+02
4.986666666666666856e+02
5.490000000000000000e+02
5.520000000000000000e+02
5.480000000000000000e+02
5.440000000000000000e+02
5.520000000000000000e+02
5.440000000000000000e+02
5.440000000000000000e+02
5.440000000000000000e+02
5.440000000000000000e+02
5.480000000000000000e+02
5.440000000000000000e+02
5.480000000000000000e+02
5.480000000000000000e+02
5.480000000000000000e+02
5.480000000000000000e+02
5.440000000000000000e+02
5.493333333333333712e+02
5.440000000000000000e+02
5.560000000000000000e+02
4.170000000000000000e+02
4.360000000000000000e+02
4.390000000000000000e+02
4.300000000000000000e+02
4.560000000000000000e+02
4.160000000000000000e+02
4.200000000000000000e+02
4.320000000000000000e+02
4.280000000000000000e+02
4.200000000000000000e+02
4.160000000000000000e+02
5.560000000000000000e+02
5.920000000000000000e+02
5.400000000000000000e+02
5.480000000000000000e+02
5.560000000000000000e+02
5.506666666666666288e+02
5.520000000000000000e+02
5.480000000000000000e+02
5.440000000000000000e+02
5.400000000000000000e+02
5.440000000000000000e+02
5.400000000000000000e+02
5.400000000000000000e+02
4.880000000000000000e+02
4.920000000000000000e+02
5.600000000000000000e+02
5.480000000000000000e+02
4.920000000000000000e+02
4.930000000000000000e+02
5.520000000000000000e+02
4.540000000000000000e+02
5.666666666666666288e+02
5.240000000000000000e+02
5.320000000000000000e+02
5.426666666666666288e+02
7.493333333333333712e+02
7.470000000000000000e+02
5.640000000000000000e+02
5.613333333333333712e+02
5.400000000000000000e+02
5.640000000000000000e+02
5.120000000000000000e+02
4.240000000000000000e+02
5.480000000000000000e+02
5.440000000000000000e+02
5.880000000000000000e+02
5.560000000000000000e+02
4.870000000000000000e+02
4.880000000000000000e+02
5.480000000000000000e+02
5.830000000000000000e+02
5.680000000000000000e+02
5.520000000000000000e+02
5.560000000000000000e+02
5.520000000000000000e+02
5.480000000000000000e+02
6.733333333333333712e+02
5.240000000000000000e+02
5.490000000000000000e+02
5.440000000000000000e+02
5.360000000000000000e+02
5.200000000000000000e+02
5.720000000000000000e+02
5.610000000000000000e+02
5.373333333333333712e+02
5.546666666666666288e+02
5.640000000000000000e+02
5.640000000000000000e+02
5.720000000000000000e+02
5.680000000000000000e+02
5.640000000000000000e+02
5.640000000000000000e+02
5.720000000000000000e+02
5.613333333333333712e+02
5.280000000000000000e+02
5.400000000000000000e+02
5.360000000000000000e+02
5.266666666666666288e+02
5.580000000000000000e+02
5.200000000000000000e+02
5.120000000000000000e+02
5.880000000000000000e+02
5.630000000000000000e+02
5.733333333333333712e+02
