4.280000000000000000e+02
4.440000000000000000e+02
4.573333333333333144e+02
4.710000000000000000e+02
4.760000000000000000e+02
4.800000000000000000e+02
5.120000000000000000e+02
4.990000000000000000e+02
5.020000000000000000e+02
4.400000000000000000e+02
5.720000000000000000e+02
4.640000000000000000e+02
4.080000000000000000e+02
4.120000000000000000e+02
4.160000000000000000e+02
4.160000000000000000e+02
4.120000000000000000e+02
4.200000000000000000e+02
4.240000000000000000e+02
4.080000000000000000e+02
4.000000000000000000e+02
4.480000000000000000e+02
4.466666666666666856e+02
5.230000000000000000e+02
5.013333333333333144e+02
5.000000000000000000e+02
4.500000000000000000e+02
4.720000000000000000e+02
4.720000000000000000e+02
4.600000000000000000e+02
4.600000000000000000e+02
4.200000000000000000e+02
4.720000000000000000e+02
4.640000000000000000e+02
4.560000000000000000e+02
4.720000000000000000e+02
6.306666666666666288e+02
4.600000000000000000e+02
6.813333333333333712e+02
5.530000000000000000e+02
5.200000000000000000e+02
7.533333333333333712e+02
4.520000000000000000e+02
4.586666666666666856e+02
5.973333333333333712e+02
5.960000000000000000e+02
4.200000000000000000e+02
4.160000000000000000e+02
4.160000000000000000e+02
4.200000000000000000e+02
5.960000000000000000e+02
5.960000000000000000e+02
4.080000000000000000e+02
4.466666666666666856e+02
5.060000000000000000e+02
5.160000000000000000e+02
5.200000000000000000e+02
5.000000000000000000e+02
4.680000000000000000e+02
4.810000000000000000e+02
4.800000000000000000e+02
4.600000000000000000e+02
4.600000000000000000e+02
4.560000000000000000e+02
4.600000000000000000e+02
4.640000000000000000e+02
4.880000000000000000e+02
4.600000000000000000e+02
4.706666666666666856e+02
4.670000000000000000e+02
5.000000000000000000e+02
5.120000000000000000e+02
5.160000000000000000e+02
5.266666666666666288e+02
4.320000000000000000e+02
4.200000000000000000e+02
6.000000000000000000e+02
5.920000000000000000e+02
4.160000000000000000e+02
4.200000000000000000e+02
4.120000000000000000e+02
4.226666666666666856e+02
4.280000000000000000e+02
6.060000000000000000e+02
5.760000000000000000e+02
5.640000000000000000e+02
5.440000000000000000e+02
5.280000000000000000e+02
5.110000000000000000e+02
5.040000000000000000e+02
4.680000000000000000e+02
4.930000000000000000e+02
4.546666666666666856e+02
4.560000000000000000e+02
4.600000000000000000e+02
4.600000000000000000e+02
4.480000000000000000e+02
4.480000000000000000e+02
4.450000000000000000e+02
4.506666666666666856e+02
4.680000000000000000e+02
4.640000000000000000e+02
4.610000000000000000e+02
5.160000000000000000e+02
6.820000000000000000e+02
5.373333333333333712e+02
5.320000000000000000e+02
7.453333333333333712e+02
5.740000000000000000e+02
6.040000000000000000e+02
6.110000000000000000e+02
4.200000000000000000e+02
4.120000000000000000e+02
6.120000000000000000e+02
6.040000000000000000e+02
5.760000000000000000e+02
5.600000000000000000e+02
5.400000000000000000e+02
5.360000000000000000e+02
6.840000000000000000e+02
4.600000000000000000e+02
4.640000000000000000e+02
4.800000000000000000e+02
4.600000000000000000e+02
4.560000000000000000e+02
4.560000000000000000e+02
4.480000000000000000e+02
4.560000000000000000e+02
4.490000000000000000e+02
4.480000000000000000e+02
4.480000000000000000e+02
4.640000000000000000e+02
4.560000000000000000e+02
4.600000000000000000e+02
4.720000000000000000e+02
4.600000000000000000e+02
7.466666666666666288e+02
5.360000000000000000e+02
5.360000000000000000e+02
5.440000000000000000e+02
5.880000000000000000e+02
6.080000000000000000e+02
6.080000000000000000e+02
6.080000000000000000e+02
6.080000000000000000e+02
6.040000000000000000e+02
6.080000000000000000e+02
6.000000000000000000e+02
5.360000000000000000e+02
5.320000000000000000e+02
5.320000000000000000e+02
5.160000000000000000e+02
5.000000000000000000e+02
4.840000000000000000e+02
4.480000000000000000e+02
4.520000000000000000e+02
4.640000000000000000e+02
4.520000000000000000e+02
4.560000000000000000e+02
4.520000000000000000e+02
4.520000000000000000e+02
4.560000000000000000e+02
4.520000000000000000e+02
4.560000000000000000e+02
4.560000000000000000e+02
4.600000000000000000e+02
4.560000000000000000e+02
4.880000000000000000e+02
5.100000000000000000e+02
5.350000000000000000e+02
5.400000000000000000e+02
5.440000000000000000e+02
6.040000000000000000e+02
6.040000000000000000e+02
6.000000000000000000e+02
6.000000000000000000e+02
5.880000000000000000e+02
5.920000000000000000e+02
5.930000000000000000e+02
6.080000000000000000e+02
5.480000000000000000e+02
5.440000000000000000e+02
5.360000000000000000e+02
5.280000000000000000e+02
5.080000000000000000e+02
4.560000000000000000e+02
4.600000000000000000e+02
4.600000000000000000e+02
4.520000000000000000e+02
4.560000000000000000e+02
4.560000000000000000e+02
4.520000000000000000e+02
4.480000000000000000e+02
4.520000000000000000e+02
4.520000000000000000e+02
4.520000000000000000e+02
4.520000000000000000e+02
5.080000000000000000e+02
4.400000000000000000e+02
5.120000000000000000e+02
5.240000000000000000e+02
5.240000000000000000e+02
5.480000000000000000e+02
5.680000000000000000e+02
5.960000000000000000e+02
6.000000000000000000e+02
6.040000000000000000e+02
4.240000000000000000e+02
4.120000000000000000e+02
6.080000000000000000e+02
6.000000000000000000e+02
5.960000000000000000e+02
5.706666666666666288e+02
5.480000000000000000e+02
7.386666666666666288e+02
4.610000000000000000e+02
7.520000000000000000e+02
4.540000000000000000e+02
4.620000000000000000e+02
4.840000000000000000e+02
4.680000000000000000e+02
4.560000000000000000e+02
4.480000000000000000e+02
4.520000000000000000e+02
4.520000000000000000e+02
4.560000000000000000e+02
4.600000000000000000e+02
4.560000000000000000e+02
4.500000000000000000e+02
4.580000000000000000e+02
5.230000000000000000e+02
4.946666666666666856e+02
5.440000000000000000e+02
5.400000000000000000e+02
5.440000000000000000e+02
5.453333333333333712e+02
5.680000000000000000e+02
4.120000000000000000e+02
6.013333333333333712e+02
4.080000000000000000e+02
4.160000000000000000e+02
4.120000000000000000e+02
5.680000000000000000e+02
5.720000000000000000e+02
4.066666666666666856e+02
5.440000000000000000e+02
5.400000000000000000e+02
5.280000000000000000e+02
4.760000000000000000e+02
4.880000000000000000e+02
4.760000000000000000e+02
4.640000000000000000e+02
4.520000000000000000e+02
4.600000000000000000e+02
4.640000000000000000e+02
4.560000000000000000e+02
