5.560000000000000000e+02
5.520000000000000000e+02
4.280000000000000000e+02
4.170000000000000000e+02
4.240000000000000000e+02
4.270000000000000000e+02
4.240000000000000000e+02
5.510000000000000000e+02
4.210000000000000000e+02
4.340000000000000000e+02
4.280000000000000000e+02
4.360000000000000000e+02
5.480000000000000000e+02
5.440000000000000000e+02
7.460000000000000000e+02
4.400000000000000000e+02
5.000000000000000000e+02
7.560000000000000000e+02
4.890000000000000000e+02
5.480000000000000000e+02
5.440000000000000000e+02
5.520000000000000000e+02
5.210000000000000000e+02
4.240000000000000000e+02
4.200000000000000000e+02
4.080000000000000000e+02
4.320000000000000000e+02
4.560000000000000000e+02
4.160000000000000000e+02
4.200000000000000000e+02
4.200000000000000000e+02
4.200000000000000000e+02
5.640000000000000000e+02
5.480000000000000000e+02
5.480000000000000000e+02
4.240000000000000000e+02
4.240000000000000000e+02
4.320000000000000000e+02
4.400000000000000000e+02
4.360000000000000000e+02
4.160000000000000000e+02
4.050000000000000000e+02
4.120000000000000000e+02
4.140000000000000000e+02
4.506666666666666856e+02
7.440000000000000000e+02
6.906666666666666288e+02
7.510000000000000000e+02
4.080000000000000000e+02
4.093333333333333144e+02
5.420000000000000000e+02
4.120000000000000000e+02
4.160000000000000000e+02
4.240000000000000000e+02
4.240000000000000000e+02
4.120000000000000000e+02
4.560000000000000000e+02
5.400000000000000000e+02
4.440000000000000000e+02
4.410000000000000000e+02
4.320000000000000000e+02
4.320000000000000000e+02
5.480000000000000000e+02
5.560000000000000000e+02
5.440000000000000000e+02
5.480000000000000000e+02
5.440000000000000000e+02
4.280000000000000000e+02
4.340000000000000000e+02
4.080000000000000000e+02
4.400000000000000000e+02
4.520000000000000000e+02
4.590000000000000000e+02
4.160000000000000000e+02
4.160000000000000000e+02
4.120000000000000000e+02
4.040000000000000000e+02
4.680000000000000000e+02
4.120000000000000000e+02
4.160000000000000000e+02
4.160000000000000000e+02
4.160000000000000000e+02
4.760000000000000000e+02
4.040000000000000000e+02
4.080000000000000000e+02
4.160000000000000000e+02
4.160000000000000000e+02
4.160000000000000000e+02
4.440000000000000000e+02
4.360000000000000000e+02
4.280000000000000000e+02
5.520000000000000000e+02
4.133333333333333144e+02
5.510000000000000000e+02
5.480000000000000000e+02
5.520000000000000000e+02
5.440000000000000000e+02
5.440000000000000000e+02
5.480000000000000000e+02
5.490000000000000000e+02
5.520000000000000000e+02
5.520000000000000000e+02
5.540000000000000000e+02
5.450000000000000000e+02
4.200000000000000000e+02
4.160000000000000000e+02
4.730000000000000000e+02
4.080000000000000000e+02
4.080000000000000000e+02
4.800000000000000000e+02
4.120000000000000000e+02
4.050000000000000000e+02
4.160000000000000000e+02
4.160000000000000000e+02
4.200000000000000000e+02
4.160000000000000000e+02
4.080000000000000000e+02
4.640000000000000000e+02
4.680000000000000000e+02
5.520000000000000000e+02
5.480000000000000000e+02
5.560000000000000000e+02
5.480000000000000000e+02
5.520000000000000000e+02
5.450000000000000000e+02
5.480000000000000000e+02
5.480000000000000000e+02
5.480000000000000000e+02
5.480000000000000000e+02
5.480000000000000000e+02
5.480000000000000000e+02
5.440000000000000000e+02
5.520000000000000000e+02
5.480000000000000000e+02
5.520000000000000000e+02
5.440000000000000000e+02
5.480000000000000000e+02
4.560000000000000000e+02
4.720000000000000000e+02
4.106666666666666856e+02
4.200000000000000000e+02
4.160000000000000000e+02
4.160000000000000000e+02
4.200000000000000000e+02
5.160000000000000000e+02
4.160000000000000000e+02
4.160000000000000000e+02
4.160000000000000000e+02
4.173333333333333144e+02
4.840000000000000000e+02
5.420000000000000000e+02
4.990000000000000000e+02
5.540000000000000000e+02
5.480000000000000000e+02
5.480000000000000000e+02
5.440000000000000000e+02
5.520000000000000000e+02
5.440000000000000000e+02
5.440000000000000000e+02
5.440000000000000000e+02
5.480000000000000000e+02
5.480000000000000000e+02
5.440000000000000000e+02
5.480000000000000000e+02
5.480000000000000000e+02
5.480000000000000000e+02
5.500000000000000000e+02
5.440000000000000000e+02
4.790000000000000000e+02
5.440000000000000000e+02
5.560000000000000000e+02
4.200000000000000000e+02
4.346666666666666856e+02
4.320000000000000000e+02
4.300000000000000000e+02
4.600000000000000000e+02
4.200000000000000000e+02
4.200000000000000000e+02
4.320000000000000000e+02
4.280000000000000000e+02
4.200000000000000000e+02
4.160000000000000000e+02
5.560000000000000000e+02
5.973333333333333712e+02
5.410000000000000000e+02
5.480000000000000000e+02
5.560000000000000000e+02
5.560000000000000000e+02
5.520000000000000000e+02
5.480000000000000000e+02
5.400000000000000000e+02
5.400000000000000000e+02
5.440000000000000000e+02
5.440000000000000000e+02
5.400000000000000000e+02
4.860000000000000000e+02
4.880000000000000000e+02
5.613333333333333712e+02
5.520000000000000000e+02
4.920000000000000000e+02
5.560000000000000000e+02
5.520000000000000000e+02
7.533333333333333712e+02
5.666666666666666288e+02
5.240000000000000000e+02
5.320000000000000000e+02
6.160000000000000000e+02
7.430000000000000000e+02
7.470000000000000000e+02
5.640000000000000000e+02
5.613333333333333712e+02
5.400000000000000000e+02
5.640000000000000000e+02
5.640000000000000000e+02
4.790000000000000000e+02
5.480000000000000000e+02
4.893333333333333144e+02
5.960000000000000000e+02
5.706666666666666288e+02
4.840000000000000000e+02
4.920000000000000000e+02
5.480000000000000000e+02
5.680000000000000000e+02
5.640000000000000000e+02
5.560000000000000000e+02
5.550000000000000000e+02
5.520000000000000000e+02
5.440000000000000000e+02
5.450000000000000000e+02
5.190000000000000000e+02
5.590000000000000000e+02
5.440000000000000000e+02
5.400000000000000000e+02
5.293333333333333712e+02
5.680000000000000000e+02
5.600000000000000000e+02
5.590000000000000000e+02
4.200000000000000000e+02
5.640000000000000000e+02
5.640000000000000000e+02
5.720000000000000000e+02
5.706666666666666288e+02
5.653333333333333712e+02
5.640000000000000000e+02
5.680000000000000000e+02
5.600000000000000000e+02
5.386666666666666288e+02
5.400000000000000000e+02
5.400000000000000000e+02
5.400000000000000000e+02
5.580000000000000000e+02
5.840000000000000000e+02
5.160000000000000000e+02
6.000000000000000000e+02
5.690000000000000000e+02
5.733333333333333712e+02
