4.280000000000000000e+02
4.440000000000000000e+02
4.600000000000000000e+02
4.710000000000000000e+02
4.720000000000000000e+02
4.800000000000000000e+02
5.093333333333333144e+02
5.000000000000000000e+02
5.026666666666666856e+02
4.400000000000000000e+02
5.720000000000000000e+02
4.640000000000000000e+02
4.080000000000000000e+02
4.160000000000000000e+02
4.160000000000000000e+02
4.160000000000000000e+02
4.120000000000000000e+02
4.200000000000000000e+02
4.240000000000000000e+02
4.080000000000000000e+02
4.010000000000000000e+02
4.520000000000000000e+02
4.480000000000000000e+02
5.230000000000000000e+02
5.013333333333333144e+02
5.000000000000000000e+02
4.800000000000000000e+02
4.680000000000000000e+02
4.760000000000000000e+02
4.640000000000000000e+02
4.600000000000000000e+02
4.680000000000000000e+02
4.720000000000000000e+02
4.640000000000000000e+02
4.600000000000000000e+02
4.600000000000000000e+02
5.170000000000000000e+02
4.620000000000000000e+02
5.573333333333333712e+02
7.226666666666666288e+02
5.160000000000000000e+02
4.520000000000000000e+02
4.520000000000000000e+02
4.000000000000000000e+02
5.933333333333333712e+02
6.000000000000000000e+02
4.200000000000000000e+02
4.160000000000000000e+02
4.160000000000000000e+02
4.200000000000000000e+02
5.960000000000000000e+02
5.960000000000000000e+02
4.040000000000000000e+02
4.510000000000000000e+02
4.440000000000000000e+02
5.120000000000000000e+02
5.120000000000000000e+02
4.960000000000000000e+02
4.560000000000000000e+02
4.906666666666666856e+02
4.810000000000000000e+02
4.600000000000000000e+02
4.640000000000000000e+02
4.520000000000000000e+02
4.600000000000000000e+02
4.680000000000000000e+02
4.840000000000000000e+02
4.600000000000000000e+02
4.800000000000000000e+02
7.500000000000000000e+02
5.040000000000000000e+02
5.160000000000000000e+02
5.160000000000000000e+02
5.160000000000000000e+02
4.320000000000000000e+02
4.200000000000000000e+02
4.160000000000000000e+02
5.960000000000000000e+02
4.200000000000000000e+02
4.200000000000000000e+02
4.120000000000000000e+02
4.173333333333333144e+02
4.280000000000000000e+02
6.040000000000000000e+02
5.960000000000000000e+02
5.440000000000000000e+02
5.400000000000000000e+02
5.280000000000000000e+02
5.090000000000000000e+02
5.040000000000000000e+02
4.640000000000000000e+02
4.920000000000000000e+02
4.720000000000000000e+02
4.520000000000000000e+02
4.600000000000000000e+02
4.560000000000000000e+02
4.480000000000000000e+02
4.480000000000000000e+02
4.480000000000000000e+02
4.560000000000000000e+02
4.640000000000000000e+02
4.640000000000000000e+02
4.560000000000000000e+02
5.100000000000000000e+02
7.413333333333333712e+02
5.280000000000000000e+02
5.320000000000000000e+02
7.453333333333333712e+02
5.880000000000000000e+02
6.000000000000000000e+02
6.173333333333333712e+02
4.160000000000000000e+02
4.160000000000000000e+02
6.120000000000000000e+02
6.080000000000000000e+02
5.760000000000000000e+02
5.640000000000000000e+02
5.400000000000000000e+02
5.360000000000000000e+02
6.693333333333333712e+02
7.253333333333333712e+02
4.670000000000000000e+02
4.800000000000000000e+02
4.600000000000000000e+02
4.560000000000000000e+02
4.560000000000000000e+02
4.480000000000000000e+02
4.560000000000000000e+02
4.480000000000000000e+02
4.520000000000000000e+02
4.480000000000000000e+02
4.640000000000000000e+02
4.560000000000000000e+02
4.600000000000000000e+02
4.720000000000000000e+02
4.720000000000000000e+02
7.493333333333333712e+02
5.320000000000000000e+02
5.360000000000000000e+02
5.480000000000000000e+02
5.800000000000000000e+02
6.080000000000000000e+02
6.080000000000000000e+02
6.080000000000000000e+02
6.040000000000000000e+02
6.080000000000000000e+02
6.120000000000000000e+02
6.000000000000000000e+02
5.360000000000000000e+02
5.320000000000000000e+02
5.320000000000000000e+02
5.240000000000000000e+02
4.760000000000000000e+02
4.880000000000000000e+02
4.520000000000000000e+02
4.560000000000000000e+02
4.640000000000000000e+02
4.520000000000000000e+02
4.560000000000000000e+02
4.520000000000000000e+02
4.520000000000000000e+02
4.520000000000000000e+02
4.520000000000000000e+02
4.560000000000000000e+02
4.560000000000000000e+02
4.600000000000000000e+02
4.600000000000000000e+02
4.920000000000000000e+02
5.240000000000000000e+02
5.280000000000000000e+02
5.320000000000000000e+02
5.400000000000000000e+02
6.000000000000000000e+02
6.040000000000000000e+02
6.000000000000000000e+02
5.960000000000000000e+02
5.880000000000000000e+02
5.920000000000000000e+02
6.120000000000000000e+02
6.080000000000000000e+02
5.450000000000000000e+02
5.480000000000000000e+02
5.360000000000000000e+02
5.200000000000000000e+02
4.760000000000000000e+02
4.560000000000000000e+02
4.560000000000000000e+02
4.600000000000000000e+02
4.560000000000000000e+02
4.520000000000000000e+02
4.560000000000000000e+02
4.520000000000000000e+02
4.520000000000000000e+02
4.520000000000000000e+02
4.520000000000000000e+02
4.900000000000000000e+02
4.510000000000000000e+02
4.480000000000000000e+02
4.420000000000000000e+02
5.160000000000000000e+02
5.200000000000000000e+02
5.280000000000000000e+02
5.480000000000000000e+02
5.680000000000000000e+02
5.960000000000000000e+02
5.960000000000000000e+02
6.040000000000000000e+02
4.240000000000000000e+02
4.120000000000000000e+02
6.040000000000000000e+02
6.040000000000000000e+02
5.960000000000000000e+02
5.520000000000000000e+02
5.480000000000000000e+02
5.100000000000000000e+02
4.430000000000000000e+02
5.506666666666666288e+02
4.640000000000000000e+02
4.990000000000000000e+02
4.840000000000000000e+02
4.640000000000000000e+02
4.560000000000000000e+02
4.480000000000000000e+02
4.480000000000000000e+02
4.520000000000000000e+02
4.560000000000000000e+02
4.600000000000000000e+02
4.560000000000000000e+02
4.500000000000000000e+02
4.560000000000000000e+02
4.506666666666666856e+02
5.070000000000000000e+02
5.440000000000000000e+02
5.440000000000000000e+02
5.440000000000000000e+02
5.660000000000000000e+02
5.680000000000000000e+02
6.040000000000000000e+02
6.040000000000000000e+02
6.026666666666666288e+02
4.160000000000000000e+02
4.120000000000000000e+02
5.680000000000000000e+02
5.680000000000000000e+02
4.030000000000000000e+02
5.400000000000000000e+02
5.360000000000000000e+02
5.280000000000000000e+02
5.270000000000000000e+02
4.920000000000000000e+02
4.760000000000000000e+02
4.640000000000000000e+02
4.520000000000000000e+02
4.560000000000000000e+02
4.600000000000000000e+02
4.560000000000000000e+02
