4.280000000000000000e+02
4.440000000000000000e+02
4.620000000000000000e+02
4.693333333333333144e+02
4.720000000000000000e+02
4.800000000000000000e+02
5.130000000000000000e+02
5.040000000000000000e+02
5.000000000000000000e+02
4.400000000000000000e+02
5.720000000000000000e+02
4.640000000000000000e+02
4.080000000000000000e+02
4.170000000000000000e+02
4.160000000000000000e+02
4.160000000000000000e+02
4.120000000000000000e+02
4.180000000000000000e+02
4.240000000000000000e+02
4.080000000000000000e+02
4.600000000000000000e+02
4.520000000000000000e+02
4.480000000000000000e+02
4.860000000000000000e+02
5.080000000000000000e+02
5.000000000000000000e+02
4.500000000000000000e+02
4.640000000000000000e+02
4.720000000000000000e+02
4.600000000000000000e+02
4.600000000000000000e+02
4.170000000000000000e+02
4.680000000000000000e+02
4.640000000000000000e+02
4.560000000000000000e+02
4.720000000000000000e+02
5.120000000000000000e+02
4.620000000000000000e+02
7.146666666666666288e+02
4.770000000000000000e+02
5.160000000000000000e+02
5.186666666666666288e+02
4.520000000000000000e+02
4.586666666666666856e+02
5.933333333333333712e+02
5.960000000000000000e+02
4.213333333333333144e+02
4.120000000000000000e+02
4.186666666666666856e+02
4.200000000000000000e+02
5.920000000000000000e+02
5.960000000000000000e+02
4.080000000000000000e+02
4.130000000000000000e+02
4.440000000000000000e+02
5.120000000000000000e+02
5.160000000000000000e+02
5.000000000000000000e+02
4.520000000000000000e+02
4.906666666666666856e+02
4.800000000000000000e+02
4.710000000000000000e+02
4.600000000000000000e+02
4.560000000000000000e+02
4.600000000000000000e+02
4.680000000000000000e+02
4.786666666666666856e+02
4.586666666666666856e+02
4.800000000000000000e+02
7.533333333333333712e+02
5.000000000000000000e+02
5.180000000000000000e+02
5.160000000000000000e+02
5.266666666666666288e+02
4.320000000000000000e+02
4.160000000000000000e+02
5.970000000000000000e+02
5.960000000000000000e+02
4.200000000000000000e+02
4.160000000000000000e+02
4.160000000000000000e+02
4.240000000000000000e+02
4.240000000000000000e+02
6.040000000000000000e+02
5.740000000000000000e+02
5.440000000000000000e+02
5.400000000000000000e+02
5.280000000000000000e+02
5.090000000000000000e+02
5.040000000000000000e+02
4.640000000000000000e+02
4.950000000000000000e+02
4.546666666666666856e+02
4.520000000000000000e+02
4.600000000000000000e+02
4.560000000000000000e+02
4.480000000000000000e+02
4.480000000000000000e+02
4.480000000000000000e+02
4.560000000000000000e+02
4.640000000000000000e+02
4.640000000000000000e+02
4.610000000000000000e+02
5.160000000000000000e+02
7.413333333333333712e+02
5.390000000000000000e+02
5.290000000000000000e+02
4.500000000000000000e+02
5.933333333333333712e+02
6.040000000000000000e+02
6.120000000000000000e+02
4.160000000000000000e+02
4.160000000000000000e+02
6.120000000000000000e+02
6.080000000000000000e+02
5.760000000000000000e+02
5.680000000000000000e+02
5.400000000000000000e+02
5.360000000000000000e+02
6.900000000000000000e+02
4.600000000000000000e+02
4.640000000000000000e+02
4.800000000000000000e+02
4.600000000000000000e+02
4.560000000000000000e+02
4.560000000000000000e+02
4.480000000000000000e+02
4.560000000000000000e+02
4.520000000000000000e+02
4.560000000000000000e+02
4.480000000000000000e+02
4.640000000000000000e+02
4.580000000000000000e+02
4.600000000000000000e+02
4.640000000000000000e+02
4.720000000000000000e+02
5.986666666666666288e+02
5.320000000000000000e+02
5.330000000000000000e+02
5.480000000000000000e+02
5.800000000000000000e+02
6.040000000000000000e+02
6.080000000000000000e+02
6.080000000000000000e+02
6.080000000000000000e+02
6.040000000000000000e+02
6.120000000000000000e+02
5.960000000000000000e+02
5.360000000000000000e+02
5.320000000000000000e+02
5.320000000000000000e+02
5.160000000000000000e+02
4.760000000000000000e+02
4.800000000000000000e+02
4.480000000000000000e+02
4.560000000000000000e+02
4.560000000000000000e+02
4.520000000000000000e+02
4.560000000000000000e+02
4.520000000000000000e+02
4.520000000000000000e+02
4.520000000000000000e+02
4.560000000000000000e+02
4.520000000000000000e+02
4.560000000000000000e+02
4.600000000000000000e+02
4.590000000000000000e+02
4.893333333333333144e+02
5.100000000000000000e+02
5.280000000000000000e+02
5.360000000000000000e+02
5.400000000000000000e+02
6.000000000000000000e+02
6.040000000000000000e+02
6.000000000000000000e+02
6.000000000000000000e+02
5.920000000000000000e+02
5.880000000000000000e+02
5.930000000000000000e+02
6.040000000000000000e+02
5.450000000000000000e+02
5.480000000000000000e+02
5.400000000000000000e+02
5.280000000000000000e+02
4.840000000000000000e+02
4.520000000000000000e+02
4.600000000000000000e+02
4.560000000000000000e+02
4.520000000000000000e+02
4.520000000000000000e+02
4.560000000000000000e+02
4.520000000000000000e+02
4.520000000000000000e+02
4.520000000000000000e+02
4.520000000000000000e+02
4.520000000000000000e+02
4.520000000000000000e+02
5.080000000000000000e+02
4.400000000000000000e+02
5.160000000000000000e+02
5.200000000000000000e+02
5.280000000000000000e+02
5.520000000000000000e+02
5.680000000000000000e+02
5.960000000000000000e+02
6.000000000000000000e+02
6.040000000000000000e+02
4.280000000000000000e+02
4.160000000000000000e+02
6.040000000000000000e+02
6.040000000000000000e+02
5.970000000000000000e+02
5.480000000000000000e+02
5.480000000000000000e+02
5.053333333333333144e+02
4.400000000000000000e+02
7.520000000000000000e+02
4.600000000000000000e+02
4.930000000000000000e+02
4.840000000000000000e+02
4.600000000000000000e+02
4.560000000000000000e+02
4.480000000000000000e+02
4.520000000000000000e+02
4.520000000000000000e+02
4.560000000000000000e+02
4.600000000000000000e+02
4.560000000000000000e+02
4.800000000000000000e+02
4.560000000000000000e+02
4.440000000000000000e+02
4.946666666666666856e+02
5.440000000000000000e+02
5.400000000000000000e+02
5.400000000000000000e+02
5.660000000000000000e+02
5.680000000000000000e+02
6.040000000000000000e+02
6.040000000000000000e+02
4.100000000000000000e+02
4.106666666666666856e+02
4.120000000000000000e+02
4.120000000000000000e+02
5.680000000000000000e+02
4.030000000000000000e+02
5.440000000000000000e+02
5.400000000000000000e+02
5.280000000000000000e+02
6.880000000000000000e+02
4.880000000000000000e+02
4.866666666666666856e+02
4.640000000000000000e+02
4.520000000000000000e+02
4.600000000000000000e+02
4.640000000000000000e+02
4.560000000000000000e+02
