5.560000000000000000e+02
5.520000000000000000e+02
4.240000000000000000e+02
4.200000000000000000e+02
4.200000000000000000e+02
4.360000000000000000e+02
4.290000000000000000e+02
5.480000000000000000e+02
4.210000000000000000e+02
5.440000000000000000e+02
4.260000000000000000e+02
4.306666666666666856e+02
4.440000000000000000e+02
5.430000000000000000e+02
6.546666666666666288e+02
4.400000000000000000e+02
7.420000000000000000e+02
4.240000000000000000e+02
5.480000000000000000e+02
4.440000000000000000e+02
5.410000000000000000e+02
4.390000000000000000e+02
5.450000000000000000e+02
4.240000000000000000e+02
4.160000000000000000e+02
4.080000000000000000e+02
4.360000000000000000e+02
4.460000000000000000e+02
4.160000000000000000e+02
4.200000000000000000e+02
4.200000000000000000e+02
4.200000000000000000e+02
5.640000000000000000e+02
5.480000000000000000e+02
4.240000000000000000e+02
4.200000000000000000e+02
4.200000000000000000e+02
4.560000000000000000e+02
4.400000000000000000e+02
4.320000000000000000e+02
4.160000000000000000e+02
4.040000000000000000e+02
5.426666666666666288e+02
5.540000000000000000e+02
4.520000000000000000e+02
7.440000000000000000e+02
6.050000000000000000e+02
7.586666666666666288e+02
4.080000000000000000e+02
4.760000000000000000e+02
5.440000000000000000e+02
4.120000000000000000e+02
4.160000000000000000e+02
4.240000000000000000e+02
4.240000000000000000e+02
4.120000000000000000e+02
4.573333333333333144e+02
5.400000000000000000e+02
4.440000000000000000e+02
4.410000000000000000e+02
4.320000000000000000e+02
4.320000000000000000e+02
5.480000000000000000e+02
5.520000000000000000e+02
5.440000000000000000e+02
5.480000000000000000e+02
5.440000000000000000e+02
4.280000000000000000e+02
4.480000000000000000e+02
4.300000000000000000e+02
4.440000000000000000e+02
4.520000000000000000e+02
4.680000000000000000e+02
4.110000000000000000e+02
4.160000000000000000e+02
4.120000000000000000e+02
4.040000000000000000e+02
4.680000000000000000e+02
4.700000000000000000e+02
4.160000000000000000e+02
4.160000000000000000e+02
4.200000000000000000e+02
4.133333333333333144e+02
4.040000000000000000e+02
4.080000000000000000e+02
4.160000000000000000e+02
4.160000000000000000e+02
4.240000000000000000e+02
4.480000000000000000e+02
4.410000000000000000e+02
4.240000000000000000e+02
5.520000000000000000e+02
4.146666666666666856e+02
5.480000000000000000e+02
5.480000000000000000e+02
5.490000000000000000e+02
5.480000000000000000e+02
5.440000000000000000e+02
5.440000000000000000e+02
5.520000000000000000e+02
5.520000000000000000e+02
5.520000000000000000e+02
4.400000000000000000e+02
5.450000000000000000e+02
4.173333333333333144e+02
4.160000000000000000e+02
4.720000000000000000e+02
4.080000000000000000e+02
4.080000000000000000e+02
4.826666666666666856e+02
4.120000000000000000e+02
4.050000000000000000e+02
4.160000000000000000e+02
4.120000000000000000e+02
4.200000000000000000e+02
4.160000000000000000e+02
4.040000000000000000e+02
4.640000000000000000e+02
4.640000000000000000e+02
5.480000000000000000e+02
5.520000000000000000e+02
5.560000000000000000e+02
5.480000000000000000e+02
5.520000000000000000e+02
5.450000000000000000e+02
5.480000000000000000e+02
5.480000000000000000e+02
5.450000000000000000e+02
5.480000000000000000e+02
5.480000000000000000e+02
5.480000000000000000e+02
5.440000000000000000e+02
5.520000000000000000e+02
5.480000000000000000e+02
5.520000000000000000e+02
5.440000000000000000e+02
5.480000000000000000e+02
4.520000000000000000e+02
4.680000000000000000e+02
4.106666666666666856e+02
4.200000000000000000e+02
4.160000000000000000e+02
4.200000000000000000e+02
4.240000000000000000e+02
4.200000000000000000e+02
4.160000000000000000e+02
4.160000000000000000e+02
4.160000000000000000e+02
4.160000000000000000e+02
4.840000000000000000e+02
4.810000000000000000e+02
4.986666666666666856e+02
5.540000000000000000e+02
5.520000000000000000e+02
5.480000000000000000e+02
5.440000000000000000e+02
5.520000000000000000e+02
5.440000000000000000e+02
5.440000000000000000e+02
5.440000000000000000e+02
5.440000000000000000e+02
5.440000000000000000e+02
5.440000000000000000e+02
5.520000000000000000e+02
5.480000000000000000e+02
5.480000000000000000e+02
5.520000000000000000e+02
5.440000000000000000e+02
4.760000000000000000e+02
5.480000000000000000e+02
5.560000000000000000e+02
4.893333333333333144e+02
4.360000000000000000e+02
4.333333333333333144e+02
4.306666666666666856e+02
4.460000000000000000e+02
4.160000000000000000e+02
4.200000000000000000e+02
4.280000000000000000e+02
4.280000000000000000e+02
4.200000000000000000e+02
4.160000000000000000e+02
5.520000000000000000e+02
5.580000000000000000e+02
5.440000000000000000e+02
5.480000000000000000e+02
5.560000000000000000e+02
5.560000000000000000e+02
5.520000000000000000e+02
5.440000000000000000e+02
5.400000000000000000e+02
5.400000000000000000e+02
5.440000000000000000e+02
5.440000000000000000e+02
5.400000000000000000e+02
4.880000000000000000e+02
4.880000000000000000e+02
5.600000000000000000e+02
5.480000000000000000e+02
4.920000000000000000e+02
4.930000000000000000e+02
5.520000000000000000e+02
4.540000000000000000e+02
5.570000000000000000e+02
5.240000000000000000e+02
5.320000000000000000e+02
5.426666666666666288e+02
7.510000000000000000e+02
7.470000000000000000e+02
5.640000000000000000e+02
5.640000000000000000e+02
5.480000000000000000e+02
5.640000000000000000e+02
5.640000000000000000e+02
4.280000000000000000e+02
5.570000000000000000e+02
4.920000000000000000e+02
5.893333333333333712e+02
5.560000000000000000e+02
4.800000000000000000e+02
4.880000000000000000e+02
5.440000000000000000e+02
5.720000000000000000e+02
5.640000000000000000e+02
5.620000000000000000e+02
5.560000000000000000e+02
5.480000000000000000e+02
5.550000000000000000e+02
5.450000000000000000e+02
5.160000000000000000e+02
5.586666666666666288e+02
5.440000000000000000e+02
5.400000000000000000e+02
5.346666666666666288e+02
5.680000000000000000e+02
5.610000000000000000e+02
5.373333333333333712e+02
4.220000000000000000e+02
5.640000000000000000e+02
5.680000000000000000e+02
5.720000000000000000e+02
5.650000000000000000e+02
5.810000000000000000e+02
5.680000000000000000e+02
5.680000000000000000e+02
5.600000000000000000e+02
5.280000000000000000e+02
5.360000000000000000e+02
5.400000000000000000e+02
5.720000000000000000e+02
5.580000000000000000e+02
5.920000000000000000e+02
5.120000000000000000e+02
6.000000000000000000e+02
5.600000000000000000e+02
5.760000000000000000e+02
