5.530000000000000000e+02
5.520000000000000000e+02
5.510000000000000000e+02
4.170000000000000000e+02
4.200000000000000000e+02
4.320000000000000000e+02
4.290000000000000000e+02
4.150000000000000000e+02
4.240000000000000000e+02
5.440000000000000000e+02
4.260000000000000000e+02
4.360000000000000000e+02
4.440000000000000000e+02
5.440000000000000000e+02
7.460000000000000000e+02
4.400000000000000000e+02
4.410000000000000000e+02
4.260000000000000000e+02
4.890000000000000000e+02
5.480000000000000000e+02
5.440000000000000000e+02
5.520000000000000000e+02
5.450000000000000000e+02
4.280000000000000000e+02
4.200000000000000000e+02
4.190000000000000000e+02
4.400000000000000000e+02
4.560000000000000000e+02
4.160000000000000000e+02
4.200000000000000000e+02
4.200000000000000000e+02
4.200000000000000000e+02
5.640000000000000000e+02
5.480000000000000000e+02
4.240000000000000000e+02
4.200000000000000000e+02
4.200000000000000000e+02
4.580000000000000000e+02
4.370000000000000000e+02
4.360000000000000000e+02
4.160000000000000000e+02
4.080000000000000000e+02
4.140000000000000000e+02
5.533333333333333712e+02
4.520000000000000000e+02
7.440000000000000000e+02
6.906666666666666288e+02
7.506666666666666288e+02
4.706666666666666856e+02
4.750000000000000000e+02
5.440000000000000000e+02
4.120000000000000000e+02
4.160000000000000000e+02
4.240000000000000000e+02
4.240000000000000000e+02
4.120000000000000000e+02
4.520000000000000000e+02
4.520000000000000000e+02
4.440000000000000000e+02
4.360000000000000000e+02
4.320000000000000000e+02
4.320000000000000000e+02
5.480000000000000000e+02
5.520000000000000000e+02
5.440000000000000000e+02
5.480000000000000000e+02
5.440000000000000000e+02
4.306666666666666856e+02
4.340000000000000000e+02
4.040000000000000000e+02
4.440000000000000000e+02
4.560000000000000000e+02
4.680000000000000000e+02
4.160000000000000000e+02
4.120000000000000000e+02
4.120000000000000000e+02
4.040000000000000000e+02
4.680000000000000000e+02
4.120000000000000000e+02
4.160000000000000000e+02
4.160000000000000000e+02
4.160000000000000000e+02
4.800000000000000000e+02
4.040000000000000000e+02
4.120000000000000000e+02
4.160000000000000000e+02
4.120000000000000000e+02
4.240000000000000000e+02
4.480000000000000000e+02
4.360000000000000000e+02
4.280000000000000000e+02
5.480000000000000000e+02
4.146666666666666856e+02
5.480000000000000000e+02
5.440000000000000000e+02
5.480000000000000000e+02
5.440000000000000000e+02
5.440000000000000000e+02
5.480000000000000000e+02
5.520000000000000000e+02
5.520000000000000000e+02
5.520000000000000000e+02
5.540000000000000000e+02
5.480000000000000000e+02
4.173333333333333144e+02
4.160000000000000000e+02
4.720000000000000000e+02
4.080000000000000000e+02
4.080000000000000000e+02
4.810000000000000000e+02
4.120000000000000000e+02
4.040000000000000000e+02
4.160000000000000000e+02
4.160000000000000000e+02
4.200000000000000000e+02
4.160000000000000000e+02
4.040000000000000000e+02
4.640000000000000000e+02
4.640000000000000000e+02
5.520000000000000000e+02
5.480000000000000000e+02
5.520000000000000000e+02
5.500000000000000000e+02
5.520000000000000000e+02
5.400000000000000000e+02
5.440000000000000000e+02
5.480000000000000000e+02
5.480000000000000000e+02
5.480000000000000000e+02
5.480000000000000000e+02
5.480000000000000000e+02
5.440000000000000000e+02
5.480000000000000000e+02
5.480000000000000000e+02
5.560000000000000000e+02
5.440000000000000000e+02
5.480000000000000000e+02
4.520000000000000000e+02
4.640000000000000000e+02
4.106666666666666856e+02
4.160000000000000000e+02
4.160000000000000000e+02
4.160000000000000000e+02
4.200000000000000000e+02
5.160000000000000000e+02
4.160000000000000000e+02
4.160000000000000000e+02
4.130000000000000000e+02
4.120000000000000000e+02
4.840000000000000000e+02
5.420000000000000000e+02
4.986666666666666856e+02
5.560000000000000000e+02
5.480000000000000000e+02
5.480000000000000000e+02
5.440000000000000000e+02
5.520000000000000000e+02
5.480000000000000000e+02
5.440000000000000000e+02
5.440000000000000000e+02
5.440000000000000000e+02
5.440000000000000000e+02
5.480000000000000000e+02
5.520000000000000000e+02
5.480000000000000000e+02
5.480000000000000000e+02
5.520000000000000000e+02
5.440000000000000000e+02
4.780000000000000000e+02
5.480000000000000000e+02
5.546666666666666288e+02
4.893333333333333144e+02
4.346666666666666856e+02
4.360000000000000000e+02
4.320000000000000000e+02
4.600000000000000000e+02
4.120000000000000000e+02
4.200000000000000000e+02
4.253333333333333144e+02
4.280000000000000000e+02
4.200000000000000000e+02
4.200000000000000000e+02
5.560000000000000000e+02
5.973333333333333712e+02
5.400000000000000000e+02
5.480000000000000000e+02
5.540000000000000000e+02
5.466666666666666288e+02
5.520000000000000000e+02
5.480000000000000000e+02
5.440000000000000000e+02
5.400000000000000000e+02
5.440000000000000000e+02
5.400000000000000000e+02
5.400000000000000000e+02
4.880000000000000000e+02
4.880000000000000000e+02
5.600000000000000000e+02
5.560000000000000000e+02
4.920000000000000000e+02
5.560000000000000000e+02
5.480000000000000000e+02
7.140000000000000000e+02
5.570000000000000000e+02
5.240000000000000000e+02
5.320000000000000000e+02
5.480000000000000000e+02
7.493333333333333712e+02
5.820000000000000000e+02
5.640000000000000000e+02
5.586666666666666288e+02
5.400000000000000000e+02
5.460000000000000000e+02
5.660000000000000000e+02
4.790000000000000000e+02
5.570000000000000000e+02
4.920000000000000000e+02
5.880000000000000000e+02
5.520000000000000000e+02
5.600000000000000000e+02
4.880000000000000000e+02
5.480000000000000000e+02
5.760000000000000000e+02
5.640000000000000000e+02
5.520000000000000000e+02
5.550000000000000000e+02
5.520000000000000000e+02
5.480000000000000000e+02
6.733333333333333712e+02
5.160000000000000000e+02
5.590000000000000000e+02
5.400000000000000000e+02
5.450000000000000000e+02
5.266666666666666288e+02
5.760000000000000000e+02
5.600000000000000000e+02
4.173333333333333144e+02
4.200000000000000000e+02
5.640000000000000000e+02
5.640000000000000000e+02
5.760000000000000000e+02
5.640000000000000000e+02
5.640000000000000000e+02
5.640000000000000000e+02
5.600000000000000000e+02
5.600000000000000000e+02
5.280000000000000000e+02
5.400000000000000000e+02
5.293333333333333712e+02
5.400000000000000000e+02
7.453333333333333712e+02
5.840000000000000000e+02
5.120000000000000000e+02
5.980000000000000000e+02
5.750000000000000000e+02
5.640000000000000000e+02
