4.280000000000000000e+02
4.426666666666666856e+02
4.640000000000000000e+02
4.680000000000000000e+02
4.760000000000000000e+02
4.800000000000000000e+02
5.093333333333333144e+02
5.000000000000000000e+02
5.000000000000000000e+02
4.400000000000000000e+02
4.520000000000000000e+02
4.640000000000000000e+02
4.080000000000000000e+02
4.160000000000000000e+02
4.200000000000000000e+02
4.160000000000000000e+02
4.120000000000000000e+02
4.200000000000000000e+02
4.240000000000000000e+02
4.080000000000000000e+02
4.010000000000000000e+02
4.520000000000000000e+02
4.440000000000000000e+02
5.200000000000000000e+02
4.960000000000000000e+02
5.026666666666666856e+02
4.800000000000000000e+02
4.680000000000000000e+02
4.760000000000000000e+02
4.630000000000000000e+02
4.600000000000000000e+02
4.160000000000000000e+02
4.680000000000000000e+02
4.640000000000000000e+02
4.560000000000000000e+02
4.720000000000000000e+02
6.306666666666666288e+02
4.600000000000000000e+02
5.573333333333333712e+02
5.530000000000000000e+02
5.200000000000000000e+02
4.546666666666666856e+02
4.520000000000000000e+02
4.026666666666666856e+02
5.933333333333333712e+02
5.960000000000000000e+02
4.200000000000000000e+02
4.160000000000000000e+02
4.160000000000000000e+02
4.170000000000000000e+02
5.960000000000000000e+02
5.960000000000000000e+02
4.040000000000000000e+02
4.440000000000000000e+02
4.430000000000000000e+02
5.120000000000000000e+02
5.120000000000000000e+02
4.960000000000000000e+02
4.680000000000000000e+02
4.590000000000000000e+02
4.786666666666666856e+02
4.600000000000000000e+02
4.600000000000000000e+02
4.520000000000000000e+02
4.600000000000000000e+02
4.680000000000000000e+02
4.880000000000000000e+02
4.760000000000000000e+02
4.800000000000000000e+02
4.360000000000000000e+02
5.040000000000000000e+02
5.150000000000000000e+02
5.120000000000000000e+02
5.210000000000000000e+02
4.320000000000000000e+02
4.306666666666666856e+02
6.000000000000000000e+02
5.960000000000000000e+02
4.160000000000000000e+02
4.160000000000000000e+02
4.160000000000000000e+02
4.226666666666666856e+02
4.250000000000000000e+02
6.080000000000000000e+02
5.720000000000000000e+02
5.440000000000000000e+02
5.440000000000000000e+02
5.373333333333333712e+02
5.066666666666666856e+02
5.040000000000000000e+02
4.790000000000000000e+02
4.930000000000000000e+02
4.480000000000000000e+02
4.520000000000000000e+02
4.600000000000000000e+02
4.560000000000000000e+02
4.490000000000000000e+02
4.480000000000000000e+02
4.480000000000000000e+02
4.560000000000000000e+02
4.640000000000000000e+02
4.640000000000000000e+02
4.560000000000000000e+02
5.213333333333333712e+02
6.820000000000000000e+02
5.373333333333333712e+02
5.320000000000000000e+02
4.490000000000000000e+02
5.880000000000000000e+02
5.970000000000000000e+02
6.160000000000000000e+02
4.160000000000000000e+02
4.160000000000000000e+02
6.120000000000000000e+02
6.010000000000000000e+02
5.920000000000000000e+02
5.660000000000000000e+02
5.400000000000000000e+02
5.360000000000000000e+02
6.900000000000000000e+02
4.620000000000000000e+02
4.640000000000000000e+02
4.760000000000000000e+02
4.600000000000000000e+02
4.560000000000000000e+02
4.560000000000000000e+02
4.480000000000000000e+02
4.520000000000000000e+02
4.480000000000000000e+02
4.520000000000000000e+02
4.520000000000000000e+02
4.560000000000000000e+02
4.560000000000000000e+02
4.600000000000000000e+02
4.720000000000000000e+02
4.600000000000000000e+02
7.400000000000000000e+02
5.320000000000000000e+02
5.360000000000000000e+02
5.380000000000000000e+02
5.840000000000000000e+02
6.080000000000000000e+02
6.080000000000000000e+02
6.080000000000000000e+02
6.080000000000000000e+02
6.040000000000000000e+02
6.120000000000000000e+02
5.920000000000000000e+02
6.013333333333333712e+02
5.320000000000000000e+02
5.320000000000000000e+02
5.160000000000000000e+02
4.900000000000000000e+02
4.840000000000000000e+02
4.480000000000000000e+02
4.520000000000000000e+02
4.640000000000000000e+02
4.520000000000000000e+02
4.560000000000000000e+02
4.520000000000000000e+02
4.520000000000000000e+02
4.520000000000000000e+02
4.560000000000000000e+02
4.520000000000000000e+02
4.560000000000000000e+02
4.600000000000000000e+02
4.560000000000000000e+02
4.893333333333333144e+02
5.240000000000000000e+02
5.320000000000000000e+02
5.400000000000000000e+02
5.440000000000000000e+02
6.040000000000000000e+02
6.040000000000000000e+02
6.000000000000000000e+02
5.930000000000000000e+02
5.840000000000000000e+02
5.920000000000000000e+02
5.930000000000000000e+02
6.040000000000000000e+02
5.480000000000000000e+02
5.440000000000000000e+02
5.400000000000000000e+02
5.280000000000000000e+02
4.840000000000000000e+02
4.560000000000000000e+02
4.600000000000000000e+02
4.560000000000000000e+02
4.560000000000000000e+02
4.560000000000000000e+02
4.560000000000000000e+02
4.520000000000000000e+02
4.520000000000000000e+02
4.520000000000000000e+02
4.520000000000000000e+02
4.930000000000000000e+02
4.510000000000000000e+02
5.120000000000000000e+02
4.420000000000000000e+02
5.080000000000000000e+02
5.240000000000000000e+02
5.280000000000000000e+02
5.480000000000000000e+02
5.690000000000000000e+02
5.960000000000000000e+02
5.960000000000000000e+02
6.000000000000000000e+02
4.240000000000000000e+02
4.120000000000000000e+02
6.040000000000000000e+02
6.040000000000000000e+02
5.960000000000000000e+02
5.706666666666666288e+02
5.480000000000000000e+02
7.386666666666666288e+02
4.400000000000000000e+02
5.420000000000000000e+02
4.613333333333333144e+02
4.990000000000000000e+02
4.840000000000000000e+02
4.640000000000000000e+02
4.560000000000000000e+02
4.480000000000000000e+02
4.520000000000000000e+02
4.520000000000000000e+02
4.600000000000000000e+02
4.600000000000000000e+02
4.520000000000000000e+02
4.760000000000000000e+02
4.560000000000000000e+02
4.480000000000000000e+02
4.960000000000000000e+02
4.960000000000000000e+02
5.400000000000000000e+02
5.400000000000000000e+02
5.660000000000000000e+02
5.680000000000000000e+02
4.120000000000000000e+02
6.053333333333333712e+02
4.080000000000000000e+02
4.106666666666666856e+02
4.120000000000000000e+02
5.680000000000000000e+02
5.720000000000000000e+02
4.640000000000000000e+02
5.400000000000000000e+02
5.400000000000000000e+02
5.280000000000000000e+02
4.760000000000000000e+02
4.866666666666666856e+02
4.866666666666666856e+02
4.640000000000000000e+02
4.520000000000000000e+02
4.560000000000000000e+02
4.560000000000000000e+02
4.560000000000000000e+02
