5.960000000000000000e+02
5.960000000000000000e+02
5.930000000000000000e+02
5.940000000000000000e+02
5.400000000000000000e+02
5.480000000000000000e+02
4.120000000000000000e+02
4.133333333333333144e+02
5.440000000000000000e+02
5.480000000000000000e+02
5.520000000000000000e+02
5.560000000000000000e+02
5.480000000000000000e+02
5.520000000000000000e+02
4.100000000000000000e+02
7.560000000000000000e+02
7.440000000000000000e+02
5.840000000000000000e+02
5.640000000000000000e+02
5.400000000000000000e+02
5.520000000000000000e+02
5.520000000000000000e+02
5.440000000000000000e+02
5.480000000000000000e+02
4.120000000000000000e+02
5.200000000000000000e+02
5.590000000000000000e+02
5.320000000000000000e+02
5.700000000000000000e+02
5.480000000000000000e+02
5.440000000000000000e+02
6.040000000000000000e+02
6.000000000000000000e+02
5.680000000000000000e+02
5.720000000000000000e+02
7.490000000000000000e+02
5.160000000000000000e+02
5.440000000000000000e+02
5.200000000000000000e+02
5.280000000000000000e+02
5.546666666666666288e+02
5.360000000000000000e+02
5.440000000000000000e+02
5.480000000000000000e+02
5.280000000000000000e+02
5.280000000000000000e+02
6.060000000000000000e+02
6.840000000000000000e+02
6.810000000000000000e+02
5.510000000000000000e+02
7.520000000000000000e+02
5.253333333333333712e+02
5.610000000000000000e+02
5.520000000000000000e+02
5.480000000000000000e+02
5.280000000000000000e+02
5.653333333333333712e+02
5.240000000000000000e+02
5.120000000000000000e+02
5.030000000000000000e+02
5.506666666666666288e+02
5.946666666666666288e+02
5.540000000000000000e+02
5.700000000000000000e+02
5.480000000000000000e+02
5.480000000000000000e+02
5.440000000000000000e+02
5.330000000000000000e+02
4.930000000000000000e+02
5.000000000000000000e+02
4.893333333333333144e+02
5.440000000000000000e+02
5.213333333333333712e+02
5.190000000000000000e+02
5.470000000000000000e+02
5.520000000000000000e+02
5.520000000000000000e+02
5.480000000000000000e+02
5.380000000000000000e+02
6.840000000000000000e+02
5.380000000000000000e+02
5.293333333333333712e+02
5.400000000000000000e+02
5.560000000000000000e+02
5.600000000000000000e+02
5.413333333333333712e+02
5.620000000000000000e+02
5.240000000000000000e+02
5.300000000000000000e+02
5.360000000000000000e+02
5.360000000000000000e+02
5.400000000000000000e+02
5.440000000000000000e+02
5.400000000000000000e+02
5.360000000000000000e+02
5.400000000000000000e+02
5.440000000000000000e+02
5.480000000000000000e+02
5.440000000000000000e+02
4.720000000000000000e+02
5.560000000000000000e+02
4.700000000000000000e+02
5.520000000000000000e+02
5.490000000000000000e+02
5.320000000000000000e+02
5.600000000000000000e+02
5.070000000000000000e+02
5.000000000000000000e+02
5.040000000000000000e+02
5.120000000000000000e+02
4.240000000000000000e+02
5.340000000000000000e+02
5.320000000000000000e+02
5.240000000000000000e+02
5.000000000000000000e+02
5.000000000000000000e+02
4.920000000000000000e+02
4.920000000000000000e+02
4.960000000000000000e+02
5.550000000000000000e+02
5.480000000000000000e+02
4.640000000000000000e+02
5.480000000000000000e+02
5.480000000000000000e+02
5.480000000000000000e+02
5.440000000000000000e+02
5.480000000000000000e+02
5.440000000000000000e+02
5.480000000000000000e+02
5.480000000000000000e+02
5.480000000000000000e+02
5.480000000000000000e+02
5.480000000000000000e+02
5.440000000000000000e+02
4.640000000000000000e+02
5.520000000000000000e+02
4.600000000000000000e+02
4.960000000000000000e+02
4.890000000000000000e+02
4.720000000000000000e+02
4.920000000000000000e+02
4.920000000000000000e+02
4.880000000000000000e+02
4.830000000000000000e+02
4.800000000000000000e+02
4.800000000000000000e+02
4.800000000000000000e+02
5.480000000000000000e+02
4.680000000000000000e+02
4.880000000000000000e+02
4.720000000000000000e+02
4.600000000000000000e+02
4.640000000000000000e+02
4.640000000000000000e+02
5.480000000000000000e+02
5.440000000000000000e+02
5.480000000000000000e+02
5.480000000000000000e+02
5.520000000000000000e+02
5.480000000000000000e+02
5.480000000000000000e+02
5.440000000000000000e+02
5.440000000000000000e+02
5.480000000000000000e+02
5.440000000000000000e+02
5.440000000000000000e+02
5.510000000000000000e+02
4.600000000000000000e+02
4.600000000000000000e+02
5.720000000000000000e+02
5.640000000000000000e+02
4.800000000000000000e+02
4.120000000000000000e+02
4.180000000000000000e+02
4.800000000000000000e+02
5.040000000000000000e+02
4.360000000000000000e+02
4.400000000000000000e+02
4.160000000000000000e+02
4.040000000000000000e+02
4.760000000000000000e+02
5.600000000000000000e+02
5.520000000000000000e+02
5.520000000000000000e+02
5.426666666666666288e+02
5.560000000000000000e+02
5.480000000000000000e+02
5.440000000000000000e+02
5.520000000000000000e+02
5.440000000000000000e+02
5.440000000000000000e+02
5.480000000000000000e+02
5.400000000000000000e+02
5.440000000000000000e+02
5.480000000000000000e+02
5.520000000000000000e+02
5.520000000000000000e+02
4.160000000000000000e+02
5.480000000000000000e+02
5.453333333333333712e+02
6.980000000000000000e+02
5.480000000000000000e+02
4.400000000000000000e+02
4.240000000000000000e+02
4.160000000000000000e+02
4.120000000000000000e+02
4.120000000000000000e+02
4.240000000000000000e+02
4.200000000000000000e+02
4.080000000000000000e+02
4.640000000000000000e+02
4.200000000000000000e+02
4.240000000000000000e+02
4.240000000000000000e+02
4.280000000000000000e+02
5.520000000000000000e+02
5.510000000000000000e+02
5.466666666666666288e+02
5.530000000000000000e+02
5.546666666666666288e+02
4.360000000000000000e+02
5.440000000000000000e+02
5.360000000000000000e+02
5.440000000000000000e+02
5.920000000000000000e+02
4.150000000000000000e+02
5.920000000000000000e+02
4.160000000000000000e+02
4.200000000000000000e+02
5.600000000000000000e+02
5.613333333333333712e+02
5.400000000000000000e+02
5.480000000000000000e+02
4.146666666666666856e+02
4.280000000000000000e+02
4.120000000000000000e+02
4.120000000000000000e+02
4.186666666666666856e+02
5.440000000000000000e+02
6.930000000000000000e+02
4.053333333333333144e+02
4.640000000000000000e+02
4.080000000000000000e+02
4.080000000000000000e+02
4.560000000000000000e+02
4.160000000000000000e+02
4.080000000000000000e+02
4.040000000000000000e+02
4.240000000000000000e+02
4.240000000000000000e+02
5.600000000000000000e+02
4.240000000000000000e+02
5.480000000000000000e+02
5.480000000000000000e+02
4.120000000000000000e+02
4.120000000000000000e+02
