4.250000000000000000e+02
4.426666666666666856e+02
4.573333333333333144e+02
4.693333333333333144e+02
4.760000000000000000e+02
4.800000000000000000e+02
5.120000000000000000e+02
5.040000000000000000e+02
5.026666666666666856e+02
4.400000000000000000e+02
5.710000000000000000e+02
4.613333333333333144e+02
4.040000000000000000e+02
4.120000000000000000e+02
4.160000000000000000e+02
4.160000000000000000e+02
4.120000000000000000e+02
4.180000000000000000e+02
4.200000000000000000e+02
4.080000000000000000e+02
4.000000000000000000e+02
4.520000000000000000e+02
4.440000000000000000e+02
5.200000000000000000e+02
5.013333333333333144e+02
5.340000000000000000e+02
4.800000000000000000e+02
4.680000000000000000e+02
4.720000000000000000e+02
4.560000000000000000e+02
4.600000000000000000e+02
4.160000000000000000e+02
4.720000000000000000e+02
4.640000000000000000e+02
4.600000000000000000e+02
4.720000000000000000e+02
5.120000000000000000e+02
4.560000000000000000e+02
4.930000000000000000e+02
5.530000000000000000e+02
5.200000000000000000e+02
4.546666666666666856e+02
4.520000000000000000e+02
4.026666666666666856e+02
4.040000000000000000e+02
5.960000000000000000e+02
4.213333333333333144e+02
4.120000000000000000e+02
4.160000000000000000e+02
4.220000000000000000e+02
5.960000000000000000e+02
5.920000000000000000e+02
4.080000000000000000e+02
4.490000000000000000e+02
4.413333333333333144e+02
5.120000000000000000e+02
5.120000000000000000e+02
5.000000000000000000e+02
4.560000000000000000e+02
4.810000000000000000e+02
4.800000000000000000e+02
4.600000000000000000e+02
4.640000000000000000e+02
4.520000000000000000e+02
4.600000000000000000e+02
4.640000000000000000e+02
4.840000000000000000e+02
4.760000000000000000e+02
4.800000000000000000e+02
4.360000000000000000e+02
5.040000000000000000e+02
5.160000000000000000e+02
5.120000000000000000e+02
5.200000000000000000e+02
4.330000000000000000e+02
4.160000000000000000e+02
6.000000000000000000e+02
5.960000000000000000e+02
4.160000000000000000e+02
4.200000000000000000e+02
4.160000000000000000e+02
4.230000000000000000e+02
4.240000000000000000e+02
6.040000000000000000e+02
5.760000000000000000e+02
5.480000000000000000e+02
5.400000000000000000e+02
5.280000000000000000e+02
5.140000000000000000e+02
5.040000000000000000e+02
4.640000000000000000e+02
4.930000000000000000e+02
4.480000000000000000e+02
4.560000000000000000e+02
4.600000000000000000e+02
4.600000000000000000e+02
4.480000000000000000e+02
4.480000000000000000e+02
4.450000000000000000e+02
4.506666666666666856e+02
4.640000000000000000e+02
4.640000000000000000e+02
4.560000000000000000e+02
5.213333333333333712e+02
6.900000000000000000e+02
5.380000000000000000e+02
5.360000000000000000e+02
7.453333333333333712e+02
5.740000000000000000e+02
6.040000000000000000e+02
6.173333333333333712e+02
4.160000000000000000e+02
4.160000000000000000e+02
6.120000000000000000e+02
6.040000000000000000e+02
5.720000000000000000e+02
5.660000000000000000e+02
5.400000000000000000e+02
5.360000000000000000e+02
6.410000000000000000e+02
4.620000000000000000e+02
4.640000000000000000e+02
4.760000000000000000e+02
4.600000000000000000e+02
4.560000000000000000e+02
4.560000000000000000e+02
4.480000000000000000e+02
4.560000000000000000e+02
4.500000000000000000e+02
4.520000000000000000e+02
4.480000000000000000e+02
4.560000000000000000e+02
4.580000000000000000e+02
4.600000000000000000e+02
4.720000000000000000e+02
4.680000000000000000e+02
7.466666666666666288e+02
5.320000000000000000e+02
5.360000000000000000e+02
5.380000000000000000e+02
5.720000000000000000e+02
6.080000000000000000e+02
6.080000000000000000e+02
6.080000000000000000e+02
6.040000000000000000e+02
6.040000000000000000e+02
6.080000000000000000e+02
5.920000000000000000e+02
5.360000000000000000e+02
5.320000000000000000e+02
5.320000000000000000e+02
5.160000000000000000e+02
4.770000000000000000e+02
4.840000000000000000e+02
4.480000000000000000e+02
4.520000000000000000e+02
4.640000000000000000e+02
4.520000000000000000e+02
4.560000000000000000e+02
4.520000000000000000e+02
4.520000000000000000e+02
4.520000000000000000e+02
4.520000000000000000e+02
4.560000000000000000e+02
4.560000000000000000e+02
4.600000000000000000e+02
4.600000000000000000e+02
4.920000000000000000e+02
5.160000000000000000e+02
5.350000000000000000e+02
5.360000000000000000e+02
5.400000000000000000e+02
6.040000000000000000e+02
6.040000000000000000e+02
6.040000000000000000e+02
5.960000000000000000e+02
5.920000000000000000e+02
5.920000000000000000e+02
6.100000000000000000e+02
6.040000000000000000e+02
5.480000000000000000e+02
5.440000000000000000e+02
5.320000000000000000e+02
5.200000000000000000e+02
4.800000000000000000e+02
4.520000000000000000e+02
4.600000000000000000e+02
4.560000000000000000e+02
4.600000000000000000e+02
4.560000000000000000e+02
4.560000000000000000e+02
4.520000000000000000e+02
4.520000000000000000e+02
4.520000000000000000e+02
4.520000000000000000e+02
4.920000000000000000e+02
4.510000000000000000e+02
5.080000000000000000e+02
4.590000000000000000e+02
4.973333333333333144e+02
5.240000000000000000e+02
5.280000000000000000e+02
5.360000000000000000e+02
5.680000000000000000e+02
5.960000000000000000e+02
6.000000000000000000e+02
6.040000000000000000e+02
4.280000000000000000e+02
4.120000000000000000e+02
6.080000000000000000e+02
6.040000000000000000e+02
5.946666666666666288e+02
5.480000000000000000e+02
5.480000000000000000e+02
7.533333333333333712e+02
4.450000000000000000e+02
5.506666666666666288e+02
4.613333333333333144e+02
5.000000000000000000e+02
4.906666666666666856e+02
4.600000000000000000e+02
4.560000000000000000e+02
4.480000000000000000e+02
4.520000000000000000e+02
4.520000000000000000e+02
4.600000000000000000e+02
4.560000000000000000e+02
4.560000000000000000e+02
4.800000000000000000e+02
4.580000000000000000e+02
4.480000000000000000e+02
4.900000000000000000e+02
5.440000000000000000e+02
5.440000000000000000e+02
5.400000000000000000e+02
5.653333333333333712e+02
5.680000000000000000e+02
6.040000000000000000e+02
6.013333333333333712e+02
4.100000000000000000e+02
4.160000000000000000e+02
4.120000000000000000e+02
4.120000000000000000e+02
5.720000000000000000e+02
4.040000000000000000e+02
5.413333333333333712e+02
5.400000000000000000e+02
5.280000000000000000e+02
4.760000000000000000e+02
4.900000000000000000e+02
4.800000000000000000e+02
4.600000000000000000e+02
4.520000000000000000e+02
4.600000000000000000e+02
4.600000000000000000e+02
4.560000000000000000e+02
