5.890000000000000000e+02
5.933333333333333712e+02
5.930000000000000000e+02
5.940000000000000000e+02
5.370000000000000000e+02
5.480000000000000000e+02
4.120000000000000000e+02
4.120000000000000000e+02
5.440000000000000000e+02
5.480000000000000000e+02
5.530000000000000000e+02
5.560000000000000000e+02
5.440000000000000000e+02
5.533333333333333712e+02
4.100000000000000000e+02
7.560000000000000000e+02
7.613333333333333712e+02
5.840000000000000000e+02
5.600000000000000000e+02
5.440000000000000000e+02
5.560000000000000000e+02
5.520000000000000000e+02
5.440000000000000000e+02
5.480000000000000000e+02
4.120000000000000000e+02
5.160000000000000000e+02
5.680000000000000000e+02
5.360000000000000000e+02
5.360000000000000000e+02
5.480000000000000000e+02
5.480000000000000000e+02
6.000000000000000000e+02
6.000000000000000000e+02
5.680000000000000000e+02
5.720000000000000000e+02
7.490000000000000000e+02
5.160000000000000000e+02
5.440000000000000000e+02
5.200000000000000000e+02
5.280000000000000000e+02
5.520000000000000000e+02
5.360000000000000000e+02
5.440000000000000000e+02
5.480000000000000000e+02
5.320000000000000000e+02
4.160000000000000000e+02
5.800000000000000000e+02
6.840000000000000000e+02
6.650000000000000000e+02
5.600000000000000000e+02
6.820000000000000000e+02
7.410000000000000000e+02
7.480000000000000000e+02
5.520000000000000000e+02
5.480000000000000000e+02
5.280000000000000000e+02
5.226666666666666288e+02
5.253333333333333712e+02
5.080000000000000000e+02
5.040000000000000000e+02
5.520000000000000000e+02
5.910000000000000000e+02
5.540000000000000000e+02
5.600000000000000000e+02
5.480000000000000000e+02
5.480000000000000000e+02
5.400000000000000000e+02
5.330000000000000000e+02
4.920000000000000000e+02
5.000000000000000000e+02
4.893333333333333144e+02
5.493333333333333712e+02
5.160000000000000000e+02
5.120000000000000000e+02
5.440000000000000000e+02
5.480000000000000000e+02
5.520000000000000000e+02
5.480000000000000000e+02
5.440000000000000000e+02
6.840000000000000000e+02
5.440000000000000000e+02
5.280000000000000000e+02
5.400000000000000000e+02
5.540000000000000000e+02
5.560000000000000000e+02
5.380000000000000000e+02
5.640000000000000000e+02
5.180000000000000000e+02
5.320000000000000000e+02
5.320000000000000000e+02
5.293333333333333712e+02
5.390000000000000000e+02
5.440000000000000000e+02
5.400000000000000000e+02
5.360000000000000000e+02
5.440000000000000000e+02
5.480000000000000000e+02
5.480000000000000000e+02
5.440000000000000000e+02
4.720000000000000000e+02
5.560000000000000000e+02
4.760000000000000000e+02
5.520000000000000000e+02
5.400000000000000000e+02
5.360000000000000000e+02
5.546666666666666288e+02
5.040000000000000000e+02
5.040000000000000000e+02
5.010000000000000000e+02
5.120000000000000000e+02
4.240000000000000000e+02
5.680000000000000000e+02
4.160000000000000000e+02
5.960000000000000000e+02
5.000000000000000000e+02
4.960000000000000000e+02
4.920000000000000000e+02
4.880000000000000000e+02
4.960000000000000000e+02
4.826666666666666856e+02
5.510000000000000000e+02
4.680000000000000000e+02
5.506666666666666288e+02
5.480000000000000000e+02
5.480000000000000000e+02
5.400000000000000000e+02
5.440000000000000000e+02
5.480000000000000000e+02
5.480000000000000000e+02
5.480000000000000000e+02
5.480000000000000000e+02
5.480000000000000000e+02
5.480000000000000000e+02
5.440000000000000000e+02
5.460000000000000000e+02
5.520000000000000000e+02
4.560000000000000000e+02
4.960000000000000000e+02
4.890000000000000000e+02
4.720000000000000000e+02
4.786666666666666856e+02
5.000000000000000000e+02
4.840000000000000000e+02
4.560000000000000000e+02
4.840000000000000000e+02
4.800000000000000000e+02
4.800000000000000000e+02
5.480000000000000000e+02
4.600000000000000000e+02
4.680000000000000000e+02
4.840000000000000000e+02
4.600000000000000000e+02
4.640000000000000000e+02
4.570000000000000000e+02
5.500000000000000000e+02
5.440000000000000000e+02
5.440000000000000000e+02
5.480000000000000000e+02
5.440000000000000000e+02
5.480000000000000000e+02
5.440000000000000000e+02
5.440000000000000000e+02
5.480000000000000000e+02
5.480000000000000000e+02
5.480000000000000000e+02
5.480000000000000000e+02
5.510000000000000000e+02
4.600000000000000000e+02
4.600000000000000000e+02
5.720000000000000000e+02
5.640000000000000000e+02
4.840000000000000000e+02
4.120000000000000000e+02
4.200000000000000000e+02
4.800000000000000000e+02
5.040000000000000000e+02
4.320000000000000000e+02
4.360000000000000000e+02
4.160000000000000000e+02
4.040000000000000000e+02
4.760000000000000000e+02
5.600000000000000000e+02
5.480000000000000000e+02
5.520000000000000000e+02
5.440000000000000000e+02
5.500000000000000000e+02
5.480000000000000000e+02
5.440000000000000000e+02
5.520000000000000000e+02
5.440000000000000000e+02
5.440000000000000000e+02
5.480000000000000000e+02
5.480000000000000000e+02
5.480000000000000000e+02
5.480000000000000000e+02
5.480000000000000000e+02
5.480000000000000000e+02
4.200000000000000000e+02
5.520000000000000000e+02
5.453333333333333712e+02
4.293333333333333144e+02
5.480000000000000000e+02
4.400000000000000000e+02
4.240000000000000000e+02
4.190000000000000000e+02
4.093333333333333144e+02
4.080000000000000000e+02
4.240000000000000000e+02
4.120000000000000000e+02
4.080000000000000000e+02
4.640000000000000000e+02
4.200000000000000000e+02
4.200000000000000000e+02
4.240000000000000000e+02
4.280000000000000000e+02
5.520000000000000000e+02
5.510000000000000000e+02
5.440000000000000000e+02
5.520000000000000000e+02
5.546666666666666288e+02
4.400000000000000000e+02
5.440000000000000000e+02
5.360000000000000000e+02
5.440000000000000000e+02
5.920000000000000000e+02
4.150000000000000000e+02
5.920000000000000000e+02
4.160000000000000000e+02
4.200000000000000000e+02
5.613333333333333712e+02
4.410000000000000000e+02
5.360000000000000000e+02
5.440000000000000000e+02
4.120000000000000000e+02
4.160000000000000000e+02
4.213333333333333144e+02
4.120000000000000000e+02
4.186666666666666856e+02
4.520000000000000000e+02
7.533333333333333712e+02
4.053333333333333144e+02
4.640000000000000000e+02
4.080000000000000000e+02
4.040000000000000000e+02
4.560000000000000000e+02
4.520000000000000000e+02
4.080000000000000000e+02
4.040000000000000000e+02
4.180000000000000000e+02
4.240000000000000000e+02
4.240000000000000000e+02
4.240000000000000000e+02
5.440000000000000000e+02
5.480000000000000000e+02
4.080000000000000000e+02
4.120000000000000000e+02
