5.920000000000000000e+02
6.000000000000000000e+02
5.960000000000000000e+02
5.360000000000000000e+02
5.400000000000000000e+02
5.480000000000000000e+02
5.560000000000000000e+02
4.120000000000000000e+02
5.440000000000000000e+02
5.440000000000000000e+02
5.520000000000000000e+02
5.600000000000000000e+02
5.440000000000000000e+02
5.533333333333333712e+02
5.826666666666666288e+02
7.533333333333333712e+02
7.520000000000000000e+02
7.480000000000000000e+02
5.600000000000000000e+02
5.400000000000000000e+02
5.440000000000000000e+02
5.520000000000000000e+02
5.440000000000000000e+02
5.480000000000000000e+02
5.520000000000000000e+02
5.160000000000000000e+02
5.670000000000000000e+02
5.360000000000000000e+02
5.613333333333333712e+02
5.480000000000000000e+02
5.440000000000000000e+02
6.000000000000000000e+02
5.960000000000000000e+02
5.680000000000000000e+02
5.720000000000000000e+02
7.490000000000000000e+02
5.200000000000000000e+02
5.160000000000000000e+02
5.293333333333333712e+02
5.280000000000000000e+02
5.520000000000000000e+02
5.450000000000000000e+02
5.440000000000000000e+02
5.440000000000000000e+02
5.280000000000000000e+02
5.290000000000000000e+02
5.830000000000000000e+02
6.840000000000000000e+02
6.810000000000000000e+02
5.600000000000000000e+02
7.180000000000000000e+02
5.860000000000000000e+02
5.560000000000000000e+02
5.520000000000000000e+02
5.480000000000000000e+02
5.320000000000000000e+02
5.160000000000000000e+02
5.253333333333333712e+02
5.080000000000000000e+02
5.120000000000000000e+02
5.500000000000000000e+02
4.853333333333333144e+02
5.560000000000000000e+02
5.600000000000000000e+02
5.480000000000000000e+02
5.440000000000000000e+02
5.400000000000000000e+02
5.370000000000000000e+02
4.920000000000000000e+02
5.000000000000000000e+02
4.893333333333333144e+02
5.493333333333333712e+02
5.306666666666666288e+02
5.170000000000000000e+02
5.470000000000000000e+02
5.480000000000000000e+02
5.520000000000000000e+02
5.520000000000000000e+02
5.440000000000000000e+02
5.360000000000000000e+02
5.400000000000000000e+02
5.340000000000000000e+02
5.400000000000000000e+02
5.560000000000000000e+02
5.600000000000000000e+02
5.400000000000000000e+02
5.640000000000000000e+02
5.240000000000000000e+02
5.300000000000000000e+02
5.360000000000000000e+02
5.360000000000000000e+02
5.360000000000000000e+02
5.440000000000000000e+02
5.400000000000000000e+02
5.400000000000000000e+02
5.440000000000000000e+02
5.480000000000000000e+02
5.480000000000000000e+02
5.440000000000000000e+02
4.720000000000000000e+02
5.560000000000000000e+02
4.760000000000000000e+02
5.520000000000000000e+02
5.400000000000000000e+02
5.350000000000000000e+02
5.546666666666666288e+02
5.050000000000000000e+02
5.000000000000000000e+02
5.040000000000000000e+02
5.130000000000000000e+02
4.240000000000000000e+02
6.820000000000000000e+02
4.170000000000000000e+02
5.080000000000000000e+02
5.040000000000000000e+02
5.000000000000000000e+02
4.920000000000000000e+02
4.880000000000000000e+02
4.920000000000000000e+02
4.600000000000000000e+02
5.520000000000000000e+02
4.650000000000000000e+02
5.480000000000000000e+02
5.480000000000000000e+02
5.480000000000000000e+02
5.440000000000000000e+02
5.480000000000000000e+02
5.440000000000000000e+02
5.480000000000000000e+02
5.480000000000000000e+02
5.480000000000000000e+02
5.480000000000000000e+02
5.480000000000000000e+02
5.440000000000000000e+02
4.600000000000000000e+02
4.600000000000000000e+02
4.600000000000000000e+02
4.626666666666666856e+02
4.890000000000000000e+02
4.760000000000000000e+02
4.880000000000000000e+02
5.000000000000000000e+02
4.860000000000000000e+02
4.460000000000000000e+02
4.840000000000000000e+02
4.840000000000000000e+02
4.410000000000000000e+02
5.480000000000000000e+02
4.520000000000000000e+02
4.680000000000000000e+02
4.720000000000000000e+02
4.600000000000000000e+02
4.680000000000000000e+02
4.560000000000000000e+02
5.480000000000000000e+02
5.480000000000000000e+02
5.480000000000000000e+02
5.440000000000000000e+02
5.480000000000000000e+02
5.480000000000000000e+02
5.440000000000000000e+02
5.440000000000000000e+02
5.440000000000000000e+02
5.480000000000000000e+02
5.480000000000000000e+02
5.480000000000000000e+02
5.480000000000000000e+02
4.600000000000000000e+02
4.600000000000000000e+02
4.590000000000000000e+02
5.640000000000000000e+02
5.426666666666666288e+02
4.120000000000000000e+02
4.180000000000000000e+02
4.840000000000000000e+02
4.946666666666666856e+02
4.320000000000000000e+02
4.360000000000000000e+02
4.160000000000000000e+02
4.080000000000000000e+02
4.780000000000000000e+02
5.600000000000000000e+02
5.520000000000000000e+02
5.480000000000000000e+02
5.440000000000000000e+02
5.560000000000000000e+02
5.480000000000000000e+02
5.440000000000000000e+02
5.520000000000000000e+02
5.450000000000000000e+02
5.440000000000000000e+02
5.440000000000000000e+02
5.440000000000000000e+02
5.440000000000000000e+02
5.440000000000000000e+02
5.520000000000000000e+02
5.440000000000000000e+02
4.160000000000000000e+02
5.480000000000000000e+02
4.360000000000000000e+02
4.293333333333333144e+02
5.480000000000000000e+02
4.400000000000000000e+02
4.240000000000000000e+02
4.160000000000000000e+02
4.120000000000000000e+02
4.090000000000000000e+02
4.280000000000000000e+02
4.200000000000000000e+02
4.120000000000000000e+02
4.640000000000000000e+02
4.160000000000000000e+02
4.200000000000000000e+02
4.240000000000000000e+02
4.320000000000000000e+02
5.520000000000000000e+02
4.300000000000000000e+02
5.480000000000000000e+02
5.590000000000000000e+02
4.480000000000000000e+02
4.400000000000000000e+02
5.440000000000000000e+02
5.360000000000000000e+02
5.440000000000000000e+02
5.880000000000000000e+02
4.150000000000000000e+02
5.620000000000000000e+02
4.160000000000000000e+02
4.200000000000000000e+02
4.230000000000000000e+02
4.420000000000000000e+02
5.400000000000000000e+02
5.413333333333333712e+02
4.120000000000000000e+02
4.250000000000000000e+02
4.120000000000000000e+02
4.120000000000000000e+02
4.186666666666666856e+02
4.570000000000000000e+02
7.410000000000000000e+02
4.700000000000000000e+02
4.640000000000000000e+02
4.120000000000000000e+02
4.040000000000000000e+02
4.560000000000000000e+02
4.200000000000000000e+02
4.160000000000000000e+02
4.040000000000000000e+02
4.280000000000000000e+02
4.240000000000000000e+02
5.600000000000000000e+02
4.240000000000000000e+02
5.440000000000000000e+02
5.480000000000000000e+02
4.080000000000000000e+02
4.120000000000000000e+02
