5.880000000000000000e+02
5.960000000000000000e+02
6.000000000000000000e+02
5.370000000000000000e+02
5.400000000000000000e+02
5.480000000000000000e+02
5.560000000000000000e+02
4.120000000000000000e+02
5.440000000000000000e+02
5.480000000000000000e+02
5.520000000000000000e+02
5.600000000000000000e+02
5.480000000000000000e+02
5.520000000000000000e+02
5.826666666666666288e+02
7.533333333333333712e+02
7.440000000000000000e+02
5.840000000000000000e+02
5.560000000000000000e+02
5.400000000000000000e+02
5.520000000000000000e+02
5.520000000000000000e+02
5.440000000000000000e+02
5.480000000000000000e+02
4.120000000000000000e+02
5.160000000000000000e+02
5.760000000000000000e+02
5.360000000000000000e+02
5.580000000000000000e+02
5.480000000000000000e+02
5.440000000000000000e+02
6.040000000000000000e+02
6.000000000000000000e+02
5.800000000000000000e+02
5.690000000000000000e+02
5.330000000000000000e+02
5.160000000000000000e+02
5.160000000000000000e+02
5.200000000000000000e+02
5.280000000000000000e+02
5.560000000000000000e+02
5.400000000000000000e+02
5.440000000000000000e+02
5.440000000000000000e+02
5.320000000000000000e+02
4.160000000000000000e+02
6.060000000000000000e+02
6.840000000000000000e+02
6.140000000000000000e+02
7.560000000000000000e+02
7.546666666666666288e+02
6.826666666666666288e+02
5.560000000000000000e+02
5.480000000000000000e+02
5.360000000000000000e+02
5.280000000000000000e+02
5.160000000000000000e+02
5.280000000000000000e+02
5.120000000000000000e+02
4.960000000000000000e+02
5.500000000000000000e+02
5.960000000000000000e+02
5.560000000000000000e+02
5.666666666666666288e+02
5.480000000000000000e+02
5.480000000000000000e+02
5.400000000000000000e+02
5.360000000000000000e+02
4.960000000000000000e+02
5.000000000000000000e+02
4.880000000000000000e+02
5.440000000000000000e+02
5.306666666666666288e+02
5.120000000000000000e+02
5.440000000000000000e+02
5.480000000000000000e+02
5.520000000000000000e+02
5.480000000000000000e+02
5.400000000000000000e+02
6.840000000000000000e+02
5.380000000000000000e+02
5.660000000000000000e+02
5.400000000000000000e+02
5.600000000000000000e+02
5.600000000000000000e+02
5.380000000000000000e+02
5.620000000000000000e+02
5.160000000000000000e+02
5.320000000000000000e+02
5.320000000000000000e+02
5.200000000000000000e+02
5.400000000000000000e+02
5.440000000000000000e+02
5.440000000000000000e+02
5.400000000000000000e+02
5.440000000000000000e+02
5.480000000000000000e+02
5.480000000000000000e+02
5.440000000000000000e+02
4.720000000000000000e+02
5.570000000000000000e+02
4.760000000000000000e+02
5.520000000000000000e+02
5.440000000000000000e+02
5.430000000000000000e+02
7.493333333333333712e+02
5.226666666666666288e+02
5.000000000000000000e+02
5.013333333333333144e+02
4.200000000000000000e+02
4.240000000000000000e+02
4.173333333333333144e+02
4.160000000000000000e+02
5.960000000000000000e+02
5.080000000000000000e+02
5.040000000000000000e+02
4.880000000000000000e+02
4.880000000000000000e+02
4.960000000000000000e+02
4.600000000000000000e+02
5.480000000000000000e+02
4.640000000000000000e+02
5.480000000000000000e+02
5.480000000000000000e+02
5.480000000000000000e+02
5.400000000000000000e+02
5.480000000000000000e+02
5.480000000000000000e+02
5.480000000000000000e+02
5.480000000000000000e+02
5.480000000000000000e+02
5.480000000000000000e+02
5.480000000000000000e+02
5.480000000000000000e+02
4.600000000000000000e+02
5.480000000000000000e+02
4.560000000000000000e+02
4.960000000000000000e+02
4.890000000000000000e+02
4.720000000000000000e+02
4.930000000000000000e+02
5.000000000000000000e+02
4.840000000000000000e+02
4.460000000000000000e+02
4.800000000000000000e+02
4.800000000000000000e+02
4.800000000000000000e+02
5.480000000000000000e+02
4.620000000000000000e+02
4.840000000000000000e+02
4.680000000000000000e+02
4.600000000000000000e+02
4.610000000000000000e+02
4.600000000000000000e+02
5.480000000000000000e+02
5.440000000000000000e+02
5.480000000000000000e+02
5.440000000000000000e+02
5.440000000000000000e+02
5.480000000000000000e+02
5.480000000000000000e+02
5.440000000000000000e+02
5.440000000000000000e+02
5.480000000000000000e+02
5.440000000000000000e+02
5.480000000000000000e+02
5.510000000000000000e+02
4.600000000000000000e+02
4.600000000000000000e+02
7.493333333333333712e+02
5.626666666666666288e+02
4.800000000000000000e+02
4.120000000000000000e+02
4.180000000000000000e+02
4.800000000000000000e+02
5.040000000000000000e+02
4.360000000000000000e+02
4.360000000000000000e+02
4.266666666666666856e+02
4.040000000000000000e+02
4.760000000000000000e+02
5.600000000000000000e+02
5.520000000000000000e+02
5.480000000000000000e+02
5.440000000000000000e+02
5.560000000000000000e+02
5.480000000000000000e+02
5.440000000000000000e+02
5.520000000000000000e+02
5.440000000000000000e+02
5.480000000000000000e+02
5.440000000000000000e+02
5.480000000000000000e+02
5.480000000000000000e+02
5.510000000000000000e+02
5.560000000000000000e+02
5.440000000000000000e+02
4.200000000000000000e+02
5.506666666666666288e+02
4.320000000000000000e+02
4.293333333333333144e+02
5.480000000000000000e+02
4.360000000000000000e+02
4.320000000000000000e+02
4.160000000000000000e+02
4.090000000000000000e+02
4.080000000000000000e+02
4.240000000000000000e+02
4.200000000000000000e+02
4.040000000000000000e+02
4.640000000000000000e+02
4.200000000000000000e+02
4.200000000000000000e+02
4.240000000000000000e+02
4.280000000000000000e+02
5.480000000000000000e+02
4.373333333333333144e+02
5.480000000000000000e+02
5.590000000000000000e+02
4.440000000000000000e+02
4.400000000000000000e+02
5.453333333333333712e+02
5.440000000000000000e+02
5.426666666666666288e+02
5.920000000000000000e+02
4.150000000000000000e+02
5.920000000000000000e+02
4.186666666666666856e+02
4.200000000000000000e+02
5.600000000000000000e+02
4.440000000000000000e+02
5.390000000000000000e+02
5.413333333333333712e+02
4.120000000000000000e+02
4.320000000000000000e+02
4.160000000000000000e+02
4.160000000000000000e+02
4.186666666666666856e+02
5.440000000000000000e+02
7.533333333333333712e+02
4.053333333333333144e+02
4.640000000000000000e+02
4.120000000000000000e+02
4.040000000000000000e+02
4.026666666666666856e+02
4.200000000000000000e+02
4.080000000000000000e+02
4.040000000000000000e+02
4.280000000000000000e+02
4.240000000000000000e+02
5.600000000000000000e+02
4.240000000000000000e+02
4.240000000000000000e+02
5.480000000000000000e+02
4.120000000000000000e+02
4.120000000000000000e+02
