5.240000000000000000e+02
5.200000000000000000e+02
5.320000000000000000e+02
5.280000000000000000e+02
5.400000000000000000e+02
5.440000000000000000e+02
5.360000000000000000e+02
5.160000000000000000e+02
5.520000000000000000e+02
5.440000000000000000e+02
5.600000000000000000e+02
5.200000000000000000e+02
4.720000000000000000e+02
4.800000000000000000e+02
4.840000000000000000e+02
4.960000000000000000e+02
4.920000000000000000e+02
4.880000000000000000e+02
4.760000000000000000e+02
5.240000000000000000e+02
5.160000000000000000e+02
5.120000000000000000e+02
5.440000000000000000e+02
5.400000000000000000e+02
5.280000000000000000e+02
4.880000000000000000e+02
5.360000000000000000e+02
5.320000000000000000e+02
5.200000000000000000e+02
5.240000000000000000e+02
5.200000000000000000e+02
5.200000000000000000e+02
5.160000000000000000e+02
5.120000000000000000e+02
5.120000000000000000e+02
5.120000000000000000e+02
5.200000000000000000e+02
5.280000000000000000e+02
4.960000000000000000e+02
5.170000000000000000e+02
5.240000000000000000e+02
5.140000000000000000e+02
5.160000000000000000e+02
5.080000000000000000e+02
5.160000000000000000e+02
4.760000000000000000e+02
4.840000000000000000e+02
4.840000000000000000e+02
4.880000000000000000e+02
4.880000000000000000e+02
4.893333333333333144e+02
5.120000000000000000e+02
5.080000000000000000e+02
5.080000000000000000e+02
5.080000000000000000e+02
5.240000000000000000e+02
5.280000000000000000e+02
5.160000000000000000e+02
5.280000000000000000e+02
5.226666666666666288e+02
5.120000000000000000e+02
5.160000000000000000e+02
5.120000000000000000e+02
7.440000000000000000e+02
7.440000000000000000e+02
5.120000000000000000e+02
5.080000000000000000e+02
5.120000000000000000e+02
5.120000000000000000e+02
5.280000000000000000e+02
5.160000000000000000e+02
5.213333333333333712e+02
5.280000000000000000e+02
5.280000000000000000e+02
5.180000000000000000e+02
5.040000000000000000e+02
5.040000000000000000e+02
4.970000000000000000e+02
4.920000000000000000e+02
5.000000000000000000e+02
5.173333333333333712e+02
5.266666666666666288e+02
4.880000000000000000e+02
5.000000000000000000e+02
4.840000000000000000e+02
5.400000000000000000e+02
4.760000000000000000e+02
4.920000000000000000e+02
4.946666666666666856e+02
4.880000000000000000e+02
5.080000000000000000e+02
5.110000000000000000e+02
5.120000000000000000e+02
5.080000000000000000e+02
5.080000000000000000e+02
5.093333333333333144e+02
7.470000000000000000e+02
5.120000000000000000e+02
5.120000000000000000e+02
5.120000000000000000e+02
5.080000000000000000e+02
5.200000000000000000e+02
4.920000000000000000e+02
4.960000000000000000e+02
4.906666666666666856e+02
4.880000000000000000e+02
4.880000000000000000e+02
5.040000000000000000e+02
4.920000000000000000e+02
4.960000000000000000e+02
6.720000000000000000e+02
5.120000000000000000e+02
4.960000000000000000e+02
4.930000000000000000e+02
5.320000000000000000e+02
4.960000000000000000e+02
4.880000000000000000e+02
4.880000000000000000e+02
4.880000000000000000e+02
4.860000000000000000e+02
4.800000000000000000e+02
4.840000000000000000e+02
4.880000000000000000e+02
4.920000000000000000e+02
5.000000000000000000e+02
5.200000000000000000e+02
5.160000000000000000e+02
5.120000000000000000e+02
5.160000000000000000e+02
5.200000000000000000e+02
4.960000000000000000e+02
5.000000000000000000e+02
4.920000000000000000e+02
4.880000000000000000e+02
4.880000000000000000e+02
4.880000000000000000e+02
4.880000000000000000e+02
4.880000000000000000e+02
4.880000000000000000e+02
4.880000000000000000e+02
4.960000000000000000e+02
4.920000000000000000e+02
4.920000000000000000e+02
4.960000000000000000e+02
5.000000000000000000e+02
4.920000000000000000e+02
5.000000000000000000e+02
4.880000000000000000e+02
4.880000000000000000e+02
4.840000000000000000e+02
4.880000000000000000e+02
4.880000000000000000e+02
4.880000000000000000e+02
4.880000000000000000e+02
4.880000000000000000e+02
4.880000000000000000e+02
4.960000000000000000e+02
4.920000000000000000e+02
5.160000000000000000e+02
5.160000000000000000e+02
5.200000000000000000e+02
5.080000000000000000e+02
4.880000000000000000e+02
4.880000000000000000e+02
4.920000000000000000e+02
4.920000000000000000e+02
4.840000000000000000e+02
4.840000000000000000e+02
4.840000000000000000e+02
4.840000000000000000e+02
4.840000000000000000e+02
4.880000000000000000e+02
4.920000000000000000e+02
4.920000000000000000e+02
4.960000000000000000e+02
4.960000000000000000e+02
5.000000000000000000e+02
5.080000000000000000e+02
4.970000000000000000e+02
4.920000000000000000e+02
4.880000000000000000e+02
4.840000000000000000e+02
4.840000000000000000e+02
4.880000000000000000e+02
4.840000000000000000e+02
4.840000000000000000e+02
4.840000000000000000e+02
4.880000000000000000e+02
4.880000000000000000e+02
4.840000000000000000e+02
5.000000000000000000e+02
5.000000000000000000e+02
5.040000000000000000e+02
5.040000000000000000e+02
4.880000000000000000e+02
4.890000000000000000e+02
4.920000000000000000e+02
4.920000000000000000e+02
5.120000000000000000e+02
4.800000000000000000e+02
5.080000000000000000e+02
5.000000000000000000e+02
4.880000000000000000e+02
4.840000000000000000e+02
4.850000000000000000e+02
4.920000000000000000e+02
5.200000000000000000e+02
5.140000000000000000e+02
5.000000000000000000e+02
5.000000000000000000e+02
4.710000000000000000e+02
4.800000000000000000e+02
4.880000000000000000e+02
4.920000000000000000e+02
4.920000000000000000e+02
4.880000000000000000e+02
4.840000000000000000e+02
4.920000000000000000e+02
5.000000000000000000e+02
5.040000000000000000e+02
5.000000000000000000e+02
4.960000000000000000e+02
5.000000000000000000e+02
5.360000000000000000e+02
5.000000000000000000e+02
5.370000000000000000e+02
5.000000000000000000e+02
5.000000000000000000e+02
5.040000000000000000e+02
4.960000000000000000e+02
4.960000000000000000e+02
4.880000000000000000e+02
4.880000000000000000e+02
4.920000000000000000e+02
4.880000000000000000e+02
4.920000000000000000e+02
4.820000000000000000e+02
5.160000000000000000e+02
5.000000000000000000e+02
5.000000000000000000e+02
5.000000000000000000e+02
4.960000000000000000e+02
5.080000000000000000e+02
5.040000000000000000e+02
5.080000000000000000e+02
4.960000000000000000e+02
4.920000000000000000e+02
5.000000000000000000e+02
5.040000000000000000e+02
5.000000000000000000e+02
5.000000000000000000e+02
5.080000000000000000e+02
5.040000000000000000e+02
5.080000000000000000e+02
5.080000000000000000e+02
5.240000000000000000e+02
