5.240000000000000000e+02
5.200000000000000000e+02
5.280000000000000000e+02
5.320000000000000000e+02
5.360000000000000000e+02
5.400000000000000000e+02
5.400000000000000000e+02
5.080000000000000000e+02
5.480000000000000000e+02
5.480000000000000000e+02
5.600000000000000000e+02
5.200000000000000000e+02
5.230000000000000000e+02
4.800000000000000000e+02
4.880000000000000000e+02
4.920000000000000000e+02
4.920000000000000000e+02
4.880000000000000000e+02
4.760000000000000000e+02
5.240000000000000000e+02
5.160000000000000000e+02
5.160000000000000000e+02
5.440000000000000000e+02
5.400000000000000000e+02
5.320000000000000000e+02
4.880000000000000000e+02
5.430000000000000000e+02
5.320000000000000000e+02
5.240000000000000000e+02
5.280000000000000000e+02
5.200000000000000000e+02
5.200000000000000000e+02
5.240000000000000000e+02
5.120000000000000000e+02
5.120000000000000000e+02
5.120000000000000000e+02
5.200000000000000000e+02
5.280000000000000000e+02
4.960000000000000000e+02
5.200000000000000000e+02
5.240000000000000000e+02
5.040000000000000000e+02
5.160000000000000000e+02
5.080000000000000000e+02
5.160000000000000000e+02
5.173333333333333712e+02
4.800000000000000000e+02
4.880000000000000000e+02
4.840000000000000000e+02
4.840000000000000000e+02
4.893333333333333144e+02
5.120000000000000000e+02
5.080000000000000000e+02
5.080000000000000000e+02
5.040000000000000000e+02
5.186666666666666288e+02
5.280000000000000000e+02
5.200000000000000000e+02
5.280000000000000000e+02
5.120000000000000000e+02
5.080000000000000000e+02
5.160000000000000000e+02
5.160000000000000000e+02
7.440000000000000000e+02
7.440000000000000000e+02
5.120000000000000000e+02
5.080000000000000000e+02
5.120000000000000000e+02
5.120000000000000000e+02
5.250000000000000000e+02
5.200000000000000000e+02
5.240000000000000000e+02
5.280000000000000000e+02
5.290000000000000000e+02
5.080000000000000000e+02
5.010000000000000000e+02
5.040000000000000000e+02
4.920000000000000000e+02
4.920000000000000000e+02
5.040000000000000000e+02
5.280000000000000000e+02
4.840000000000000000e+02
4.880000000000000000e+02
4.960000000000000000e+02
4.880000000000000000e+02
5.400000000000000000e+02
4.760000000000000000e+02
4.920000000000000000e+02
4.960000000000000000e+02
4.920000000000000000e+02
5.090000000000000000e+02
5.080000000000000000e+02
5.160000000000000000e+02
5.120000000000000000e+02
5.040000000000000000e+02
7.480000000000000000e+02
7.440000000000000000e+02
5.120000000000000000e+02
5.120000000000000000e+02
5.160000000000000000e+02
5.080000000000000000e+02
5.100000000000000000e+02
4.960000000000000000e+02
4.960000000000000000e+02
4.880000000000000000e+02
4.880000000000000000e+02
4.880000000000000000e+02
5.040000000000000000e+02
4.920000000000000000e+02
4.960000000000000000e+02
6.680000000000000000e+02
5.120000000000000000e+02
5.026666666666666856e+02
4.960000000000000000e+02
5.240000000000000000e+02
5.093333333333333144e+02
4.920000000000000000e+02
4.880000000000000000e+02
4.920000000000000000e+02
4.860000000000000000e+02
4.880000000000000000e+02
4.880000000000000000e+02
4.880000000000000000e+02
4.920000000000000000e+02
5.000000000000000000e+02
4.840000000000000000e+02
5.200000000000000000e+02
5.120000000000000000e+02
5.160000000000000000e+02
5.240000000000000000e+02
4.960000000000000000e+02
5.000000000000000000e+02
4.920000000000000000e+02
4.880000000000000000e+02
4.880000000000000000e+02
4.840000000000000000e+02
4.920000000000000000e+02
4.880000000000000000e+02
4.880000000000000000e+02
4.880000000000000000e+02
4.920000000000000000e+02
4.920000000000000000e+02
4.960000000000000000e+02
4.960000000000000000e+02
4.960000000000000000e+02
4.920000000000000000e+02
4.960000000000000000e+02
4.880000000000000000e+02
4.880000000000000000e+02
4.840000000000000000e+02
4.880000000000000000e+02
4.840000000000000000e+02
4.880000000000000000e+02
4.840000000000000000e+02
4.920000000000000000e+02
4.880000000000000000e+02
4.893333333333333144e+02
4.920000000000000000e+02
5.080000000000000000e+02
5.160000000000000000e+02
5.200000000000000000e+02
5.080000000000000000e+02
4.880000000000000000e+02
4.920000000000000000e+02
4.920000000000000000e+02
4.880000000000000000e+02
4.840000000000000000e+02
4.840000000000000000e+02
4.840000000000000000e+02
4.840000000000000000e+02
4.840000000000000000e+02
4.880000000000000000e+02
4.880000000000000000e+02
4.960000000000000000e+02
4.960000000000000000e+02
5.000000000000000000e+02
4.960000000000000000e+02
5.080000000000000000e+02
4.960000000000000000e+02
4.920000000000000000e+02
4.893333333333333144e+02
4.840000000000000000e+02
4.840000000000000000e+02
4.880000000000000000e+02
4.840000000000000000e+02
4.800000000000000000e+02
4.840000000000000000e+02
4.880000000000000000e+02
4.880000000000000000e+02
4.840000000000000000e+02
4.880000000000000000e+02
5.010000000000000000e+02
5.040000000000000000e+02
5.040000000000000000e+02
4.920000000000000000e+02
4.880000000000000000e+02
4.960000000000000000e+02
4.920000000000000000e+02
5.120000000000000000e+02
4.800000000000000000e+02
5.080000000000000000e+02
5.000000000000000000e+02
4.880000000000000000e+02
4.840000000000000000e+02
4.850000000000000000e+02
4.880000000000000000e+02
5.093333333333333144e+02
4.960000000000000000e+02
5.000000000000000000e+02
5.000000000000000000e+02
4.710000000000000000e+02
4.800000000000000000e+02
4.880000000000000000e+02
4.920000000000000000e+02
4.920000000000000000e+02
4.880000000000000000e+02
4.840000000000000000e+02
4.893333333333333144e+02
5.000000000000000000e+02
5.040000000000000000e+02
5.000000000000000000e+02
5.000000000000000000e+02
5.160000000000000000e+02
5.360000000000000000e+02
5.000000000000000000e+02
5.400000000000000000e+02
5.090000000000000000e+02
5.000000000000000000e+02
5.040000000000000000e+02
4.960000000000000000e+02
4.960000000000000000e+02
4.920000000000000000e+02
4.880000000000000000e+02
4.880000000000000000e+02
4.880000000000000000e+02
4.880000000000000000e+02
5.310000000000000000e+02
5.160000000000000000e+02
5.040000000000000000e+02
5.000000000000000000e+02
5.040000000000000000e+02
5.040000000000000000e+02
5.080000000000000000e+02
5.000000000000000000e+02
5.080000000000000000e+02
4.960000000000000000e+02
4.920000000000000000e+02
5.000000000000000000e+02
5.040000000000000000e+02
5.000000000000000000e+02
4.960000000000000000e+02
5.080000000000000000e+02
5.040000000000000000e+02
5.080000000000000000e+02
5.160000000000000000e+02
5.190000000000000000e+02
