6.600000000000000000e+02
6.560000000000000000e+02
6.320000000000000000e+02
6.160000000000000000e+02
6.160000000000000000e+02
6.240000000000000000e+02
5.880000000000000000e+02
6.120000000000000000e+02
6.160000000000000000e+02
6.240000000000000000e+02
6.120000000000000000e+02
6.060000000000000000e+02
6.120000000000000000e+02
6.160000000000000000e+02
6.080000000000000000e+02
6.150000000000000000e+02
6.180000000000000000e+02
6.120000000000000000e+02
6.120000000000000000e+02
6.160000000000000000e+02
5.920000000000000000e+02
6.080000000000000000e+02
6.120000000000000000e+02
6.240000000000000000e+02
6.120000000000000000e+02
5.960000000000000000e+02
6.160000000000000000e+02
6.200000000000000000e+02
6.200000000000000000e+02
6.320000000000000000e+02
6.360000000000000000e+02
6.490000000000000000e+02
5.960000000000000000e+02
7.093333333333333712e+02
6.040000000000000000e+02
6.120000000000000000e+02
6.160000000000000000e+02
6.160000000000000000e+02
6.040000000000000000e+02
6.000000000000000000e+02
6.300000000000000000e+02
5.920000000000000000e+02
6.000000000000000000e+02
5.960000000000000000e+02
6.000000000000000000e+02
6.200000000000000000e+02
6.040000000000000000e+02
6.040000000000000000e+02
6.000000000000000000e+02
5.840000000000000000e+02
6.120000000000000000e+02
5.880000000000000000e+02
5.840000000000000000e+02
5.800000000000000000e+02
5.960000000000000000e+02
6.000000000000000000e+02
5.960000000000000000e+02
6.040000000000000000e+02
6.100000000000000000e+02
6.120000000000000000e+02
6.040000000000000000e+02
6.200000000000000000e+02
6.120000000000000000e+02
6.090000000000000000e+02
6.200000000000000000e+02
6.200000000000000000e+02
6.080000000000000000e+02
5.960000000000000000e+02
5.960000000000000000e+02
5.840000000000000000e+02
5.880000000000000000e+02
5.720000000000000000e+02
6.173333333333333712e+02
6.120000000000000000e+02
5.973333333333333712e+02
5.840000000000000000e+02
5.800000000000000000e+02
5.880000000000000000e+02
5.680000000000000000e+02
6.040000000000000000e+02
6.120000000000000000e+02
5.893333333333333712e+02
5.880000000000000000e+02
6.120000000000000000e+02
5.813333333333333712e+02
6.080000000000000000e+02
5.946666666666666288e+02
5.920000000000000000e+02
5.920000000000000000e+02
5.960000000000000000e+02
5.920000000000000000e+02
5.960000000000000000e+02
6.000000000000000000e+02
6.000000000000000000e+02
6.280000000000000000e+02
6.280000000000000000e+02
6.240000000000000000e+02
6.200000000000000000e+02
6.000000000000000000e+02
5.960000000000000000e+02
5.920000000000000000e+02
5.960000000000000000e+02
5.840000000000000000e+02
5.840000000000000000e+02
5.760000000000000000e+02
5.800000000000000000e+02
5.800000000000000000e+02
5.760000000000000000e+02
5.960000000000000000e+02
5.920000000000000000e+02
5.840000000000000000e+02
5.960000000000000000e+02
5.920000000000000000e+02
5.960000000000000000e+02
5.920000000000000000e+02
5.840000000000000000e+02
5.760000000000000000e+02
5.720000000000000000e+02
5.760000000000000000e+02
5.760000000000000000e+02
5.800000000000000000e+02
5.800000000000000000e+02
5.840000000000000000e+02
6.066666666666666288e+02
5.720000000000000000e+02
6.000000000000000000e+02
6.120000000000000000e+02
6.200000000000000000e+02
6.220000000000000000e+02
6.040000000000000000e+02
6.200000000000000000e+02
6.200000000000000000e+02
5.920000000000000000e+02
5.800000000000000000e+02
5.840000000000000000e+02
5.800000000000000000e+02
5.760000000000000000e+02
5.800000000000000000e+02
5.800000000000000000e+02
5.760000000000000000e+02
5.760000000000000000e+02
5.800000000000000000e+02
6.040000000000000000e+02
5.973333333333333712e+02
5.920000000000000000e+02
6.120000000000000000e+02
5.840000000000000000e+02
5.840000000000000000e+02
5.760000000000000000e+02
5.760000000000000000e+02
5.800000000000000000e+02
5.760000000000000000e+02
5.760000000000000000e+02
5.800000000000000000e+02
5.800000000000000000e+02
5.760000000000000000e+02
6.080000000000000000e+02
6.000000000000000000e+02
6.000000000000000000e+02
6.200000000000000000e+02
6.160000000000000000e+02
6.110000000000000000e+02
6.080000000000000000e+02
6.120000000000000000e+02
5.760000000000000000e+02
5.840000000000000000e+02
5.800000000000000000e+02
5.800000000000000000e+02
5.800000000000000000e+02
5.800000000000000000e+02
5.800000000000000000e+02
5.760000000000000000e+02
5.800000000000000000e+02
5.760000000000000000e+02
6.240000000000000000e+02
6.040000000000000000e+02
5.920000000000000000e+02
5.920000000000000000e+02
5.720000000000000000e+02
5.840000000000000000e+02
5.800000000000000000e+02
5.800000000000000000e+02
5.800000000000000000e+02
5.760000000000000000e+02
5.760000000000000000e+02
5.760000000000000000e+02
5.800000000000000000e+02
5.760000000000000000e+02
5.720000000000000000e+02
6.040000000000000000e+02
6.080000000000000000e+02
6.200000000000000000e+02
6.160000000000000000e+02
6.080000000000000000e+02
6.040000000000000000e+02
5.810000000000000000e+02
5.860000000000000000e+02
5.830000000000000000e+02
5.800000000000000000e+02
5.800000000000000000e+02
5.760000000000000000e+02
5.720000000000000000e+02
5.760000000000000000e+02
5.880000000000000000e+02
6.000000000000000000e+02
6.040000000000000000e+02
5.880000000000000000e+02
5.920000000000000000e+02
6.080000000000000000e+02
6.200000000000000000e+02
5.960000000000000000e+02
5.960000000000000000e+02
5.680000000000000000e+02
5.840000000000000000e+02
5.800000000000000000e+02
5.720000000000000000e+02
5.720000000000000000e+02
5.800000000000000000e+02
5.960000000000000000e+02
5.960000000000000000e+02
5.973333333333333712e+02
6.040000000000000000e+02
6.120000000000000000e+02
6.160000000000000000e+02
6.280000000000000000e+02
6.280000000000000000e+02
6.010000000000000000e+02
6.080000000000000000e+02
6.040000000000000000e+02
6.000000000000000000e+02
6.040000000000000000e+02
5.760000000000000000e+02
5.840000000000000000e+02
5.760000000000000000e+02
5.760000000000000000e+02
5.840000000000000000e+02
5.880000000000000000e+02
5.960000000000000000e+02
5.960000000000000000e+02
5.920000000000000000e+02
6.280000000000000000e+02
6.120000000000000000e+02
6.000000000000000000e+02
6.000000000000000000e+02
5.820000000000000000e+02
5.813333333333333712e+02
5.890000000000000000e+02
5.920000000000000000e+02
6.000000000000000000e+02
6.080000000000000000e+02
6.040000000000000000e+02
6.160000000000000000e+02
6.080000000000000000e+02
6.040000000000000000e+02
6.240000000000000000e+02
6.280000000000000000e+02
