6.560000000000000000e+02
6.560000000000000000e+02
6.360000000000000000e+02
6.160000000000000000e+02
6.160000000000000000e+02
6.240000000000000000e+02
5.920000000000000000e+02
6.120000000000000000e+02
6.160000000000000000e+02
6.240000000000000000e+02
6.200000000000000000e+02
6.060000000000000000e+02
6.120000000000000000e+02
6.080000000000000000e+02
6.080000000000000000e+02
6.160000000000000000e+02
6.160000000000000000e+02
6.080000000000000000e+02
6.120000000000000000e+02
6.160000000000000000e+02
5.920000000000000000e+02
6.080000000000000000e+02
6.120000000000000000e+02
6.240000000000000000e+02
6.160000000000000000e+02
5.920000000000000000e+02
6.240000000000000000e+02
6.200000000000000000e+02
6.160000000000000000e+02
6.260000000000000000e+02
6.440000000000000000e+02
5.880000000000000000e+02
5.950000000000000000e+02
6.100000000000000000e+02
6.040000000000000000e+02
6.120000000000000000e+02
6.120000000000000000e+02
6.160000000000000000e+02
6.040000000000000000e+02
6.000000000000000000e+02
5.773333333333333712e+02
5.850000000000000000e+02
6.000000000000000000e+02
6.000000000000000000e+02
6.120000000000000000e+02
6.160000000000000000e+02
6.120000000000000000e+02
6.040000000000000000e+02
6.000000000000000000e+02
5.880000000000000000e+02
6.080000000000000000e+02
5.880000000000000000e+02
5.840000000000000000e+02
5.800000000000000000e+02
5.920000000000000000e+02
6.000000000000000000e+02
6.040000000000000000e+02
6.000000000000000000e+02
6.200000000000000000e+02
6.160000000000000000e+02
6.040000000000000000e+02
6.200000000000000000e+02
6.120000000000000000e+02
6.090000000000000000e+02
6.200000000000000000e+02
6.200000000000000000e+02
6.040000000000000000e+02
5.960000000000000000e+02
5.960000000000000000e+02
5.840000000000000000e+02
5.840000000000000000e+02
5.720000000000000000e+02
6.120000000000000000e+02
6.040000000000000000e+02
5.950000000000000000e+02
5.840000000000000000e+02
5.800000000000000000e+02
5.880000000000000000e+02
5.640000000000000000e+02
6.040000000000000000e+02
6.150000000000000000e+02
5.893333333333333712e+02
5.880000000000000000e+02
6.120000000000000000e+02
6.110000000000000000e+02
6.080000000000000000e+02
5.880000000000000000e+02
5.920000000000000000e+02
5.920000000000000000e+02
5.960000000000000000e+02
5.960000000000000000e+02
5.920000000000000000e+02
6.000000000000000000e+02
6.000000000000000000e+02
6.280000000000000000e+02
6.240000000000000000e+02
6.240000000000000000e+02
6.200000000000000000e+02
6.040000000000000000e+02
5.960000000000000000e+02
5.960000000000000000e+02
6.000000000000000000e+02
5.900000000000000000e+02
5.800000000000000000e+02
5.760000000000000000e+02
5.840000000000000000e+02
5.800000000000000000e+02
5.760000000000000000e+02
5.960000000000000000e+02
5.920000000000000000e+02
5.840000000000000000e+02
5.960000000000000000e+02
5.920000000000000000e+02
6.000000000000000000e+02
5.920000000000000000e+02
5.840000000000000000e+02
5.760000000000000000e+02
5.720000000000000000e+02
5.760000000000000000e+02
5.760000000000000000e+02
5.800000000000000000e+02
5.800000000000000000e+02
5.840000000000000000e+02
6.160000000000000000e+02
5.760000000000000000e+02
6.000000000000000000e+02
6.120000000000000000e+02
6.200000000000000000e+02
6.530000000000000000e+02
6.040000000000000000e+02
6.200000000000000000e+02
6.240000000000000000e+02
6.140000000000000000e+02
5.800000000000000000e+02
5.840000000000000000e+02
5.800000000000000000e+02
5.800000000000000000e+02
5.800000000000000000e+02
5.800000000000000000e+02
5.760000000000000000e+02
5.760000000000000000e+02
5.800000000000000000e+02
6.040000000000000000e+02
5.973333333333333712e+02
5.920000000000000000e+02
6.080000000000000000e+02
5.840000000000000000e+02
5.840000000000000000e+02
5.760000000000000000e+02
5.760000000000000000e+02
5.760000000000000000e+02
5.760000000000000000e+02
5.760000000000000000e+02
5.800000000000000000e+02
5.840000000000000000e+02
5.800000000000000000e+02
6.080000000000000000e+02
6.000000000000000000e+02
5.960000000000000000e+02
6.200000000000000000e+02
6.160000000000000000e+02
6.080000000000000000e+02
6.146666666666666288e+02
6.120000000000000000e+02
5.720000000000000000e+02
5.840000000000000000e+02
5.800000000000000000e+02
5.760000000000000000e+02
5.800000000000000000e+02
5.800000000000000000e+02
5.800000000000000000e+02
5.800000000000000000e+02
5.800000000000000000e+02
5.760000000000000000e+02
6.280000000000000000e+02
5.920000000000000000e+02
5.960000000000000000e+02
5.920000000000000000e+02
5.786666666666666288e+02
5.786666666666666288e+02
5.840000000000000000e+02
5.800000000000000000e+02
5.760000000000000000e+02
5.720000000000000000e+02
5.760000000000000000e+02
5.760000000000000000e+02
5.800000000000000000e+02
5.800000000000000000e+02
5.720000000000000000e+02
6.040000000000000000e+02
6.120000000000000000e+02
6.170000000000000000e+02
6.120000000000000000e+02
6.120000000000000000e+02
6.040000000000000000e+02
5.800000000000000000e+02
6.050000000000000000e+02
5.800000000000000000e+02
5.760000000000000000e+02
5.800000000000000000e+02
5.760000000000000000e+02
5.720000000000000000e+02
5.760000000000000000e+02
5.880000000000000000e+02
6.080000000000000000e+02
6.080000000000000000e+02
5.920000000000000000e+02
5.960000000000000000e+02
6.080000000000000000e+02
6.120000000000000000e+02
5.960000000000000000e+02
5.960000000000000000e+02
5.640000000000000000e+02
5.840000000000000000e+02
5.800000000000000000e+02
5.800000000000000000e+02
5.720000000000000000e+02
5.800000000000000000e+02
6.000000000000000000e+02
5.960000000000000000e+02
5.973333333333333712e+02
6.040000000000000000e+02
6.120000000000000000e+02
6.200000000000000000e+02
6.240000000000000000e+02
6.200000000000000000e+02
6.080000000000000000e+02
6.173333333333333712e+02
6.000000000000000000e+02
6.000000000000000000e+02
6.040000000000000000e+02
5.760000000000000000e+02
5.840000000000000000e+02
5.760000000000000000e+02
5.760000000000000000e+02
5.840000000000000000e+02
5.880000000000000000e+02
5.920000000000000000e+02
5.960000000000000000e+02
5.960000000000000000e+02
6.240000000000000000e+02
6.120000000000000000e+02
6.100000000000000000e+02
6.040000000000000000e+02
5.760000000000000000e+02
5.840000000000000000e+02
5.920000000000000000e+02
5.920000000000000000e+02
6.000000000000000000e+02
6.080000000000000000e+02
6.000000000000000000e+02
6.160000000000000000e+02
6.080000000000000000e+02
6.040000000000000000e+02
6.240000000000000000e+02
6.280000000000000000e+02
