5.890000000000000000e+02
6.520000000000000000e+02
6.360000000000000000e+02
6.160000000000000000e+02
6.160000000000000000e+02
6.200000000000000000e+02
5.920000000000000000e+02
6.120000000000000000e+02
6.160000000000000000e+02
6.240000000000000000e+02
6.120000000000000000e+02
6.060000000000000000e+02
6.200000000000000000e+02
6.080000000000000000e+02
6.080000000000000000e+02
6.160000000000000000e+02
6.160000000000000000e+02
6.120000000000000000e+02
6.120000000000000000e+02
6.160000000000000000e+02
5.920000000000000000e+02
6.080000000000000000e+02
6.200000000000000000e+02
6.240000000000000000e+02
6.120000000000000000e+02
5.960000000000000000e+02
6.240000000000000000e+02
6.200000000000000000e+02
6.160000000000000000e+02
6.260000000000000000e+02
6.360000000000000000e+02
6.560000000000000000e+02
6.000000000000000000e+02
6.133333333333333712e+02
6.070000000000000000e+02
6.160000000000000000e+02
6.130000000000000000e+02
6.160000000000000000e+02
6.040000000000000000e+02
6.080000000000000000e+02
6.270000000000000000e+02
5.910000000000000000e+02
6.000000000000000000e+02
5.960000000000000000e+02
6.120000000000000000e+02
6.160000000000000000e+02
6.053333333333333712e+02
6.080000000000000000e+02
6.000000000000000000e+02
5.840000000000000000e+02
6.080000000000000000e+02
5.930000000000000000e+02
5.840000000000000000e+02
5.800000000000000000e+02
6.000000000000000000e+02
6.000000000000000000e+02
5.960000000000000000e+02
6.000000000000000000e+02
6.200000000000000000e+02
6.120000000000000000e+02
6.040000000000000000e+02
6.160000000000000000e+02
6.120000000000000000e+02
6.120000000000000000e+02
6.186666666666666288e+02
6.200000000000000000e+02
6.080000000000000000e+02
6.040000000000000000e+02
6.000000000000000000e+02
5.840000000000000000e+02
5.840000000000000000e+02
5.720000000000000000e+02
6.160000000000000000e+02
6.080000000000000000e+02
5.950000000000000000e+02
5.893333333333333712e+02
5.800000000000000000e+02
5.880000000000000000e+02
5.840000000000000000e+02
6.080000000000000000e+02
6.120000000000000000e+02
5.840000000000000000e+02
5.840000000000000000e+02
6.120000000000000000e+02
5.813333333333333712e+02
6.080000000000000000e+02
5.880000000000000000e+02
5.920000000000000000e+02
5.920000000000000000e+02
6.040000000000000000e+02
5.920000000000000000e+02
5.920000000000000000e+02
6.000000000000000000e+02
6.000000000000000000e+02
6.190000000000000000e+02
6.280000000000000000e+02
6.240000000000000000e+02
6.240000000000000000e+02
6.093333333333333712e+02
5.960000000000000000e+02
5.920000000000000000e+02
5.960000000000000000e+02
5.840000000000000000e+02
5.840000000000000000e+02
5.760000000000000000e+02
5.800000000000000000e+02
5.800000000000000000e+02
5.720000000000000000e+02
5.870000000000000000e+02
5.920000000000000000e+02
5.840000000000000000e+02
5.960000000000000000e+02
5.920000000000000000e+02
5.920000000000000000e+02
5.920000000000000000e+02
5.840000000000000000e+02
5.760000000000000000e+02
5.720000000000000000e+02
5.760000000000000000e+02
5.760000000000000000e+02
5.800000000000000000e+02
5.800000000000000000e+02
5.840000000000000000e+02
6.200000000000000000e+02
5.720000000000000000e+02
6.000000000000000000e+02
6.080000000000000000e+02
6.190000000000000000e+02
6.220000000000000000e+02
6.050000000000000000e+02
6.066666666666666288e+02
6.240000000000000000e+02
6.140000000000000000e+02
5.800000000000000000e+02
5.840000000000000000e+02
5.800000000000000000e+02
5.800000000000000000e+02
5.760000000000000000e+02
5.760000000000000000e+02
5.790000000000000000e+02
5.760000000000000000e+02
5.800000000000000000e+02
6.040000000000000000e+02
5.960000000000000000e+02
5.920000000000000000e+02
6.120000000000000000e+02
5.800000000000000000e+02
5.840000000000000000e+02
5.760000000000000000e+02
5.800000000000000000e+02
5.800000000000000000e+02
5.760000000000000000e+02
5.760000000000000000e+02
5.800000000000000000e+02
5.840000000000000000e+02
5.760000000000000000e+02
5.906666666666666288e+02
6.000000000000000000e+02
6.000000000000000000e+02
6.040000000000000000e+02
6.160000000000000000e+02
6.110000000000000000e+02
6.120000000000000000e+02
6.140000000000000000e+02
5.720000000000000000e+02
5.840000000000000000e+02
5.800000000000000000e+02
5.800000000000000000e+02
5.800000000000000000e+02
5.800000000000000000e+02
5.800000000000000000e+02
5.760000000000000000e+02
5.800000000000000000e+02
5.760000000000000000e+02
6.280000000000000000e+02
6.040000000000000000e+02
5.920000000000000000e+02
5.920000000000000000e+02
5.720000000000000000e+02
5.840000000000000000e+02
5.840000000000000000e+02
5.760000000000000000e+02
5.760000000000000000e+02
5.800000000000000000e+02
5.760000000000000000e+02
5.800000000000000000e+02
5.800000000000000000e+02
5.760000000000000000e+02
5.720000000000000000e+02
6.040000000000000000e+02
6.120000000000000000e+02
6.160000000000000000e+02
6.160000000000000000e+02
6.120000000000000000e+02
6.040000000000000000e+02
5.800000000000000000e+02
6.010000000000000000e+02
5.800000000000000000e+02
5.760000000000000000e+02
5.800000000000000000e+02
5.760000000000000000e+02
5.720000000000000000e+02
5.760000000000000000e+02
5.820000000000000000e+02
6.080000000000000000e+02
6.080000000000000000e+02
5.960000000000000000e+02
5.960000000000000000e+02
6.080000000000000000e+02
6.200000000000000000e+02
5.960000000000000000e+02
5.960000000000000000e+02
5.640000000000000000e+02
5.800000000000000000e+02
5.800000000000000000e+02
5.720000000000000000e+02
5.720000000000000000e+02
5.800000000000000000e+02
6.000000000000000000e+02
5.960000000000000000e+02
6.000000000000000000e+02
6.040000000000000000e+02
6.120000000000000000e+02
6.200000000000000000e+02
6.280000000000000000e+02
6.160000000000000000e+02
6.010000000000000000e+02
6.160000000000000000e+02
6.000000000000000000e+02
6.000000000000000000e+02
6.080000000000000000e+02
5.760000000000000000e+02
5.840000000000000000e+02
5.800000000000000000e+02
5.760000000000000000e+02
5.840000000000000000e+02
5.880000000000000000e+02
5.960000000000000000e+02
5.960000000000000000e+02
5.920000000000000000e+02
6.226666666666666288e+02
6.120000000000000000e+02
6.100000000000000000e+02
6.040000000000000000e+02
5.760000000000000000e+02
5.880000000000000000e+02
5.920000000000000000e+02
5.890000000000000000e+02
6.000000000000000000e+02
6.080000000000000000e+02
6.000000000000000000e+02
6.160000000000000000e+02
6.080000000000000000e+02
6.040000000000000000e+02
6.240000000000000000e+02
6.280000000000000000e+02
