6.600000000000000000e+02
6.520000000000000000e+02
6.320000000000000000e+02
6.160000000000000000e+02
6.120000000000000000e+02
6.200000000000000000e+02
5.920000000000000000e+02
6.120000000000000000e+02
6.160000000000000000e+02
6.240000000000000000e+02
6.200000000000000000e+02
6.030000000000000000e+02
6.160000000000000000e+02
6.080000000000000000e+02
6.080000000000000000e+02
6.200000000000000000e+02
6.160000000000000000e+02
6.120000000000000000e+02
6.120000000000000000e+02
6.200000000000000000e+02
5.920000000000000000e+02
6.080000000000000000e+02
6.200000000000000000e+02
6.240000000000000000e+02
6.186666666666666288e+02
6.020000000000000000e+02
6.240000000000000000e+02
6.200000000000000000e+02
6.160000000000000000e+02
6.320000000000000000e+02
6.440000000000000000e+02
5.880000000000000000e+02
5.950000000000000000e+02
7.093333333333333712e+02
6.000000000000000000e+02
6.160000000000000000e+02
6.130000000000000000e+02
6.160000000000000000e+02
6.130000000000000000e+02
6.000000000000000000e+02
5.773333333333333712e+02
5.850000000000000000e+02
6.000000000000000000e+02
5.960000000000000000e+02
6.000000000000000000e+02
6.200000000000000000e+02
6.053333333333333712e+02
6.080000000000000000e+02
6.010000000000000000e+02
5.840000000000000000e+02
5.960000000000000000e+02
5.880000000000000000e+02
5.840000000000000000e+02
5.800000000000000000e+02
6.000000000000000000e+02
6.000000000000000000e+02
6.040000000000000000e+02
6.040000000000000000e+02
6.200000000000000000e+02
6.120000000000000000e+02
6.040000000000000000e+02
6.160000000000000000e+02
6.130000000000000000e+02
6.120000000000000000e+02
6.200000000000000000e+02
6.200000000000000000e+02
6.040000000000000000e+02
5.960000000000000000e+02
5.960000000000000000e+02
5.860000000000000000e+02
5.840000000000000000e+02
5.786666666666666288e+02
6.173333333333333712e+02
6.080000000000000000e+02
5.890000000000000000e+02
5.840000000000000000e+02
5.800000000000000000e+02
5.920000000000000000e+02
5.640000000000000000e+02
6.040000000000000000e+02
6.120000000000000000e+02
5.840000000000000000e+02
5.880000000000000000e+02
5.973333333333333712e+02
6.110000000000000000e+02
6.080000000000000000e+02
5.880000000000000000e+02
5.920000000000000000e+02
5.920000000000000000e+02
6.000000000000000000e+02
5.960000000000000000e+02
5.960000000000000000e+02
5.970000000000000000e+02
6.000000000000000000e+02
6.280000000000000000e+02
6.240000000000000000e+02
6.240000000000000000e+02
6.160000000000000000e+02
6.040000000000000000e+02
6.000000000000000000e+02
5.920000000000000000e+02
6.000000000000000000e+02
5.900000000000000000e+02
5.800000000000000000e+02
5.800000000000000000e+02
5.800000000000000000e+02
5.800000000000000000e+02
5.760000000000000000e+02
5.870000000000000000e+02
5.920000000000000000e+02
5.880000000000000000e+02
5.920000000000000000e+02
5.880000000000000000e+02
5.960000000000000000e+02
5.920000000000000000e+02
5.800000000000000000e+02
5.760000000000000000e+02
5.720000000000000000e+02
5.760000000000000000e+02
5.760000000000000000e+02
5.800000000000000000e+02
5.800000000000000000e+02
5.840000000000000000e+02
6.066666666666666288e+02
5.760000000000000000e+02
6.000000000000000000e+02
6.160000000000000000e+02
6.200000000000000000e+02
6.510000000000000000e+02
6.040000000000000000e+02
6.066666666666666288e+02
6.240000000000000000e+02
5.920000000000000000e+02
5.800000000000000000e+02
5.840000000000000000e+02
5.800000000000000000e+02
5.760000000000000000e+02
5.800000000000000000e+02
5.760000000000000000e+02
5.760000000000000000e+02
5.760000000000000000e+02
5.800000000000000000e+02
6.040000000000000000e+02
5.960000000000000000e+02
5.920000000000000000e+02
6.080000000000000000e+02
5.840000000000000000e+02
5.840000000000000000e+02
5.800000000000000000e+02
5.800000000000000000e+02
5.760000000000000000e+02
5.800000000000000000e+02
5.800000000000000000e+02
5.800000000000000000e+02
5.840000000000000000e+02
5.760000000000000000e+02
6.080000000000000000e+02
6.040000000000000000e+02
5.960000000000000000e+02
6.200000000000000000e+02
6.200000000000000000e+02
6.080000000000000000e+02
6.146666666666666288e+02
6.140000000000000000e+02
5.840000000000000000e+02
5.840000000000000000e+02
5.800000000000000000e+02
5.800000000000000000e+02
5.760000000000000000e+02
5.800000000000000000e+02
5.800000000000000000e+02
5.760000000000000000e+02
5.800000000000000000e+02
5.800000000000000000e+02
6.280000000000000000e+02
5.920000000000000000e+02
5.920000000000000000e+02
5.920000000000000000e+02
5.680000000000000000e+02
5.840000000000000000e+02
5.760000000000000000e+02
5.760000000000000000e+02
5.800000000000000000e+02
5.800000000000000000e+02
5.760000000000000000e+02
5.800000000000000000e+02
5.800000000000000000e+02
5.760000000000000000e+02
5.720000000000000000e+02
6.040000000000000000e+02
6.120000000000000000e+02
6.200000000000000000e+02
6.150000000000000000e+02
6.080000000000000000e+02
6.040000000000000000e+02
5.810000000000000000e+02
6.070000000000000000e+02
5.840000000000000000e+02
5.760000000000000000e+02
5.760000000000000000e+02
5.760000000000000000e+02
5.720000000000000000e+02
5.760000000000000000e+02
5.880000000000000000e+02
6.080000000000000000e+02
6.080000000000000000e+02
5.880000000000000000e+02
6.000000000000000000e+02
6.080000000000000000e+02
6.200000000000000000e+02
6.000000000000000000e+02
5.960000000000000000e+02
6.020000000000000000e+02
5.840000000000000000e+02
5.800000000000000000e+02
5.800000000000000000e+02
5.720000000000000000e+02
5.800000000000000000e+02
6.000000000000000000e+02
5.880000000000000000e+02
5.880000000000000000e+02
6.040000000000000000e+02
6.120000000000000000e+02
6.200000000000000000e+02
6.240000000000000000e+02
6.160000000000000000e+02
6.040000000000000000e+02
6.173333333333333712e+02
6.040000000000000000e+02
6.000000000000000000e+02
6.040000000000000000e+02
5.760000000000000000e+02
5.840000000000000000e+02
5.800000000000000000e+02
5.800000000000000000e+02
5.840000000000000000e+02
5.880000000000000000e+02
5.940000000000000000e+02
5.960000000000000000e+02
5.920000000000000000e+02
6.226666666666666288e+02
6.120000000000000000e+02
6.000000000000000000e+02
6.040000000000000000e+02
5.760000000000000000e+02
5.840000000000000000e+02
5.946666666666666288e+02
5.920000000000000000e+02
6.000000000000000000e+02
6.080000000000000000e+02
6.000000000000000000e+02
6.120000000000000000e+02
6.080000000000000000e+02
6.040000000000000000e+02
6.240000000000000000e+02
6.280000000000000000e+02
