4.480000000000000000e+02
4.560000000000000000e+02
4.720000000000000000e+02
6.106666666666666288e+02
6.030000000000000000e+02
7.500000000000000000e+02
7.620000000000000000e+02
7.470000000000000000e+02
7.020000000000000000e+02
6.826666666666666288e+02
6.853333333333333712e+02
6.680000000000000000e+02
3.640000000000000000e+02
7.586666666666666288e+02
7.573333333333333712e+02
7.480000000000000000e+02
7.520000000000000000e+02
7.440000000000000000e+02
7.410000000000000000e+02
3.720000000000000000e+02
7.440000000000000000e+02
6.710000000000000000e+02
7.453333333333333712e+02
7.453333333333333712e+02
7.506666666666666288e+02
7.570000000000000000e+02
7.506666666666666288e+02
7.506666666666666288e+02
6.090000000000000000e+02
6.080000000000000000e+02
4.560000000000000000e+02
4.480000000000000000e+02
4.480000000000000000e+02
4.560000000000000000e+02
4.600000000000000000e+02
5.990000000000000000e+02
7.500000000000000000e+02
6.826666666666666288e+02
6.200000000000000000e+02
6.946666666666666288e+02
7.460000000000000000e+02
6.786666666666666288e+02
7.440000000000000000e+02
7.440000000000000000e+02
7.440000000000000000e+02
7.520000000000000000e+02
7.490000000000000000e+02
7.480000000000000000e+02
7.480000000000000000e+02
7.480000000000000000e+02
7.533333333333333712e+02
7.550000000000000000e+02
7.600000000000000000e+02
7.706666666666666288e+02
7.230000000000000000e+02
7.440000000000000000e+02
7.310000000000000000e+02
6.626666666666666288e+02
7.360000000000000000e+02
6.120000000000000000e+02
6.120000000000000000e+02
6.080000000000000000e+02
5.690000000000000000e+02
5.080000000000000000e+02
4.680000000000000000e+02
6.106666666666666288e+02
6.080000000000000000e+02
6.120000000000000000e+02
6.130000000000000000e+02
6.133333333333333712e+02
6.420000000000000000e+02
7.133333333333333712e+02
7.520000000000000000e+02
7.520000000000000000e+02
7.600000000000000000e+02
7.520000000000000000e+02
7.560000000000000000e+02
7.600000000000000000e+02
7.560000000000000000e+02
7.570000000000000000e+02
7.600000000000000000e+02
7.613333333333333712e+02
7.600000000000000000e+02
7.520000000000000000e+02
7.560000000000000000e+02
7.480000000000000000e+02
7.560000000000000000e+02
3.600000000000000000e+02
3.600000000000000000e+02
6.990000000000000000e+02
7.533333333333333712e+02
7.040000000000000000e+02
6.160000000000000000e+02
6.120000000000000000e+02
6.080000000000000000e+02
6.660000000000000000e+02
4.413333333333333144e+02
5.960000000000000000e+02
6.080000000000000000e+02
7.080000000000000000e+02
7.080000000000000000e+02
7.000000000000000000e+02
7.426666666666666288e+02
4.213333333333333144e+02
4.120000000000000000e+02
4.133333333333333144e+02
7.560000000000000000e+02
7.626666666666666288e+02
7.600000000000000000e+02
7.573333333333333712e+02
7.600000000000000000e+02
7.640000000000000000e+02
7.546666666666666288e+02
3.530000000000000000e+02
7.560000000000000000e+02
7.600000000000000000e+02
7.600000000000000000e+02
7.570000000000000000e+02
7.600000000000000000e+02
7.573333333333333712e+02
7.560000000000000000e+02
7.460000000000000000e+02
7.560000000000000000e+02
7.080000000000000000e+02
7.040000000000000000e+02
6.946666666666666288e+02
5.946666666666666288e+02
7.426666666666666288e+02
7.270000000000000000e+02
7.040000000000000000e+02
6.000000000000000000e+02
7.000000000000000000e+02
7.040000000000000000e+02
3.810000000000000000e+02
3.580000000000000000e+02
6.960000000000000000e+02
7.560000000000000000e+02
7.560000000000000000e+02
7.560000000000000000e+02
7.560000000000000000e+02
7.520000000000000000e+02
7.440000000000000000e+02
6.840000000000000000e+02
3.680000000000000000e+02
7.480000000000000000e+02
7.413333333333333712e+02
6.120000000000000000e+02
3.666666666666666856e+02
7.480000000000000000e+02
3.613333333333333144e+02
3.773333333333333144e+02
7.360000000000000000e+02
7.333333333333333712e+02
3.520000000000000000e+02
7.480000000000000000e+02
7.426666666666666288e+02
7.510000000000000000e+02
5.986666666666666288e+02
7.500000000000000000e+02
7.520000000000000000e+02
6.826666666666666288e+02
6.970000000000000000e+02
6.920000000000000000e+02
3.773333333333333144e+02
3.840000000000000000e+02
7.520000000000000000e+02
3.640000000000000000e+02
3.640000000000000000e+02
3.600000000000000000e+02
3.640000000000000000e+02
3.760000000000000000e+02
3.840000000000000000e+02
3.760000000000000000e+02
3.640000000000000000e+02
7.480000000000000000e+02
6.910000000000000000e+02
6.710000000000000000e+02
3.740000000000000000e+02
3.700000000000000000e+02
3.720000000000000000e+02
3.760000000000000000e+02
3.640000000000000000e+02
4.000000000000000000e+02
3.800000000000000000e+02
3.680000000000000000e+02
3.640000000000000000e+02
3.600000000000000000e+02
6.900000000000000000e+02
3.760000000000000000e+02
3.800000000000000000e+02
7.610000000000000000e+02
3.866666666666666856e+02
7.510000000000000000e+02
7.560000000000000000e+02
7.533333333333333712e+02
3.720000000000000000e+02
3.640000000000000000e+02
3.640000000000000000e+02
3.560000000000000000e+02
3.600000000000000000e+02
3.680000000000000000e+02
3.680000000000000000e+02
3.600000000000000000e+02
3.680000000000000000e+02
3.720000000000000000e+02
7.453333333333333712e+02
7.410000000000000000e+02
7.490000000000000000e+02
7.460000000000000000e+02
7.480000000000000000e+02
7.480000000000000000e+02
3.680000000000000000e+02
3.640000000000000000e+02
3.640000000000000000e+02
3.720000000000000000e+02
3.680000000000000000e+02
3.600000000000000000e+02
3.600000000000000000e+02
3.600000000000000000e+02
3.680000000000000000e+02
3.640000000000000000e+02
6.900000000000000000e+02
7.000000000000000000e+02
7.493333333333333712e+02
4.280000000000000000e+02
3.840000000000000000e+02
3.920000000000000000e+02
3.520000000000000000e+02
3.613333333333333144e+02
3.640000000000000000e+02
3.560000000000000000e+02
3.600000000000000000e+02
3.600000000000000000e+02
3.640000000000000000e+02
3.680000000000000000e+02
3.680000000000000000e+02
3.680000000000000000e+02
7.520000000000000000e+02
7.550000000000000000e+02
7.480000000000000000e+02
3.760000000000000000e+02
3.720000000000000000e+02
7.533333333333333712e+02
3.680000000000000000e+02
3.640000000000000000e+02
3.680000000000000000e+02
3.640000000000000000e+02
3.600000000000000000e+02
3.600000000000000000e+02
3.560000000000000000e+02
3.560000000000000000e+02
3.640000000000000000e+02
3.960000000000000000e+02
3.920000000000000000e+02
3.880000000000000000e+02
3.880000000000000000e+02
3.880000000000000000e+02
3.840000000000000000e+02
3.880000000000000000e+02
3.760000000000000000e+02
3.670000000000000000e+02
3.600000000000000000e+02
3.600000000000000000e+02
3.600000000000000000e+02
3.640000000000000000e+02
3.680000000000000000e+02
3.640000000000000000e+02
3.640000000000000000e+02
3.680000000000000000e+02
3.680000000000000000e+02
3.760000000000000000e+02
3.800000000000000000e+02
3.730000000000000000e+02
3.880000000000000000e+02
3.830000000000000000e+02
3.630000000000000000e+02
3.640000000000000000e+02
3.640000000000000000e+02
3.600000000000000000e+02
3.600000000000000000e+02
3.560000000000000000e+02
3.560000000000000000e+02
3.560000000000000000e+02
3.680000000000000000e+02
3.640000000000000000e+02
3.920000000000000000e+02
3.920000000000000000e+02
3.880000000000000000e+02
4.360000000000000000e+02
7.540000000000000000e+02
6.860000000000000000e+02
3.680000000000000000e+02
3.720000000000000000e+02
3.720000000000000000e+02
3.560000000000000000e+02
3.600000000000000000e+02
3.560000000000000000e+02
3.560000000000000000e+02
3.560000000000000000e+02
7.466666666666666288e+02
3.946666666666666856e+02
7.550000000000000000e+02
3.970000000000000000e+02
3.730000000000000000e+02
7.506666666666666288e+02
3.800000000000000000e+02
3.730000000000000000e+02
7.640000000000000000e+02
7.510000000000000000e+02
3.680000000000000000e+02
3.680000000000000000e+02
3.680000000000000000e+02
3.520000000000000000e+02
7.920000000000000000e+02
3.680000000000000000e+02
6.240000000000000000e+02
3.866666666666666856e+02
7.653333333333333712e+02
7.520000000000000000e+02
4.280000000000000000e+02
4.200000000000000000e+02
4.220000000000000000e+02
6.800000000000000000e+02
3.840000000000000000e+02
3.950000000000000000e+02
4.010000000000000000e+02
3.560000000000000000e+02
3.560000000000000000e+02
3.560000000000000000e+02
3.640000000000000000e+02
3.600000000000000000e+02
7.310000000000000000e+02
3.760000000000000000e+02
3.680000000000000000e+02
6.950000000000000000e+02
6.946666666666666288e+02
7.040000000000000000e+02
6.980000000000000000e+02
7.020000000000000000e+02
3.720000000000000000e+02
3.840000000000000000e+02
3.560000000000000000e+02
3.520000000000000000e+02
3.500000000000000000e+02
7.653333333333333712e+02
7.720000000000000000e+02
4.040000000000000000e+02
4.080000000000000000e+02
6.800000000000000000e+02
7.460000000000000000e+02
7.470000000000000000e+02
4.160000000000000000e+02
7.510000000000000000e+02
7.480000000000000000e+02
7.490000000000000000e+02
7.480000000000000000e+02
4.080000000000000000e+02
7.026666666666666288e+02
7.720000000000000000e+02
7.570000000000000000e+02
7.560000000000000000e+02
3.720000000000000000e+02
3.830000000000000000e+02
3.840000000000000000e+02
3.720000000000000000e+02
7.546666666666666288e+02
3.680000000000000000e+02
3.800000000000000000e+02
6.973333333333333712e+02
3.680000000000000000e+02
6.293333333333333712e+02
7.070000000000000000e+02
7.160000000000000000e+02
3.760000000000000000e+02
3.760000000000000000e+02
3.640000000000000000e+02
3.640000000000000000e+02
3.650000000000000000e+02
5.960000000000000000e+02
7.220000000000000000e+02
7.470000000000000000e+02
7.546666666666666288e+02
7.453333333333333712e+02
7.580000000000000000e+02
3.800000000000000000e+02
6.640000000000000000e+02
6.910000000000000000e+02
7.600000000000000000e+02
7.520000000000000000e+02
7.590000000000000000e+02
3.530000000000000000e+02
7.620000000000000000e+02
7.440000000000000000e+02
7.400000000000000000e+02
7.480000000000000000e+02
6.600000000000000000e+02
6.090000000000000000e+02
7.093333333333333712e+02
7.540000000000000000e+02
7.146666666666666288e+02
7.106666666666666288e+02
6.520000000000000000e+02
6.500000000000000000e+02
6.880000000000000000e+02
6.653333333333333712e+02
3.533333333333333144e+02
6.610000000000000000e+02
6.600000000000000000e+02
6.440000000000000000e+02
4.230000000000000000e+02
7.580000000000000000e+02
7.200000000000000000e+02
7.650000000000000000e+02
7.560000000000000000e+02
7.626666666666666288e+02
7.520000000000000000e+02
7.500000000000000000e+02
7.500000000000000000e+02
7.360000000000000000e+02
7.480000000000000000e+02
7.493333333333333712e+02
7.270000000000000000e+02
6.706666666666666288e+02
7.560000000000000000e+02
7.500000000000000000e+02
3.480000000000000000e+02
6.760000000000000000e+02
6.893333333333333712e+02
6.866666666666666288e+02
6.820000000000000000e+02
6.800000000000000000e+02
7.493333333333333712e+02
