5.880000000000000000e+02
5.840000000000000000e+02
5.720000000000000000e+02
5.570000000000000000e+02
5.360000000000000000e+02
5.400000000000000000e+02
5.360000000000000000e+02
5.320000000000000000e+02
5.253333333333333712e+02
5.800000000000000000e+02
4.920000000000000000e+02
5.830000000000000000e+02
5.760000000000000000e+02
6.860000000000000000e+02
5.560000000000000000e+02
5.480000000000000000e+02
5.520000000000000000e+02
5.560000000000000000e+02
5.626666666666666288e+02
5.720000000000000000e+02
5.666666666666666288e+02
5.640000000000000000e+02
6.270000000000000000e+02
5.240000000000000000e+02
5.280000000000000000e+02
5.320000000000000000e+02
5.440000000000000000e+02
5.440000000000000000e+02
5.660000000000000000e+02
5.720000000000000000e+02
6.853333333333333712e+02
6.040000000000000000e+02
5.120000000000000000e+02
5.120000000000000000e+02
5.800000000000000000e+02
5.860000000000000000e+02
5.480000000000000000e+02
5.420000000000000000e+02
5.306666666666666288e+02
5.240000000000000000e+02
5.270000000000000000e+02
5.240000000000000000e+02
5.373333333333333712e+02
5.680000000000000000e+02
5.600000000000000000e+02
5.573333333333333712e+02
5.680000000000000000e+02
5.600000000000000000e+02
6.780000000000000000e+02
5.720000000000000000e+02
5.540000000000000000e+02
5.450000000000000000e+02
5.570000000000000000e+02
5.280000000000000000e+02
5.280000000000000000e+02
5.173333333333333712e+02
5.160000000000000000e+02
5.120000000000000000e+02
5.130000000000000000e+02
5.320000000000000000e+02
5.400000000000000000e+02
5.013333333333333144e+02
5.240000000000000000e+02
5.320000000000000000e+02
5.440000000000000000e+02
5.420000000000000000e+02
5.060000000000000000e+02
6.240000000000000000e+02
5.240000000000000000e+02
5.240000000000000000e+02
5.280000000000000000e+02
5.280000000000000000e+02
5.280000000000000000e+02
5.226666666666666288e+02
5.200000000000000000e+02
5.240000000000000000e+02
5.300000000000000000e+02
5.380000000000000000e+02
5.613333333333333712e+02
6.460000000000000000e+02
5.110000000000000000e+02
5.760000000000000000e+02
5.720000000000000000e+02
5.480000000000000000e+02
5.320000000000000000e+02
5.200000000000000000e+02
5.240000000000000000e+02
5.300000000000000000e+02
5.280000000000000000e+02
5.280000000000000000e+02
5.253333333333333712e+02
5.190000000000000000e+02
5.240000000000000000e+02
5.370000000000000000e+02
5.400000000000000000e+02
6.860000000000000000e+02
5.440000000000000000e+02
5.400000000000000000e+02
5.440000000000000000e+02
5.380000000000000000e+02
5.200000000000000000e+02
5.160000000000000000e+02
5.240000000000000000e+02
5.253333333333333712e+02
5.250000000000000000e+02
5.280000000000000000e+02
5.190000000000000000e+02
5.280000000000000000e+02
5.450000000000000000e+02
5.840000000000000000e+02
5.840000000000000000e+02
5.880000000000000000e+02
5.840000000000000000e+02
5.800000000000000000e+02
5.760000000000000000e+02
5.586666666666666288e+02
5.360000000000000000e+02
5.160000000000000000e+02
5.200000000000000000e+02
5.240000000000000000e+02
5.280000000000000000e+02
5.260000000000000000e+02
5.200000000000000000e+02
5.200000000000000000e+02
5.360000000000000000e+02
5.440000000000000000e+02
5.400000000000000000e+02
5.520000000000000000e+02
6.800000000000000000e+02
5.320000000000000000e+02
5.440000000000000000e+02
5.520000000000000000e+02
5.320000000000000000e+02
5.186666666666666288e+02
5.120000000000000000e+02
5.160000000000000000e+02
5.200000000000000000e+02
5.186666666666666288e+02
5.240000000000000000e+02
5.560000000000000000e+02
4.920000000000000000e+02
5.760000000000000000e+02
5.680000000000000000e+02
5.510000000000000000e+02
5.440000000000000000e+02
5.440000000000000000e+02
5.770000000000000000e+02
6.813333333333333712e+02
5.080000000000000000e+02
5.160000000000000000e+02
5.346666666666666288e+02
5.320000000000000000e+02
5.250000000000000000e+02
5.200000000000000000e+02
5.320000000000000000e+02
5.460000000000000000e+02
5.666666666666666288e+02
5.440000000000000000e+02
5.666666666666666288e+02
6.120000000000000000e+02
5.300000000000000000e+02
5.453333333333333712e+02
5.480000000000000000e+02
5.150000000000000000e+02
5.020000000000000000e+02
5.800000000000000000e+02
5.666666666666666288e+02
5.340000000000000000e+02
5.440000000000000000e+02
5.400000000000000000e+02
5.306666666666666288e+02
5.120000000000000000e+02
5.800000000000000000e+02
5.920000000000000000e+02
5.470000000000000000e+02
5.430000000000000000e+02
5.320000000000000000e+02
5.893333333333333712e+02
5.720000000000000000e+02
5.800000000000000000e+02
5.520000000000000000e+02
5.346666666666666288e+02
5.280000000000000000e+02
5.120000000000000000e+02
5.170000000000000000e+02
5.200000000000000000e+02
5.280000000000000000e+02
5.210000000000000000e+02
6.880000000000000000e+02
5.506666666666666288e+02
5.500000000000000000e+02
5.480000000000000000e+02
5.720000000000000000e+02
5.560000000000000000e+02
5.640000000000000000e+02
5.810000000000000000e+02
6.733333333333333712e+02
5.400000000000000000e+02
5.440000000000000000e+02
5.540000000000000000e+02
5.560000000000000000e+02
5.460000000000000000e+02
5.400000000000000000e+02
5.360000000000000000e+02
5.480000000000000000e+02
5.600000000000000000e+02
5.920000000000000000e+02
5.160000000000000000e+02
5.240000000000000000e+02
6.840000000000000000e+02
5.720000000000000000e+02
5.600000000000000000e+02
5.370000000000000000e+02
5.160000000000000000e+02
6.026666666666666288e+02
5.740000000000000000e+02
4.820000000000000000e+02
6.840000000000000000e+02
5.640000000000000000e+02
6.110000000000000000e+02
5.973333333333333712e+02
5.893333333333333712e+02
6.050000000000000000e+02
6.106666666666666288e+02
6.000000000000000000e+02
6.040000000000000000e+02
6.140000000000000000e+02
5.370000000000000000e+02
6.040000000000000000e+02
6.693333333333333712e+02
6.720000000000000000e+02
6.733333333333333712e+02
6.060000000000000000e+02
5.960000000000000000e+02
6.650000000000000000e+02
5.520000000000000000e+02
6.880000000000000000e+02
5.146666666666666288e+02
5.370000000000000000e+02
5.453333333333333712e+02
6.170000000000000000e+02
5.573333333333333712e+02
5.240000000000000000e+02
6.020000000000000000e+02
5.973333333333333712e+02
5.770000000000000000e+02
5.920000000000000000e+02
5.960000000000000000e+02
5.533333333333333712e+02
5.570000000000000000e+02
6.080000000000000000e+02
5.200000000000000000e+02
5.400000000000000000e+02
5.360000000000000000e+02
5.920000000000000000e+02
5.980000000000000000e+02
