5.786666666666666288e+02
5.840000000000000000e+02
5.690000000000000000e+02
5.560000000000000000e+02
5.360000000000000000e+02
5.400000000000000000e+02
5.330000000000000000e+02
5.320000000000000000e+02
5.133333333333333712e+02
5.800000000000000000e+02
4.880000000000000000e+02
5.840000000000000000e+02
5.760000000000000000e+02
6.860000000000000000e+02
5.760000000000000000e+02
5.480000000000000000e+02
5.480000000000000000e+02
5.540000000000000000e+02
5.626666666666666288e+02
5.680000000000000000e+02
5.720000000000000000e+02
5.610000000000000000e+02
6.240000000000000000e+02
5.240000000000000000e+02
5.260000000000000000e+02
5.320000000000000000e+02
5.440000000000000000e+02
5.440000000000000000e+02
6.826666666666666288e+02
5.720000000000000000e+02
5.410000000000000000e+02
6.050000000000000000e+02
5.110000000000000000e+02
5.120000000000000000e+02
6.653333333333333712e+02
6.920000000000000000e+02
5.480000000000000000e+02
5.420000000000000000e+02
5.280000000000000000e+02
5.280000000000000000e+02
5.270000000000000000e+02
5.240000000000000000e+02
5.600000000000000000e+02
5.620000000000000000e+02
5.640000000000000000e+02
5.640000000000000000e+02
5.680000000000000000e+02
5.600000000000000000e+02
6.320000000000000000e+02
6.813333333333333712e+02
5.520000000000000000e+02
5.440000000000000000e+02
5.570000000000000000e+02
5.280000000000000000e+02
5.240000000000000000e+02
5.240000000000000000e+02
5.200000000000000000e+02
5.120000000000000000e+02
5.200000000000000000e+02
5.320000000000000000e+02
5.900000000000000000e+02
5.080000000000000000e+02
5.320000000000000000e+02
5.270000000000000000e+02
5.440000000000000000e+02
5.420000000000000000e+02
5.200000000000000000e+02
6.240000000000000000e+02
5.240000000000000000e+02
5.200000000000000000e+02
5.280000000000000000e+02
5.240000000000000000e+02
5.290000000000000000e+02
5.160000000000000000e+02
5.200000000000000000e+02
5.280000000000000000e+02
5.300000000000000000e+02
5.400000000000000000e+02
5.640000000000000000e+02
5.080000000000000000e+02
5.093333333333333144e+02
5.770000000000000000e+02
5.600000000000000000e+02
5.586666666666666288e+02
5.280000000000000000e+02
5.220000000000000000e+02
5.240000000000000000e+02
5.280000000000000000e+02
5.290000000000000000e+02
5.320000000000000000e+02
5.160000000000000000e+02
5.240000000000000000e+02
5.240000000000000000e+02
5.333333333333333712e+02
5.386666666666666288e+02
5.560000000000000000e+02
6.666666666666666288e+02
5.440000000000000000e+02
5.440000000000000000e+02
5.300000000000000000e+02
5.280000000000000000e+02
5.160000000000000000e+02
5.280000000000000000e+02
5.310000000000000000e+02
5.280000000000000000e+02
5.240000000000000000e+02
5.120000000000000000e+02
5.280000000000000000e+02
5.480000000000000000e+02
5.800000000000000000e+02
5.850000000000000000e+02
5.880000000000000000e+02
5.880000000000000000e+02
5.800000000000000000e+02
5.786666666666666288e+02
5.640000000000000000e+02
5.453333333333333712e+02
5.160000000000000000e+02
5.240000000000000000e+02
5.280000000000000000e+02
5.280000000000000000e+02
5.260000000000000000e+02
5.200000000000000000e+02
5.160000000000000000e+02
5.360000000000000000e+02
5.400000000000000000e+02
5.373333333333333712e+02
5.520000000000000000e+02
6.270000000000000000e+02
5.280000000000000000e+02
5.410000000000000000e+02
5.440000000000000000e+02
5.413333333333333712e+02
5.186666666666666288e+02
5.160000000000000000e+02
5.190000000000000000e+02
5.213333333333333712e+02
5.186666666666666288e+02
5.200000000000000000e+02
5.640000000000000000e+02
4.920000000000000000e+02
5.740000000000000000e+02
5.760000000000000000e+02
5.440000000000000000e+02
5.440000000000000000e+02
5.480000000000000000e+02
5.770000000000000000e+02
4.960000000000000000e+02
5.040000000000000000e+02
5.320000000000000000e+02
5.346666666666666288e+02
5.280000000000000000e+02
5.260000000000000000e+02
5.200000000000000000e+02
5.240000000000000000e+02
5.460000000000000000e+02
5.680000000000000000e+02
5.440000000000000000e+02
5.586666666666666288e+02
6.080000000000000000e+02
5.360000000000000000e+02
5.600000000000000000e+02
5.453333333333333712e+02
5.160000000000000000e+02
5.040000000000000000e+02
5.800000000000000000e+02
5.720000000000000000e+02
5.370000000000000000e+02
5.400000000000000000e+02
5.400000000000000000e+02
5.306666666666666288e+02
5.120000000000000000e+02
5.800000000000000000e+02
5.880000000000000000e+02
5.750000000000000000e+02
5.360000000000000000e+02
6.960000000000000000e+02
5.893333333333333712e+02
5.720000000000000000e+02
5.750000000000000000e+02
5.520000000000000000e+02
5.280000000000000000e+02
5.270000000000000000e+02
5.120000000000000000e+02
5.226666666666666288e+02
5.120000000000000000e+02
5.280000000000000000e+02
5.240000000000000000e+02
6.880000000000000000e+02
5.540000000000000000e+02
5.480000000000000000e+02
5.520000000000000000e+02
5.740000000000000000e+02
5.626666666666666288e+02
5.640000000000000000e+02
5.840000000000000000e+02
6.520000000000000000e+02
5.400000000000000000e+02
5.440000000000000000e+02
5.560000000000000000e+02
5.520000000000000000e+02
5.520000000000000000e+02
5.340000000000000000e+02
5.360000000000000000e+02
5.480000000000000000e+02
5.620000000000000000e+02
5.906666666666666288e+02
5.230000000000000000e+02
5.160000000000000000e+02
6.950000000000000000e+02
5.720000000000000000e+02
5.600000000000000000e+02
5.440000000000000000e+02
5.180000000000000000e+02
5.920000000000000000e+02
6.750000000000000000e+02
4.840000000000000000e+02
4.800000000000000000e+02
5.650000000000000000e+02
6.106666666666666288e+02
5.906666666666666288e+02
5.850000000000000000e+02
6.080000000000000000e+02
6.050000000000000000e+02
6.020000000000000000e+02
6.120000000000000000e+02
5.173333333333333712e+02
5.370000000000000000e+02
6.000000000000000000e+02
6.693333333333333712e+02
6.720000000000000000e+02
5.320000000000000000e+02
6.000000000000000000e+02
5.960000000000000000e+02
6.700000000000000000e+02
6.820000000000000000e+02
6.080000000000000000e+02
6.890000000000000000e+02
5.370000000000000000e+02
5.410000000000000000e+02
6.170000000000000000e+02
5.600000000000000000e+02
5.160000000000000000e+02
6.000000000000000000e+02
5.973333333333333712e+02
5.760000000000000000e+02
5.920000000000000000e+02
5.920000000000000000e+02
5.520000000000000000e+02
5.520000000000000000e+02
6.040000000000000000e+02
5.200000000000000000e+02
5.400000000000000000e+02
5.360000000000000000e+02
5.790000000000000000e+02
5.960000000000000000e+02
