5.390000000000000000e+02
5.840000000000000000e+02
5.640000000000000000e+02
5.560000000000000000e+02
5.400000000000000000e+02
5.370000000000000000e+02
5.360000000000000000e+02
5.280000000000000000e+02
5.240000000000000000e+02
5.140000000000000000e+02
4.920000000000000000e+02
5.830000000000000000e+02
5.800000000000000000e+02
6.860000000000000000e+02
5.560000000000000000e+02
5.520000000000000000e+02
5.480000000000000000e+02
5.600000000000000000e+02
5.706666666666666288e+02
5.720000000000000000e+02
5.666666666666666288e+02
5.706666666666666288e+02
6.240000000000000000e+02
5.320000000000000000e+02
5.280000000000000000e+02
5.310000000000000000e+02
5.440000000000000000e+02
5.400000000000000000e+02
5.520000000000000000e+02
5.720000000000000000e+02
6.800000000000000000e+02
6.070000000000000000e+02
5.120000000000000000e+02
5.120000000000000000e+02
6.653333333333333712e+02
6.820000000000000000e+02
5.800000000000000000e+02
5.440000000000000000e+02
5.320000000000000000e+02
5.280000000000000000e+02
5.270000000000000000e+02
5.240000000000000000e+02
5.373333333333333712e+02
5.706666666666666288e+02
5.600000000000000000e+02
5.600000000000000000e+02
5.640000000000000000e+02
5.640000000000000000e+02
6.786666666666666288e+02
5.720000000000000000e+02
5.540000000000000000e+02
5.440000000000000000e+02
5.540000000000000000e+02
5.360000000000000000e+02
5.280000000000000000e+02
5.173333333333333712e+02
5.160000000000000000e+02
5.160000000000000000e+02
5.160000000000000000e+02
5.320000000000000000e+02
5.900000000000000000e+02
5.040000000000000000e+02
5.290000000000000000e+02
5.250000000000000000e+02
5.440000000000000000e+02
5.350000000000000000e+02
5.120000000000000000e+02
6.240000000000000000e+02
5.253333333333333712e+02
5.200000000000000000e+02
5.280000000000000000e+02
5.290000000000000000e+02
5.280000000000000000e+02
5.160000000000000000e+02
5.200000000000000000e+02
5.240000000000000000e+02
5.440000000000000000e+02
5.410000000000000000e+02
5.613333333333333712e+02
5.080000000000000000e+02
5.040000000000000000e+02
5.800000000000000000e+02
5.600000000000000000e+02
5.480000000000000000e+02
5.280000000000000000e+02
5.220000000000000000e+02
5.240000000000000000e+02
5.320000000000000000e+02
5.280000000000000000e+02
5.360000000000000000e+02
5.140000000000000000e+02
5.240000000000000000e+02
5.240000000000000000e+02
5.370000000000000000e+02
5.440000000000000000e+02
5.560000000000000000e+02
6.620000000000000000e+02
5.440000000000000000e+02
5.440000000000000000e+02
5.300000000000000000e+02
5.210000000000000000e+02
5.130000000000000000e+02
5.280000000000000000e+02
5.240000000000000000e+02
5.240000000000000000e+02
5.240000000000000000e+02
5.190000000000000000e+02
5.280000000000000000e+02
5.560000000000000000e+02
5.800000000000000000e+02
5.850000000000000000e+02
5.880000000000000000e+02
5.840000000000000000e+02
5.720000000000000000e+02
5.746666666666666288e+02
5.560000000000000000e+02
5.360000000000000000e+02
5.160000000000000000e+02
5.200000000000000000e+02
5.280000000000000000e+02
5.280000000000000000e+02
5.240000000000000000e+02
5.160000000000000000e+02
5.160000000000000000e+02
5.360000000000000000e+02
5.400000000000000000e+02
5.400000000000000000e+02
5.450000000000000000e+02
6.920000000000000000e+02
5.320000000000000000e+02
5.410000000000000000e+02
5.450000000000000000e+02
5.320000000000000000e+02
5.300000000000000000e+02
5.160000000000000000e+02
5.160000000000000000e+02
5.180000000000000000e+02
5.186666666666666288e+02
5.200000000000000000e+02
5.560000000000000000e+02
4.920000000000000000e+02
5.826666666666666288e+02
5.760000000000000000e+02
5.440000000000000000e+02
5.470000000000000000e+02
5.440000000000000000e+02
5.746666666666666288e+02
4.960000000000000000e+02
5.106666666666666856e+02
5.320000000000000000e+02
5.360000000000000000e+02
5.280000000000000000e+02
5.260000000000000000e+02
5.160000000000000000e+02
5.240000000000000000e+02
5.520000000000000000e+02
5.590000000000000000e+02
5.453333333333333712e+02
5.413333333333333712e+02
6.110000000000000000e+02
5.320000000000000000e+02
5.560000000000000000e+02
5.480000000000000000e+02
5.100000000000000000e+02
5.020000000000000000e+02
5.800000000000000000e+02
5.666666666666666288e+02
5.340000000000000000e+02
5.440000000000000000e+02
5.400000000000000000e+02
5.220000000000000000e+02
5.120000000000000000e+02
5.840000000000000000e+02
5.880000000000000000e+02
5.750000000000000000e+02
5.360000000000000000e+02
6.960000000000000000e+02
6.050000000000000000e+02
5.710000000000000000e+02
5.750000000000000000e+02
5.500000000000000000e+02
5.320000000000000000e+02
5.270000000000000000e+02
5.040000000000000000e+02
5.180000000000000000e+02
5.120000000000000000e+02
5.280000000000000000e+02
5.213333333333333712e+02
6.880000000000000000e+02
5.506666666666666288e+02
5.520000000000000000e+02
5.480000000000000000e+02
5.720000000000000000e+02
5.653333333333333712e+02
5.640000000000000000e+02
5.840000000000000000e+02
5.853333333333333712e+02
5.410000000000000000e+02
5.493333333333333712e+02
5.600000000000000000e+02
5.560000000000000000e+02
5.460000000000000000e+02
5.426666666666666288e+02
5.360000000000000000e+02
5.480000000000000000e+02
5.620000000000000000e+02
5.906666666666666288e+02
5.140000000000000000e+02
5.186666666666666288e+02
6.950000000000000000e+02
5.760000000000000000e+02
5.600000000000000000e+02
5.370000000000000000e+02
5.160000000000000000e+02
6.026666666666666288e+02
6.800000000000000000e+02
4.840000000000000000e+02
5.760000000000000000e+02
5.640000000000000000e+02
6.000000000000000000e+02
5.840000000000000000e+02
5.890000000000000000e+02
6.140000000000000000e+02
6.050000000000000000e+02
6.000000000000000000e+02
6.040000000000000000e+02
5.160000000000000000e+02
5.140000000000000000e+02
6.070000000000000000e+02
6.730000000000000000e+02
6.700000000000000000e+02
6.733333333333333712e+02
5.440000000000000000e+02
5.980000000000000000e+02
6.680000000000000000e+02
6.980000000000000000e+02
6.080000000000000000e+02
6.890000000000000000e+02
5.400000000000000000e+02
5.410000000000000000e+02
6.890000000000000000e+02
5.600000000000000000e+02
5.160000000000000000e+02
6.130000000000000000e+02
5.880000000000000000e+02
5.820000000000000000e+02
5.960000000000000000e+02
5.920000000000000000e+02
5.560000000000000000e+02
5.570000000000000000e+02
6.000000000000000000e+02
5.240000000000000000e+02
5.360000000000000000e+02
5.360000000000000000e+02
5.960000000000000000e+02
5.980000000000000000e+02
