5.786666666666666288e+02
5.840000000000000000e+02
5.640000000000000000e+02
5.546666666666666288e+02
5.360000000000000000e+02
5.400000000000000000e+02
5.360000000000000000e+02
5.320000000000000000e+02
5.253333333333333712e+02
5.853333333333333712e+02
4.920000000000000000e+02
6.540000000000000000e+02
5.720000000000000000e+02
6.780000000000000000e+02
5.760000000000000000e+02
5.480000000000000000e+02
5.520000000000000000e+02
5.560000000000000000e+02
5.760000000000000000e+02
5.680000000000000000e+02
5.720000000000000000e+02
5.706666666666666288e+02
5.840000000000000000e+02
5.240000000000000000e+02
5.280000000000000000e+02
5.340000000000000000e+02
5.440000000000000000e+02
5.440000000000000000e+02
6.826666666666666288e+02
5.720000000000000000e+02
6.853333333333333712e+02
6.070000000000000000e+02
5.060000000000000000e+02
5.133333333333333712e+02
6.653333333333333712e+02
5.860000000000000000e+02
5.520000000000000000e+02
5.360000000000000000e+02
5.280000000000000000e+02
5.240000000000000000e+02
5.320000000000000000e+02
5.280000000000000000e+02
5.530000000000000000e+02
5.680000000000000000e+02
5.640000000000000000e+02
5.560000000000000000e+02
5.640000000000000000e+02
5.600000000000000000e+02
6.786666666666666288e+02
6.813333333333333712e+02
5.480000000000000000e+02
5.440000000000000000e+02
5.570000000000000000e+02
5.280000000000000000e+02
5.200000000000000000e+02
5.160000000000000000e+02
5.160000000000000000e+02
5.080000000000000000e+02
5.130000000000000000e+02
5.253333333333333712e+02
5.920000000000000000e+02
5.080000000000000000e+02
5.240000000000000000e+02
5.280000000000000000e+02
5.440000000000000000e+02
5.360000000000000000e+02
5.200000000000000000e+02
6.280000000000000000e+02
5.253333333333333712e+02
5.240000000000000000e+02
5.280000000000000000e+02
5.280000000000000000e+02
5.290000000000000000e+02
5.160000000000000000e+02
5.260000000000000000e+02
5.240000000000000000e+02
5.506666666666666288e+02
5.400000000000000000e+02
5.466666666666666288e+02
5.080000000000000000e+02
5.110000000000000000e+02
5.760000000000000000e+02
5.600000000000000000e+02
5.586666666666666288e+02
5.320000000000000000e+02
5.200000000000000000e+02
5.240000000000000000e+02
5.320000000000000000e+02
5.290000000000000000e+02
5.320000000000000000e+02
5.140000000000000000e+02
5.240000000000000000e+02
5.280000000000000000e+02
5.400000000000000000e+02
5.400000000000000000e+02
6.860000000000000000e+02
6.620000000000000000e+02
5.440000000000000000e+02
5.440000000000000000e+02
5.280000000000000000e+02
5.200000000000000000e+02
5.213333333333333712e+02
5.280000000000000000e+02
5.240000000000000000e+02
5.240000000000000000e+02
5.240000000000000000e+02
5.170000000000000000e+02
5.280000000000000000e+02
5.480000000000000000e+02
5.840000000000000000e+02
5.880000000000000000e+02
5.880000000000000000e+02
5.920000000000000000e+02
5.720000000000000000e+02
5.800000000000000000e+02
5.586666666666666288e+02
5.360000000000000000e+02
5.120000000000000000e+02
5.200000000000000000e+02
5.280000000000000000e+02
5.320000000000000000e+02
5.300000000000000000e+02
5.173333333333333712e+02
5.200000000000000000e+02
5.360000000000000000e+02
5.440000000000000000e+02
5.400000000000000000e+02
5.450000000000000000e+02
6.800000000000000000e+02
5.280000000000000000e+02
5.410000000000000000e+02
5.520000000000000000e+02
5.330000000000000000e+02
5.300000000000000000e+02
5.200000000000000000e+02
5.160000000000000000e+02
5.240000000000000000e+02
5.186666666666666288e+02
5.240000000000000000e+02
5.640000000000000000e+02
4.920000000000000000e+02
5.760000000000000000e+02
5.760000000000000000e+02
5.410000000000000000e+02
5.480000000000000000e+02
5.520000000000000000e+02
5.770000000000000000e+02
6.813333333333333712e+02
5.026666666666666856e+02
5.320000000000000000e+02
5.360000000000000000e+02
5.280000000000000000e+02
5.200000000000000000e+02
5.160000000000000000e+02
5.320000000000000000e+02
5.520000000000000000e+02
5.590000000000000000e+02
5.440000000000000000e+02
5.586666666666666288e+02
6.030000000000000000e+02
5.320000000000000000e+02
5.550000000000000000e+02
5.480000000000000000e+02
5.100000000000000000e+02
5.040000000000000000e+02
5.760000000000000000e+02
5.640000000000000000e+02
5.340000000000000000e+02
5.400000000000000000e+02
5.440000000000000000e+02
5.306666666666666288e+02
5.120000000000000000e+02
5.853333333333333712e+02
5.880000000000000000e+02
5.540000000000000000e+02
5.453333333333333712e+02
6.200000000000000000e+02
5.920000000000000000e+02
5.720000000000000000e+02
5.773333333333333712e+02
5.500000000000000000e+02
5.386666666666666288e+02
5.200000000000000000e+02
5.066666666666666856e+02
5.180000000000000000e+02
5.120000000000000000e+02
5.280000000000000000e+02
5.210000000000000000e+02
6.880000000000000000e+02
5.560000000000000000e+02
5.480000000000000000e+02
5.480000000000000000e+02
5.540000000000000000e+02
5.626666666666666288e+02
5.640000000000000000e+02
5.840000000000000000e+02
6.520000000000000000e+02
5.400000000000000000e+02
5.440000000000000000e+02
5.540000000000000000e+02
5.560000000000000000e+02
5.460000000000000000e+02
5.426666666666666288e+02
5.360000000000000000e+02
5.453333333333333712e+02
5.640000000000000000e+02
5.920000000000000000e+02
5.200000000000000000e+02
5.240000000000000000e+02
6.950000000000000000e+02
5.830000000000000000e+02
5.600000000000000000e+02
5.370000000000000000e+02
5.180000000000000000e+02
6.026666666666666288e+02
5.720000000000000000e+02
4.820000000000000000e+02
6.840000000000000000e+02
6.620000000000000000e+02
6.110000000000000000e+02
5.890000000000000000e+02
5.960000000000000000e+02
6.173333333333333712e+02
6.106666666666666288e+02
6.000000000000000000e+02
6.120000000000000000e+02
5.173333333333333712e+02
5.120000000000000000e+02
6.070000000000000000e+02
6.693333333333333712e+02
6.680000000000000000e+02
5.180000000000000000e+02
5.440000000000000000e+02
5.960000000000000000e+02
6.790000000000000000e+02
6.820000000000000000e+02
6.880000000000000000e+02
5.146666666666666288e+02
5.400000000000000000e+02
6.666666666666666288e+02
6.160000000000000000e+02
6.120000000000000000e+02
5.250000000000000000e+02
6.130000000000000000e+02
5.840000000000000000e+02
5.760000000000000000e+02
5.960000000000000000e+02
6.040000000000000000e+02
5.720000000000000000e+02
5.573333333333333712e+02
5.980000000000000000e+02
5.200000000000000000e+02
5.293333333333333712e+02
5.360000000000000000e+02
5.790000000000000000e+02
5.980000000000000000e+02
