-1.178345544999999959e+02
-8.817810584999999435e+01
-1.178200175399999949e+02
-1.178018471900000037e+02
-1.177764102600000058e+02
-1.177437083300000040e+02
-1.177037434100000013e+02
-1.184357002099999931e+02
-1.183808563399999940e+02
-1.175402976299999978e+02
-1.166933542000000017e+02
-1.152524910000000062e+02
-1.130526719300000025e+02
-1.123421102300000030e+02
-1.146207781699999941e+02
-1.123975819199999933e+02
-1.124149186899999933e+02
-1.124253211799999974e+02
-1.124287887499999954e+02
-1.070778061599999944e+02
-1.070745036299999953e+02
-1.077831505799999974e+02
-1.070480845999999957e+02
-1.077432581199999930e+02
-1.084314309500000064e+02
-1.083946268300000071e+02
-1.083511364200000031e+02
-1.090181873199999956e+02
-1.082441078699999935e+02
-1.088970039900000017e+02
-1.028394601499999936e+02
-1.035858540199999993e+02
-1.022675431300000071e+02
-1.009415673099999964e+02
-1.044523018999999948e+02
-1.037939352399999962e+02
-1.045038777999999979e+02
-1.045199970099999973e+02
-1.038419737400000002e+02
-1.038451765700000067e+02
-9.916885532999999953e+01
-9.982252386000000399e+01
-9.981328747999999962e+01
-1.004544592400000056e+02
-9.977634480000000394e+01
-9.974864078999999606e+01
-9.905876550000000691e+01
-9.901902085000000397e+01
-9.831771679999999947e+01
-9.761099579999999776e+01
-9.886315084000000297e+01
-8.546182192999999927e+01
-8.676036188000000493e+01
-8.680593220999999460e+01
-8.684614793999999449e+01
-9.318893534999999417e+01
-9.446019031000000155e+01
-9.384909967000000108e+01
-9.385778414000000680e+01
-9.448641687999999306e+01
-8.920346034000000657e+01
-8.979538048999999944e+01
-8.919245553000000371e+01
-8.977322481999999582e+01
-8.915944382000000701e+01
-8.913468770000000063e+01
-8.851040378999999803e+01
-8.847489138999999625e+01
-8.902743768999999929e+01
-8.957390580999999941e+01
-7.922332058000000643e+01
-7.814545132000000649e+01
-7.874898949999999331e+01
-7.878547258999999769e+01
-7.881709580999999787e+01
-8.449902341000000661e+01
-8.339037623000000110e+01
-8.396677418000000159e+01
-8.510171927000000380e+01
-8.510434408999999789e+01
-8.040528847000000212e+01
-8.040280857999999853e+01
-7.986294940999999881e+01
-8.038297038999999700e+01
-7.930116809999999816e+01
-7.981122408000000235e+01
-7.925224009000000081e+01
-7.868876145000000122e+01
-7.918375776999999971e+01
-6.370126554000000141e+01
-5.897492407000000014e+01
-7.151158354999999744e+01
-5.954089651999999688e+01
-5.956848081999999778e+01
-6.009316703999999731e+01
-5.961262453999999877e+01
-6.063135236000000106e+01
-7.418812074000000223e+01
-7.469630331999999839e+01
-7.419727426999999409e+01
-7.052243846999999732e+01
-6.907788711000000603e+01
-6.905870686999999464e+01
-6.903526675999999895e+01
-5.724506655999999793e+01
-5.674603919999999846e+01
-5.671273333999999977e+01
-5.294768183000000050e+01
-5.341661770000000331e+01
-5.300660333999999807e+01
-5.303116040999999825e+01
-5.261399629999999661e+01
-5.307045959999999951e+01
-5.264647863999999799e+01
-5.265784904000000211e+01
-5.310485434999999654e+01
-6.232716632000000345e+01
-6.276802594000000113e+01
-5.870848654000000266e+01
-5.787702151999999955e+01
-5.827202078999999912e+01
-5.744107391000000007e+01
-4.968391777000000076e+01
-4.925690160999999989e+01
-4.882719895999999693e+01
-4.920824595999999929e+01
-4.877292322000000269e+01
-4.465746739000000076e+01
-4.505918674000000124e+01
-4.545854424000000193e+01
-4.472787541999999661e+01
-4.474582846999999930e+01
-4.438487835000000103e+01
-4.477345324000000204e+01
-4.440679448000000207e+01
-4.441364400999999873e+01
-4.441775390000000101e+01
-4.107104334999999651e+01
-4.037703736000000276e+01
-4.071586003000000176e+01
-4.139701857000000018e+01
-4.069576548999999943e+01
-3.997638192000000146e+01
-4.099126329999999996e+01
-4.096974420000000094e+01
-4.094569788999999815e+01
-3.754427161000000268e+01
-3.756632034999999803e+01
-3.758605182000000156e+01
-3.760346480999999841e+01
-3.761855822999999788e+01
-3.763133117000000283e+01
-3.795546436000000057e+01
-3.764991256999999791e+01
-3.671432689000000238e+01
-3.483476407999999935e+01
-3.514967489000000000e+01
-3.361844529999999764e+01
-3.361740842999999757e+01
-3.333182478999999887e+01
-3.332668430999999742e+01
-3.219001390999999757e+01
-3.189878586000000027e+01
-3.104137569999999968e+01
-3.159308340000000115e+01
-3.186040411000000105e+01
-3.156187595000000101e+01
-3.041680313000000169e+01
-3.004653950999999878e+01
-3.006418503000000086e+01
-2.982930959000000115e+01
-2.984312900999999840e+01
-3.035687406999999993e+01
-2.986524451000000013e+01
-3.037561552000000020e+01
-3.038217593999999977e+01
-2.737328911999999903e+01
-2.762697649000000055e+01
-2.938596314000000120e+01
-2.505728204000000048e+01
-2.505650921000000153e+01
-2.483441717999999909e+01
-2.527006661000000065e+01
-2.482522552000000005e+01
-2.437906999999999869e+01
-2.415123846999999913e+01
-2.392207982000000044e+01
-2.369163526000000175e+01
-2.609096806999999885e+01
-2.607565453999999860e+01
-2.235354892999999876e+01
-2.255463183000000171e+01
-2.237842451999999938e+01
-2.257693318000000104e+01
-2.277421182000000144e+01
-2.278194454000000135e+01
-2.278827195999999944e+01
-2.034433817000000033e+01
-2.072428129000000041e+01
-2.053777905999999831e+01
-2.072683831000000154e+01
-1.727431892999999974e+01
-1.743082057000000162e+01
-1.742920773000000167e+01
-1.726952410999999898e+01
-1.742275687000000062e+01
-1.726100106000000167e+01
-1.725514228000000116e+01
-1.724821912000000168e+01
-1.692677325000000010e+01
-1.691788723000000161e+01
-1.722106797000000000e+01
-1.352761783999999956e+01
-1.341023296999999914e+01
-1.354267171999999952e+01
-1.354894580999999931e+01
-1.342888057999999951e+01
-1.355898636999999951e+01
-1.356275222000000014e+01
-1.356568144999999959e+01
-1.356777388999999978e+01
-1.369466856999999926e+01
-1.394637703000000073e+01
-1.027205747000000002e+01
-1.046021295999999978e+01
-1.055347253000000052e+01
-1.045763205999999990e+01
-1.036118139000000049e+01
-1.026413808000000039e+01
-1.035478864000000065e+01
-1.025653739000000009e+01
-1.025178790999999912e+01
-1.024640604999999915e+01
-1.024039214000000086e+01
-6.827279049999999572e+00
-6.768616149999999720e+00
-6.772171319999999994e+00
-6.712574420000000153e+00
-6.715268739999999958e+00
-6.780329659999999592e+00
-6.845011079999999914e+00
-6.783677609999999802e+00
-6.784723959999999998e+00
-6.848179130000000114e+00
-6.848390349999999849e+00
-3.487131989999999959e+00
-3.581268350000000211e+00
-3.580936980000000158e+00
-3.517570960000000024e+00
-3.516811409999999860e+00
-3.484443540000000006e+00
-3.420499389999999806e+00
-3.419127000000000027e+00
-3.417543709999999901e+00
-3.384412460000000067e+00
-3.382426049999999851e+00
0.000000000000000000e+00
0.000000000000000000e+00
0.000000000000000000e+00
0.000000000000000000e+00
0.000000000000000000e+00
0.000000000000000000e+00
0.000000000000000000e+00
0.000000000000000000e+00
0.000000000000000000e+00
0.000000000000000000e+00
0.000000000000000000e+00
3.392885179999999945e+00
3.361365900000000018e+00
3.392466610000000049e+00
3.423350310000000007e+00
3.454011200000000059e+00
3.453052159999999926e+00
3.483260839999999803e+00
3.450495140000000127e+00
3.386190099999999870e+00
3.384412460000000067e+00
3.351107289999999850e+00
6.764643460000000275e+00
6.768616149999999720e+00
6.772171319999999994e+00
6.712574420000000153e+00
6.778028260000000138e+00
6.843110489999999935e+00
6.782212809999999870e+00
6.846489440000000037e+00
6.784723959999999998e+00
6.785351799999999933e+00
6.785561079999999912e+00
1.036629652999999962e+01
1.017750449999999951e+01
1.027079022999999935e+01
1.036341915999999941e+01
1.026698883000000073e+01
1.026413808000000039e+01
1.026065419999999939e+01
1.025653739000000009e+01
1.034584100999999912e+01
1.024640604999999915e+01
1.042828925000000062e+01
1.377812927999999992e+01
1.416220865000000018e+01
1.467122769000000027e+01
1.455257141999999959e+01
1.443290904000000019e+01
1.443780955999999982e+01
1.406507636999999988e+01
1.406811410000000073e+01
1.394465650000000068e+01
1.394594689000000010e+01
1.369509095999999992e+01
1.711727966999999850e+01
1.727378614999999940e+01
1.727218784000000085e+01
1.758351545000000016e+01
1.726579509999999829e+01
1.726100106000000167e+01
1.709827735000000004e+01
1.709141712999999996e+01
1.724023200999999972e+01
1.723118144000000029e+01
1.753417830000000066e+01
2.103863428000000013e+01
2.105098970999999963e+01
2.162620856999999930e+01
2.050738096999999982e+01
2.013917904999999919e+01
2.033429759999999931e+01
2.033994522000000060e+01
2.034433817000000033e+01
2.053587874000000113e+01
2.053777905999999831e+01
2.053841251000000057e+01
2.417807915999999935e+01
2.417733344999999900e+01
2.395532276999999866e+01
2.395162835000000001e+01
2.416614874000000057e+01
2.437906999999999869e+01
2.415123846999999913e+01
2.392207982000000044e+01
2.369163526000000175e+01
2.389844974000000022e+01
2.366529991999999893e+01
2.981365016000000168e+01
2.982930959000000115e+01
2.959234641000000110e+01
2.960422429999999849e+01
2.961427606999999895e+01
2.937146294000000069e+01
2.711797522000000171e+01
2.687102694000000014e+01
2.712466781999999910e+01
2.712550444000000027e+01
3.022834998000000084e+01
3.022741767000000124e+01
3.050709386999999850e+01
3.050238902999999979e+01
3.077817119999999917e+01
3.020504502000000002e+01
3.047698705000000174e+01
3.243932670000000229e+01
3.214235458999999651e+01
3.297088827000000322e+01
3.295153672000000000e+01
3.629279589000000072e+01
3.600105700000000297e+01
3.633318342999999828e+01
3.635001598000000200e+01
3.605111830999999967e+01
3.574976460999999972e+01
3.575969368999999887e+01
3.451241986000000139e+01
3.420394556000000108e+01
3.452200212000000334e+01
3.762085548999999673e+01
3.796482998999999836e+01
3.862648928000000126e+01
3.895814087000000114e+01
3.894250997000000325e+01
3.961340571000000210e+01
3.959260994000000267e+01
4.025753490999999684e+01
4.428219454999999982e+01
4.393270706999999931e+01
4.395578244000000012e+01
4.397614641999999918e+01
4.436981310000000178e+01
4.438487835000000103e+01
4.477345324000000204e+01
4.403046571000000142e+01
4.290809674999999856e+01
4.291206731999999846e+01
4.291339087000000063e+01
4.606985402000000107e+01
5.910889133999999956e+01
4.644171932999999797e+01
4.601871072000000140e+01
4.559316513000000270e+01
4.597894569000000331e+01
4.595480821000000304e+01
5.075976108999999781e+01
5.122741205999999892e+01
5.081624783000000178e+01
5.127806420000000287e+01
5.217554633000000308e+01
6.449193633000000148e+01
6.450586506999999870e+01
6.451581477999999947e+01
6.408286114999999938e+01
6.452377491999999393e+01
6.911198971000000313e+01
6.863972304000000690e+01
6.863337194000000352e+01
6.862278720999999848e+01
6.907788711000000603e+01
6.858891973999999436e+01
6.903526675999999895e+01
6.853812897999999620e+01
6.897561297999999397e+01
5.487013707999999923e+01
5.436923196000000047e+01
5.797534909000000169e+01
5.850947744999999856e+01
5.854020917999999796e+01
5.856732988000000262e+01
5.909161426000000006e+01
5.911167812000000055e+01
7.365957683999999972e+01
7.417667935000000057e+01
7.368684964999999920e+01
7.369366838000000541e+01
7.319460840000000701e+01
7.721037635000000421e+01
7.774046393000000421e+01
7.773327075999999636e+01
7.825362017999999864e+01
7.770450028999999859e+01
7.768292476999999963e+01
7.765655739999999696e+01
7.815708062999999584e+01
7.758945391999999686e+01
7.807987758000000156e+01
7.856489415999999437e+01
6.742410261999999932e+01
6.746369898000000376e+01
7.706151115999999490e+01
7.653445908999999858e+01
8.332092986000000678e+01
8.278605009000000337e+01
8.280904293999999766e+01
8.339037623000000110e+01
8.227616799000000469e+01
8.284736909000000082e+01
8.228631944999999348e+01
8.682470139999999503e+01
8.682202352000000189e+01
8.681399005000000102e+01
8.620607680999999900e+01
8.678185865000000376e+01
8.616353144999999358e+01
8.613428557000000296e+01
8.669351772999999639e+01
8.724688892999999723e+01
8.720108711000000312e+01
8.714990631999999948e+01
9.169991111999999589e+01
9.237793926999999883e+01
9.242646019999999396e+01
8.247260092000000498e+01
9.188135230000000320e+01
9.128729409000000317e+01
9.193807716000000596e+01
9.195793360999999777e+01
9.134645700999999463e+01
9.135490989999999556e+01
9.135772758000000238e+01
9.522837101000000359e+01
9.588216106999999511e+01
9.455995656000000338e+01
9.520193849000000341e+01
9.518138156000000549e+01
9.515495339000000286e+01
9.577867392999999652e+01
9.442873511999999891e+01
9.504045956999999589e+01
9.499056638000000419e+01
9.493481371999999396e+01
1.000970745399999942e+02
9.878386079000000564e+01
9.883574638000000334e+01
9.888153533000000550e+01
9.823427184000000523e+01
9.964199852000000135e+01
1.003570499700000056e+02
9.969119920999999351e+01
1.003942076499999985e+02
9.971580260000000351e+01
1.004065945600000020e+02
1.049218771799999956e+02
1.042000203099999993e+02
1.041903788900000052e+02
1.048927540399999998e+02
1.048701045699999952e+02
1.041228972699999957e+02
1.040875555599999984e+02
1.040457932500000027e+02
1.039976128999999929e+02
1.046598658900000061e+02
1.045984380499999986e+02
1.083461347100000012e+02
1.076621099299999997e+02
1.077186587700000047e+02
1.077685630200000020e+02
1.093092059699999936e+02
1.063505310200000054e+02
1.078783794499999971e+02
1.079016786400000001e+02
1.086677547299999986e+02
1.079283083400000010e+02
1.086811624599999959e+02
-1.178345544999999959e+02
-8.817810584999999435e+01
-1.178200175399999949e+02
-1.178018471900000037e+02
-1.177764102600000058e+02
-1.177437083300000040e+02
-1.177037434100000013e+02
-1.184357002099999931e+02
-1.183808563399999940e+02
-1.175402976299999978e+02
-1.166933542000000017e+02
-1.152524910000000062e+02
-1.130526719300000025e+02
-1.123421102300000030e+02
-1.146207781699999941e+02
-1.123975819199999933e+02
-1.124149186899999933e+02
-1.124253211799999974e+02
-1.124287887499999954e+02
-1.070778061599999944e+02
-1.070745036299999953e+02
-1.077831505799999974e+02
-1.070480845999999957e+02
-1.077432581199999930e+02
-1.084314309500000064e+02
-1.083946268300000071e+02
-1.083511364200000031e+02
-1.090181873199999956e+02
-1.082441078699999935e+02
-1.088970039900000017e+02
-1.028394601499999936e+02
-1.035858540199999993e+02
-1.022675431300000071e+02
-1.009415673099999964e+02
-1.044523018999999948e+02
-1.037939352399999962e+02
-1.045038777999999979e+02
-1.045199970099999973e+02
-1.038419737400000002e+02
-1.038451765700000067e+02
-9.916885532999999953e+01
-9.982252386000000399e+01
-9.981328747999999962e+01
-1.004544592400000056e+02
-9.977634480000000394e+01
-9.974864078999999606e+01
-9.905876550000000691e+01
-9.901902085000000397e+01
-9.831771679999999947e+01
-9.761099579999999776e+01
-9.886315084000000297e+01
-8.546182192999999927e+01
-8.676036188000000493e+01
-8.680593220999999460e+01
-8.684614793999999449e+01
-9.318893534999999417e+01
-9.446019031000000155e+01
-9.384909967000000108e+01
-9.385778414000000680e+01
-9.448641687999999306e+01
-8.920346034000000657e+01
-8.979538048999999944e+01
-8.919245553000000371e+01
-8.977322481999999582e+01
-8.915944382000000701e+01
-8.913468770000000063e+01
-8.851040378999999803e+01
-8.847489138999999625e+01
-8.902743768999999929e+01
-8.957390580999999941e+01
-7.922332058000000643e+01
-7.814545132000000649e+01
-7.874898949999999331e+01
-7.878547258999999769e+01
-7.881709580999999787e+01
-8.449902341000000661e+01
-8.339037623000000110e+01
-8.396677418000000159e+01
-8.510171927000000380e+01
-8.510434408999999789e+01
-8.040528847000000212e+01
-8.040280857999999853e+01
-7.986294940999999881e+01
-8.038297038999999700e+01
-7.930116809999999816e+01
-7.981122408000000235e+01
-7.925224009000000081e+01
-7.868876145000000122e+01
-7.918375776999999971e+01
-6.370126554000000141e+01
-5.897492407000000014e+01
-7.151158354999999744e+01
-5.954089651999999688e+01
-5.956848081999999778e+01
-6.009316703999999731e+01
-5.961262453999999877e+01
-6.063135236000000106e+01
-7.418812074000000223e+01
-7.469630331999999839e+01
-7.419727426999999409e+01
-7.052243846999999732e+01
-6.907788711000000603e+01
-6.905870686999999464e+01
-6.903526675999999895e+01
-5.724506655999999793e+01
-5.674603919999999846e+01
-5.671273333999999977e+01
-5.294768183000000050e+01
-5.341661770000000331e+01
-5.300660333999999807e+01
-5.303116040999999825e+01
-5.261399629999999661e+01
-5.307045959999999951e+01
-5.264647863999999799e+01
-5.265784904000000211e+01
-5.310485434999999654e+01
-6.232716632000000345e+01
-6.276802594000000113e+01
-5.870848654000000266e+01
-5.787702151999999955e+01
-5.827202078999999912e+01
-5.744107391000000007e+01
-4.968391777000000076e+01
-4.925690160999999989e+01
-4.882719895999999693e+01
-4.920824595999999929e+01
-4.877292322000000269e+01
-4.465746739000000076e+01
-4.505918674000000124e+01
-4.545854424000000193e+01
-4.472787541999999661e+01
-4.474582846999999930e+01
-4.438487835000000103e+01
-4.477345324000000204e+01
-4.440679448000000207e+01
-4.441364400999999873e+01
-4.441775390000000101e+01
-4.107104334999999651e+01
-4.037703736000000276e+01
-4.071586003000000176e+01
-4.139701857000000018e+01
-4.069576548999999943e+01
-3.997638192000000146e+01
-4.099126329999999996e+01
-4.096974420000000094e+01
-4.094569788999999815e+01
-3.754427161000000268e+01
-3.756632034999999803e+01
-3.758605182000000156e+01
-3.760346480999999841e+01
-3.761855822999999788e+01
-3.763133117000000283e+01
-3.795546436000000057e+01
-3.764991256999999791e+01
-3.671432689000000238e+01
-3.483476407999999935e+01
-3.514967489000000000e+01
-3.361844529999999764e+01
-3.361740842999999757e+01
-3.333182478999999887e+01
-3.332668430999999742e+01
-3.219001390999999757e+01
-3.189878586000000027e+01
-3.104137569999999968e+01
-3.159308340000000115e+01
-3.186040411000000105e+01
-3.156187595000000101e+01
-3.041680313000000169e+01
-3.004653950999999878e+01
-3.006418503000000086e+01
-2.982930959000000115e+01
-2.984312900999999840e+01
-3.035687406999999993e+01
-2.986524451000000013e+01
-3.037561552000000020e+01
-3.038217593999999977e+01
-2.737328911999999903e+01
-2.762697649000000055e+01
-2.938596314000000120e+01
-2.505728204000000048e+01
-2.505650921000000153e+01
-2.483441717999999909e+01
-2.527006661000000065e+01
-2.482522552000000005e+01
-2.437906999999999869e+01
-2.415123846999999913e+01
-2.392207982000000044e+01
-2.369163526000000175e+01
-2.609096806999999885e+01
-2.607565453999999860e+01
-2.235354892999999876e+01
-2.255463183000000171e+01
-2.237842451999999938e+01
-2.257693318000000104e+01
-2.277421182000000144e+01
-2.278194454000000135e+01
-2.278827195999999944e+01
-2.034433817000000033e+01
-2.072428129000000041e+01
-2.053777905999999831e+01
-2.072683831000000154e+01
-1.727431892999999974e+01
-1.743082057000000162e+01
-1.742920773000000167e+01
-1.726952410999999898e+01
-1.742275687000000062e+01
-1.726100106000000167e+01
-1.725514228000000116e+01
-1.724821912000000168e+01
-1.692677325000000010e+01
-1.691788723000000161e+01
-1.722106797000000000e+01
-1.352761783999999956e+01
-1.341023296999999914e+01
-1.354267171999999952e+01
-1.354894580999999931e+01
-1.342888057999999951e+01
-1.355898636999999951e+01
-1.356275222000000014e+01
-1.356568144999999959e+01
-1.356777388999999978e+01
-1.369466856999999926e+01
-1.394637703000000073e+01
-1.027205747000000002e+01
-1.046021295999999978e+01
-1.055347253000000052e+01
-1.045763205999999990e+01
-1.036118139000000049e+01
-1.026413808000000039e+01
-1.035478864000000065e+01
-1.025653739000000009e+01
-1.025178790999999912e+01
-1.024640604999999915e+01
-1.024039214000000086e+01
-6.827279049999999572e+00
-6.768616149999999720e+00
-6.772171319999999994e+00
-6.712574420000000153e+00
-6.715268739999999958e+00
-6.780329659999999592e+00
-6.845011079999999914e+00
-6.783677609999999802e+00
-6.784723959999999998e+00
-6.848179130000000114e+00
-6.848390349999999849e+00
-3.487131989999999959e+00
-3.581268350000000211e+00
-3.580936980000000158e+00
-3.517570960000000024e+00
-3.516811409999999860e+00
-3.484443540000000006e+00
-3.420499389999999806e+00
-3.419127000000000027e+00
-3.417543709999999901e+00
-3.384412460000000067e+00
-3.382426049999999851e+00
0.000000000000000000e+00
0.000000000000000000e+00
0.000000000000000000e+00
0.000000000000000000e+00
0.000000000000000000e+00
0.000000000000000000e+00
0.000000000000000000e+00
0.000000000000000000e+00
0.000000000000000000e+00
0.000000000000000000e+00
0.000000000000000000e+00
3.392885179999999945e+00
3.361365900000000018e+00
3.392466610000000049e+00
3.423350310000000007e+00
3.454011200000000059e+00
3.453052159999999926e+00
3.483260839999999803e+00
3.450495140000000127e+00
3.386190099999999870e+00
3.384412460000000067e+00
3.351107289999999850e+00
6.764643460000000275e+00
6.768616149999999720e+00
6.772171319999999994e+00
6.712574420000000153e+00
6.778028260000000138e+00
6.843110489999999935e+00
6.782212809999999870e+00
6.846489440000000037e+00
6.784723959999999998e+00
6.785351799999999933e+00
6.785561079999999912e+00
1.036629652999999962e+01
1.017750449999999951e+01
1.027079022999999935e+01
1.036341915999999941e+01
1.026698883000000073e+01
1.026413808000000039e+01
1.026065419999999939e+01
1.025653739000000009e+01
1.034584100999999912e+01
1.024640604999999915e+01
1.042828925000000062e+01
1.377812927999999992e+01
1.416220865000000018e+01
1.467122769000000027e+01
1.455257141999999959e+01
1.443290904000000019e+01
1.443780955999999982e+01
1.406507636999999988e+01
1.406811410000000073e+01
1.394465650000000068e+01
1.394594689000000010e+01
1.369509095999999992e+01
1.711727966999999850e+01
1.727378614999999940e+01
1.727218784000000085e+01
1.758351545000000016e+01
1.726579509999999829e+01
1.726100106000000167e+01
1.709827735000000004e+01
1.709141712999999996e+01
1.724023200999999972e+01
1.723118144000000029e+01
1.753417830000000066e+01
2.103863428000000013e+01
2.105098970999999963e+01
2.162620856999999930e+01
2.050738096999999982e+01
2.013917904999999919e+01
2.033429759999999931e+01
2.033994522000000060e+01
2.034433817000000033e+01
2.053587874000000113e+01
2.053777905999999831e+01
2.053841251000000057e+01
2.417807915999999935e+01
2.417733344999999900e+01
2.395532276999999866e+01
2.395162835000000001e+01
2.416614874000000057e+01
2.437906999999999869e+01
2.415123846999999913e+01
2.392207982000000044e+01
2.369163526000000175e+01
2.389844974000000022e+01
2.366529991999999893e+01
2.981365016000000168e+01
2.982930959000000115e+01
2.959234641000000110e+01
2.960422429999999849e+01
2.961427606999999895e+01
2.937146294000000069e+01
2.711797522000000171e+01
2.687102694000000014e+01
2.712466781999999910e+01
2.712550444000000027e+01
3.022834998000000084e+01
3.022741767000000124e+01
3.050709386999999850e+01
3.050238902999999979e+01
3.077817119999999917e+01
3.020504502000000002e+01
3.047698705000000174e+01
3.243932670000000229e+01
3.214235458999999651e+01
3.297088827000000322e+01
3.295153672000000000e+01
3.629279589000000072e+01
3.600105700000000297e+01
3.633318342999999828e+01
3.635001598000000200e+01
3.605111830999999967e+01
3.574976460999999972e+01
3.575969368999999887e+01
3.451241986000000139e+01
3.420394556000000108e+01
3.452200212000000334e+01
3.762085548999999673e+01
3.796482998999999836e+01
3.862648928000000126e+01
3.895814087000000114e+01
3.894250997000000325e+01
3.961340571000000210e+01
3.959260994000000267e+01
4.025753490999999684e+01
4.428219454999999982e+01
4.393270706999999931e+01
4.395578244000000012e+01
4.397614641999999918e+01
4.436981310000000178e+01
4.438487835000000103e+01
4.477345324000000204e+01
4.403046571000000142e+01
4.290809674999999856e+01
4.291206731999999846e+01
4.291339087000000063e+01
4.606985402000000107e+01
5.910889133999999956e+01
4.644171932999999797e+01
4.601871072000000140e+01
4.559316513000000270e+01
4.597894569000000331e+01
4.595480821000000304e+01
5.075976108999999781e+01
5.122741205999999892e+01
5.081624783000000178e+01
5.127806420000000287e+01
5.217554633000000308e+01
6.449193633000000148e+01
6.450586506999999870e+01
6.451581477999999947e+01
6.408286114999999938e+01
6.452377491999999393e+01
6.911198971000000313e+01
6.863972304000000690e+01
6.863337194000000352e+01
6.862278720999999848e+01
6.907788711000000603e+01
6.858891973999999436e+01
6.903526675999999895e+01
6.853812897999999620e+01
6.897561297999999397e+01
5.487013707999999923e+01
5.436923196000000047e+01
5.797534909000000169e+01
5.850947744999999856e+01
5.854020917999999796e+01
5.856732988000000262e+01
5.909161426000000006e+01
5.911167812000000055e+01
7.365957683999999972e+01
7.417667935000000057e+01
7.368684964999999920e+01
7.369366838000000541e+01
7.319460840000000701e+01
7.721037635000000421e+01
7.774046393000000421e+01
7.773327075999999636e+01
7.825362017999999864e+01
7.770450028999999859e+01
7.768292476999999963e+01
7.765655739999999696e+01
7.815708062999999584e+01
7.758945391999999686e+01
7.807987758000000156e+01
7.856489415999999437e+01
6.742410261999999932e+01
6.746369898000000376e+01
7.706151115999999490e+01
7.653445908999999858e+01
8.332092986000000678e+01
8.278605009000000337e+01
8.280904293999999766e+01
8.339037623000000110e+01
8.227616799000000469e+01
8.284736909000000082e+01
8.228631944999999348e+01
8.682470139999999503e+01
8.682202352000000189e+01
8.681399005000000102e+01
8.620607680999999900e+01
8.678185865000000376e+01
8.616353144999999358e+01
8.613428557000000296e+01
8.669351772999999639e+01
8.724688892999999723e+01
8.720108711000000312e+01
8.714990631999999948e+01
9.169991111999999589e+01
9.237793926999999883e+01
9.242646019999999396e+01
8.247260092000000498e+01
9.188135230000000320e+01
9.128729409000000317e+01
9.193807716000000596e+01
9.195793360999999777e+01
9.134645700999999463e+01
9.135490989999999556e+01
9.135772758000000238e+01
9.522837101000000359e+01
9.588216106999999511e+01
9.455995656000000338e+01
9.520193849000000341e+01
9.518138156000000549e+01
9.515495339000000286e+01
9.577867392999999652e+01
9.442873511999999891e+01
9.504045956999999589e+01
9.499056638000000419e+01
9.493481371999999396e+01
1.000970745399999942e+02
9.878386079000000564e+01
9.883574638000000334e+01
9.888153533000000550e+01
9.823427184000000523e+01
9.964199852000000135e+01
1.003570499700000056e+02
9.969119920999999351e+01
1.003942076499999985e+02
9.971580260000000351e+01
1.004065945600000020e+02
1.049218771799999956e+02
1.042000203099999993e+02
1.041903788900000052e+02
1.048927540399999998e+02
1.048701045699999952e+02
1.041228972699999957e+02
1.040875555599999984e+02
1.040457932500000027e+02
1.039976128999999929e+02
1.046598658900000061e+02
1.045984380499999986e+02
1.083461347100000012e+02
1.076621099299999997e+02
1.077186587700000047e+02
1.077685630200000020e+02
1.093092059699999936e+02
1.063505310200000054e+02
1.078783794499999971e+02
1.079016786400000001e+02
1.086677547299999986e+02
1.079283083400000010e+02
1.086811624599999959e+02
