5.187730304399999568e+02
5.253429351600000246e+02
8.538733954199999516e+02
8.563905412599999636e+02
8.546010263199999599e+02
8.584068418099999462e+02
8.583274151299999630e+02
8.620262706400000070e+02
8.541793323000000555e+02
8.539421598999999787e+02
8.574803495999999541e+02
8.641576949699999659e+02
8.603966048900000487e+02
8.642643171099999790e+02
8.623598918599999479e+02
8.661829968600000029e+02
8.622535046599999760e+02
8.659692791700000498e+02
8.619343693099999655e+02
8.655418965100000150e+02
8.614025645499999655e+02
8.610569500999999946e+02
8.645004458099999738e+02
8.640466108099999474e+02
8.597015241100000367e+02
8.615792728200000283e+02
8.620852551100000483e+02
8.638169949699999961e+02
8.640035590700000512e+02
8.679945810599999731e+02
8.642167916299999888e+02
8.642434469400000125e+02
8.660736914100000376e+02
8.699132608099999970e+02
8.621009226300000137e+02
8.658332955199999788e+02
8.617818437500000073e+02
8.615425604199999725e+02
8.612501330999999709e+02
8.647651384600000029e+02
8.639109290799999599e+02
8.595493936699999722e+02
8.613128295000000207e+02
8.618186553100000538e+02
8.584046325599999818e+02
8.588023170100000243e+02
8.552769948400000430e+02
8.671814310800000385e+02
8.712947014300000319e+02
8.676096232899999450e+02
8.716173024800000348e+02
8.639495326700000533e+02
8.678505123700000468e+02
8.734558261199999833e+02
8.656650743599999487e+02
8.655849760900000547e+02
8.693324328200000082e+02
8.691447180500000513e+02
8.650243573499999457e+02
8.686084645800000317e+02
8.682599589599999490e+02
8.639835293700000420e+02
8.635299657299999581e+02
8.591530765999999630e+02
8.530477370300000075e+02
8.535487089800000149e+02
8.501152253400000518e+02
8.582762755600000446e+02
8.508504501500000288e+02
8.550258274200000415e+02
8.591508612500000481e+02
8.671132177399999819e+02
8.711359655300000213e+02
8.712165774799999554e+02
8.673539689899999985e+02
8.689626611800000546e+02
8.689358603199999607e+02
8.688554594099999804e+02
8.726170753400000422e+02
8.724286513199999717e+02
8.721864117999999735e+02
8.718903716999999460e+02
8.715405492999999524e+02
8.672479618600000322e+02
8.590187590799999953e+02
8.468605325800000401e+02
8.522677025599999752e+02
8.605560540100000253e+02
8.532161275099999784e+02
8.497136392200000046e+02
8.500547006499999725e+02
8.464426692399999865e+02
8.505794995700000527e+02
8.663735387200000559e+02
8.743135435000000371e+02
8.704909028299999818e+02
8.705177516500000365e+02
8.720191444900000306e+02
8.719922493599999598e+02
8.719115656499999432e+02
8.717770983200000501e+02
8.715888556800000515e+02
8.713468493300000546e+02
8.671450354800000468e+02
8.667971170199999733e+02
8.624930469600000151e+02
8.581396310899999662e+02
8.459409287199999881e+02
8.512500567299999830e+02
8.595641928799999505e+02
8.482881870600000411e+02
8.486811847300000409e+02
8.490218317500000467e+02
8.375684927199999947e+02
8.378011175200000480e+02
8.575610829700000295e+02
8.694425816200000554e+02
8.734398072999999840e+02
8.734667470699999967e+02
8.709373289999999770e+02
8.748334873600000492e+02
8.786751978900000495e+02
8.746176352899999529e+02
8.744287792899999658e+02
8.702658678799999734e+02
8.542953358800000387e+02
8.422009321000000455e+02
8.418109352300000410e+02
8.374556672600000411e+02
8.447862355500000149e+02
8.421629007799999727e+02
8.504961545899999464e+02
8.587856637500000261e+02
8.513370998399999507e+02
8.438292385900000454e+02
8.441157508600000483e+02
8.404229838799999470e+02
8.445325538199999755e+02
8.446628188099999761e+02
8.447409810200000493e+02
8.526253336300000001e+02
7.830479886399999714e+02
7.830238375999999789e+02
7.829513859600000387e+02
7.828306381800000509e+02
7.826616017300000294e+02
7.745805253400000083e+02
7.743176149299999906e+02
7.740069409499999438e+02
7.736485225899999705e+02
7.771674701700000014e+02
7.727885440500000414e+02
8.804537796199999775e+02
7.758831085299999586e+02
7.799900245400000358e+02
7.801103341599999794e+02
7.880631544499999563e+02
7.841470236200000272e+02
7.851976887099999658e+02
7.851734713700000157e+02
7.929912813299999925e+02
9.348753705999999966e+02
9.346735031599999957e+02
7.806496547299999520e+02
7.843260211000000481e+02
7.840113315199999988e+02
7.797103493800000251e+02
7.753651626900000338e+02
7.749100788800000146e+02
7.737506650399999444e+02
7.779143691100000524e+02
7.820320370199999616e+02
7.821526616099999956e+02
9.362996683100000155e+02
9.402793002500000057e+02
9.414199468000000479e+02
9.413909112000000050e+02
9.413038061600000219e+02
9.411586370799999486e+02
9.409554128900000478e+02
9.406941461400000435e+02
9.364236981100000321e+02
9.399975530100000469e+02
9.356145289600000297e+02
9.390690295399999741e+02
9.385178632900000366e+02
9.435449883999999656e+02
9.450326039999999921e+02
9.493676233600000387e+02
9.380793134799999962e+02
9.382819164999999657e+02
9.423862479499999836e+02
9.385134806600000275e+02
9.464626167799999621e+02
9.395625605000000178e+02
9.434978588999999829e+02
9.394466489999999794e+02
9.393017663299999640e+02
9.390989431000000423e+02
9.427995343999999704e+02
9.464395246000000270e+02
9.381429730300000074e+02
9.456217007200000353e+02
9.411707805900000494e+02
9.406183807600000364e+02
9.415816383400000404e+02
9.421346038599999702e+02
9.426294540799999595e+02
9.430661584700000049e+02
9.474087434299999586e+02
9.437650256299999683e+02
9.400606446599999799e+02
9.442310328800000434e+02
9.443766758699999855e+02
9.404957288499999777e+02
9.444931956499999615e+02
9.454011710199999925e+02
9.413998613100000057e+02
9.413127554500000542e+02
9.411675849800000151e+02
9.449346726100000069e+02
9.407030896300000222e+02
9.443516575099999955e+02
9.439727619799999729e+02
9.395712023099999897e+02
9.390779575799999748e+02
9.385267860899999732e+02
9.433338540800000374e+02
9.478537639600000375e+02
9.443836197299999640e+02
9.487909735099999580e+02
9.452003728600000159e+02
9.415485259099999666e+02
9.457839119300000448e+02
9.459881789600000275e+02
9.461340929799999913e+02
9.462216449899999589e+02
9.422749857699999438e+02
9.470421189600000389e+02
7.003120678599999565e+02
7.002472693700000264e+02
7.001392763400000376e+02
6.999880954100000281e+02
6.997937359200000174e+02
7.075057122499999878e+02
9.456112306100000069e+02
9.412020310799999834e+02
9.486463937600000236e+02
9.441227041600000121e+02
9.448533163099999683e+02
9.454082032000000027e+02
9.503192257199999631e+02
9.467228415499999983e+02
9.470442901300000358e+02
9.473073205599999937e+02
9.435307741000000306e+02
7.047709143700000141e+02
7.008540064300000267e+02
7.048578709399999980e+02
7.013743450499999881e+02
7.013527130100000022e+02
7.012878182399999787e+02
6.971956893599999603e+02
6.970451440399999683e+02
7.008336108500000137e+02
7.045763894000000391e+02
6.963355763299999808e+02
6.960131251400000565e+02
6.996228705199999922e+02
6.277018990799999756e+02
6.241341389499999650e+02
6.245006761099999721e+02
6.288084916999999905e+02
6.251181637600000158e+02
6.253690761699999712e+02
6.255814128600000004e+02
6.297408624099999770e+02
6.258903091099999756e+02
6.299740269999999782e+02
6.260447762899999589e+02
7.018298029500000439e+02
6.982519574899999952e+02
7.022203098799999452e+02
6.941762969300000350e+02
6.940692401699999436e+02
6.979074123000000327e+02
6.259487999699999818e+02
6.257363385700000435e+02
6.254852788099999543e+02
6.291777739799999836e+02
6.288474758400000155e+02
6.245006761099999721e+02
6.288084916999999905e+02
6.251956361699999434e+02
6.295082456200000252e+02
6.258138109799999711e+02
6.260650026099999650e+02
6.262775755999999774e+02
6.304416538899999978e+02
6.265868156000000226e+02
6.226918491100000210e+02
6.227494708899999978e+02
6.227686785399999962e+02
6.270511532000000443e+02
6.230379802600000403e+02
6.229803317900000366e+02
6.228842549600000211e+02
6.227497556900000291e+02
6.265677194800000507e+02
6.223655254100000320e+02
6.261037400100000241e+02
6.297998862099999542e+02
6.254852788099999543e+02
6.251181637600000158e+02
6.253690761699999712e+02
6.297219203500000049e+02
6.260650026099999650e+02
6.303445706100000052e+02
6.305975808099999540e+02
6.308116927900000519e+02
6.269933053900000459e+02
6.271287211600000546e+02
6.272254526799999894e+02
6.272834939800000029e+02
6.273028414799999837e+02
6.275158347599999615e+02
6.234996878199999628e+02
6.234419966299999487e+02
6.273416553299999805e+02
6.232112496700000293e+02
6.230382081200000357e+02
6.228267346500000485e+02
6.225768422899999450e+02
6.262775755999999774e+02
6.259487999699999818e+02
6.255814128600000004e+02
6.257551607499999591e+02
6.301106922500000564e+02
6.304416538899999978e+02
6.267417413099999521e+02
6.269933053900000459e+02
6.272061935799999901e+02
6.273803927300000396e+02
6.275158920999999737e+02
6.276126833399999896e+02
6.276707604700000047e+02
6.236920936699999629e+02
6.238267964599999686e+02
6.238075561699999980e+02
6.237498364900000070e+02
6.236536409899999853e+02
6.235189755899999682e+02
6.233458485999999539e+02
6.231342707100000098e+02
6.228842549600000211e+02
6.225958167700000558e+02
6.262578776200000448e+02
6.219037466300000006e+02
6.259868496100000357e+02
6.263544748199999503e+02
6.266834635300000400e+02
6.269737954500000114e+02
6.232303861000000325e+02
6.234419966299999487e+02
6.276126833399999896e+02
6.277482328800000460e+02
6.198470337100000052e+02
6.199043922399999929e+02
6.239230186700000331e+02
6.199808777399999826e+02
6.199617560699999785e+02
6.199043922399999929e+02
6.238075561699999980e+02
6.236728575399999954e+02
6.195028949500000408e+02
6.232880577099999755e+02
6.190441470499999923e+02
6.187574871000000485e+02
6.224225473899999770e+02
6.220572299499999644e+02
6.180887469100000544e+02
6.224417449600000509e+02
6.187765716300000349e+02
6.190632404200000565e+02
6.233072819799999706e+02
6.195220024699999612e+02
6.156960411899999599e+02
6.158290170100000296e+02
6.159240056099999947e+02
6.159810011099999656e+02
6.200000000000000000e+02
6.159810011099999656e+02
6.159620028000000502e+02
6.159050090599999976e+02
6.198087897799999837e+02
6.156770516699999689e+02
6.195028949500000408e+02
6.152971851800000422e+02
6.150503138399999443e+02
6.147655033099999855e+02
6.144427711499999987e+02
6.140821372599999677e+02
6.140253174499999886e+02
6.183754369199999701e+02
6.192353195299999697e+02
6.194455735799999729e+02
6.156200842900000225e+02
6.157530437200000506e+02
6.158480205900000328e+02
6.159050090599999976e+02
6.159240056099999947e+02
6.118301272899999503e+02
6.118112570099999630e+02
6.117546473300000116e+02
6.076625219899999593e+02
6.075313095499999463e+02
6.113584284400000115e+02
6.151453698000000259e+02
6.109057115900000099e+02
6.106228202999999439e+02
6.142911665899999889e+02
6.099440591999999697e+02
6.137980557700000190e+02
6.181465651800000387e+02
6.304416538899999978e+02
6.267417413099999521e+02
6.229997174600000562e+02
6.152213618499999939e+02
6.153922323599999800e+02
6.115282260599999518e+02
6.076250182600000471e+02
6.076812458000000561e+02
6.116980149400000073e+02
6.115281701799999610e+02
6.115093092099999694e+02
6.074563044100000297e+02
6.113584284400000115e+02
6.072314740299999585e+02
6.070628694499999938e+02
6.068568183800000497e+02
6.106042107099999612e+02
6.143104881699999851e+02
6.179749299000000065e+02
6.176122228899999982e+02
6.174025911200000110e+02
6.183760028200000534e+02
6.146330851000000166e+02
6.188342555799999900e+02
6.150125415899999552e+02
6.191398202599999649e+02
6.112451863700000558e+02
6.113017489100000148e+02
6.073250439800000322e+02
6.110753276399999550e+02
6.070626474299999700e+02
6.109999407899999824e+02
6.148985593800000515e+02
6.107737988500000483e+02
6.106042107099999612e+02
6.143864802199999531e+02
6.141399742800000467e+02
6.138555853000000297e+02
6.135333308100000522e+02
6.171548750499999869e+02
6.168690899599999966e+02
6.172313605499999767e+02
6.220773274399999764e+02
6.143104881699999851e+02
6.104909686400000055e+02
6.146138191200000165e+02
6.147086202799999910e+02
6.107735195200000362e+02
6.147844647099999520e+02
6.104717114100000117e+02
6.144427711499999987e+02
6.103963990299999978e+02
6.103022629099999676e+02
6.101704804700000295e+02
6.100010598400000390e+02
6.137795932499999481e+02
6.095493481400000064e+02
6.092670849300000100e+02
6.089472392599999466e+02
6.085898308600000064e+02
6.201587622700000111e+02
6.205229647899999463e+02
6.208488905399999567e+02
6.211365194100000053e+02
6.174025911200000110e+02
6.096430329199999960e+02
6.098123541100000011e+02
6.099440591999999697e+02
6.100381400700000540e+02
6.100945909099999653e+02
6.101134082400000125e+02
6.097174704100000326e+02
6.057137066899999809e+02
6.096422510800000509e+02
6.095482312699999738e+02
6.094166116500000498e+02
6.132294094899999664e+02
6.090406077799999593e+02
6.087962467300000071e+02
6.085143322599999465e+02
6.081948817600000439e+02
6.153456471800000145e+02
6.157070230900000070e+02
6.160304192999999486e+02
6.131905130699999518e+02
6.092651305900000125e+02
6.092839223400000037e+02
6.127919593300000543e+02
6.087940135400000372e+02
6.166950383700000202e+02
6.126218667900000128e+02
6.164667885699999488e+02
6.162956196999999747e+02
6.200611860100000285e+02
6.277587161200000310e+02
6.274680207200000268e+02
6.350770836899999949e+02
6.148698283400000264e+02
6.103924938200000270e+02
6.147168762100000095e+02
6.190077507500000138e+02
6.153246899299999768e+02
6.116002412599999616e+02
6.276990172700000130e+02
6.318472352799999499e+02
6.319836993899999698e+02
6.320811797600000546e+02
6.321396703899999920e+02
6.281833238499999652e+02
6.315915386200000512e+02
6.275999075400000038e+02
6.315136207399999648e+02
6.353873991399999568e+02
6.273095725800000082e+02
6.311046044400000028e+02
6.348582571499999858e+02
6.385698095799999692e+02
6.382741078999999900e+02
6.458637429799999836e+02
6.177644667900000286e+02
6.053024817900000016e+02
6.096165083800000275e+02
6.427118795200000250e+02
6.428110146699999632e+02
6.309654889700000240e+02
6.309849500399999442e+02
6.303394393199999968e+02
6.303199981699999626e+02
6.302616759100000081e+02
6.301644761400000334e+02
6.339908476599999858e+02
6.338148130399999900e+02
6.375596797499999866e+02
6.412622853699999723e+02
6.370087607399999570e+02
6.406288506500000040e+02
6.373982639500000005e+02
6.374965794900000446e+02
6.375555712499999572e+02
6.375752355700000180e+02
6.328873591999999917e+02
6.328678394600000274e+02
6.367643394599999738e+02
6.327116887900000393e+02
6.325750674900000377e+02
6.323994259800000464e+02
6.321847750900000165e+02
6.319311280699999998e+02
6.355862411900000097e+02
6.750579781799999637e+02
6.831430754100000513e+02
6.872402749599999652e+02
6.320425548399999798e+02
6.321010418900000332e+02
6.321205379799999946e+02
6.313147245899999689e+02
6.312952533599999470e+02
6.351820711200000460e+02
6.350841125199999624e+02
6.349469789400000082e+02
6.308280038200000490e+02
6.345552231000000347e+02
6.855174456500000133e+02
6.852000040000000354e+02
6.809044322099999818e+02
6.726376826900000196e+02
6.560244719900000518e+02
6.485485430300000189e+02
6.609932595599999559e+02
6.730667604300000448e+02
6.693578929400000561e+02
6.813592780499999435e+02
6.854457791400000133e+02
6.855515057799999568e+02
6.856149443699999892e+02
6.856360909999999649e+02
6.807402112299999999e+02
6.767844224499999655e+02
6.767218009299999721e+02
6.766174360200000137e+02
6.764713341599999694e+02
6.762835043600000517e+02
6.799845044800000551e+02
6.757827098699999624e+02
6.793969259299999521e+02
6.790402643400000215e+02
6.747189318599999979e+02
6.737303206300000511e+02
7.289967039399999749e+02
7.372223962799999981e+02
6.787157524100000501e+02
6.750633908700000347e+02
6.792187204599999859e+02
6.754801552699999547e+02
6.756260430600000291e+02
6.796589193199999954e+02
6.757927848199999517e+02
6.797427774999999883e+02
6.747802729200000158e+02
6.786824812300000076e+02
6.786196840799999563e+02
6.785150264799999604e+02
9.097196268799999643e+02
6.781801583000000164e+02
6.740311824399999523e+02
6.815951729600000135e+02
6.812795475899999929e+02
6.770085534400000142e+02
6.805222453100000166e+02
7.419151870599999938e+02
7.462580038199999990e+02
7.466499711000000161e+02
7.469958814899999879e+02
7.472957136600000467e+02
7.397217061799999556e+02
7.399271552000000156e+02
7.361711579899999833e+02
7.362847087599999440e+02
7.402696124699999700e+02
7.363755535899999813e+02
7.351551531999999725e+02
7.312222001400000408e+02
7.350644589300000007e+02
7.349510963400000492e+02
7.308839282999999796e+02
7.306809902400000283e+02
7.382450977800000373e+02
7.340444053999999596e+02
7.337044924299999593e+02
7.333193211200000405e+02
7.406856057899999541e+02
7.471936022500000263e+02
7.437384901200000513e+02
7.441291340400000536e+02
7.483716455500000393e+02
7.408733629500000006e+02
7.372242603099999769e+02
7.335272748600000341e+02
7.336856994600000235e+02
7.337988668599999755e+02
7.338667701000000534e+02
7.299857379300000275e+02
7.286816934500000116e+02
7.286592191900000444e+02
7.324880106199999545e+02
7.323750453799999605e+02
7.283221330300000318e+02
7.320135956100000385e+02
7.278727656600000273e+02
7.275807264300000270e+02
7.311328108999999813e+02
7.307489896299999828e+02
7.380894550000000436e+02
7.367230456199999935e+02
7.410354700699999739e+02
7.414246942400000080e+02
7.456517869100000553e+02
7.304104320899999720e+02
7.306584343399999852e+02
7.269738056800000550e+02
7.271308148800000026e+02
7.272429712299999665e+02
7.311996275200000355e+02
7.273327004599999555e+02
7.298208680499999446e+02
7.297983586499999547e+02
7.336123788400000194e+02
7.296182918299999756e+02
7.333408558500000254e+02
7.292582026100000121e+02
7.290106756300000370e+02
7.287181798399999479e+02
7.245063676700000315e+02
7.241260250799999767e+02
7.275710738799999717e+02
7.338539802899999813e+02
7.381496106099999679e+02
7.385373190000000250e+02
7.350109920300000113e+02
7.275659503599999880e+02
7.239416411199999857e+02
7.241427074099999572e+02
7.281723624100000052e+02
7.282846794099999670e+02
7.283520723799999814e+02
7.283745371700000533e+02
7.268832767200000262e+02
7.307271390800000290e+02
7.267936029300000200e+02
7.266815158800000063e+02
7.303890962699999818e+02
7.301862956100000019e+02
7.260763453900000286e+02
7.296455855699999802e+02
7.254489386100000274e+02
7.250681011899999930e+02
7.284970197500000495e+02
7.269575114399999620e+02
7.350816237699999647e+02
7.316171043900000086e+02
7.281036500400000477e+02
7.245419526199999609e+02
7.247879622899999958e+02
7.249892636299999822e+02
7.251458442199999581e+02
7.291154480899999726e+02
7.291829179400000385e+02
7.330636380299999928e+02
7.276161587599999621e+02
7.275937173600000278e+02
7.275263945599999715e+02
7.312629468500000485e+02
7.272571241099999497e+02
7.270551930699999730e+02
7.268084138399999574e+02
7.303608058900000515e+02
7.223381502700000283e+02
7.257991530799999964e+02
7.215352077400000326e+02
7.199147323900000401e+02
7.241691014499999710e+02
7.283830617400000165e+02
7.325558804800000416e+02
7.290130061099999921e+02
7.254223205399999870e+02
7.217845187100000430e+02
7.296206242499999917e+02
7.297331646400000409e+02
7.259596353800000088e+02
7.259820263699999714e+02
7.281354035900000099e+02
7.242807727800000066e+02
7.280455753300000197e+02
7.241020673399999623e+02
7.239457121299999471e+02
7.237447005400000535e+02
7.273270822499999895e+02
7.232087605799999892e+02
7.228738652499999944e+02
7.224943796699999439e+02
7.220703272199999674e+02
7.241634341699999595e+02
7.245887158399999635e+02
7.287849293699999862e+02
7.291225631900000508e+02
7.294152212899999768e+02
7.258426610999999866e+02
7.222229698099999951e+02
7.223789529499999844e+02
7.224903763500000196e+02
7.225572331299999860e+02
7.225795191900000418e+02
7.246251709599999913e+02
7.207891227500000468e+02
7.245357757499999707e+02
7.244240369100000407e+02
7.204556773799999974e+02
7.202556348399999706e+02
7.200111635399999841e+02
7.197222785599999497e+02
7.193889977200000203e+02
7.190113415800000212e+02
7.223913933899999620e+02
7.205747921099999758e+02
7.247926923999999644e+02
7.251733851599999525e+02
7.255093458100000134e+02
7.182005478300000050e+02
7.222456975000000057e+02
7.186439438500000279e+02
7.187991540000000441e+02
7.151062684800000397e+02
7.189765507099999695e+02
7.189987263199999461e+02
7.171417471400000068e+02
7.171196287999999868e+02
7.170532751399999825e+02
7.738429037700000208e+02
7.736758080399999926e+02
7.772524637699999630e+02
7.731984579200000098e+02
7.690995651599999974e+02
7.725303326399999833e+02
7.191358235799999647e+02
7.187137423699999772e+02
7.205810345600000346e+02
7.210042123800000127e+02
7.251597891699999536e+02
7.254957435200000191e+02
7.257869458799999620e+02
7.676290405800000372e+02
7.678422405300000264e+02
7.680080763500000103e+02
7.719104123800000252e+02
7.719818423299999495e+02
7.757899942400000555e+02
7.661318771899999547e+02
7.661082478800000217e+02
7.660373614000000089e+02
7.696922232299999678e+02
7.695260237500000358e+02
7.693123562800000173e+02
7.652813750100000334e+02
7.687426730199999838e+02
7.683866923699999916e+02
7.679833140099999582e+02
7.637701482999999598e+02
7.203689069199999722e+02
7.207919601600000306e+02
7.737559042799999816e+02
7.215046577699999943e+02
7.593877091099999461e+02
7.596455502600000500e+02
7.598565328800000316e+02
7.675456008500000280e+02
7.639009322000000566e+02
7.639716209800000115e+02
7.677587074699999903e+02
7.655641301099999509e+02
7.617878687099999979e+02
7.654696843699999818e+02
7.615999089499999855e+02
7.614354568500000369e+02
7.612240358200000401e+02
7.609656588999999940e+02
7.644074373199999854e+02
7.603081040600000051e+02
7.524221788500000230e+02
7.632041513899999927e+02
7.646995026399999915e+02
7.651485900500000525e+02
7.655504794900000434e+02
7.621690234999999802e+02
7.475244567900000447e+02
7.477782699099999490e+02
7.517258863199999723e+02
7.556289789100000007e+02
7.557455309599999964e+02
7.595571257799999785e+02
7.595805530300000328e+02
7.573028867900000023e+02
7.610099708200000350e+02
7.534793643499999689e+02
7.533631617900000492e+02
7.606579188199999635e+02
7.604467136800000162e+02
7.527357711900000368e+02
7.524337563399999453e+02
7.520853278399999908e+02
7.516905071700000462e+02
7.549683747300000505e+02
7.489435185900000533e+02
7.568029900899999802e+02
7.572004960499999697e+02
7.612647810600000184e+02
7.615703405399999610e+02
7.506802068299999746e+02
7.434541578600000094e+02
7.473328000599999541e+02
7.474480724600000485e+02
7.549552212300000065e+02
7.512594006000000491e+02
7.489001292799999874e+02
7.488770314299999882e+02
7.525147083299999622e+02
7.523986545400000523e+02
7.485305922700000565e+02
7.520273225099999763e+02
7.480687564900000552e+02
7.477686141599999701e+02
7.437222353199999816e+02
7.396336368199999924e+02
7.391995248599999968e+02
7.515617205199999944e+02
7.520030924599999480e+02
7.523980773099999624e+02
7.490567161400000487e+02
7.493573754999999892e+02
7.496118109599999570e+02
7.498200068300000112e+02
7.425929655400000229e+02
7.390124446300000045e+02
7.427762344599999551e+02
7.464946622700000489e+02
7.403597660299999461e+02
7.403369315899999492e+02
7.439513571999999613e+02
7.401542645299999776e+02
7.399944431799999620e+02
7.397889754799999764e+02
7.358585812100000112e+02
7.392411545800000567e+02
7.388988351499999681e+02
7.348367532099999835e+02
7.417495112399999471e+02
7.392597995200000014e+02
7.470176493200000323e+02
7.474100155999999515e+02
7.440908061600000565e+02
7.443894722799999499e+02
7.373058443800000532e+02
7.411798294999999825e+02
7.376699073300000009e+02
7.414542549000000236e+02
7.341810559799999965e+02
7.378747190499999533e+02
7.316857278400000268e+02
7.316631609300000036e+02
7.352534388899999840e+02
7.342331231199999593e+02
7.330773358500000541e+02
