3.891157769399999893e+02
3.890797728300000244e+02
4.457972725100000275e+02
4.496648763700000018e+02
4.471825743499999817e+02
4.436027211699999953e+02
4.475139627699999778e+02
4.513999205200000233e+02
4.477349338299999886e+02
4.482255705499999863e+02
4.479902665100000263e+02
4.514897428400000194e+02
4.527210688399999867e+02
4.492120485500000200e+02
4.494479943299999718e+02
4.534348396999999977e+02
4.498367008299999839e+02
4.499894375800000148e+02
4.538968909499999995e+02
4.502116309599999795e+02
4.502810738900000160e+02
4.514779880500000218e+02
4.546401370400000133e+02
4.544296074399999839e+02
4.579759718600000156e+02
4.501417649599999891e+02
4.550998687000000018e+02
4.553671365899999728e+02
4.556063152799999898e+02
4.596158682899999803e+02
4.598003507299999910e+02
4.523538842300000056e+02
4.562818691100000024e+02
4.569665260699999862e+02
4.567549191900000096e+02
4.603194303199999808e+02
4.562471958300000097e+02
4.611777659699999958e+02
4.576349784299999897e+02
4.616909762000000228e+02
4.657222654899999839e+02
4.620902710799999795e+02
4.622471683800000051e+02
4.623755520999999931e+02
4.624754143200000271e+02
4.587240484700000138e+02
4.587664972300000272e+02
4.555364357199999858e+02
4.591801654399999961e+02
4.589675334899999939e+02
4.587265902600000231e+02
4.584573506199999997e+02
4.633493756299999973e+02
4.636214882300000113e+02
4.600314074099999857e+02
4.564091611399999806e+02
4.565923564600000191e+02
4.644238136800000234e+02
4.645528019399999948e+02
4.608130258400000230e+02
4.608841039800000203e+02
4.677767337999999882e+02
4.735925518899999815e+02
4.619040903800000137e+02
4.657138032999999950e+02
4.617331314599999814e+02
4.667375617899999725e+02
4.598098386500000174e+02
4.636922304000000281e+02
4.597531130500000245e+02
4.596822093299999779e+02
4.556881794899999818e+02
4.695258446899999853e+02
4.734276306500000260e+02
4.659588606799999866e+02
4.660594968099999846e+02
4.700816501599999810e+02
4.701251499100000046e+02
4.661888967599999773e+02
4.667544274100000052e+02
4.667400316000000089e+02
4.662362716299999761e+02
4.660492069499999843e+02
4.658333941600000117e+02
4.655888465799999949e+02
4.613722269099999949e+02
4.658506637300000079e+02
4.661242452700000172e+02
4.624167937799999777e+02
4.626310237100000222e+02
4.628167163900000105e+02
4.669309018899999728e+02
4.631024459000000206e+02
4.711204559600000152e+02
4.711931239699999878e+02
4.712367265699999734e+02
4.672911664399999836e+02
4.598135497200000259e+02
4.597426366799999755e+02
4.710506910999999945e+02
4.708325622799999906e+02
4.666308912200000236e+02
4.703091903800000182e+02
4.668345937999999933e+02
4.631502044200000228e+02
4.673540990800000259e+02
4.715330792400000064e+02
4.717223450500000013e+02
4.718825128099999802e+02
4.720135726400000067e+02
4.760828737200000091e+02
4.603412214100000028e+02
4.647560378499999842e+02
4.607695523699999853e+02
4.686704858300000183e+02
4.646270356200000151e+02
4.645267088100000024e+02
4.604285164400000099e+02
4.715201559100000281e+02
4.672833787299999813e+02
4.677033394200000203e+02
4.679780089800000269e+02
4.682238114599999790e+02
4.684407316900000069e+02
4.726001864300000079e+02
4.807062094300000012e+02
4.887874838999999838e+02
4.928677907200000163e+02
4.651163398200000074e+02
4.691351012999999739e+02
4.651737271499999906e+02
4.655627223399999934e+02
4.655483632899999975e+02
4.694839646899999934e+02
4.694115602699999954e+02
4.653329952500000104e+02
4.652037903600000277e+02
4.650458895099999950e+02
4.648593024400000218e+02
4.686153572499999882e+02
4.802770445400000199e+02
4.799951563199999782e+02
4.803666019899999924e+02
4.727041016000000013e+02
4.729523864299999900e+02
4.771477284000000054e+02
4.773392478399999845e+02
4.735221450700000219e+02
4.656930945600000200e+02
4.657936732900000152e+02
4.658655196700000261e+02
4.659086292700000058e+02
4.699052472899999771e+02
4.702396176999999966e+02
4.742100730000000226e+02
4.741661952900000188e+02
4.701090934000000061e+02
4.700075828399999978e+02
4.698770799999999781e+02
4.657369353600000181e+02
4.655500710300000264e+02
4.613572715199999834e+02
4.611150737500000218e+02
4.687900258999999892e+02
4.730698250600000279e+02
4.733476462200000014e+02
4.775760696500000222e+02
4.698340339100000165e+02
4.700226177600000028e+02
4.622130184200000258e+02
4.623413926599999968e+02
4.624412474999999745e+02
4.625125767800000176e+02
4.665429224599999998e+02
4.665573121900000046e+02
4.748113310900000101e+02
4.708067986699999778e+02
4.747527547999999911e+02
4.667017304600000216e+02
4.666009556500000031e+02
4.664713987000000088e+02
4.663130676000000108e+02
4.661259721100000206e+02
4.619279859600000009e+02
4.616854885899999772e+02
4.653922236000000225e+02
4.735962690700000053e+02
4.698922615800000244e+02
4.661548401100000092e+02
4.703568770499999800e+02
4.705456707499999993e+02
4.667164098399999830e+02
4.708361718900000028e+02
4.669468625800000154e+02
4.670188868299999854e+02
4.710540869499999985e+02
4.670765089000000216e+02
4.672928976100000114e+02
4.672784851900000263e+02
4.712287125099999798e+02
4.671631912199999874e+02
4.670623167699999954e+02
4.709235089100000096e+02
4.667741440600000260e+02
4.665868635799999993e+02
4.663708018199999970e+02
4.661259721100000206e+02
4.658523895499999981e+02
4.700226177600000028e+02
4.702986493700000210e+02
4.705456707499999993e+02
4.707636666600000126e+02
4.669614997200000062e+02
4.711125300599999832e+02
4.712433760299999790e+02
4.673507030299999769e+02
4.674227895800000283e+02
4.674660432800000081e+02
4.674804614799999740e+02
4.716361051100000168e+02
4.716215587400000118e+02
4.675814974699999880e+02
4.675093864500000223e+02
4.674084372500000200e+02
4.712724907599999824e+02
4.671200509899999815e+02
4.669326317200000176e+02
4.667164098399999830e+02
4.704583337299999926e+02
4.701822083900000280e+02
4.703127959799999758e+02
4.705889980100000116e+02
4.748263089399999899e+02
4.710543023800000242e+02
4.672497880899999814e+02
4.714033811599999808e+02
4.715343079099999954e+02
4.676392316899999742e+02
4.677113627400000269e+02
4.717525460800000019e+02
4.677690702500000270e+02
4.678700973399999725e+02
4.678556671299999721e+02
4.718107737600000178e+02
4.717380104900000219e+02
4.676392316899999742e+02
4.675093864500000223e+02
4.673507030299999769e+02
4.711560390099999722e+02
4.669468625800000154e+02
4.706906341399999860e+02
4.664278099800000064e+02
4.704869315600000164e+02
4.707632358500000009e+02
4.710105012500000043e+02
4.672352488399999970e+02
4.674227895800000283e+02
4.715779205299999717e+02
4.677113627400000269e+02
4.678123773699999788e+02
4.678845351300000175e+02
4.679278315600000155e+02
4.719417705299999852e+02
4.719854424100000188e+02
4.719708852699999966e+02
4.719272147400000108e+02
4.678556671299999721e+02
4.717525460800000019e+02
4.676247658699999761e+02
4.674660432800000081e+02
4.672784851900000263e+02
4.670621031599999924e+02
4.668169105499999887e+02
4.705304688100000021e+02
4.665573121900000046e+02
4.708213199099999997e+02
4.670765089000000216e+02
4.672928976100000114e+02
4.674804614799999740e+02
4.676391889600000127e+02
4.677690702500000270e+02
4.678700973399999725e+02
4.719417705299999852e+02
4.679855657800000017e+02
4.720000000000000000e+02
4.679855657800000017e+02
4.719708852699999966e+02
4.679278315600000155e+02
4.638569007400000146e+02
4.717525460800000019e+02
4.676247658699999761e+02
4.674660432800000081e+02
4.712723184000000174e+02
4.670621031599999924e+02
4.668169105499999887e+02
4.705304688100000021e+02
4.664997541700000170e+02
4.667737169000000108e+02
4.710105012500000043e+02
4.712287125099999798e+02
4.674227895800000283e+02
4.675814974699999880e+02
4.717088957600000185e+02
4.718107737600000178e+02
4.718835482499999898e+02
4.679278315600000155e+02
4.719417705299999852e+02
4.678700973399999725e+02
4.678556671299999721e+02
4.718107737600000178e+02
4.637424509900000089e+02
4.636423151800000255e+02
4.715051931699999841e+02
4.673507030299999769e+02
4.711560390099999722e+02
4.709378614099999822e+02
4.667017304600000216e+02
4.664278099800000064e+02
4.663270943200000147e+02
4.705889980100000116e+02
4.708361718900000028e+02
4.710543023800000242e+02
4.672497880899999814e+02
4.674084372500000200e+02
4.755303613699999801e+02
4.676392316899999742e+02
4.677113627400000269e+02
4.677546431499999926e+02
4.677690702500000270e+02
4.676391889600000127e+02
4.676247658699999761e+02
4.675814974699999880e+02
4.675093864500000223e+02
4.674084372500000200e+02
4.672786560900000268e+02
4.711125300599999832e+02
4.669326317200000176e+02
4.707054389900000047e+02
4.704583337299999926e+02
4.661976134099999740e+02
4.660393752300000187e+02
4.663130676000000108e+02
4.665579955800000107e+02
4.667741440600000260e+02
4.709526236500000209e+02
4.711125300599999832e+02
4.712433760299999790e+02
4.713451534899999729e+02
4.714178561599999853e+02
4.674660432800000081e+02
4.714760209799999870e+02
4.672928976100000114e+02
4.672784851900000263e+02
4.672352488399999970e+02
4.671631912199999874e+02
4.710543023800000242e+02
4.709235089100000096e+02
4.707636666600000126e+02
4.665868635799999993e+02
4.703568770499999800e+02
4.661259721100000206e+02
4.698340339100000165e+02
4.656366679100000283e+02
4.659101237699999842e+02
4.701390695100000130e+02
4.663708018199999970e+02
4.705456707499999993e+02
4.667164098399999830e+02
4.708361718900000028e+02
4.709378614099999822e+02
4.710105012500000043e+02
4.710540869499999985e+02
4.710686158199999909e+02
4.708213199099999997e+02
4.668169105499999887e+02
4.667737169000000108e+02
4.706906341399999860e+02
4.666009556500000031e+02
4.664713987000000088e+02
4.702986493700000210e+02
4.661259721100000206e+02
4.698922615800000244e+02
4.696455832199999918e+02
4.653922236000000225e+02
4.651190717000000063e+02
4.693699349099999836e+02
4.696164684899999884e+02
4.658523895499999981e+02
4.700226177600000028e+02
4.741668033799999762e+02
4.703127959799999758e+02
4.664278099800000064e+02
4.704869315600000164e+02
4.705304688100000021e+02
4.705449815200000216e+02
4.702396176999999966e+02
4.702251144100000033e+02
4.701816054099999747e+02
4.701090934000000061e+02
4.700075828399999978e+02
4.738590891499999884e+02
4.697175929300000234e+02
4.735081918999999857e+02
4.693117072399999756e+02
4.650902037000000178e+02
4.687900258999999892e+02
4.644867143199999759e+02
4.687317982299999812e+02
4.689779966300000069e+02
4.691952662599999826e+02
4.693835937100000137e+02
4.735221450700000219e+02
4.696733774200000084e+02
4.697748157999999989e+02
4.698472762499999931e+02
4.738728793399999972e+02
4.699052472899999771e+02
4.735210594800000194e+02
4.695274091300000237e+02
4.734626423600000180e+02
4.733896243400000117e+02
4.732874054200000273e+02
4.691798911299999872e+02
4.690206407000000013e+02
4.688324588699999822e+02
4.686153572499999882e+02
4.723385809900000254e+02
4.680944499600000199e+02
4.677033394200000203e+02
4.679780089800000269e+02
4.682238114599999790e+02
4.684407316900000069e+02
4.686287562900000125e+02
4.727606522500000210e+02
4.728919559700000264e+02
4.690193492299999889e+02
4.730670464899999956e+02
4.731108224899999755e+02
4.731254147999999873e+02
4.727005855099999962e+02
4.687138550000000237e+02
4.686704858300000183e+02
4.725693781100000024e+02
4.684970225600000049e+02
4.683669391399999995e+02
4.682079646500000081e+02
4.719863809899999865e+02
4.678033834299999967e+02
4.715201559100000281e+02
4.712434073599999920e+02
4.668345937999999933e+02
4.671087531700000000e+02
4.633934711200000152e+02
4.636081535399999893e+02
4.677582917299999963e+02
4.679171135500000105e+02
4.680470720299999812e+02
4.641808018799999900e+02
4.682203687100000025e+02
4.682636962199999857e+02
4.682781390200000260e+02
4.677990807599999812e+02
4.677846527300000048e+02
4.637774596300000098e+02
4.676692338700000278e+02
4.675682501499999830e+02
4.674384246199999779e+02
4.633197672699999998e+02
4.631338727599999743e+02
4.629194099800000117e+02
4.666308912200000236e+02
4.663570123100000160e+02
4.619027767499999868e+02
4.621740398000000027e+02
4.624167937799999777e+02
4.586769123999999920e+02
4.628167163900000105e+02
4.629738603499999954e+02
4.591443053300000088e+02
4.592434696799999756e+02
4.593143057199999930e+02
4.633167815900000051e+02
4.633310718100000258e+02
4.667544274100000052e+02
4.706954556000000025e+02
4.627417870599999787e+02
4.626704224299999737e+02
4.665241122699999892e+02
4.584895838300000150e+02
4.583339619399999947e+02
4.581500678500000276e+02
4.539901722800000243e+02
4.537518420000000106e+02
4.574288745499999891e+02
4.608132174699999837e+02
4.571429531200000156e+02
4.573830645599999798e+02
4.575949624500000255e+02
4.577786337300000241e+02
4.579340670700000260e+02
4.582732553700000153e+02
4.582873900399999911e+02
4.616488923599999907e+02
4.616346540200000277e+02
4.576467096299999753e+02
4.615207525800000212e+02
4.614210964999999760e+02
4.612929777900000090e+02
4.650777411500000085e+02
4.688308967400000142e+02
4.562922291900000005e+02
4.596099594199999956e+02
4.559492787300000032e+02
4.601214249500000051e+02
4.564001077899999927e+02
4.605193623999999772e+02
4.606757263200000239e+02
4.608036735900000167e+02
4.687818834400000014e+02
4.649142395499999907e+02
4.649572611300000062e+02
4.610311646399999859e+02
4.643199128599999881e+02
4.564360058400000071e+02
4.603282017899999801e+02
4.641910316899999884e+02
4.680237718899999777e+02
4.678938198800000237e+02
4.677350059699999747e+02
4.675473399699999959e+02
4.634036835800000063e+02
4.631604115100000172e+02
4.589657850400000143e+02
4.582932994999999892e+02
4.585624427999999853e+02
4.705674869900000203e+02
4.668622805599999879e+02
4.631248844300000087e+02
4.593560132599999974e+02
4.594835939899999744e+02
4.675110485499999982e+02
4.675543104299999868e+02
4.714978803500000026e+02
4.668537934700000278e+02
4.629163744800000018e+02
4.628735417400000074e+02
4.706462611399999787e+02
4.666234293100000059e+02
4.664938661200000070e+02
4.685780128800000170e+02
4.727603060800000208e+02
4.661100578599999835e+02
4.692479701299999988e+02
4.653232182699999839e+02
4.652801628299999948e+02
4.562211767800000075e+02
4.561789635399999838e+02
4.561086110300000200e+02
4.598746161700000243e+02
4.558835073100000272e+02
4.595908782000000201e+02
4.555459211500000265e+02
4.553349721100000238e+02
4.550959358599999973e+02
4.590018907599999807e+02
4.552149358500000176e+02
4.591151705600000241e+02
4.552711015099999941e+02
4.542788716100000102e+02
4.581145627800000284e+02
4.542228283499999861e+02
4.541527775199999724e+02
4.579026337000000240e+02
4.577754919299999870e+02
4.537745652599999744e+02
4.612805089799999791e+02
4.609409691199999770e+02
4.598749917399999845e+02
4.636929815199999894e+02
4.636500769200000036e+02
4.635785722100000044e+02
4.596480711899999960e+02
4.633497818299999835e+02
4.767270861599999989e+02
4.728986837100000002e+02
4.728549273300000095e+02
4.842202773000000207e+02
4.879276545199999759e+02
4.494479943299999718e+02
4.458775923700000021e+02
4.422764201499999785e+02
4.427267240400000219e+02
4.429867255199999931e+02
4.432194014799999877e+02
4.434247375900000065e+02
4.436027211699999953e+02
4.437533412399999975e+02
4.438765885199999843e+02
4.439724553899999933e+02
4.417204831099999751e+02
4.414612248299999919e+02
4.364382527299999879e+02
