5.484166351000000077e+02
5.342359883699999727e+02
5.424781365799999548e+02
5.349633031900000333e+02
5.545839888599999767e+02
5.423646190499999875e+02
5.497652421599999570e+02
5.492715963499999816e+02
5.448244684000000007e+02
5.403515109899999516e+02
5.358534833500000332e+02
5.508653790500000014e+02
5.501979376000000457e+02
5.430516857300000311e+02
5.554452162000000044e+02
5.521678600999999844e+02
5.527680297199999586e+02
5.572584573300000557e+02
5.499379140700000335e+02
5.626972883199999842e+02
5.670707244200000332e+02
5.635334415600000284e+02
5.678427408200000173e+02
5.800132241300000260e+02
5.724223911300000509e+02
5.766371543699999620e+02
5.768686072699999841e+02
5.691594833799999833e+02
5.456673613000000387e+02
5.414623995499999864e+02
5.451283546299999898e+02
5.448084033400000408e+02
5.405095207299999629e+02
5.480102231099999699e+02
5.515259427199999891e+02
5.550013014600000361e+02
5.584355991500000300e+02
5.578992704700000331e+02
5.534036791400000084e+02
5.449616446200000155e+02
5.632328584199999568e+02
5.129423763800000415e+02
5.135646233600000414e+02
5.612533767099999977e+02
5.629795009700000037e+02
5.280213461900000311e+02
5.521254146100000071e+02
5.564994833499999913e+02
5.450466317799999842e+02
5.533049298600000157e+02
5.536298709300000382e+02
5.578772376599999916e+02
5.541772836500000494e+02
5.504397235100000216e+02
5.585493039899999985e+02
5.428546633099999781e+02
5.429719071199999689e+02
5.470195677699999806e+02
5.510344638100000338e+02
5.589802575100000013e+02
5.391112514899999724e+02
5.388949476999999888e+02
5.465666582500000459e+02
5.657402280799999517e+02
5.693267445100000259e+02
5.689219168199999785e+02
5.605864120799999455e+02
5.601180210200000147e+02
5.635560305000000199e+02
5.551404514399999925e+02
5.624388082599999734e+02
5.578992704700000331e+02
5.533341020000000299e+02
5.448244684000000007e+02
5.414248592599999483e+02
5.342254022399999940e+02
5.348397287699999652e+02
5.393579834500000061e+02
5.359693716599999789e+02
5.404293581900000163e+02
5.409150572199999942e+02
5.492705636499999855e+02
5.496956182999999783e+02
5.500867651300000034e+02
5.504439800300000343e+02
5.547295951900000546e+02
5.589853988400000162e+02
5.552780952800000023e+02
5.515331108999999969e+02
5.318743207200000143e+02
5.399626700600000504e+02
4.651593801000000212e+02
4.571656331600000271e+02
4.531203882400000111e+02
4.530225460500000167e+02
4.528967592999999852e+02
4.567144658799999775e+02
5.518073025899999493e+02
5.555197763099999975e+02
4.521143476600000213e+02
4.597761641700000155e+02
4.594777888599999756e+02
4.631092696900000192e+02
5.576744849100000465e+02
5.611603603900000508e+02
5.567081975800000464e+02
5.680070072299999993e+02
5.713663820699999860e+02
5.707460192300000017e+02
5.229105507799999941e+02
5.222769800500000201e+02
5.266439054600000418e+02
5.312177197400000068e+02
5.318285876200000075e+02
5.363504027699999597e+02
5.368996622800000296e+02
5.413673900700000559e+02
5.418539321399999835e+02
5.581408325999999533e+02
5.625342604100000017e+02
5.668988706000000093e+02
5.712339050399999678e+02
5.795078388599999926e+02
4.646440406599999733e+02
4.648593024400000218e+02
4.610711383199999887e+02
4.612276895900000113e+02
4.494241748900000175e+02
4.495212399200000277e+02
4.535692540300000246e+02
4.536112257699999759e+02
4.496460480800000141e+02
4.499940080000000080e+02
4.499801291300000230e+02
4.579020065099999783e+02
4.498691032599999744e+02
4.497719631200000094e+02
4.536262566199999924e+02
4.494944583899999770e+02
4.453378798400000278e+02
4.530804374200000098e+02
4.607871914799999900e+02
4.644867143199999759e+02
4.681526776399999790e+02
4.678197911699999736e+02
4.595350296299999968e+02
4.670674685700000168e+02
4.626934341099999983e+02
4.582982107700000256e+02
4.617761670300000105e+02
4.652173116999999820e+02
4.607449636000000055e+02
5.352985214100000348e+02
5.359478884799999605e+02
4.665316378699999973e+02
4.669801315500000101e+02
4.594777888599999756e+02
4.598620209000000045e+02
4.562504909200000043e+02
4.605453636699999720e+02
4.608444322400000033e+02
4.650902037000000178e+02
4.653344893799999795e+02
4.774872523399999977e+02
4.498143051000000128e+02
4.499670342399999754e+02
4.580582375100000263e+02
4.541731919299999731e+02
4.502586560299999974e+02
4.503003214199999888e+02
4.463291286699999887e+02
4.466189655100000095e+02
4.505927370800000062e+02
4.465638672399999791e+02
4.504815600599999925e+02
4.463985860099999741e+02
4.462746384800000214e+02
4.421399200899999755e+02
4.459441677799999866e+02
4.497174655800000096e+02
4.574368009699999789e+02
4.571683183399999848e+02
4.608444322400000033e+02
4.644867143199999759e+02
4.601606457299999988e+02
4.597761641700000155e+02
4.633233500900000195e+02
4.549659176800000182e+02
4.545004781000000094e+02
4.540070027799999934e+02
5.402392742499999940e+02
5.395847076300000253e+02
4.610838406500000133e+02
5.168825330700000222e+02
5.214271218200000249e+02
5.299028764700000238e+02
5.383626307800000177e+02
5.349178239399999484e+02
5.393644849300000033e+02
4.524924221300000227e+02
4.568148881000000188e+02
4.571399438099999770e+02
4.574368009699999789e+02
4.616854885899999772e+02
4.579458481500000175e+02
4.581580067699999859e+02
4.583419040499999824e+02
4.624844636700000251e+02
4.666009556500000031e+02
4.587239230999999791e+02
4.508156411100000014e+02
4.468674699200000191e+02
4.468812527900000191e+02
4.471159743399999797e+02
4.431102004400000283e+02
4.470608147500000200e+02
4.469918684500000268e+02
4.468953495900000235e+02
4.467712641200000121e+02
4.506072948699999756e+02
4.504265009000000077e+02
4.581863812999999936e+02
4.579458481500000175e+02
4.576770667499999945e+02
4.613572715199999834e+02
4.610292170199999759e+02
4.567014074900000082e+02
4.563198162599999819e+02
4.559100770699999998e+02
4.594328431600000044e+02
4.550062576700000250e+02
4.545122332000000256e+02
4.579379129100000227e+02
4.573830645599999798e+02
4.575949624500000255e+02
4.581500678500000276e+02
4.586769123999999920e+02
4.631338727599999743e+02
4.596456906799999729e+02
4.600875646599999982e+02
4.644708949800000255e+02
4.608861460100000045e+02
4.652190351899999996e+02
4.655500710300000264e+02
4.618707451999999876e+02
4.661259721100000206e+02
4.663708018199999970e+02
4.665868635799999993e+02
4.667741440600000260e+02
4.629417545200000177e+02
4.670623167699999954e+02
4.631703434300000026e+02
4.632417851800000221e+02
4.592908187799999951e+02
4.513170720499999788e+02
4.475026639800000225e+02
4.474888619500000004e+02
4.434523901100000103e+02
4.473784507699999722e+02
4.472818484300000250e+02
4.431651765799999794e+02
4.470058800699999892e+02
4.428370084700000007e+02
4.625703204000000142e+02
4.663130676000000108e+02
4.660393752300000187e+02
4.617562778000000208e+02
4.614279395799999861e+02
4.610711383199999887e+02
4.646573261500000172e+02
4.642401005400000145e+02
4.598301850899999863e+02
4.593597692600000073e+02
4.588610179600000265e+02
4.622851167900000178e+02
4.577786337300000241e+02
4.579340670700000260e+02
4.545370874199999776e+02
4.550597772599999757e+02
4.595157394600000202e+02
4.560209157400000208e+02
4.564593050999999946e+02
4.608423164800000222e+02
4.612276895900000113e+02
4.655637896900000214e+02
4.619130617000000143e+02
4.582284234300000207e+02
4.624844636700000251e+02
4.667164098399999830e+02
4.629417545200000177e+02
4.631275719199999799e+02
4.632848214300000222e+02
4.634134933400000023e+02
4.595177730099999849e+02
4.555922283099999959e+02
4.556343872499999748e+02
4.516515243800000121e+02
4.557749915300000225e+02
4.437672255499999778e+02
4.317335656100000278e+02
4.356638996099999872e+02
4.355698267999999871e+02
4.474337177099999963e+02
4.472818484300000250e+02
4.550863599300000146e+02
4.668460348400000157e+02
4.666009556500000031e+02
4.663270943200000147e+02
4.620413526199999978e+02
4.617128116999999747e+02
4.573785850699999855e+02
4.649441919999999868e+02
4.645267088100000024e+02
4.640805714200000125e+02
4.636058073500000205e+02
4.591443053300000088e+02
4.586169239299999845e+02
4.620100567800000135e+02
4.621098400600000105e+02
4.626704224299999737e+02
4.632024651099999915e+02
4.637059352800000056e+02
4.602134446000000025e+02
4.606558643800000254e+02
4.610698687400000040e+02
4.654334961999999791e+02
4.618125307799999746e+02
4.621411426600000141e+02
4.624412474999999745e+02
4.627128267800000003e+02
4.629558637499999918e+02
4.591774956400000178e+02
4.633562525799999889e+02
4.595177730099999849e+02
4.636423151800000255e+02
4.637424509900000089e+02
4.638139809799999966e+02
4.598581343500000003e+02
4.398778692999999862e+02
4.439452248200000213e+02
4.439315325100000109e+02
4.478894695199999774e+02
4.558171882099999834e+02
4.477236976699999786e+02
4.475993821999999795e+02
4.514425232699999810e+02
4.472679305199999931e+02
4.470608147500000200e+02
4.548051600599999915e+02
4.545382220100000268e+02
4.582278357800000208e+02
4.618837630900000022e+02
4.615266093600000090e+02
4.611409864899999889e+02
4.646987020600000164e+02
4.602844302600000219e+02
4.637774596300000098e+02
4.593143057199999930e+02
4.587867290500000195e+02
4.582308522600000060e+02
4.543226238600000215e+02
4.548737596099999791e+02
4.553968366099999798e+02
4.638203760100000181e+02
4.563586869900000238e+02
4.567974010600000270e+02
4.611836589000000117e+02
4.615693174500000282e+02
4.579443792000000144e+02
4.622551972100000057e+02
4.585678297700000030e+02
4.628270224199999916e+02
4.550861517999999819e+02
4.513031523700000207e+02
4.554797344799999905e+02
4.516375943799999959e+02
4.637567402199999833e+02
4.598581343500000003e+02
4.199870462100000168e+02
4.280000000000000000e+02
4.239869228399999770e+02
4.279471987000000013e+02
4.238823104100000023e+02
4.197927553499999931e+02
4.196761952200000110e+02
4.155381879799999751e+02
4.113775081499999828e+02
4.151791190299999812e+02
4.149611633100000176e+02
4.665573121900000046e+02
4.662545362000000182e+02
4.659229994300000044e+02
4.615835537799999884e+02
4.651737271499999906e+02
4.647560378499999842e+02
4.643096802200000184e+02
4.717634797499999877e+02
4.593709771800000112e+02
4.509322434300000282e+02
4.503858833099999970e+02
4.503719923500000277e+02
4.509183356199999935e+02
4.474768916200000035e+02
4.479632691400000226e+02
4.523903505900000255e+02
4.488530984299999886e+02
4.452807741099999816e+02
4.416740882500000112e+02
4.459980040899999949e+02
4.622551972100000057e+02
4.625553761099999974e+02
4.668169105499999887e+02
4.630701193799999942e+02
4.632846519899999862e+02
4.634706070199999886e+02
4.596311801300000184e+02
4.117840020900000013e+02
4.158717041099999960e+02
4.159358502800000110e+02
4.159743395599999758e+02
4.159358502800000110e+02
4.198963776800000005e+02
4.158332243300000073e+02
4.157434335500000202e+02
4.116315746999999874e+02
4.154869240699999864e+02
4.113267575300000090e+02
4.151278994099999977e+02
4.149099705799999924e+02
4.066920933800000171e+02
4.104127572599999780e+02
4.618837630900000022e+02
4.615266093600000090e+02
4.571656331600000271e+02
4.567551344999999969e+02
4.563164610300000277e+02
4.558496398099999851e+02
4.513950935600000207e+02
4.469215550299999791e+02
4.463800543500000231e+02
4.463112130499999921e+02
4.508070782600000257e+02
4.473664833899999849e+02
4.478527409100000227e+02
4.483113727499999754e+02
4.487423506399999837e+02
4.491456479899999863e+02
4.534993039899999872e+02
4.538502457700000150e+02
4.581571672900000181e+02
4.584546850199999994e+02
4.587239230999999791e+02
4.509828672799999936e+02
4.112633221799999887e+02
4.154228471399999876e+02
4.155638990699999908e+02
4.116824005500000112e+02
4.117713142399999811e+02
4.118348279400000251e+02
4.118729377299999896e+02
4.118856412499999919e+02
4.277360325899999793e+02
4.396608161199999927e+02
4.155895595100000151e+02
4.114792225400000234e+02
4.193267329099999756e+02
4.071825325699999780e+02
4.109841161400000260e+02
4.107683626699999877e+02
4.145129727300000013e+02
4.102608562099999858e+02
4.457916802600000210e+02
4.573785850699999855e+02
4.609703100199999994e+02
4.605563950599999998e+02
4.601140708099999870e+02
4.517184789600000272e+02
4.512280242100000009e+02
4.467561414099999979e+02
4.501636450699999727e+02
4.500386521199999947e+02
4.466320946000000163e+02
4.471456941800000209e+02
4.515930542899999978e+02
4.441247179399999823e+02
4.485208824000000050e+02
4.449512021200000049e+02
4.492993872700000111e+02
4.496470789300000206e+02
4.459850250900000219e+02
4.303362585300000092e+02
4.226151133500000014e+02
4.228370892600000275e+02
4.190421053900000175e+02
4.152178230999999755e+02
4.153588054200000101e+02
4.154741664399999763e+02
4.115680923499999722e+02
4.076351516400000037e+02
4.076728728100000012e+02
4.436576920900000118e+02
4.355159854799999835e+02
4.275116806099999849e+02
4.274721238000000199e+02
4.274061985000000163e+02
4.273139087700000118e+02
4.351802184399999760e+02
4.190680125700000076e+02
4.109208276800000021e+02
4.147182182899999816e+02
4.184860863100000188e+02
4.262069500000000062e+02
4.537949626600000101e+02
4.614279395799999861e+02
4.610711383199999887e+02
4.567144658799999775e+02
4.444007799999999975e+02
4.360458651800000212e+02
4.355997811999999954e+02
4.430382242300000257e+02
4.464804974099999981e+02
4.459395311299999776e+02
4.457606099700000186e+02
4.502509287500000141e+02
4.428604671400000257e+02
4.473002360899999985e+02
4.477583021300000041e+02
4.481887483400000178e+02
4.485915481499999942e+02
4.489666767200000095e+02
4.532903419799999938e+02
4.536128897199999983e+02
4.539074564900000155e+02
4.581580067699999859e+02
4.623847265900000139e+02
4.625989416699999879e+02
4.627846214599999826e+02
4.110603510000000256e+02
4.111745181800000069e+02
4.072704744000000119e+02
4.433291592699999910e+02
4.431238674200000105e+02
4.431102004400000283e+02
4.390775859099999821e+02
4.270368743299999892e+02
4.189643902400000002e+02
4.148590309699999921e+02
4.147182182899999816e+02
4.145518238399999973e+02
4.183440872799999966e+02
4.101601944299999900e+02
4.099194597800000111e+02
4.096534393700000010e+02
4.053877598000000262e+02
4.606727240700000152e+02
4.563198162599999819e+02
4.519456416200000035e+02
4.515115872499999909e+02
4.470931053599999814e+02
4.505599529099999927e+02
4.460946910200000275e+02
4.416112347499999942e+02
4.413794030199999838e+02
4.458605056200000263e+02
4.463732179200000019e+02
4.468583958300000063e+02
4.433574606399999993e+02
4.437836761500000193e+02
4.481484323299999915e+02
4.405847268100000065e+02
4.528425847299999987e+02
4.571399438099999770e+02
4.534590896600000178e+02
4.537253939600000194e+02
4.499815725299999940e+02
4.501900414400000159e+02
4.224716680799999722e+02
4.146412432899999772e+02
4.107683626699999877e+02
4.108570789500000160e+02
4.109204516300000023e+02
4.109584768099999792e+02
4.109711521199999993e+02
4.147176108300000124e+02
4.147048199700000168e+02
4.186536255400000073e+02
4.146024977600000057e+02
4.184986743900000192e+02
4.183824735700000019e+02
4.102739799099999800e+02
4.101093685800000230e+02
4.138992603600000280e+02
4.097042652200000248e+02
4.528988385800000174e+02
4.486068266500000163e+02
4.561937436100000127e+02
4.558125765500000171e+02
4.554032928299999980e+02
4.430972415699999942e+02
4.465961219600000049e+02
4.421633418399999869e+02
4.455988174500000127e+02
4.411203449299999875e+02
4.408340764499999977e+02
4.413688493399999970e+02
4.418763965100000064e+02
4.423566866699999878e+02
4.428096901800000182e+02
4.432353790999999887e+02
4.436337271799999940e+02
4.440047098399999754e+02
4.483156997699999806e+02
4.486347077099999865e+02
4.489260417500000244e+02
4.491896839199999931e+02
4.494256179500000030e+02
4.376966479800000229e+02
4.219497021199999836e+02
4.181109610199999906e+02
4.142439713200000142e+02
4.103494628799999759e+02
4.143973471400000221e+02
4.104507354599999758e+02
4.184335581299999944e+02
4.181360251300000073e+02
4.181231288299999846e+02
4.220661973100000068e+02
4.259822482199999740e+02
4.258902659600000220e+02
4.297511904799999911e+02
4.216496689300000185e+02
4.409256745999999794e+02
4.327269389799999999e+02
4.400677696600000104e+02
4.397274852499999724e+02
4.472764741400000048e+02
4.429202104299999974e+02
4.424948241999999823e+02
4.459889476500000001e+02
4.455047137500000076e+02
4.489309901699999727e+02
4.483870548200000030e+02
4.441101590800000167e+02
4.485838522299999909e+02
4.490996962099999905e+02
4.495878376100000082e+02
4.500482463199999756e+02
4.465293071400000144e+02
4.469306155599999784e+02
4.552212464400000158e+02
4.476505030000000147e+02
4.479690376099999867e+02
4.482599393699999837e+02
4.445539585800000282e+02
4.487587743099999784e+02
4.410203638500000238e+02
4.332478799699999854e+02
4.492993872700000111e+02
4.534013799800000015e+02
4.455431758500000115e+02
4.376545433599999910e+02
4.416740882500000112e+02
4.416877109399999881e+02
4.413186642200000165e+02
4.413050529199999801e+02
4.372888664999999833e+02
4.332466870000000085e+02
4.411009000999999898e+02
4.330328663500000062e+02
4.368573151900000084e+02
4.478854013100000202e+02
4.436337271799999940e+02
4.472764741400000048e+02
4.429754773700000214e+02
4.465571881999999846e+02
4.461562150799999813e+02
4.496722140599999875e+02
4.492121900399999959e+02
4.487244564999999739e+02
4.482090435200000229e+02
4.515928774899999780e+02
4.472640141699999958e+02
4.478065871700000002e+02
4.483215373500000283e+02
4.488088329400000021e+02
4.492684438900000146e+02
4.536450816899999836e+02
4.540527852600000074e+02
4.504808939299999793e+02
4.547841446400000223e+02
4.551077553299999749e+02
4.554032928299999980e+02
4.556707389100000114e+02
4.519456416200000035e+02
4.481887483400000178e+02
4.444007799999999975e+02
4.405824597000000153e+02
4.367345125499999767e+02
4.368288369100000068e+02
4.448397831600000245e+02
4.448809471199999734e+02
4.329778472300000089e+02
4.365304685799999902e+02
4.365170049500000005e+02
4.444125533499999960e+02
4.403766581900000006e+02
4.363150671399999965e+02
4.480901172100000167e+02
4.479380251300000282e+02
4.477583021300000041e+02
4.554722152100000017e+02
4.552331069100000036e+02
4.549659176800000182e+02
4.586243219699999827e+02
4.582982107700000256e+02
4.539960379500000158e+02
4.536167071599999758e+02
4.492684438900000146e+02
4.448997944199999779e+02
4.641103452799999900e+02
4.636064360199999896e+02
4.630739293299999986e+02
4.585932575699999916e+02
4.581241071499999862e+02
4.586798544499999934e+02
4.592073082200000158e+02
4.557773210799999788e+02
4.601772067599999900e+02
4.566826721200000065e+02
4.610335634599999821e+02
4.574753435399999830e+02
4.499357524900000271e+02
4.502559132100000170e+02
4.624048342400000138e+02
4.547673939800000085e+02
4.550062576700000250e+02
4.512586452599999802e+02
4.553997712500000148e+02
4.515930542899999978e+02
4.398311505600000260e+02
4.359628451300000052e+02
4.360300902500000007e+02
4.360704389900000137e+02
4.360838888399999860e+02
4.356104093999999805e+02
4.395569466399999783e+02
4.355566692200000034e+02
4.315305016799999862e+02
4.353954619500000263e+02
4.352745695599999749e+02
4.390825257999999849e+02
4.428604671400000257e+02
4.387031120500000156e+02
4.384728069899999809e+02
4.461112288200000080e+02
4.497670464500000094e+02
4.494472333400000252e+02
4.490996962099999905e+02
4.526606359400000201e+02
4.483215373500000283e+02
4.518198317200000247e+02
4.513576106400000185e+02
4.508675477099999966e+02
4.503496731299999851e+02
4.576266974600000026e+02
4.531942125499999747e+02
4.537439794300000244e+02
4.581818413600000213e+02
4.586798544499999934e+02
4.630739293299999986e+02
4.595909710399999994e+02
4.525187983000000145e+02
4.528689813099999810e+02
4.492504359299999805e+02
4.495421698100000185e+02
4.498061738100000184e+02
4.500424316500000259e+02
4.502509287500000141e+02
4.464804974099999981e+02
4.347746053600000096e+02
4.348953589000000193e+02
4.349892860400000245e+02
4.469215550299999791e+02
4.509183356199999935e+02
4.548877894199999901e+02
4.424843765900000108e+02
4.345694662999999878e+02
4.345292564499999912e+02
4.305125860399999738e+02
4.343684294500000078e+02
4.342478222199999891e+02
4.380467960700000276e+02
4.339262575000000197e+02
4.337253198399999974e+02
4.334976279599999884e+02
4.332431959099999972e+02
4.329620393700000136e+02
4.365873954799999979e+02
4.441101590800000167e+02
4.515928774899999780e+02
4.551107512699999802e+02
4.546736570799999981e+02
4.502929258300000015e+02
4.498040188699999931e+02
4.565472248099999888e+02
4.520680897299999970e+02
4.565183568100000002e+02
4.492306185799999980e+02
4.536295014400000127e+02
4.540940490799999907e+02
4.545305860700000267e+02
4.588609741299999882e+02
4.592446903700000007e+02
4.596000782300000083e+02
4.677891177800000264e+02
4.562922291900000005e+02
4.526243335500000171e+02
4.568000026700000262e+02
4.570116304399999763e+02
4.571950675699999920e+02
4.652356528199999843e+02
4.653648665499999879e+02
4.654653743900000222e+02
4.615919398799999840e+02
4.576890586900000244e+02
4.616488923599999907e+02
4.570907273400000008e+02
4.491959980400000063e+02
4.452144836400000258e+02
4.372671349699999723e+02
5.671429828799999768e+02
5.669855093200000056e+02
5.667930614199999582e+02
5.705001347400000213e+02
4.443907779400000209e+02
4.480880842700000244e+02
4.556816691700000206e+02
4.475344691000000239e+02
4.472162435000000187e+02
4.507903475599999865e+02
4.425804135899999778e+02
4.456676988699999811e+02
4.452117715499999804e+02
4.559074942099999816e+02
4.553551059700000110e+02
4.547168950500000051e+02
4.591596929300000056e+02
4.596876984799999946e+02
4.562874555500000042e+02
4.567547251299999971e+02
4.611014594000000102e+02
5.123608323199999859e+02
5.167037091199999850e+02
5.131861105899999984e+02
5.135512783599999693e+02
5.099619833799999924e+02
5.573625291099999686e+02
5.576552802400000246e+02
5.539846633199999815e+02
4.559433671699999877e+02
4.521662965200000031e+02
4.522918804000000250e+02
4.445219201799999951e+02
4.445904854899999918e+02
5.626754209900000205e+02
5.666276902700000164e+02
5.618683074199999510e+02
5.618509780699999965e+02
5.617989911199999824e+02
5.577842913599999974e+02
5.576638491200000090e+02
5.614351273099999844e+02
5.651693504999999504e+02
5.610193791599999713e+02
5.646809843800000408e+02
5.683038821000000098e+02
5.679703284299999950e+02
5.754307291999999734e+02
5.750215611800000488e+02
5.706682365799999843e+02
5.701914217700000336e+02
5.657775209300000370e+02
5.691323074599999927e+02
5.607617161199999600e+02
5.601528673300000492e+02
5.633949480799999492e+02
5.627123255000000199e+02
5.657267486700000063e+02
5.586539454500000375e+02
5.554123607799999718e+02
4.588104525900000112e+02
4.514958939200000145e+02
4.558258809100000235e+02
5.537217718599999898e+02
5.619902340700000423e+02
5.624251318699999729e+02
5.628253366500000539e+02
5.671018710900000315e+02
5.635215704900000446e+02
5.677329563199999711e+02
5.601615501899999572e+02
5.682239619399999810e+02
5.605766626399999950e+02
5.411263297799999918e+02
5.294770437900000388e+02
5.374040272800000366e+02
5.570688574199999721e+02
5.610091803899999832e+02
5.601154476799999884e+02
4.386782888700000171e+02
4.347212908100000277e+02
4.385700515699999755e+02
4.384753512300000011e+02
4.383536036599999761e+02
5.594936494900000525e+02
5.553581946199999493e+02
5.629193499399999610e+02
5.704380552799999577e+02
5.701032490000000053e+02
5.697332760699999881e+02
5.693281593100000464e+02
5.727844163400000070e+02
5.684125964199999999e+02
5.679022067700000207e+02
5.673567862300000115e+02
5.667763684499999499e+02
5.661609892400000490e+02
5.693840474099999938e+02
5.686941683000000012e+02
5.677516674500000136e+02
5.723073447399999623e+02
5.690940749100000176e+02
5.697126421899999968e+02
5.702960669100000359e+02
5.708443130900000142e+02
5.752441315700000359e+02
5.718351366900000130e+02
5.722776530099999945e+02
5.687890531000000465e+02
5.730567581699999664e+02
5.733932989600000383e+02
5.736944701500000292e+02
5.739602531599999793e+02
5.780966903199999933e+02
5.743855912599999556e+02
5.706366499099999601e+02
5.668505796299999702e+02
5.630280962000000500e+02
5.630801969000000327e+02
5.630975641500000393e+02
5.621280548800000361e+02
5.621107175199999801e+02
5.581555210699999634e+02
5.580694416100000126e+02
5.618506786100000454e+02
5.577940170599999874e+02
5.576046889599999759e+02
5.612787341700000070e+02
5.610188235699999950e+02
5.646182254799999782e+02
5.720701017200000251e+02
5.716988523899999564e+02
5.751786804099999699e+02
5.669672462600000244e+02
5.626134311399999888e+02
5.621082486799999742e+02
5.576955072599999994e+02
5.416492794800000183e+02
5.487906275399999458e+02
5.481602767499999800e+02
5.243624742900000228e+02
5.272744734200000494e+02
5.664479829699999982e+02
5.593837258900000506e+02
5.638537506699999540e+02
5.566992415700000265e+02
5.611041000799999665e+02
5.616083800899999687e+02
5.620780174400000533e+02
5.508747835299999451e+02
5.551489297699999952e+02
5.516247505799999544e+02
5.519487049299999626e+02
5.561276168000000553e+02
5.486036493399999472e+02
5.410391145800000459e+02
5.373291286999999556e+02
5.257940532500000472e+02
5.492812840300000516e+02
5.571584336099999746e+02
5.611065645099999983e+02
5.611238708900000347e+02
