6.363000000000000682e+02
8.694000000000000909e+02
8.673000000000000682e+02
6.342000000000000455e+02
6.363000000000000682e+02
6.363000000000000682e+02
6.383999999999999773e+02
6.300000000000000000e+02
6.678000000000000682e+02
6.762000000000000455e+02
6.783000000000000682e+02
6.803999999999999773e+02
6.930000000000000000e+02
6.972000000000000455e+02
6.930000000000000000e+02
6.888000000000000682e+02
7.013999999999999773e+02
7.035000000000000000e+02
8.127000000000000455e+02
8.211000000000000227e+02
7.098000000000000682e+02
7.098000000000000682e+02
7.118999999999999773e+02
7.013999999999999773e+02
7.938000000000000682e+02
7.896000000000000227e+02
7.770000000000000000e+02
6.783000000000000682e+02
6.846000000000000227e+02
8.967000000000000455e+02
8.988000000000000682e+02
6.405000000000000000e+02
6.342000000000000455e+02
6.342000000000000455e+02
8.820000000000000000e+02
8.757000000000000455e+02
8.778000000000000682e+02
8.925000000000000000e+02
8.946000000000000227e+02
8.925000000000000000e+02
8.988000000000000682e+02
8.988000000000000682e+02
8.988000000000000682e+02
8.988000000000000682e+02
8.988000000000000682e+02
8.967000000000000455e+02
8.799000000000000909e+02
8.799000000000000909e+02
8.757000000000000455e+02
8.778000000000000682e+02
8.862000000000000455e+02
8.988000000000000682e+02
8.988000000000000682e+02
7.748999999999999773e+02
7.812000000000000455e+02
6.762000000000000455e+02
7.791000000000000227e+02
7.770000000000000000e+02
7.958999999999999773e+02
7.938000000000000682e+02
8.064000000000000909e+02
7.980000000000000000e+02
8.022000000000000455e+02
7.056000000000000227e+02
7.056000000000000227e+02
7.013999999999999773e+02
7.056000000000000227e+02
6.867000000000000455e+02
6.888000000000000682e+02
6.846000000000000227e+02
6.846000000000000227e+02
6.803999999999999773e+02
6.741000000000000227e+02
6.698999999999999773e+02
6.803999999999999773e+02
6.762000000000000455e+02
8.862000000000000455e+02
8.904000000000000909e+02
8.862000000000000455e+02
8.799000000000000909e+02
8.778000000000000682e+02
8.778000000000000682e+02
8.799000000000000909e+02
8.883000000000000682e+02
8.967000000000000455e+02
8.988000000000000682e+02
8.988000000000000682e+02
8.904000000000000909e+02
8.799000000000000909e+02
8.757000000000000455e+02
8.757000000000000455e+02
8.736000000000000227e+02
8.715000000000000000e+02
8.652000000000000455e+02
7.287000000000000455e+02
7.328999999999999773e+02
6.783000000000000682e+02
6.803999999999999773e+02
6.698999999999999773e+02
6.762000000000000455e+02
6.783000000000000682e+02
6.762000000000000455e+02
6.741000000000000227e+02
6.803999999999999773e+02
8.064000000000000909e+02
8.085000000000000000e+02
7.056000000000000227e+02
7.035000000000000000e+02
7.118999999999999773e+02
6.762000000000000455e+02
6.803999999999999773e+02
6.803999999999999773e+02
6.741000000000000227e+02
6.698999999999999773e+02
7.686000000000000227e+02
7.686000000000000227e+02
7.707000000000000455e+02
7.665000000000000000e+02
6.636000000000000227e+02
8.652000000000000455e+02
8.652000000000000455e+02
8.673000000000000682e+02
8.673000000000000682e+02
8.694000000000000909e+02
8.694000000000000909e+02
8.736000000000000227e+02
8.820000000000000000e+02
8.988000000000000682e+02
8.988000000000000682e+02
8.988000000000000682e+02
8.946000000000000227e+02
8.862000000000000455e+02
8.736000000000000227e+02
8.673000000000000682e+02
8.631000000000000227e+02
8.673000000000000682e+02
8.694000000000000909e+02
8.715000000000000000e+02
8.694000000000000909e+02
8.652000000000000455e+02
8.631000000000000227e+02
6.698999999999999773e+02
6.678000000000000682e+02
7.665000000000000000e+02
6.698999999999999773e+02
6.636000000000000227e+02
6.636000000000000227e+02
6.593999999999999773e+02
6.573000000000000682e+02
6.698999999999999773e+02
6.803999999999999773e+02
6.762000000000000455e+02
6.930000000000000000e+02
6.930000000000000000e+02
6.846000000000000227e+02
6.825000000000000000e+02
6.825000000000000000e+02
6.825000000000000000e+02
6.741000000000000227e+02
6.678000000000000682e+02
6.615000000000000000e+02
6.720000000000000000e+02
6.678000000000000682e+02
6.720000000000000000e+02
6.698999999999999773e+02
8.673000000000000682e+02
8.589000000000000909e+02
8.589000000000000909e+02
8.652000000000000455e+02
8.589000000000000909e+02
8.610000000000000000e+02
8.673000000000000682e+02
8.673000000000000682e+02
8.883000000000000682e+02
8.904000000000000909e+02
8.946000000000000227e+02
8.988000000000000682e+02
8.988000000000000682e+02
8.988000000000000682e+02
8.988000000000000682e+02
8.988000000000000682e+02
8.988000000000000682e+02
8.967000000000000455e+02
8.820000000000000000e+02
8.799000000000000909e+02
8.757000000000000455e+02
8.841000000000000227e+02
8.610000000000000000e+02
8.568000000000000682e+02
8.568000000000000682e+02
8.568000000000000682e+02
8.547000000000000455e+02
8.547000000000000455e+02
8.589000000000000909e+02
6.698999999999999773e+02
7.748999999999999773e+02
6.636000000000000227e+02
7.728000000000000682e+02
6.720000000000000000e+02
6.657000000000000455e+02
6.698999999999999773e+02
6.741000000000000227e+02
6.741000000000000227e+02
6.803999999999999773e+02
6.846000000000000227e+02
6.908999999999999773e+02
6.867000000000000455e+02
6.825000000000000000e+02
7.812000000000000455e+02
7.812000000000000455e+02
6.678000000000000682e+02
6.678000000000000682e+02
6.657000000000000455e+02
7.748999999999999773e+02
7.665000000000000000e+02
8.631000000000000227e+02
8.526000000000000227e+02
8.526000000000000227e+02
8.547000000000000455e+02
8.568000000000000682e+02
8.589000000000000909e+02
8.568000000000000682e+02
8.589000000000000909e+02
8.652000000000000455e+02
8.568000000000000682e+02
8.778000000000000682e+02
8.694000000000000909e+02
8.925000000000000000e+02
8.946000000000000227e+02
8.988000000000000682e+02
8.967000000000000455e+02
8.925000000000000000e+02
8.862000000000000455e+02
8.799000000000000909e+02
8.631000000000000227e+02
8.610000000000000000e+02
8.589000000000000909e+02
8.610000000000000000e+02
8.610000000000000000e+02
8.547000000000000455e+02
8.631000000000000227e+02
8.652000000000000455e+02
6.657000000000000455e+02
6.698999999999999773e+02
6.636000000000000227e+02
6.636000000000000227e+02
6.636000000000000227e+02
6.636000000000000227e+02
7.833000000000000682e+02
7.853999999999999773e+02
7.013999999999999773e+02
7.077000000000000455e+02
6.993000000000000682e+02
6.993000000000000682e+02
7.896000000000000227e+02
7.875000000000000000e+02
6.698999999999999773e+02
6.698999999999999773e+02
6.657000000000000455e+02
6.678000000000000682e+02
6.720000000000000000e+02
6.698999999999999773e+02
6.741000000000000227e+02
8.652000000000000455e+02
8.652000000000000455e+02
8.610000000000000000e+02
8.589000000000000909e+02
8.568000000000000682e+02
8.631000000000000227e+02
8.652000000000000455e+02
8.505000000000000000e+02
8.736000000000000227e+02
8.841000000000000227e+02
8.967000000000000455e+02
8.988000000000000682e+02
8.967000000000000455e+02
8.988000000000000682e+02
8.988000000000000682e+02
8.967000000000000455e+02
8.925000000000000000e+02
8.904000000000000909e+02
8.631000000000000227e+02
8.652000000000000455e+02
8.778000000000000682e+02
8.715000000000000000e+02
8.673000000000000682e+02
8.568000000000000682e+02
8.589000000000000909e+02
8.589000000000000909e+02
8.673000000000000682e+02
8.610000000000000000e+02
8.673000000000000682e+02
6.783000000000000682e+02
6.678000000000000682e+02
6.636000000000000227e+02
6.615000000000000000e+02
6.636000000000000227e+02
6.698999999999999773e+02
6.720000000000000000e+02
6.825000000000000000e+02
7.013999999999999773e+02
6.951000000000000227e+02
7.035000000000000000e+02
6.908999999999999773e+02
6.783000000000000682e+02
6.783000000000000682e+02
6.783000000000000682e+02
6.615000000000000000e+02
6.678000000000000682e+02
6.698999999999999773e+02
6.678000000000000682e+02
6.678000000000000682e+02
6.762000000000000455e+02
6.825000000000000000e+02
8.778000000000000682e+02
8.841000000000000227e+02
8.841000000000000227e+02
8.841000000000000227e+02
8.631000000000000227e+02
8.652000000000000455e+02
8.652000000000000455e+02
8.736000000000000227e+02
8.946000000000000227e+02
8.946000000000000227e+02
8.988000000000000682e+02
8.988000000000000682e+02
8.988000000000000682e+02
8.988000000000000682e+02
8.988000000000000682e+02
8.988000000000000682e+02
8.988000000000000682e+02
8.988000000000000682e+02
8.925000000000000000e+02
8.904000000000000909e+02
8.904000000000000909e+02
8.883000000000000682e+02
8.736000000000000227e+02
8.694000000000000909e+02
8.757000000000000455e+02
8.757000000000000455e+02
8.715000000000000000e+02
6.741000000000000227e+02
6.762000000000000455e+02
6.720000000000000000e+02
6.720000000000000000e+02
6.698999999999999773e+02
6.698999999999999773e+02
6.720000000000000000e+02
6.825000000000000000e+02
6.825000000000000000e+02
6.803999999999999773e+02
6.825000000000000000e+02
6.867000000000000455e+02
6.951000000000000227e+02
7.077000000000000455e+02
6.993000000000000682e+02
6.951000000000000227e+02
6.951000000000000227e+02
6.930000000000000000e+02
7.896000000000000227e+02
7.958999999999999773e+02
6.678000000000000682e+02
6.698999999999999773e+02
6.803999999999999773e+02
6.762000000000000455e+02
6.803999999999999773e+02
8.841000000000000227e+02
8.421000000000000227e+02
8.946000000000000227e+02
8.988000000000000682e+02
8.778000000000000682e+02
8.631000000000000227e+02
8.610000000000000000e+02
8.778000000000000682e+02
8.988000000000000682e+02
8.967000000000000455e+02
8.967000000000000455e+02
8.988000000000000682e+02
8.988000000000000682e+02
8.988000000000000682e+02
8.988000000000000682e+02
8.988000000000000682e+02
8.988000000000000682e+02
8.967000000000000455e+02
8.925000000000000000e+02
8.820000000000000000e+02
8.883000000000000682e+02
8.820000000000000000e+02
8.757000000000000455e+02
8.778000000000000682e+02
7.770000000000000000e+02
7.748999999999999773e+02
6.867000000000000455e+02
6.888000000000000682e+02
6.951000000000000227e+02
7.980000000000000000e+02
6.803999999999999773e+02
6.825000000000000000e+02
7.980000000000000000e+02
8.001000000000000227e+02
8.085000000000000000e+02
8.148000000000000682e+02
8.295000000000000000e+02
7.223999999999999773e+02
7.056000000000000227e+02
6.993000000000000682e+02
7.035000000000000000e+02
8.043000000000000682e+02
7.938000000000000682e+02
7.896000000000000227e+02
6.803999999999999773e+02
6.803999999999999773e+02
6.867000000000000455e+02
6.867000000000000455e+02
6.825000000000000000e+02
8.883000000000000682e+02
8.862000000000000455e+02
8.820000000000000000e+02
8.799000000000000909e+02
8.757000000000000455e+02
8.736000000000000227e+02
8.841000000000000227e+02
8.988000000000000682e+02
8.988000000000000682e+02
8.988000000000000682e+02
8.988000000000000682e+02
8.988000000000000682e+02
8.547000000000000455e+02
8.925000000000000000e+02
8.946000000000000227e+02
8.883000000000000682e+02
8.841000000000000227e+02
8.778000000000000682e+02
8.904000000000000909e+02
8.925000000000000000e+02
8.988000000000000682e+02
8.988000000000000682e+02
8.988000000000000682e+02
6.908999999999999773e+02
6.908999999999999773e+02
6.846000000000000227e+02
6.846000000000000227e+02
6.908999999999999773e+02
6.908999999999999773e+02
6.951000000000000227e+02
8.316000000000000227e+02
8.379000000000000909e+02
8.337000000000000455e+02
7.035000000000000000e+02
7.077000000000000455e+02
6.888000000000000682e+02
6.867000000000000455e+02
6.888000000000000682e+02
6.867000000000000455e+02
8.106000000000000227e+02
6.888000000000000682e+02
6.908999999999999773e+02
8.967000000000000455e+02
8.988000000000000682e+02
8.988000000000000682e+02
8.988000000000000682e+02
8.988000000000000682e+02
8.988000000000000682e+02
8.988000000000000682e+02
8.988000000000000682e+02
8.988000000000000682e+02
8.988000000000000682e+02
8.988000000000000682e+02
8.988000000000000682e+02
8.988000000000000682e+02
8.988000000000000682e+02
8.967000000000000455e+02
8.988000000000000682e+02
7.077000000000000455e+02
8.106000000000000227e+02
8.106000000000000227e+02
8.127000000000000455e+02
8.169000000000000909e+02
8.127000000000000455e+02
8.421000000000000227e+02
7.476000000000000227e+02
7.308000000000000682e+02
7.308000000000000682e+02
7.371000000000000227e+02
7.350000000000000000e+02
7.350000000000000000e+02
8.463000000000000682e+02
7.182000000000000455e+02
7.223999999999999773e+02
7.118999999999999773e+02
7.013999999999999773e+02
6.972000000000000455e+02
6.951000000000000227e+02
7.056000000000000227e+02
7.056000000000000227e+02
8.988000000000000682e+02
8.988000000000000682e+02
8.988000000000000682e+02
8.988000000000000682e+02
7.035000000000000000e+02
6.993000000000000682e+02
8.337000000000000455e+02
7.161000000000000227e+02
7.223999999999999773e+02
7.266000000000000227e+02
7.161000000000000227e+02
7.182000000000000455e+02
8.505000000000000000e+02
8.526000000000000227e+02
7.623000000000000682e+02
7.602000000000000455e+02
7.581000000000000227e+02
7.476000000000000227e+02
7.287000000000000455e+02
7.308000000000000682e+02
7.287000000000000455e+02
7.350000000000000000e+02
7.308000000000000682e+02
7.287000000000000455e+02
7.266000000000000227e+02
7.413000000000000682e+02
7.392000000000000455e+02
7.392000000000000455e+02
7.350000000000000000e+02
7.308000000000000682e+02
7.328999999999999773e+02
7.371000000000000227e+02
7.308000000000000682e+02
7.287000000000000455e+02
7.350000000000000000e+02
7.392000000000000455e+02
7.665000000000000000e+02
7.833000000000000682e+02
7.812000000000000455e+02
7.833000000000000682e+02
7.413000000000000682e+02
7.328999999999999773e+02
7.392000000000000455e+02
7.371000000000000227e+02
7.413000000000000682e+02
