7.440000000000000000e+02
7.440000000000000000e+02
7.440000000000000000e+02
7.560000000000000000e+02
7.520000000000000000e+02
7.160000000000000000e+02
5.320000000000000000e+02
7.400000000000000000e+02
7.360000000000000000e+02
5.546666666666666288e+02
5.460000000000000000e+02
5.280000000000000000e+02
5.200000000000000000e+02
5.240000000000000000e+02
5.240000000000000000e+02
5.250000000000000000e+02
5.240000000000000000e+02
5.290000000000000000e+02
5.280000000000000000e+02
5.320000000000000000e+02
5.280000000000000000e+02
5.400000000000000000e+02
5.240000000000000000e+02
7.540000000000000000e+02
5.280000000000000000e+02
5.280000000000000000e+02
5.240000000000000000e+02
5.320000000000000000e+02
6.666666666666666288e+02
6.866666666666666288e+02
6.293333333333333712e+02
6.790000000000000000e+02
7.853333333333333712e+02
5.360000000000000000e+02
7.560000000000000000e+02
5.430000000000000000e+02
7.120000000000000000e+02
7.040000000000000000e+02
7.640000000000000000e+02
7.400000000000000000e+02
7.360000000000000000e+02
7.400000000000000000e+02
7.240000000000000000e+02
7.200000000000000000e+02
7.160000000000000000e+02
7.226666666666666288e+02
7.040000000000000000e+02
7.160000000000000000e+02
7.360000000000000000e+02
7.040000000000000000e+02
7.320000000000000000e+02
6.280000000000000000e+02
5.520000000000000000e+02
5.440000000000000000e+02
6.900000000000000000e+02
5.520000000000000000e+02
5.373333333333333712e+02
5.280000000000000000e+02
5.280000000000000000e+02
5.290000000000000000e+02
5.280000000000000000e+02
5.320000000000000000e+02
5.453333333333333712e+02
5.360000000000000000e+02
5.280000000000000000e+02
5.320000000000000000e+02
5.400000000000000000e+02
5.293333333333333712e+02
7.586666666666666288e+02
5.400000000000000000e+02
5.386666666666666288e+02
5.360000000000000000e+02
5.340000000000000000e+02
7.000000000000000000e+02
5.826666666666666288e+02
5.360000000000000000e+02
5.493333333333333712e+02
7.390000000000000000e+02
7.120000000000000000e+02
7.040000000000000000e+02
7.080000000000000000e+02
7.040000000000000000e+02
7.040000000000000000e+02
6.920000000000000000e+02
7.000000000000000000e+02
7.040000000000000000e+02
7.040000000000000000e+02
7.080000000000000000e+02
7.040000000000000000e+02
7.080000000000000000e+02
7.360000000000000000e+02
5.360000000000000000e+02
5.386666666666666288e+02
5.310000000000000000e+02
5.320000000000000000e+02
5.453333333333333712e+02
5.400000000000000000e+02
5.680000000000000000e+02
5.320000000000000000e+02
5.320000000000000000e+02
5.320000000000000000e+02
5.330000000000000000e+02
5.280000000000000000e+02
5.280000000000000000e+02
5.320000000000000000e+02
5.280000000000000000e+02
5.280000000000000000e+02
5.280000000000000000e+02
5.346666666666666288e+02
5.360000000000000000e+02
5.320000000000000000e+02
5.380000000000000000e+02
5.360000000000000000e+02
5.340000000000000000e+02
5.290000000000000000e+02
4.866666666666666856e+02
4.960000000000000000e+02
5.266666666666666288e+02
5.850000000000000000e+02
7.440000000000000000e+02
7.040000000000000000e+02
6.920000000000000000e+02
7.200000000000000000e+02
7.080000000000000000e+02
7.040000000000000000e+02
7.000000000000000000e+02
6.960000000000000000e+02
6.960000000000000000e+02
7.000000000000000000e+02
7.360000000000000000e+02
7.520000000000000000e+02
6.960000000000000000e+02
7.400000000000000000e+02
7.360000000000000000e+02
4.840000000000000000e+02
4.840000000000000000e+02
4.960000000000000000e+02
5.000000000000000000e+02
5.280000000000000000e+02
5.360000000000000000e+02
5.293333333333333712e+02
5.320000000000000000e+02
5.346666666666666288e+02
5.400000000000000000e+02
5.420000000000000000e+02
5.280000000000000000e+02
5.400000000000000000e+02
5.350000000000000000e+02
5.400000000000000000e+02
7.480000000000000000e+02
5.580000000000000000e+02
5.360000000000000000e+02
5.350000000000000000e+02
5.413333333333333712e+02
5.160000000000000000e+02
7.480000000000000000e+02
4.960000000000000000e+02
4.960000000000000000e+02
4.920000000000000000e+02
4.880000000000000000e+02
5.413333333333333712e+02
4.120000000000000000e+02
5.480000000000000000e+02
7.546666666666666288e+02
7.470000000000000000e+02
7.440000000000000000e+02
6.920000000000000000e+02
6.920000000000000000e+02
5.360000000000000000e+02
6.880000000000000000e+02
6.840000000000000000e+02
6.880000000000000000e+02
7.320000000000000000e+02
4.260000000000000000e+02
4.280000000000000000e+02
4.120000000000000000e+02
4.840000000000000000e+02
4.840000000000000000e+02
4.840000000000000000e+02
4.773333333333333144e+02
5.440000000000000000e+02
5.360000000000000000e+02
5.400000000000000000e+02
5.400000000000000000e+02
5.370000000000000000e+02
5.293333333333333712e+02
5.340000000000000000e+02
5.410000000000000000e+02
5.280000000000000000e+02
5.333333333333333712e+02
5.440000000000000000e+02
5.440000000000000000e+02
5.440000000000000000e+02
5.333333333333333712e+02
5.400000000000000000e+02
5.400000000000000000e+02
5.320000000000000000e+02
4.760000000000000000e+02
4.250000000000000000e+02
4.280000000000000000e+02
4.080000000000000000e+02
4.080000000000000000e+02
4.160000000000000000e+02
4.120000000000000000e+02
4.120000000000000000e+02
4.160000000000000000e+02
4.050000000000000000e+02
6.973333333333333712e+02
6.960000000000000000e+02
6.960000000000000000e+02
4.040000000000000000e+02
4.000000000000000000e+02
4.040000000000000000e+02
3.960000000000000000e+02
4.020000000000000000e+02
4.040000000000000000e+02
4.120000000000000000e+02
4.160000000000000000e+02
4.160000000000000000e+02
4.000000000000000000e+02
4.160000000000000000e+02
4.070000000000000000e+02
4.300000000000000000e+02
4.933333333333333144e+02
5.240000000000000000e+02
5.440000000000000000e+02
5.320000000000000000e+02
7.360000000000000000e+02
5.320000000000000000e+02
7.140000000000000000e+02
5.640000000000000000e+02
7.500000000000000000e+02
5.530000000000000000e+02
5.360000000000000000e+02
6.893333333333333712e+02
5.360000000000000000e+02
5.400000000000000000e+02
5.453333333333333712e+02
4.230000000000000000e+02
4.160000000000000000e+02
4.040000000000000000e+02
4.120000000000000000e+02
4.080000000000000000e+02
4.080000000000000000e+02
4.120000000000000000e+02
4.160000000000000000e+02
4.170000000000000000e+02
3.840000000000000000e+02
3.960000000000000000e+02
3.960000000000000000e+02
4.160000000000000000e+02
4.160000000000000000e+02
4.240000000000000000e+02
4.120000000000000000e+02
4.080000000000000000e+02
4.066666666666666856e+02
4.240000000000000000e+02
4.240000000000000000e+02
4.200000000000000000e+02
4.110000000000000000e+02
4.120000000000000000e+02
4.000000000000000000e+02
4.120000000000000000e+02
7.413333333333333712e+02
5.480000000000000000e+02
7.053333333333333712e+02
5.480000000000000000e+02
5.480000000000000000e+02
5.400000000000000000e+02
6.880000000000000000e+02
5.440000000000000000e+02
5.510000000000000000e+02
5.533333333333333712e+02
5.493333333333333712e+02
5.490000000000000000e+02
5.380000000000000000e+02
6.920000000000000000e+02
5.490000000000000000e+02
5.520000000000000000e+02
5.320000000000000000e+02
5.400000000000000000e+02
4.400000000000000000e+02
4.120000000000000000e+02
4.040000000000000000e+02
4.040000000000000000e+02
4.010000000000000000e+02
4.040000000000000000e+02
4.120000000000000000e+02
4.160000000000000000e+02
4.213333333333333144e+02
4.000000000000000000e+02
4.080000000000000000e+02
4.080000000000000000e+02
4.080000000000000000e+02
7.110000000000000000e+02
7.160000000000000000e+02
7.040000000000000000e+02
7.866666666666666288e+02
4.120000000000000000e+02
4.160000000000000000e+02
4.120000000000000000e+02
3.960000000000000000e+02
3.960000000000000000e+02
4.040000000000000000e+02
4.040000000000000000e+02
4.040000000000000000e+02
4.560000000000000000e+02
5.360000000000000000e+02
5.540000000000000000e+02
5.450000000000000000e+02
5.330000000000000000e+02
5.480000000000000000e+02
5.540000000000000000e+02
6.893333333333333712e+02
5.520000000000000000e+02
5.750000000000000000e+02
5.520000000000000000e+02
6.946666666666666288e+02
5.420000000000000000e+02
5.510000000000000000e+02
5.480000000000000000e+02
5.410000000000000000e+02
4.050000000000000000e+02
4.520000000000000000e+02
4.560000000000000000e+02
4.600000000000000000e+02
4.480000000000000000e+02
4.040000000000000000e+02
4.360000000000000000e+02
4.260000000000000000e+02
4.160000000000000000e+02
4.200000000000000000e+02
4.200000000000000000e+02
4.190000000000000000e+02
7.040000000000000000e+02
7.040000000000000000e+02
7.720000000000000000e+02
7.040000000000000000e+02
7.040000000000000000e+02
7.610000000000000000e+02
7.590000000000000000e+02
7.080000000000000000e+02
4.120000000000000000e+02
4.120000000000000000e+02
4.080000000000000000e+02
4.640000000000000000e+02
4.666666666666666856e+02
4.640000000000000000e+02
4.600000000000000000e+02
4.490000000000000000e+02
5.520000000000000000e+02
7.440000000000000000e+02
7.380000000000000000e+02
5.590000000000000000e+02
5.480000000000000000e+02
7.540000000000000000e+02
5.800000000000000000e+02
7.530000000000000000e+02
7.453333333333333712e+02
5.490000000000000000e+02
5.480000000000000000e+02
7.420000000000000000e+02
7.530000000000000000e+02
5.800000000000000000e+02
5.400000000000000000e+02
4.290000000000000000e+02
4.560000000000000000e+02
4.720000000000000000e+02
4.800000000000000000e+02
5.120000000000000000e+02
4.960000000000000000e+02
5.410000000000000000e+02
5.360000000000000000e+02
7.840000000000000000e+02
7.160000000000000000e+02
7.030000000000000000e+02
7.040000000000000000e+02
7.040000000000000000e+02
7.280000000000000000e+02
7.360000000000000000e+02
7.610000000000000000e+02
7.640000000000000000e+02
7.040000000000000000e+02
7.840000000000000000e+02
7.120000000000000000e+02
4.740000000000000000e+02
4.280000000000000000e+02
5.420000000000000000e+02
5.493333333333333712e+02
6.133333333333333712e+02
5.320000000000000000e+02
5.410000000000000000e+02
5.360000000000000000e+02
5.426666666666666288e+02
5.200000000000000000e+02
5.360000000000000000e+02
5.440000000000000000e+02
5.320000000000000000e+02
5.400000000000000000e+02
5.320000000000000000e+02
5.320000000000000000e+02
5.360000000000000000e+02
5.360000000000000000e+02
5.306666666666666288e+02
5.330000000000000000e+02
5.410000000000000000e+02
5.420000000000000000e+02
5.400000000000000000e+02
5.360000000000000000e+02
5.360000000000000000e+02
7.570000000000000000e+02
6.720000000000000000e+02
6.020000000000000000e+02
7.240000000000000000e+02
5.470000000000000000e+02
7.230000000000000000e+02
7.320000000000000000e+02
7.453333333333333712e+02
7.240000000000000000e+02
7.040000000000000000e+02
7.080000000000000000e+02
7.426666666666666288e+02
7.480000000000000000e+02
7.250000000000000000e+02
7.330000000000000000e+02
7.320000000000000000e+02
7.360000000000000000e+02
5.440000000000000000e+02
6.270000000000000000e+02
5.440000000000000000e+02
5.360000000000000000e+02
5.400000000000000000e+02
5.350000000000000000e+02
5.400000000000000000e+02
5.360000000000000000e+02
5.320000000000000000e+02
5.360000000000000000e+02
5.400000000000000000e+02
5.360000000000000000e+02
5.260000000000000000e+02
5.480000000000000000e+02
