7.200000000000000000e+02
7.200000000000000000e+02
7.660000000000000000e+02
7.640000000000000000e+02
5.630000000000000000e+02
5.400000000000000000e+02
5.640000000000000000e+02
5.413333333333333712e+02
5.320000000000000000e+02
5.290000000000000000e+02
5.320000000000000000e+02
5.340000000000000000e+02
5.360000000000000000e+02
5.320000000000000000e+02
5.360000000000000000e+02
5.330000000000000000e+02
5.360000000000000000e+02
5.440000000000000000e+02
5.320000000000000000e+02
5.360000000000000000e+02
5.320000000000000000e+02
5.320000000000000000e+02
5.240000000000000000e+02
5.220000000000000000e+02
5.360000000000000000e+02
5.306666666666666288e+02
5.400000000000000000e+02
5.373333333333333712e+02
7.600000000000000000e+02
7.520000000000000000e+02
7.720000000000000000e+02
7.120000000000000000e+02
7.600000000000000000e+02
7.600000000000000000e+02
7.520000000000000000e+02
7.560000000000000000e+02
7.600000000000000000e+02
5.386666666666666288e+02
5.510000000000000000e+02
5.370000000000000000e+02
5.320000000000000000e+02
5.280000000000000000e+02
5.290000000000000000e+02
5.360000000000000000e+02
5.320000000000000000e+02
5.370000000000000000e+02
5.480000000000000000e+02
5.400000000000000000e+02
5.360000000000000000e+02
5.360000000000000000e+02
5.400000000000000000e+02
5.240000000000000000e+02
5.400000000000000000e+02
5.420000000000000000e+02
5.260000000000000000e+02
5.280000000000000000e+02
5.250000000000000000e+02
5.560000000000000000e+02
5.560000000000000000e+02
7.600000000000000000e+02
7.560000000000000000e+02
7.570000000000000000e+02
7.600000000000000000e+02
7.560000000000000000e+02
7.560000000000000000e+02
7.560000000000000000e+02
7.560000000000000000e+02
7.600000000000000000e+02
7.560000000000000000e+02
5.460000000000000000e+02
5.940000000000000000e+02
5.620000000000000000e+02
7.226666666666666288e+02
7.520000000000000000e+02
5.426666666666666288e+02
5.360000000000000000e+02
5.380000000000000000e+02
5.360000000000000000e+02
5.466666666666666288e+02
5.400000000000000000e+02
5.460000000000000000e+02
5.280000000000000000e+02
5.250000000000000000e+02
5.380000000000000000e+02
5.360000000000000000e+02
4.480000000000000000e+02
5.240000000000000000e+02
5.253333333333333712e+02
7.600000000000000000e+02
6.950000000000000000e+02
5.480000000000000000e+02
7.560000000000000000e+02
7.600000000000000000e+02
7.570000000000000000e+02
7.560000000000000000e+02
7.560000000000000000e+02
7.560000000000000000e+02
7.560000000000000000e+02
7.560000000000000000e+02
7.600000000000000000e+02
5.480000000000000000e+02
5.493333333333333712e+02
4.280000000000000000e+02
4.640000000000000000e+02
5.250000000000000000e+02
4.750000000000000000e+02
4.640000000000000000e+02
7.420000000000000000e+02
5.426666666666666288e+02
5.320000000000000000e+02
5.700000000000000000e+02
6.820000000000000000e+02
5.440000000000000000e+02
5.450000000000000000e+02
5.350000000000000000e+02
5.390000000000000000e+02
5.380000000000000000e+02
4.640000000000000000e+02
4.480000000000000000e+02
4.840000000000000000e+02
4.280000000000000000e+02
4.853333333333333144e+02
5.480000000000000000e+02
5.480000000000000000e+02
7.560000000000000000e+02
7.640000000000000000e+02
7.600000000000000000e+02
7.560000000000000000e+02
7.440000000000000000e+02
7.506666666666666288e+02
7.640000000000000000e+02
5.520000000000000000e+02
4.360000000000000000e+02
4.400000000000000000e+02
4.400000000000000000e+02
4.400000000000000000e+02
4.440000000000000000e+02
4.480000000000000000e+02
4.680000000000000000e+02
4.600000000000000000e+02
4.600000000000000000e+02
5.280000000000000000e+02
5.320000000000000000e+02
5.253333333333333712e+02
5.370000000000000000e+02
5.493333333333333712e+02
5.360000000000000000e+02
5.360000000000000000e+02
4.600000000000000000e+02
4.440000000000000000e+02
4.440000000000000000e+02
4.400000000000000000e+02
4.430000000000000000e+02
4.440000000000000000e+02
4.440000000000000000e+02
4.480000000000000000e+02
4.080000000000000000e+02
4.320000000000000000e+02
4.320000000000000000e+02
4.360000000000000000e+02
4.320000000000000000e+02
4.320000000000000000e+02
4.320000000000000000e+02
4.266666666666666856e+02
4.253333333333333144e+02
4.390000000000000000e+02
4.440000000000000000e+02
4.680000000000000000e+02
4.280000000000000000e+02
4.360000000000000000e+02
4.520000000000000000e+02
4.600000000000000000e+02
4.640000000000000000e+02
5.400000000000000000e+02
6.026666666666666288e+02
5.450000000000000000e+02
5.320000000000000000e+02
4.640000000000000000e+02
5.260000000000000000e+02
4.560000000000000000e+02
4.520000000000000000e+02
4.480000000000000000e+02
4.253333333333333144e+02
4.360000000000000000e+02
4.320000000000000000e+02
4.320000000000000000e+02
4.400000000000000000e+02
4.360000000000000000e+02
4.120000000000000000e+02
4.200000000000000000e+02
4.320000000000000000e+02
4.320000000000000000e+02
4.240000000000000000e+02
4.280000000000000000e+02
4.200000000000000000e+02
4.160000000000000000e+02
4.430000000000000000e+02
4.360000000000000000e+02
4.320000000000000000e+02
4.280000000000000000e+02
4.280000000000000000e+02
4.300000000000000000e+02
4.746666666666666856e+02
4.760000000000000000e+02
4.826666666666666856e+02
4.506666666666666856e+02
5.600000000000000000e+02
5.390000000000000000e+02
5.360000000000000000e+02
5.400000000000000000e+02
5.390000000000000000e+02
5.346666666666666288e+02
4.670000000000000000e+02
4.520000000000000000e+02
4.560000000000000000e+02
4.280000000000000000e+02
4.160000000000000000e+02
4.400000000000000000e+02
4.320000000000000000e+02
4.320000000000000000e+02
4.440000000000000000e+02
4.360000000000000000e+02
7.133333333333333712e+02
5.920000000000000000e+02
5.560000000000000000e+02
7.810000000000000000e+02
4.280000000000000000e+02
5.413333333333333712e+02
4.240000000000000000e+02
4.240000000000000000e+02
5.373333333333333712e+02
4.400000000000000000e+02
4.480000000000000000e+02
4.440000000000000000e+02
4.530000000000000000e+02
4.530000000000000000e+02
5.430000000000000000e+02
7.470000000000000000e+02
5.333333333333333712e+02
5.413333333333333712e+02
5.400000000000000000e+02
5.560000000000000000e+02
7.506666666666666288e+02
5.480000000000000000e+02
6.880000000000000000e+02
7.466666666666666288e+02
4.746666666666666856e+02
4.680000000000000000e+02
4.400000000000000000e+02
3.960000000000000000e+02
4.260000000000000000e+02
4.220000000000000000e+02
7.240000000000000000e+02
7.140000000000000000e+02
7.120000000000000000e+02
7.330000000000000000e+02
