7.200000000000000000e+02
7.200000000000000000e+02
7.640000000000000000e+02
7.680000000000000000e+02
5.630000000000000000e+02
7.400000000000000000e+02
5.280000000000000000e+02
5.320000000000000000e+02
5.400000000000000000e+02
5.280000000000000000e+02
5.320000000000000000e+02
5.320000000000000000e+02
5.320000000000000000e+02
5.320000000000000000e+02
5.320000000000000000e+02
5.330000000000000000e+02
5.360000000000000000e+02
5.320000000000000000e+02
5.320000000000000000e+02
5.360000000000000000e+02
5.320000000000000000e+02
5.253333333333333712e+02
5.240000000000000000e+02
5.300000000000000000e+02
5.280000000000000000e+02
5.320000000000000000e+02
5.400000000000000000e+02
5.420000000000000000e+02
7.626666666666666288e+02
7.560000000000000000e+02
7.760000000000000000e+02
7.106666666666666288e+02
7.600000000000000000e+02
7.600000000000000000e+02
7.480000000000000000e+02
7.560000000000000000e+02
7.600000000000000000e+02
7.546666666666666288e+02
5.310000000000000000e+02
5.240000000000000000e+02
5.360000000000000000e+02
5.280000000000000000e+02
5.290000000000000000e+02
5.360000000000000000e+02
5.360000000000000000e+02
5.506666666666666288e+02
5.320000000000000000e+02
6.373333333333333712e+02
7.520000000000000000e+02
5.413333333333333712e+02
5.360000000000000000e+02
5.280000000000000000e+02
5.310000000000000000e+02
5.360000000000000000e+02
5.260000000000000000e+02
5.210000000000000000e+02
5.440000000000000000e+02
5.560000000000000000e+02
5.480000000000000000e+02
7.600000000000000000e+02
7.600000000000000000e+02
7.570000000000000000e+02
7.560000000000000000e+02
7.560000000000000000e+02
7.560000000000000000e+02
7.600000000000000000e+02
7.560000000000000000e+02
7.600000000000000000e+02
7.600000000000000000e+02
7.560000000000000000e+02
5.940000000000000000e+02
6.000000000000000000e+02
7.440000000000000000e+02
7.480000000000000000e+02
5.426666666666666288e+02
5.360000000000000000e+02
5.360000000000000000e+02
5.360000000000000000e+02
5.440000000000000000e+02
5.480000000000000000e+02
5.400000000000000000e+02
5.400000000000000000e+02
5.840000000000000000e+02
5.280000000000000000e+02
5.240000000000000000e+02
6.900000000000000000e+02
5.660000000000000000e+02
5.280000000000000000e+02
7.600000000000000000e+02
5.360000000000000000e+02
5.480000000000000000e+02
7.560000000000000000e+02
7.560000000000000000e+02
7.600000000000000000e+02
7.560000000000000000e+02
7.560000000000000000e+02
7.560000000000000000e+02
7.560000000000000000e+02
7.560000000000000000e+02
7.600000000000000000e+02
5.480000000000000000e+02
5.373333333333333712e+02
4.280000000000000000e+02
4.640000000000000000e+02
4.560000000000000000e+02
4.750000000000000000e+02
4.533333333333333144e+02
5.100000000000000000e+02
5.293333333333333712e+02
5.440000000000000000e+02
5.390000000000000000e+02
5.320000000000000000e+02
5.413333333333333712e+02
5.480000000000000000e+02
5.373333333333333712e+02
5.440000000000000000e+02
4.480000000000000000e+02
4.640000000000000000e+02
4.480000000000000000e+02
4.840000000000000000e+02
4.280000000000000000e+02
4.280000000000000000e+02
5.440000000000000000e+02
5.480000000000000000e+02
7.560000000000000000e+02
7.640000000000000000e+02
7.600000000000000000e+02
7.560000000000000000e+02
7.466666666666666288e+02
7.466666666666666288e+02
7.533333333333333712e+02
5.506666666666666288e+02
4.400000000000000000e+02
4.360000000000000000e+02
4.400000000000000000e+02
4.400000000000000000e+02
4.440000000000000000e+02
4.480000000000000000e+02
4.640000000000000000e+02
4.600000000000000000e+02
4.600000000000000000e+02
5.386666666666666288e+02
5.293333333333333712e+02
5.320000000000000000e+02
5.370000000000000000e+02
5.460000000000000000e+02
5.360000000000000000e+02
5.360000000000000000e+02
4.600000000000000000e+02
4.400000000000000000e+02
4.480000000000000000e+02
4.360000000000000000e+02
4.480000000000000000e+02
4.440000000000000000e+02
4.440000000000000000e+02
4.480000000000000000e+02
4.130000000000000000e+02
4.320000000000000000e+02
4.400000000000000000e+02
4.360000000000000000e+02
4.320000000000000000e+02
4.320000000000000000e+02
4.240000000000000000e+02
4.120000000000000000e+02
4.360000000000000000e+02
4.400000000000000000e+02
4.400000000000000000e+02
4.653333333333333144e+02
4.280000000000000000e+02
4.320000000000000000e+02
4.570000000000000000e+02
4.560000000000000000e+02
4.640000000000000000e+02
5.440000000000000000e+02
5.333333333333333712e+02
7.480000000000000000e+02
5.293333333333333712e+02
7.520000000000000000e+02
5.440000000000000000e+02
4.560000000000000000e+02
4.640000000000000000e+02
4.480000000000000000e+02
4.400000000000000000e+02
4.330000000000000000e+02
4.320000000000000000e+02
4.320000000000000000e+02
4.400000000000000000e+02
4.320000000000000000e+02
4.240000000000000000e+02
4.200000000000000000e+02
4.320000000000000000e+02
4.320000000000000000e+02
4.280000000000000000e+02
4.280000000000000000e+02
4.320000000000000000e+02
4.080000000000000000e+02
4.440000000000000000e+02
4.360000000000000000e+02
4.360000000000000000e+02
4.280000000000000000e+02
4.280000000000000000e+02
4.240000000000000000e+02
4.640000000000000000e+02
4.760000000000000000e+02
4.760000000000000000e+02
5.190000000000000000e+02
5.600000000000000000e+02
5.320000000000000000e+02
5.333333333333333712e+02
5.400000000000000000e+02
7.533333333333333712e+02
5.400000000000000000e+02
4.560000000000000000e+02
4.520000000000000000e+02
4.560000000000000000e+02
4.240000000000000000e+02
4.200000000000000000e+02
4.400000000000000000e+02
4.320000000000000000e+02
4.240000000000000000e+02
4.440000000000000000e+02
4.360000000000000000e+02
7.133333333333333712e+02
5.466666666666666288e+02
7.213333333333333712e+02
7.760000000000000000e+02
5.480000000000000000e+02
5.413333333333333712e+02
4.280000000000000000e+02
4.333333333333333144e+02
4.600000000000000000e+02
4.320000000000000000e+02
4.440000000000000000e+02
4.440000000000000000e+02
4.480000000000000000e+02
4.840000000000000000e+02
7.466666666666666288e+02
7.470000000000000000e+02
5.330000000000000000e+02
7.506666666666666288e+02
7.520000000000000000e+02
5.560000000000000000e+02
7.506666666666666288e+02
5.480000000000000000e+02
6.880000000000000000e+02
7.466666666666666288e+02
4.760000000000000000e+02
4.760000000000000000e+02
4.440000000000000000e+02
4.440000000000000000e+02
4.260000000000000000e+02
4.960000000000000000e+02
7.400000000000000000e+02
7.120000000000000000e+02
7.080000000000000000e+02
7.240000000000000000e+02
