7.200000000000000000e+02
7.200000000000000000e+02
7.660000000000000000e+02
7.680000000000000000e+02
5.546666666666666288e+02
7.420000000000000000e+02
4.493333333333333144e+02
5.320000000000000000e+02
5.426666666666666288e+02
5.240000000000000000e+02
5.230000000000000000e+02
5.240000000000000000e+02
5.360000000000000000e+02
5.320000000000000000e+02
5.320000000000000000e+02
5.410000000000000000e+02
5.360000000000000000e+02
5.450000000000000000e+02
5.320000000000000000e+02
5.360000000000000000e+02
5.320000000000000000e+02
5.320000000000000000e+02
5.320000000000000000e+02
5.200000000000000000e+02
5.300000000000000000e+02
5.370000000000000000e+02
5.440000000000000000e+02
5.360000000000000000e+02
7.626666666666666288e+02
7.560000000000000000e+02
7.760000000000000000e+02
7.106666666666666288e+02
7.600000000000000000e+02
7.600000000000000000e+02
7.520000000000000000e+02
7.560000000000000000e+02
7.560000000000000000e+02
5.386666666666666288e+02
5.310000000000000000e+02
6.720000000000000000e+02
5.320000000000000000e+02
7.550000000000000000e+02
5.290000000000000000e+02
5.460000000000000000e+02
5.380000000000000000e+02
5.440000000000000000e+02
5.480000000000000000e+02
5.400000000000000000e+02
7.520000000000000000e+02
5.560000000000000000e+02
5.360000000000000000e+02
5.240000000000000000e+02
5.400000000000000000e+02
5.360000000000000000e+02
5.300000000000000000e+02
4.986666666666666856e+02
7.066666666666666288e+02
5.380000000000000000e+02
5.560000000000000000e+02
7.560000000000000000e+02
7.560000000000000000e+02
7.570000000000000000e+02
7.600000000000000000e+02
7.560000000000000000e+02
7.560000000000000000e+02
7.600000000000000000e+02
7.560000000000000000e+02
7.600000000000000000e+02
7.600000000000000000e+02
7.580000000000000000e+02
5.500000000000000000e+02
5.620000000000000000e+02
6.813333333333333712e+02
7.570000000000000000e+02
7.500000000000000000e+02
5.360000000000000000e+02
5.360000000000000000e+02
5.360000000000000000e+02
5.346666666666666288e+02
5.440000000000000000e+02
5.400000000000000000e+02
5.280000000000000000e+02
5.840000000000000000e+02
5.620000000000000000e+02
5.520000000000000000e+02
5.230000000000000000e+02
5.280000000000000000e+02
5.280000000000000000e+02
7.560000000000000000e+02
6.950000000000000000e+02
5.440000000000000000e+02
7.560000000000000000e+02
7.600000000000000000e+02
7.600000000000000000e+02
7.560000000000000000e+02
7.560000000000000000e+02
7.560000000000000000e+02
7.560000000000000000e+02
7.560000000000000000e+02
7.600000000000000000e+02
7.600000000000000000e+02
4.280000000000000000e+02
4.786666666666666856e+02
4.680000000000000000e+02
7.460000000000000000e+02
4.750000000000000000e+02
4.480000000000000000e+02
4.730000000000000000e+02
5.410000000000000000e+02
5.320000000000000000e+02
5.520000000000000000e+02
5.360000000000000000e+02
5.430000000000000000e+02
5.440000000000000000e+02
5.320000000000000000e+02
5.440000000000000000e+02
5.380000000000000000e+02
4.640000000000000000e+02
4.440000000000000000e+02
4.840000000000000000e+02
4.400000000000000000e+02
4.280000000000000000e+02
4.266666666666666856e+02
5.480000000000000000e+02
7.560000000000000000e+02
7.640000000000000000e+02
7.560000000000000000e+02
7.520000000000000000e+02
7.520000000000000000e+02
7.490000000000000000e+02
7.533333333333333712e+02
5.480000000000000000e+02
4.400000000000000000e+02
4.360000000000000000e+02
4.400000000000000000e+02
4.370000000000000000e+02
4.440000000000000000e+02
4.480000000000000000e+02
4.640000000000000000e+02
4.600000000000000000e+02
4.600000000000000000e+02
5.280000000000000000e+02
5.360000000000000000e+02
5.400000000000000000e+02
5.370000000000000000e+02
5.480000000000000000e+02
5.580000000000000000e+02
5.320000000000000000e+02
4.600000000000000000e+02
4.440000000000000000e+02
4.440000000000000000e+02
4.320000000000000000e+02
4.480000000000000000e+02
4.440000000000000000e+02
4.440000000000000000e+02
4.360000000000000000e+02
4.100000000000000000e+02
4.320000000000000000e+02
4.400000000000000000e+02
4.320000000000000000e+02
4.320000000000000000e+02
4.320000000000000000e+02
4.240000000000000000e+02
4.120000000000000000e+02
4.360000000000000000e+02
4.440000000000000000e+02
4.440000000000000000e+02
4.640000000000000000e+02
4.280000000000000000e+02
4.360000000000000000e+02
4.520000000000000000e+02
4.640000000000000000e+02
4.600000000000000000e+02
5.400000000000000000e+02
5.460000000000000000e+02
7.466666666666666288e+02
5.453333333333333712e+02
7.460000000000000000e+02
5.520000000000000000e+02
4.640000000000000000e+02
4.520000000000000000e+02
4.510000000000000000e+02
4.346666666666666856e+02
4.320000000000000000e+02
4.320000000000000000e+02
4.320000000000000000e+02
4.360000000000000000e+02
4.360000000000000000e+02
4.120000000000000000e+02
4.240000000000000000e+02
4.320000000000000000e+02
4.400000000000000000e+02
4.240000000000000000e+02
4.280000000000000000e+02
4.200000000000000000e+02
4.120000000000000000e+02
4.440000000000000000e+02
4.360000000000000000e+02
4.360000000000000000e+02
4.320000000000000000e+02
4.280000000000000000e+02
4.320000000000000000e+02
4.640000000000000000e+02
4.760000000000000000e+02
4.680000000000000000e+02
5.190000000000000000e+02
5.493333333333333712e+02
5.360000000000000000e+02
5.266666666666666288e+02
5.400000000000000000e+02
5.390000000000000000e+02
5.320000000000000000e+02
4.720000000000000000e+02
4.520000000000000000e+02
4.520000000000000000e+02
4.280000000000000000e+02
4.200000000000000000e+02
4.360000000000000000e+02
4.280000000000000000e+02
4.360000000000000000e+02
4.400000000000000000e+02
4.400000000000000000e+02
7.200000000000000000e+02
4.390000000000000000e+02
7.213333333333333712e+02
7.810000000000000000e+02
4.200000000000000000e+02
4.280000000000000000e+02
4.240000000000000000e+02
4.240000000000000000e+02
4.600000000000000000e+02
4.320000000000000000e+02
4.440000000000000000e+02
4.426666666666666856e+02
4.480000000000000000e+02
4.510000000000000000e+02
7.400000000000000000e+02
7.520000000000000000e+02
7.520000000000000000e+02
5.540000000000000000e+02
5.400000000000000000e+02
7.510000000000000000e+02
5.830000000000000000e+02
5.510000000000000000e+02
7.280000000000000000e+02
7.400000000000000000e+02
4.746666666666666856e+02
4.760000000000000000e+02
4.400000000000000000e+02
4.520000000000000000e+02
4.110000000000000000e+02
5.420000000000000000e+02
7.360000000000000000e+02
7.120000000000000000e+02
7.160000000000000000e+02
7.320000000000000000e+02
