7.186666666666666288e+02
7.200000000000000000e+02
7.800000000000000000e+02
7.680000000000000000e+02
5.630000000000000000e+02
7.350000000000000000e+02
5.333333333333333712e+02
5.413333333333333712e+02
5.400000000000000000e+02
5.240000000000000000e+02
5.240000000000000000e+02
5.320000000000000000e+02
5.400000000000000000e+02
5.360000000000000000e+02
5.320000000000000000e+02
5.400000000000000000e+02
5.400000000000000000e+02
5.440000000000000000e+02
5.320000000000000000e+02
5.320000000000000000e+02
5.360000000000000000e+02
5.280000000000000000e+02
5.240000000000000000e+02
5.220000000000000000e+02
5.360000000000000000e+02
5.306666666666666288e+02
5.420000000000000000e+02
5.360000000000000000e+02
7.600000000000000000e+02
7.560000000000000000e+02
7.760000000000000000e+02
7.160000000000000000e+02
7.106666666666666288e+02
7.600000000000000000e+02
7.560000000000000000e+02
7.560000000000000000e+02
7.600000000000000000e+02
5.700000000000000000e+02
5.510000000000000000e+02
5.306666666666666288e+02
5.360000000000000000e+02
5.280000000000000000e+02
5.320000000000000000e+02
5.360000000000000000e+02
5.360000000000000000e+02
5.506666666666666288e+02
5.320000000000000000e+02
5.400000000000000000e+02
5.400000000000000000e+02
5.560000000000000000e+02
5.386666666666666288e+02
5.280000000000000000e+02
5.266666666666666288e+02
5.920000000000000000e+02
5.320000000000000000e+02
5.280000000000000000e+02
5.250000000000000000e+02
5.480000000000000000e+02
5.560000000000000000e+02
7.600000000000000000e+02
7.560000000000000000e+02
7.600000000000000000e+02
7.560000000000000000e+02
7.560000000000000000e+02
7.560000000000000000e+02
7.600000000000000000e+02
7.560000000000000000e+02
7.600000000000000000e+02
7.600000000000000000e+02
7.560000000000000000e+02
5.370000000000000000e+02
6.000000000000000000e+02
7.426666666666666288e+02
7.480000000000000000e+02
7.530000000000000000e+02
5.360000000000000000e+02
5.380000000000000000e+02
5.360000000000000000e+02
5.346666666666666288e+02
5.400000000000000000e+02
5.460000000000000000e+02
5.400000000000000000e+02
5.250000000000000000e+02
5.380000000000000000e+02
5.520000000000000000e+02
6.900000000000000000e+02
5.660000000000000000e+02
5.280000000000000000e+02
7.560000000000000000e+02
4.640000000000000000e+02
5.420000000000000000e+02
7.560000000000000000e+02
7.560000000000000000e+02
7.600000000000000000e+02
7.560000000000000000e+02
7.560000000000000000e+02
7.560000000000000000e+02
7.560000000000000000e+02
7.560000000000000000e+02
7.600000000000000000e+02
7.560000000000000000e+02
5.440000000000000000e+02
4.650000000000000000e+02
4.740000000000000000e+02
4.560000000000000000e+02
4.750000000000000000e+02
4.480000000000000000e+02
5.160000000000000000e+02
5.400000000000000000e+02
5.320000000000000000e+02
5.580000000000000000e+02
5.320000000000000000e+02
5.413333333333333712e+02
5.480000000000000000e+02
5.360000000000000000e+02
5.440000000000000000e+02
5.520000000000000000e+02
4.640000000000000000e+02
4.440000000000000000e+02
4.800000000000000000e+02
4.280000000000000000e+02
4.870000000000000000e+02
5.560000000000000000e+02
5.460000000000000000e+02
7.600000000000000000e+02
7.640000000000000000e+02
7.560000000000000000e+02
7.520000000000000000e+02
7.440000000000000000e+02
7.490000000000000000e+02
7.533333333333333712e+02
4.280000000000000000e+02
4.360000000000000000e+02
4.400000000000000000e+02
4.400000000000000000e+02
4.400000000000000000e+02
4.440000000000000000e+02
4.480000000000000000e+02
4.680000000000000000e+02
4.600000000000000000e+02
7.346666666666666288e+02
5.280000000000000000e+02
5.280000000000000000e+02
5.320000000000000000e+02
5.360000000000000000e+02
5.460000000000000000e+02
5.573333333333333712e+02
4.640000000000000000e+02
4.600000000000000000e+02
4.440000000000000000e+02
4.440000000000000000e+02
4.360000000000000000e+02
4.480000000000000000e+02
4.440000000000000000e+02
4.400000000000000000e+02
4.360000000000000000e+02
4.100000000000000000e+02
4.160000000000000000e+02
4.400000000000000000e+02
4.360000000000000000e+02
4.320000000000000000e+02
4.320000000000000000e+02
4.280000000000000000e+02
4.120000000000000000e+02
4.360000000000000000e+02
4.440000000000000000e+02
4.400000000000000000e+02
4.653333333333333144e+02
4.280000000000000000e+02
4.360000000000000000e+02
4.540000000000000000e+02
4.490000000000000000e+02
4.600000000000000000e+02
4.626666666666666856e+02
5.333333333333333712e+02
7.466666666666666288e+02
5.453333333333333712e+02
7.520000000000000000e+02
5.426666666666666288e+02
4.640000000000000000e+02
4.640000000000000000e+02
4.760000000000000000e+02
4.253333333333333144e+02
4.360000000000000000e+02
4.320000000000000000e+02
4.320000000000000000e+02
4.400000000000000000e+02
4.360000000000000000e+02
4.240000000000000000e+02
4.200000000000000000e+02
4.320000000000000000e+02
4.280000000000000000e+02
4.320000000000000000e+02
4.280000000000000000e+02
4.320000000000000000e+02
4.160000000000000000e+02
4.480000000000000000e+02
4.320000000000000000e+02
4.320000000000000000e+02
4.320000000000000000e+02
4.280000000000000000e+02
4.320000000000000000e+02
4.680000000000000000e+02
4.760000000000000000e+02
4.760000000000000000e+02
4.800000000000000000e+02
5.493333333333333712e+02
5.360000000000000000e+02
5.360000000000000000e+02
5.400000000000000000e+02
5.360000000000000000e+02
5.320000000000000000e+02
4.560000000000000000e+02
4.520000000000000000e+02
4.520000000000000000e+02
4.280000000000000000e+02
4.160000000000000000e+02
4.360000000000000000e+02
4.280000000000000000e+02
4.280000000000000000e+02
4.400000000000000000e+02
7.070000000000000000e+02
5.440000000000000000e+02
5.440000000000000000e+02
7.380000000000000000e+02
7.760000000000000000e+02
5.480000000000000000e+02
4.280000000000000000e+02
4.320000000000000000e+02
4.240000000000000000e+02
4.600000000000000000e+02
4.413333333333333144e+02
4.440000000000000000e+02
4.360000000000000000e+02
4.560000000000000000e+02
4.530000000000000000e+02
7.586666666666666288e+02
7.240000000000000000e+02
7.560000000000000000e+02
5.540000000000000000e+02
7.533333333333333712e+02
7.510000000000000000e+02
7.506666666666666288e+02
5.480000000000000000e+02
7.280000000000000000e+02
7.400000000000000000e+02
4.800000000000000000e+02
4.760000000000000000e+02
4.360000000000000000e+02
3.920000000000000000e+02
5.280000000000000000e+02
4.220000000000000000e+02
7.240000000000000000e+02
7.120000000000000000e+02
7.120000000000000000e+02
7.330000000000000000e+02
