7.200000000000000000e+02
7.200000000000000000e+02
7.660000000000000000e+02
7.680000000000000000e+02
7.666666666666666288e+02
7.420000000000000000e+02
4.493333333333333144e+02
5.346666666666666288e+02
5.270000000000000000e+02
5.280000000000000000e+02
5.320000000000000000e+02
5.240000000000000000e+02
5.400000000000000000e+02
5.320000000000000000e+02
5.320000000000000000e+02
5.320000000000000000e+02
5.360000000000000000e+02
5.360000000000000000e+02
5.320000000000000000e+02
5.360000000000000000e+02
5.320000000000000000e+02
5.280000000000000000e+02
5.240000000000000000e+02
5.300000000000000000e+02
5.360000000000000000e+02
5.370000000000000000e+02
5.400000000000000000e+02
5.420000000000000000e+02
7.640000000000000000e+02
7.560000000000000000e+02
7.720000000000000000e+02
7.160000000000000000e+02
7.600000000000000000e+02
7.600000000000000000e+02
7.520000000000000000e+02
7.560000000000000000e+02
7.560000000000000000e+02
5.333333333333333712e+02
5.310000000000000000e+02
6.720000000000000000e+02
5.360000000000000000e+02
5.320000000000000000e+02
5.320000000000000000e+02
5.460000000000000000e+02
5.380000000000000000e+02
5.440000000000000000e+02
5.320000000000000000e+02
6.866666666666666288e+02
5.400000000000000000e+02
5.560000000000000000e+02
5.546666666666666288e+02
5.170000000000000000e+02
5.386666666666666288e+02
5.360000000000000000e+02
7.520000000000000000e+02
5.210000000000000000e+02
5.320000000000000000e+02
5.480000000000000000e+02
5.560000000000000000e+02
7.600000000000000000e+02
7.560000000000000000e+02
7.560000000000000000e+02
7.600000000000000000e+02
7.560000000000000000e+02
7.560000000000000000e+02
7.600000000000000000e+02
7.600000000000000000e+02
7.600000000000000000e+02
7.560000000000000000e+02
5.426666666666666288e+02
5.940000000000000000e+02
5.750000000000000000e+02
7.480000000000000000e+02
7.480000000000000000e+02
5.440000000000000000e+02
5.360000000000000000e+02
5.320000000000000000e+02
5.360000000000000000e+02
5.466666666666666288e+02
5.400000000000000000e+02
5.400000000000000000e+02
5.280000000000000000e+02
4.320000000000000000e+02
5.280000000000000000e+02
5.300000000000000000e+02
5.230000000000000000e+02
5.280000000000000000e+02
5.280000000000000000e+02
7.560000000000000000e+02
6.950000000000000000e+02
5.480000000000000000e+02
7.560000000000000000e+02
7.640000000000000000e+02
7.570000000000000000e+02
7.560000000000000000e+02
7.560000000000000000e+02
7.520000000000000000e+02
7.560000000000000000e+02
7.600000000000000000e+02
7.600000000000000000e+02
5.480000000000000000e+02
5.440000000000000000e+02
4.920000000000000000e+02
4.640000000000000000e+02
4.560000000000000000e+02
4.750000000000000000e+02
4.480000000000000000e+02
7.850000000000000000e+02
5.360000000000000000e+02
5.320000000000000000e+02
5.580000000000000000e+02
5.320000000000000000e+02
5.440000000000000000e+02
5.480000000000000000e+02
5.373333333333333712e+02
5.373333333333333712e+02
5.380000000000000000e+02
4.590000000000000000e+02
4.440000000000000000e+02
4.840000000000000000e+02
4.280000000000000000e+02
4.253333333333333144e+02
5.560000000000000000e+02
5.440000000000000000e+02
7.560000000000000000e+02
7.640000000000000000e+02
7.600000000000000000e+02
7.520000000000000000e+02
7.520000000000000000e+02
7.466666666666666288e+02
7.640000000000000000e+02
5.480000000000000000e+02
4.400000000000000000e+02
4.400000000000000000e+02
4.400000000000000000e+02
4.400000000000000000e+02
4.440000000000000000e+02
4.480000000000000000e+02
4.680000000000000000e+02
4.640000000000000000e+02
4.600000000000000000e+02
5.280000000000000000e+02
5.280000000000000000e+02
5.320000000000000000e+02
5.370000000000000000e+02
5.460000000000000000e+02
5.360000000000000000e+02
5.320000000000000000e+02
4.560000000000000000e+02
4.440000000000000000e+02
4.440000000000000000e+02
4.320000000000000000e+02
4.430000000000000000e+02
4.440000000000000000e+02
4.440000000000000000e+02
4.480000000000000000e+02
4.130000000000000000e+02
4.320000000000000000e+02
4.280000000000000000e+02
4.320000000000000000e+02
4.320000000000000000e+02
4.320000000000000000e+02
4.320000000000000000e+02
4.120000000000000000e+02
4.253333333333333144e+02
4.440000000000000000e+02
4.400000000000000000e+02
4.120000000000000000e+02
4.240000000000000000e+02
4.360000000000000000e+02
4.560000000000000000e+02
4.640000000000000000e+02
4.680000000000000000e+02
5.400000000000000000e+02
6.026666666666666288e+02
5.450000000000000000e+02
5.293333333333333712e+02
7.520000000000000000e+02
5.426666666666666288e+02
4.640000000000000000e+02
4.560000000000000000e+02
4.760000000000000000e+02
4.400000000000000000e+02
4.320000000000000000e+02
4.320000000000000000e+02
4.320000000000000000e+02
4.400000000000000000e+02
4.360000000000000000e+02
4.240000000000000000e+02
4.200000000000000000e+02
4.320000000000000000e+02
4.320000000000000000e+02
4.240000000000000000e+02
4.280000000000000000e+02
4.200000000000000000e+02
4.120000000000000000e+02
4.440000000000000000e+02
4.320000000000000000e+02
4.360000000000000000e+02
4.320000000000000000e+02
4.280000000000000000e+02
4.320000000000000000e+02
4.640000000000000000e+02
4.720000000000000000e+02
4.760000000000000000e+02
5.320000000000000000e+02
5.320000000000000000e+02
5.360000000000000000e+02
5.266666666666666288e+02
5.440000000000000000e+02
5.386666666666666288e+02
5.400000000000000000e+02
4.720000000000000000e+02
4.520000000000000000e+02
4.560000000000000000e+02
4.280000000000000000e+02
4.170000000000000000e+02
4.360000000000000000e+02
4.333333333333333144e+02
4.320000000000000000e+02
4.400000000000000000e+02
4.400000000000000000e+02
7.210000000000000000e+02
5.466666666666666288e+02
5.520000000000000000e+02
7.810000000000000000e+02
4.280000000000000000e+02
4.320000000000000000e+02
4.280000000000000000e+02
4.240000000000000000e+02
4.100000000000000000e+02
4.440000000000000000e+02
4.480000000000000000e+02
4.440000000000000000e+02
4.426666666666666856e+02
4.530000000000000000e+02
7.400000000000000000e+02
7.520000000000000000e+02
5.333333333333333712e+02
5.540000000000000000e+02
7.560000000000000000e+02
5.560000000000000000e+02
7.506666666666666288e+02
5.510000000000000000e+02
7.480000000000000000e+02
7.373333333333333712e+02
4.760000000000000000e+02
4.760000000000000000e+02
4.400000000000000000e+02
3.920000000000000000e+02
4.110000000000000000e+02
5.420000000000000000e+02
7.240000000000000000e+02
7.200000000000000000e+02
7.120000000000000000e+02
7.280000000000000000e+02
