7.200000000000000000e+02
7.200000000000000000e+02
7.640000000000000000e+02
7.680000000000000000e+02
7.666666666666666288e+02
5.493333333333333712e+02
5.280000000000000000e+02
5.346666666666666288e+02
5.426666666666666288e+02
5.240000000000000000e+02
5.293333333333333712e+02
5.320000000000000000e+02
5.360000000000000000e+02
5.320000000000000000e+02
5.320000000000000000e+02
5.360000000000000000e+02
5.360000000000000000e+02
5.320000000000000000e+02
5.320000000000000000e+02
5.360000000000000000e+02
5.320000000000000000e+02
5.280000000000000000e+02
5.240000000000000000e+02
5.266666666666666288e+02
5.300000000000000000e+02
5.300000000000000000e+02
5.420000000000000000e+02
5.440000000000000000e+02
7.626666666666666288e+02
7.560000000000000000e+02
7.720000000000000000e+02
7.160000000000000000e+02
7.600000000000000000e+02
7.600000000000000000e+02
7.520000000000000000e+02
7.520000000000000000e+02
7.560000000000000000e+02
5.500000000000000000e+02
5.310000000000000000e+02
5.380000000000000000e+02
5.320000000000000000e+02
5.320000000000000000e+02
5.320000000000000000e+02
5.460000000000000000e+02
5.306666666666666288e+02
5.370000000000000000e+02
5.420000000000000000e+02
6.920000000000000000e+02
5.306666666666666288e+02
5.360000000000000000e+02
5.360000000000000000e+02
5.240000000000000000e+02
5.386666666666666288e+02
5.346666666666666288e+02
5.260000000000000000e+02
5.210000000000000000e+02
5.440000000000000000e+02
5.300000000000000000e+02
5.560000000000000000e+02
7.600000000000000000e+02
7.600000000000000000e+02
7.600000000000000000e+02
7.560000000000000000e+02
7.560000000000000000e+02
7.560000000000000000e+02
7.600000000000000000e+02
7.560000000000000000e+02
7.600000000000000000e+02
7.600000000000000000e+02
5.426666666666666288e+02
7.493333333333333712e+02
6.000000000000000000e+02
7.426666666666666288e+02
7.570000000000000000e+02
5.440000000000000000e+02
5.360000000000000000e+02
5.306666666666666288e+02
5.360000000000000000e+02
5.426666666666666288e+02
5.400000000000000000e+02
5.400000000000000000e+02
4.340000000000000000e+02
5.840000000000000000e+02
5.186666666666666288e+02
5.240000000000000000e+02
6.900000000000000000e+02
5.280000000000000000e+02
5.280000000000000000e+02
7.600000000000000000e+02
6.950000000000000000e+02
5.420000000000000000e+02
7.570000000000000000e+02
7.640000000000000000e+02
7.600000000000000000e+02
7.560000000000000000e+02
7.560000000000000000e+02
7.560000000000000000e+02
7.560000000000000000e+02
7.600000000000000000e+02
7.600000000000000000e+02
7.560000000000000000e+02
4.280000000000000000e+02
4.786666666666666856e+02
4.640000000000000000e+02
7.460000000000000000e+02
7.413333333333333712e+02
4.480000000000000000e+02
7.850000000000000000e+02
5.293333333333333712e+02
5.320000000000000000e+02
5.390000000000000000e+02
5.390000000000000000e+02
5.430000000000000000e+02
5.440000000000000000e+02
5.320000000000000000e+02
5.390000000000000000e+02
5.400000000000000000e+02
4.640000000000000000e+02
4.440000000000000000e+02
4.840000000000000000e+02
4.280000000000000000e+02
4.870000000000000000e+02
5.440000000000000000e+02
5.480000000000000000e+02
7.613333333333333712e+02
7.560000000000000000e+02
7.600000000000000000e+02
7.520000000000000000e+02
7.440000000000000000e+02
5.480000000000000000e+02
7.630000000000000000e+02
4.210000000000000000e+02
4.360000000000000000e+02
4.400000000000000000e+02
4.360000000000000000e+02
4.400000000000000000e+02
4.440000000000000000e+02
4.480000000000000000e+02
4.680000000000000000e+02
4.600000000000000000e+02
7.360000000000000000e+02
5.280000000000000000e+02
5.320000000000000000e+02
5.360000000000000000e+02
5.370000000000000000e+02
5.493333333333333712e+02
5.360000000000000000e+02
4.640000000000000000e+02
4.600000000000000000e+02
4.440000000000000000e+02
4.480000000000000000e+02
4.320000000000000000e+02
4.440000000000000000e+02
4.440000000000000000e+02
4.440000000000000000e+02
4.386666666666666856e+02
4.130000000000000000e+02
4.320000000000000000e+02
4.280000000000000000e+02
4.360000000000000000e+02
4.320000000000000000e+02
4.320000000000000000e+02
4.240000000000000000e+02
4.120000000000000000e+02
4.253333333333333144e+02
4.440000000000000000e+02
4.400000000000000000e+02
4.640000000000000000e+02
4.280000000000000000e+02
4.280000000000000000e+02
4.570000000000000000e+02
4.600000000000000000e+02
4.600000000000000000e+02
5.360000000000000000e+02
6.026666666666666288e+02
5.450000000000000000e+02
5.453333333333333712e+02
4.640000000000000000e+02
5.360000000000000000e+02
4.640000000000000000e+02
4.640000000000000000e+02
4.520000000000000000e+02
4.253333333333333144e+02
4.330000000000000000e+02
4.320000000000000000e+02
4.280000000000000000e+02
4.400000000000000000e+02
4.360000000000000000e+02
4.120000000000000000e+02
4.280000000000000000e+02
4.280000000000000000e+02
4.400000000000000000e+02
4.320000000000000000e+02
4.280000000000000000e+02
4.200000000000000000e+02
4.080000000000000000e+02
4.440000000000000000e+02
4.360000000000000000e+02
4.320000000000000000e+02
4.320000000000000000e+02
4.280000000000000000e+02
4.300000000000000000e+02
4.720000000000000000e+02
4.760000000000000000e+02
4.826666666666666856e+02
5.320000000000000000e+02
5.453333333333333712e+02
5.320000000000000000e+02
5.350000000000000000e+02
5.400000000000000000e+02
7.533333333333333712e+02
5.400000000000000000e+02
4.670000000000000000e+02
4.520000000000000000e+02
4.560000000000000000e+02
4.280000000000000000e+02
4.200000000000000000e+02
4.230000000000000000e+02
4.280000000000000000e+02
4.360000000000000000e+02
4.440000000000000000e+02
7.066666666666666288e+02
7.200000000000000000e+02
5.440000000000000000e+02
5.530000000000000000e+02
7.120000000000000000e+02
7.830000000000000000e+02
5.413333333333333712e+02
4.320000000000000000e+02
4.333333333333333144e+02
4.440000000000000000e+02
4.413333333333333144e+02
4.440000000000000000e+02
4.426666666666666856e+02
4.520000000000000000e+02
7.570000000000000000e+02
7.400000000000000000e+02
5.453333333333333712e+02
5.280000000000000000e+02
7.506666666666666288e+02
5.400000000000000000e+02
7.570000000000000000e+02
5.520000000000000000e+02
5.546666666666666288e+02
5.560000000000000000e+02
7.466666666666666288e+02
4.760000000000000000e+02
4.690000000000000000e+02
4.400000000000000000e+02
4.520000000000000000e+02
4.580000000000000000e+02
4.220000000000000000e+02
7.240000000000000000e+02
7.120000000000000000e+02
7.160000000000000000e+02
7.320000000000000000e+02
