5.152000000000000455e+02
5.120000000000000000e+02
5.152000000000000455e+02
5.088000000000000114e+02
5.088000000000000114e+02
5.088000000000000114e+02
6.144000000000000909e+02
6.112000000000000455e+02
6.112000000000000455e+02
6.080000000000000000e+02
6.080000000000000000e+02
6.080000000000000000e+02
5.024000000000000341e+02
5.056000000000000227e+02
4.992000000000000455e+02
4.960000000000000000e+02
6.400000000000000000e+02
6.496000000000000227e+02
6.400000000000000000e+02
6.176000000000000227e+02
5.856000000000000227e+02
5.792000000000000455e+02
5.760000000000000000e+02
6.048000000000000682e+02
6.112000000000000455e+02
5.632000000000000455e+02
5.312000000000000455e+02
5.280000000000000000e+02
5.408000000000000682e+02
5.376000000000000227e+02
5.248000000000000682e+02
5.216000000000000227e+02
5.248000000000000682e+02
5.248000000000000682e+02
6.272000000000000455e+02
6.240000000000000000e+02
5.376000000000000227e+02
5.760000000000000000e+02
5.760000000000000000e+02
5.792000000000000455e+02
5.472000000000000455e+02
5.440000000000000000e+02
5.536000000000000227e+02
5.503999999999999773e+02
6.304000000000000909e+02
6.272000000000000455e+02
6.240000000000000000e+02
5.696000000000000227e+02
6.272000000000000455e+02
6.304000000000000909e+02
6.336000000000000227e+02
5.376000000000000227e+02
5.408000000000000682e+02
5.312000000000000455e+02
5.312000000000000455e+02
6.144000000000000909e+02
6.112000000000000455e+02
6.176000000000000227e+02
6.208000000000000682e+02
6.240000000000000000e+02
6.240000000000000000e+02
6.240000000000000000e+02
6.240000000000000000e+02
6.784000000000000909e+02
6.816000000000000227e+02
5.696000000000000227e+02
5.728000000000000682e+02
3.584000000000000341e+02
6.240000000000000000e+02
6.208000000000000682e+02
6.240000000000000000e+02
6.304000000000000909e+02
6.336000000000000227e+02
6.368000000000000682e+02
6.368000000000000682e+02
5.632000000000000455e+02
5.632000000000000455e+02
5.600000000000000000e+02
5.663999999999999773e+02
5.696000000000000227e+02
5.823999999999999773e+02
5.600000000000000000e+02
5.568000000000000682e+02
5.632000000000000455e+02
6.208000000000000682e+02
6.336000000000000227e+02
6.304000000000000909e+02
6.272000000000000455e+02
6.272000000000000455e+02
6.336000000000000227e+02
6.336000000000000227e+02
6.304000000000000909e+02
6.336000000000000227e+02
6.336000000000000227e+02
3.648000000000000114e+02
3.616000000000000227e+02
6.784000000000000909e+02
6.816000000000000227e+02
6.816000000000000227e+02
6.848000000000000682e+02
6.240000000000000000e+02
6.176000000000000227e+02
6.208000000000000682e+02
6.208000000000000682e+02
6.272000000000000455e+02
6.272000000000000455e+02
6.848000000000000682e+02
6.816000000000000227e+02
6.816000000000000227e+02
6.784000000000000909e+02
6.752000000000000455e+02
3.648000000000000114e+02
6.272000000000000455e+02
6.240000000000000000e+02
5.632000000000000455e+02
6.304000000000000909e+02
6.272000000000000455e+02
6.240000000000000000e+02
6.304000000000000909e+02
6.336000000000000227e+02
6.336000000000000227e+02
5.600000000000000000e+02
5.663999999999999773e+02
6.208000000000000682e+02
6.176000000000000227e+02
5.472000000000000455e+02
5.472000000000000455e+02
5.503999999999999773e+02
5.280000000000000000e+02
5.728000000000000682e+02
5.568000000000000682e+02
5.536000000000000227e+02
5.568000000000000682e+02
5.568000000000000682e+02
6.272000000000000455e+02
6.304000000000000909e+02
6.304000000000000909e+02
6.272000000000000455e+02
6.304000000000000909e+02
6.304000000000000909e+02
6.304000000000000909e+02
6.368000000000000682e+02
6.336000000000000227e+02
6.336000000000000227e+02
6.272000000000000455e+02
6.272000000000000455e+02
5.728000000000000682e+02
5.728000000000000682e+02
6.720000000000000000e+02
6.784000000000000909e+02
6.816000000000000227e+02
6.784000000000000909e+02
6.816000000000000227e+02
6.816000000000000227e+02
6.816000000000000227e+02
6.848000000000000682e+02
6.816000000000000227e+02
6.816000000000000227e+02
6.816000000000000227e+02
6.816000000000000227e+02
6.848000000000000682e+02
6.816000000000000227e+02
6.784000000000000909e+02
6.336000000000000227e+02
6.368000000000000682e+02
6.368000000000000682e+02
6.304000000000000909e+02
6.272000000000000455e+02
6.304000000000000909e+02
6.336000000000000227e+02
6.304000000000000909e+02
6.336000000000000227e+02
6.304000000000000909e+02
6.272000000000000455e+02
6.304000000000000909e+02
6.336000000000000227e+02
6.368000000000000682e+02
5.536000000000000227e+02
5.663999999999999773e+02
5.663999999999999773e+02
6.304000000000000909e+02
6.272000000000000455e+02
6.304000000000000909e+02
6.304000000000000909e+02
6.336000000000000227e+02
6.304000000000000909e+02
6.304000000000000909e+02
6.304000000000000909e+02
6.368000000000000682e+02
6.336000000000000227e+02
6.368000000000000682e+02
6.432000000000000455e+02
6.400000000000000000e+02
5.536000000000000227e+02
6.336000000000000227e+02
6.400000000000000000e+02
6.848000000000000682e+02
6.848000000000000682e+02
6.784000000000000909e+02
6.816000000000000227e+02
6.816000000000000227e+02
6.848000000000000682e+02
6.816000000000000227e+02
6.848000000000000682e+02
6.816000000000000227e+02
6.784000000000000909e+02
6.816000000000000227e+02
6.816000000000000227e+02
6.816000000000000227e+02
6.816000000000000227e+02
6.816000000000000227e+02
6.784000000000000909e+02
6.816000000000000227e+02
6.816000000000000227e+02
6.464000000000000909e+02
6.304000000000000909e+02
6.304000000000000909e+02
5.632000000000000455e+02
5.663999999999999773e+02
6.368000000000000682e+02
6.336000000000000227e+02
6.368000000000000682e+02
6.368000000000000682e+02
6.336000000000000227e+02
6.336000000000000227e+02
6.336000000000000227e+02
6.240000000000000000e+02
6.240000000000000000e+02
6.272000000000000455e+02
6.336000000000000227e+02
5.600000000000000000e+02
5.568000000000000682e+02
5.632000000000000455e+02
5.632000000000000455e+02
5.600000000000000000e+02
5.632000000000000455e+02
5.663999999999999773e+02
5.632000000000000455e+02
5.408000000000000682e+02
5.472000000000000455e+02
5.696000000000000227e+02
5.696000000000000227e+02
5.600000000000000000e+02
5.600000000000000000e+02
5.600000000000000000e+02
5.600000000000000000e+02
5.632000000000000455e+02
5.632000000000000455e+02
5.920000000000000000e+02
6.240000000000000000e+02
6.272000000000000455e+02
6.336000000000000227e+02
6.336000000000000227e+02
6.368000000000000682e+02
6.368000000000000682e+02
6.368000000000000682e+02
6.432000000000000455e+02
6.432000000000000455e+02
6.176000000000000227e+02
6.208000000000000682e+02
6.240000000000000000e+02
6.272000000000000455e+02
5.983999999999999773e+02
5.983999999999999773e+02
6.816000000000000227e+02
6.816000000000000227e+02
6.848000000000000682e+02
6.816000000000000227e+02
6.784000000000000909e+02
6.848000000000000682e+02
5.888000000000000682e+02
5.920000000000000000e+02
6.112000000000000455e+02
6.240000000000000000e+02
6.848000000000000682e+02
6.848000000000000682e+02
6.848000000000000682e+02
6.816000000000000227e+02
6.816000000000000227e+02
6.816000000000000227e+02
6.400000000000000000e+02
6.368000000000000682e+02
6.240000000000000000e+02
5.600000000000000000e+02
5.568000000000000682e+02
5.568000000000000682e+02
6.400000000000000000e+02
6.368000000000000682e+02
6.400000000000000000e+02
6.400000000000000000e+02
6.336000000000000227e+02
6.112000000000000455e+02
5.920000000000000000e+02
5.952000000000000455e+02
6.368000000000000682e+02
6.240000000000000000e+02
6.272000000000000455e+02
5.696000000000000227e+02
5.696000000000000227e+02
5.696000000000000227e+02
5.408000000000000682e+02
5.312000000000000455e+02
5.312000000000000455e+02
5.312000000000000455e+02
5.663999999999999773e+02
5.663999999999999773e+02
5.663999999999999773e+02
5.632000000000000455e+02
5.663999999999999773e+02
5.663999999999999773e+02
6.240000000000000000e+02
6.240000000000000000e+02
6.272000000000000455e+02
6.336000000000000227e+02
6.304000000000000909e+02
6.336000000000000227e+02
6.336000000000000227e+02
6.400000000000000000e+02
6.400000000000000000e+02
6.400000000000000000e+02
6.432000000000000455e+02
5.600000000000000000e+02
5.568000000000000682e+02
5.568000000000000682e+02
5.120000000000000000e+02
5.120000000000000000e+02
5.696000000000000227e+02
5.696000000000000227e+02
5.600000000000000000e+02
6.688000000000000682e+02
6.720000000000000000e+02
6.688000000000000682e+02
6.688000000000000682e+02
6.720000000000000000e+02
6.720000000000000000e+02
5.696000000000000227e+02
5.728000000000000682e+02
5.760000000000000000e+02
5.792000000000000455e+02
6.528000000000000682e+02
6.656000000000000227e+02
6.720000000000000000e+02
6.656000000000000227e+02
6.592000000000000455e+02
6.624000000000000909e+02
5.663999999999999773e+02
6.016000000000000227e+02
6.016000000000000227e+02
5.472000000000000455e+02
5.503999999999999773e+02
5.503999999999999773e+02
5.568000000000000682e+02
5.600000000000000000e+02
6.400000000000000000e+02
6.400000000000000000e+02
6.368000000000000682e+02
6.368000000000000682e+02
5.183999999999999773e+02
5.216000000000000227e+02
5.216000000000000227e+02
6.240000000000000000e+02
6.240000000000000000e+02
6.240000000000000000e+02
6.272000000000000455e+02
5.632000000000000455e+02
5.600000000000000000e+02
5.600000000000000000e+02
5.600000000000000000e+02
5.632000000000000455e+02
5.663999999999999773e+02
5.632000000000000455e+02
5.728000000000000682e+02
5.663999999999999773e+02
5.696000000000000227e+02
5.663999999999999773e+02
5.760000000000000000e+02
5.632000000000000455e+02
5.632000000000000455e+02
5.568000000000000682e+02
5.536000000000000227e+02
5.536000000000000227e+02
5.600000000000000000e+02
5.632000000000000455e+02
5.632000000000000455e+02
5.663999999999999773e+02
6.272000000000000455e+02
5.536000000000000227e+02
5.312000000000000455e+02
5.248000000000000682e+02
6.336000000000000227e+02
6.400000000000000000e+02
6.368000000000000682e+02
6.400000000000000000e+02
5.472000000000000455e+02
5.568000000000000682e+02
5.568000000000000682e+02
5.568000000000000682e+02
5.440000000000000000e+02
6.080000000000000000e+02
5.856000000000000227e+02
5.952000000000000455e+02
5.536000000000000227e+02
5.536000000000000227e+02
6.688000000000000682e+02
6.656000000000000227e+02
6.624000000000000909e+02
6.592000000000000455e+02
6.592000000000000455e+02
5.823999999999999773e+02
5.823999999999999773e+02
5.823999999999999773e+02
5.888000000000000682e+02
5.888000000000000682e+02
5.888000000000000682e+02
5.888000000000000682e+02
5.920000000000000000e+02
5.120000000000000000e+02
5.088000000000000114e+02
5.088000000000000114e+02
5.632000000000000455e+02
5.632000000000000455e+02
5.696000000000000227e+02
5.376000000000000227e+02
5.408000000000000682e+02
5.408000000000000682e+02
5.600000000000000000e+02
5.568000000000000682e+02
6.432000000000000455e+02
5.376000000000000227e+02
6.368000000000000682e+02
5.280000000000000000e+02
5.280000000000000000e+02
5.248000000000000682e+02
5.280000000000000000e+02
5.280000000000000000e+02
5.503999999999999773e+02
5.632000000000000455e+02
5.663999999999999773e+02
5.696000000000000227e+02
5.408000000000000682e+02
6.112000000000000455e+02
6.112000000000000455e+02
5.632000000000000455e+02
5.663999999999999773e+02
5.728000000000000682e+02
5.952000000000000455e+02
5.920000000000000000e+02
5.888000000000000682e+02
5.312000000000000455e+02
5.248000000000000682e+02
5.632000000000000455e+02
5.632000000000000455e+02
5.216000000000000227e+02
5.280000000000000000e+02
5.312000000000000455e+02
5.343999999999999773e+02
5.408000000000000682e+02
5.343999999999999773e+02
5.343999999999999773e+02
5.408000000000000682e+02
5.376000000000000227e+02
5.343999999999999773e+02
5.376000000000000227e+02
5.408000000000000682e+02
5.248000000000000682e+02
5.280000000000000000e+02
5.216000000000000227e+02
5.216000000000000227e+02
5.216000000000000227e+02
5.248000000000000682e+02
5.216000000000000227e+02
5.183999999999999773e+02
5.856000000000000227e+02
5.856000000000000227e+02
5.888000000000000682e+02
5.856000000000000227e+02
5.856000000000000227e+02
5.888000000000000682e+02
5.856000000000000227e+02
5.856000000000000227e+02
5.856000000000000227e+02
5.888000000000000682e+02
5.888000000000000682e+02
5.888000000000000682e+02
5.888000000000000682e+02
5.248000000000000682e+02
5.216000000000000227e+02
5.248000000000000682e+02
5.280000000000000000e+02
5.343999999999999773e+02
5.343999999999999773e+02
5.408000000000000682e+02
5.408000000000000682e+02
4.896000000000000227e+02
5.408000000000000682e+02
5.472000000000000455e+02
5.568000000000000682e+02
5.343999999999999773e+02
5.280000000000000000e+02
5.312000000000000455e+02
5.343999999999999773e+02
5.312000000000000455e+02
5.343999999999999773e+02
5.312000000000000455e+02
5.312000000000000455e+02
5.312000000000000455e+02
5.248000000000000682e+02
5.920000000000000000e+02
5.632000000000000455e+02
5.503999999999999773e+02
5.696000000000000227e+02
5.760000000000000000e+02
5.760000000000000000e+02
5.440000000000000000e+02
5.503999999999999773e+02
5.792000000000000455e+02
5.983999999999999773e+02
5.983999999999999773e+02
5.952000000000000455e+02
5.152000000000000455e+02
5.280000000000000000e+02
5.312000000000000455e+02
5.280000000000000000e+02
5.312000000000000455e+02
5.408000000000000682e+02
5.376000000000000227e+02
5.376000000000000227e+02
5.343999999999999773e+02
5.343999999999999773e+02
5.343999999999999773e+02
4.864000000000000341e+02
5.216000000000000227e+02
5.056000000000000227e+02
5.056000000000000227e+02
5.024000000000000341e+02
5.024000000000000341e+02
5.024000000000000341e+02
5.120000000000000000e+02
5.183999999999999773e+02
5.183999999999999773e+02
5.216000000000000227e+02
5.183999999999999773e+02
5.600000000000000000e+02
5.792000000000000455e+02
5.856000000000000227e+02
5.856000000000000227e+02
5.888000000000000682e+02
5.856000000000000227e+02
5.856000000000000227e+02
5.888000000000000682e+02
5.920000000000000000e+02
5.920000000000000000e+02
5.823999999999999773e+02
5.760000000000000000e+02
5.696000000000000227e+02
5.120000000000000000e+02
5.120000000000000000e+02
5.120000000000000000e+02
5.088000000000000114e+02
5.088000000000000114e+02
5.024000000000000341e+02
5.024000000000000341e+02
5.024000000000000341e+02
5.088000000000000114e+02
5.472000000000000455e+02
4.864000000000000341e+02
4.832000000000000455e+02
4.832000000000000455e+02
5.343999999999999773e+02
5.343999999999999773e+02
5.343999999999999773e+02
5.376000000000000227e+02
5.312000000000000455e+02
5.280000000000000000e+02
5.280000000000000000e+02
5.248000000000000682e+02
5.120000000000000000e+02
5.503999999999999773e+02
5.536000000000000227e+02
5.888000000000000682e+02
5.952000000000000455e+02
5.920000000000000000e+02
5.376000000000000227e+02
5.663999999999999773e+02
5.663999999999999773e+02
5.663999999999999773e+02
5.408000000000000682e+02
5.408000000000000682e+02
5.503999999999999773e+02
5.600000000000000000e+02
5.632000000000000455e+02
5.632000000000000455e+02
5.216000000000000227e+02
5.216000000000000227e+02
5.343999999999999773e+02
5.248000000000000682e+02
5.280000000000000000e+02
5.312000000000000455e+02
5.312000000000000455e+02
5.312000000000000455e+02
5.280000000000000000e+02
5.376000000000000227e+02
5.408000000000000682e+02
5.376000000000000227e+02
5.376000000000000227e+02
4.992000000000000455e+02
4.928000000000000114e+02
4.928000000000000114e+02
4.896000000000000227e+02
4.992000000000000455e+02
5.024000000000000341e+02
4.992000000000000455e+02
5.024000000000000341e+02
5.056000000000000227e+02
5.056000000000000227e+02
5.728000000000000682e+02
5.728000000000000682e+02
5.792000000000000455e+02
5.823999999999999773e+02
5.856000000000000227e+02
5.856000000000000227e+02
5.856000000000000227e+02
5.856000000000000227e+02
5.888000000000000682e+02
5.888000000000000682e+02
5.920000000000000000e+02
5.920000000000000000e+02
5.888000000000000682e+02
5.888000000000000682e+02
5.920000000000000000e+02
5.823999999999999773e+02
5.792000000000000455e+02
5.920000000000000000e+02
5.024000000000000341e+02
5.024000000000000341e+02
5.024000000000000341e+02
5.024000000000000341e+02
4.992000000000000455e+02
4.960000000000000000e+02
4.928000000000000114e+02
4.928000000000000114e+02
4.928000000000000114e+02
4.928000000000000114e+02
4.928000000000000114e+02
4.992000000000000455e+02
5.312000000000000455e+02
5.280000000000000000e+02
5.280000000000000000e+02
5.280000000000000000e+02
5.280000000000000000e+02
5.312000000000000455e+02
5.280000000000000000e+02
5.376000000000000227e+02
5.408000000000000682e+02
5.472000000000000455e+02
5.472000000000000455e+02
5.472000000000000455e+02
5.568000000000000682e+02
5.600000000000000000e+02
5.600000000000000000e+02
5.632000000000000455e+02
5.728000000000000682e+02
5.728000000000000682e+02
5.696000000000000227e+02
5.600000000000000000e+02
5.663999999999999773e+02
5.343999999999999773e+02
5.632000000000000455e+02
5.632000000000000455e+02
5.568000000000000682e+02
5.568000000000000682e+02
5.536000000000000227e+02
5.536000000000000227e+02
5.568000000000000682e+02
5.312000000000000455e+02
5.280000000000000000e+02
5.216000000000000227e+02
5.312000000000000455e+02
5.312000000000000455e+02
5.280000000000000000e+02
5.248000000000000682e+02
4.960000000000000000e+02
4.992000000000000455e+02
4.992000000000000455e+02
4.992000000000000455e+02
4.960000000000000000e+02
4.960000000000000000e+02
4.992000000000000455e+02
5.024000000000000341e+02
5.024000000000000341e+02
5.024000000000000341e+02
5.056000000000000227e+02
5.088000000000000114e+02
5.056000000000000227e+02
5.983999999999999773e+02
5.952000000000000455e+02
5.920000000000000000e+02
5.856000000000000227e+02
5.888000000000000682e+02
5.888000000000000682e+02
5.888000000000000682e+02
5.888000000000000682e+02
5.888000000000000682e+02
5.920000000000000000e+02
5.888000000000000682e+02
5.920000000000000000e+02
5.856000000000000227e+02
5.952000000000000455e+02
5.888000000000000682e+02
5.152000000000000455e+02
5.120000000000000000e+02
5.120000000000000000e+02
5.056000000000000227e+02
5.056000000000000227e+02
5.024000000000000341e+02
4.992000000000000455e+02
5.024000000000000341e+02
4.992000000000000455e+02
5.024000000000000341e+02
4.992000000000000455e+02
4.960000000000000000e+02
4.992000000000000455e+02
5.056000000000000227e+02
5.248000000000000682e+02
5.280000000000000000e+02
5.248000000000000682e+02
5.248000000000000682e+02
5.248000000000000682e+02
5.312000000000000455e+02
5.408000000000000682e+02
5.440000000000000000e+02
5.472000000000000455e+02
5.536000000000000227e+02
5.568000000000000682e+02
5.568000000000000682e+02
5.632000000000000455e+02
5.568000000000000682e+02
5.568000000000000682e+02
5.600000000000000000e+02
5.503999999999999773e+02
5.503999999999999773e+02
5.408000000000000682e+02
5.376000000000000227e+02
5.312000000000000455e+02
5.440000000000000000e+02
5.440000000000000000e+02
5.376000000000000227e+02
5.280000000000000000e+02
5.248000000000000682e+02
5.343999999999999773e+02
5.343999999999999773e+02
5.312000000000000455e+02
5.408000000000000682e+02
5.376000000000000227e+02
5.343999999999999773e+02
4.992000000000000455e+02
4.992000000000000455e+02
4.992000000000000455e+02
4.992000000000000455e+02
4.992000000000000455e+02
5.056000000000000227e+02
5.088000000000000114e+02
5.088000000000000114e+02
5.120000000000000000e+02
5.088000000000000114e+02
5.152000000000000455e+02
5.888000000000000682e+02
5.920000000000000000e+02
5.952000000000000455e+02
5.823999999999999773e+02
5.888000000000000682e+02
5.888000000000000682e+02
5.888000000000000682e+02
5.888000000000000682e+02
5.920000000000000000e+02
5.888000000000000682e+02
5.888000000000000682e+02
5.920000000000000000e+02
5.856000000000000227e+02
5.823999999999999773e+02
5.920000000000000000e+02
5.088000000000000114e+02
5.120000000000000000e+02
5.120000000000000000e+02
5.152000000000000455e+02
5.152000000000000455e+02
5.024000000000000341e+02
5.056000000000000227e+02
4.768000000000000114e+02
5.120000000000000000e+02
5.088000000000000114e+02
4.992000000000000455e+02
4.928000000000000114e+02
4.992000000000000455e+02
5.408000000000000682e+02
5.503999999999999773e+02
5.376000000000000227e+02
5.248000000000000682e+02
5.248000000000000682e+02
5.248000000000000682e+02
5.663999999999999773e+02
5.600000000000000000e+02
5.280000000000000000e+02
5.312000000000000455e+02
5.248000000000000682e+02
5.663999999999999773e+02
5.663999999999999773e+02
5.503999999999999773e+02
5.663999999999999773e+02
5.632000000000000455e+02
5.632000000000000455e+02
5.600000000000000000e+02
5.663999999999999773e+02
5.663999999999999773e+02
5.760000000000000000e+02
5.856000000000000227e+02
5.920000000000000000e+02
6.208000000000000682e+02
6.208000000000000682e+02
5.440000000000000000e+02
5.408000000000000682e+02
5.632000000000000455e+02
5.216000000000000227e+02
5.216000000000000227e+02
5.280000000000000000e+02
5.376000000000000227e+02
5.343999999999999773e+02
5.343999999999999773e+02
5.376000000000000227e+02
4.960000000000000000e+02
4.992000000000000455e+02
5.056000000000000227e+02
5.056000000000000227e+02
5.056000000000000227e+02
5.120000000000000000e+02
5.152000000000000455e+02
5.280000000000000000e+02
5.408000000000000682e+02
5.600000000000000000e+02
5.568000000000000682e+02
5.600000000000000000e+02
5.600000000000000000e+02
5.920000000000000000e+02
5.888000000000000682e+02
5.920000000000000000e+02
5.920000000000000000e+02
5.856000000000000227e+02
5.856000000000000227e+02
5.952000000000000455e+02
5.920000000000000000e+02
5.952000000000000455e+02
5.888000000000000682e+02
5.888000000000000682e+02
5.888000000000000682e+02
5.856000000000000227e+02
5.728000000000000682e+02
5.632000000000000455e+02
5.536000000000000227e+02
5.568000000000000682e+02
5.536000000000000227e+02
5.503999999999999773e+02
5.440000000000000000e+02
5.440000000000000000e+02
5.503999999999999773e+02
5.088000000000000114e+02
5.056000000000000227e+02
5.056000000000000227e+02
5.440000000000000000e+02
5.408000000000000682e+02
5.440000000000000000e+02
5.536000000000000227e+02
5.248000000000000682e+02
5.216000000000000227e+02
5.248000000000000682e+02
5.376000000000000227e+02
5.376000000000000227e+02
5.376000000000000227e+02
5.343999999999999773e+02
6.176000000000000227e+02
6.144000000000000909e+02
6.080000000000000000e+02
6.112000000000000455e+02
5.696000000000000227e+02
5.696000000000000227e+02
5.696000000000000227e+02
5.440000000000000000e+02
5.632000000000000455e+02
6.080000000000000000e+02
6.112000000000000455e+02
6.112000000000000455e+02
6.144000000000000909e+02
6.112000000000000455e+02
5.312000000000000455e+02
5.280000000000000000e+02
5.280000000000000000e+02
5.312000000000000455e+02
5.472000000000000455e+02
5.472000000000000455e+02
5.472000000000000455e+02
5.472000000000000455e+02
5.536000000000000227e+02
5.472000000000000455e+02
5.472000000000000455e+02
6.592000000000000455e+02
6.624000000000000909e+02
5.600000000000000000e+02
5.536000000000000227e+02
5.440000000000000000e+02
5.440000000000000000e+02
5.600000000000000000e+02
5.663999999999999773e+02
5.663999999999999773e+02
5.632000000000000455e+02
5.728000000000000682e+02
5.856000000000000227e+02
6.048000000000000682e+02
5.823999999999999773e+02
5.856000000000000227e+02
5.920000000000000000e+02
5.823999999999999773e+02
5.792000000000000455e+02
5.952000000000000455e+02
5.983999999999999773e+02
5.983999999999999773e+02
5.920000000000000000e+02
5.920000000000000000e+02
5.600000000000000000e+02
5.632000000000000455e+02
5.728000000000000682e+02
5.696000000000000227e+02
5.760000000000000000e+02
5.696000000000000227e+02
5.760000000000000000e+02
5.823999999999999773e+02
6.592000000000000455e+02
6.592000000000000455e+02
6.624000000000000909e+02
6.592000000000000455e+02
6.560000000000000000e+02
6.528000000000000682e+02
5.472000000000000455e+02
5.472000000000000455e+02
5.503999999999999773e+02
5.503999999999999773e+02
5.600000000000000000e+02
5.632000000000000455e+02
5.663999999999999773e+02
5.663999999999999773e+02
5.632000000000000455e+02
5.663999999999999773e+02
5.663999999999999773e+02
5.536000000000000227e+02
5.663999999999999773e+02
5.632000000000000455e+02
5.568000000000000682e+02
5.600000000000000000e+02
5.696000000000000227e+02
5.312000000000000455e+02
5.696000000000000227e+02
5.632000000000000455e+02
5.632000000000000455e+02
5.568000000000000682e+02
5.600000000000000000e+02
5.663999999999999773e+02
5.600000000000000000e+02
5.568000000000000682e+02
5.568000000000000682e+02
6.592000000000000455e+02
6.624000000000000909e+02
6.624000000000000909e+02
6.592000000000000455e+02
6.624000000000000909e+02
6.624000000000000909e+02
6.624000000000000909e+02
5.952000000000000455e+02
5.888000000000000682e+02
5.888000000000000682e+02
5.760000000000000000e+02
5.663999999999999773e+02
5.312000000000000455e+02
5.312000000000000455e+02
5.920000000000000000e+02
5.792000000000000455e+02
5.792000000000000455e+02
5.856000000000000227e+02
5.472000000000000455e+02
6.144000000000000909e+02
6.176000000000000227e+02
6.240000000000000000e+02
6.240000000000000000e+02
6.240000000000000000e+02
5.792000000000000455e+02
5.792000000000000455e+02
5.856000000000000227e+02
5.376000000000000227e+02
6.624000000000000909e+02
6.656000000000000227e+02
6.624000000000000909e+02
6.656000000000000227e+02
6.560000000000000000e+02
6.528000000000000682e+02
6.528000000000000682e+02
5.536000000000000227e+02
5.632000000000000455e+02
5.728000000000000682e+02
5.696000000000000227e+02
5.600000000000000000e+02
5.472000000000000455e+02
5.376000000000000227e+02
5.536000000000000227e+02
5.568000000000000682e+02
5.632000000000000455e+02
5.632000000000000455e+02
5.663999999999999773e+02
5.663999999999999773e+02
5.600000000000000000e+02
5.568000000000000682e+02
5.600000000000000000e+02
5.663999999999999773e+02
5.632000000000000455e+02
5.632000000000000455e+02
6.528000000000000682e+02
6.560000000000000000e+02
6.624000000000000909e+02
6.656000000000000227e+02
6.624000000000000909e+02
6.656000000000000227e+02
6.688000000000000682e+02
6.656000000000000227e+02
6.624000000000000909e+02
6.688000000000000682e+02
6.624000000000000909e+02
6.624000000000000909e+02
6.624000000000000909e+02
6.688000000000000682e+02
5.600000000000000000e+02
6.336000000000000227e+02
5.823999999999999773e+02
5.760000000000000000e+02
5.792000000000000455e+02
5.632000000000000455e+02
5.663999999999999773e+02
5.632000000000000455e+02
5.663999999999999773e+02
6.624000000000000909e+02
5.632000000000000455e+02
6.688000000000000682e+02
6.656000000000000227e+02
6.624000000000000909e+02
6.624000000000000909e+02
6.656000000000000227e+02
6.624000000000000909e+02
6.592000000000000455e+02
6.624000000000000909e+02
6.720000000000000000e+02
5.600000000000000000e+02
5.696000000000000227e+02
6.720000000000000000e+02
6.720000000000000000e+02
5.600000000000000000e+02
5.728000000000000682e+02
5.408000000000000682e+02
6.720000000000000000e+02
5.568000000000000682e+02
5.568000000000000682e+02
6.624000000000000909e+02
6.560000000000000000e+02
6.592000000000000455e+02
6.624000000000000909e+02
6.624000000000000909e+02
6.592000000000000455e+02
6.656000000000000227e+02
6.624000000000000909e+02
5.568000000000000682e+02
6.368000000000000682e+02
6.368000000000000682e+02
6.464000000000000909e+02
5.856000000000000227e+02
5.760000000000000000e+02
5.823999999999999773e+02
6.368000000000000682e+02
6.368000000000000682e+02
6.400000000000000000e+02
6.336000000000000227e+02
5.568000000000000682e+02
5.632000000000000455e+02
5.600000000000000000e+02
5.632000000000000455e+02
5.600000000000000000e+02
5.632000000000000455e+02
5.663999999999999773e+02
6.688000000000000682e+02
6.624000000000000909e+02
6.592000000000000455e+02
6.624000000000000909e+02
6.688000000000000682e+02
6.656000000000000227e+02
6.656000000000000227e+02
5.600000000000000000e+02
5.663999999999999773e+02
5.536000000000000227e+02
5.632000000000000455e+02
5.632000000000000455e+02
5.663999999999999773e+02
5.632000000000000455e+02
5.503999999999999773e+02
5.503999999999999773e+02
5.503999999999999773e+02
6.368000000000000682e+02
6.336000000000000227e+02
6.336000000000000227e+02
6.336000000000000227e+02
5.823999999999999773e+02
5.823999999999999773e+02
5.823999999999999773e+02
5.856000000000000227e+02
6.304000000000000909e+02
6.368000000000000682e+02
6.336000000000000227e+02
5.728000000000000682e+02
5.632000000000000455e+02
5.600000000000000000e+02
5.728000000000000682e+02
5.728000000000000682e+02
5.632000000000000455e+02
5.632000000000000455e+02
5.856000000000000227e+02
5.823999999999999773e+02
5.503999999999999773e+02
5.536000000000000227e+02
5.600000000000000000e+02
5.696000000000000227e+02
5.696000000000000227e+02
5.696000000000000227e+02
5.728000000000000682e+02
5.856000000000000227e+02
5.856000000000000227e+02
5.856000000000000227e+02
5.663999999999999773e+02
5.696000000000000227e+02
5.600000000000000000e+02
5.600000000000000000e+02
5.536000000000000227e+02
5.600000000000000000e+02
5.600000000000000000e+02
5.600000000000000000e+02
6.336000000000000227e+02
6.272000000000000455e+02
6.240000000000000000e+02
6.336000000000000227e+02
6.304000000000000909e+02
6.368000000000000682e+02
6.368000000000000682e+02
6.368000000000000682e+02
5.792000000000000455e+02
5.728000000000000682e+02
5.856000000000000227e+02
5.760000000000000000e+02
5.663999999999999773e+02
5.632000000000000455e+02
5.632000000000000455e+02
5.600000000000000000e+02
5.888000000000000682e+02
5.792000000000000455e+02
5.632000000000000455e+02
5.632000000000000455e+02
5.632000000000000455e+02
5.632000000000000455e+02
5.632000000000000455e+02
5.663999999999999773e+02
5.696000000000000227e+02
5.632000000000000455e+02
6.144000000000000909e+02
6.400000000000000000e+02
6.368000000000000682e+02
6.368000000000000682e+02
6.432000000000000455e+02
