7.240000000000000000e+02
7.200000000000000000e+02
7.640000000000000000e+02
7.680000000000000000e+02
5.480000000000000000e+02
7.420000000000000000e+02
4.493333333333333144e+02
5.413333333333333712e+02
5.426666666666666288e+02
5.240000000000000000e+02
5.230000000000000000e+02
5.320000000000000000e+02
5.320000000000000000e+02
5.320000000000000000e+02
5.320000000000000000e+02
5.330000000000000000e+02
5.330000000000000000e+02
5.450000000000000000e+02
5.320000000000000000e+02
5.320000000000000000e+02
5.360000000000000000e+02
5.280000000000000000e+02
5.280000000000000000e+02
5.300000000000000000e+02
5.300000000000000000e+02
5.370000000000000000e+02
5.420000000000000000e+02
5.360000000000000000e+02
7.640000000000000000e+02
7.560000000000000000e+02
7.720000000000000000e+02
7.160000000000000000e+02
7.600000000000000000e+02
7.600000000000000000e+02
7.480000000000000000e+02
7.560000000000000000e+02
7.560000000000000000e+02
7.546666666666666288e+02
5.280000000000000000e+02
5.380000000000000000e+02
5.360000000000000000e+02
7.550000000000000000e+02
5.320000000000000000e+02
5.466666666666666288e+02
5.360000000000000000e+02
5.480000000000000000e+02
5.420000000000000000e+02
5.400000000000000000e+02
5.360000000000000000e+02
5.373333333333333712e+02
5.400000000000000000e+02
5.310000000000000000e+02
5.400000000000000000e+02
5.420000000000000000e+02
7.520000000000000000e+02
5.280000000000000000e+02
5.250000000000000000e+02
5.560000000000000000e+02
5.480000000000000000e+02
7.600000000000000000e+02
7.560000000000000000e+02
7.600000000000000000e+02
7.560000000000000000e+02
7.560000000000000000e+02
7.560000000000000000e+02
7.600000000000000000e+02
7.600000000000000000e+02
7.600000000000000000e+02
7.600000000000000000e+02
5.460000000000000000e+02
5.500000000000000000e+02
6.440000000000000000e+02
7.480000000000000000e+02
7.570000000000000000e+02
5.426666666666666288e+02
7.480000000000000000e+02
5.400000000000000000e+02
5.360000000000000000e+02
5.466666666666666288e+02
5.470000000000000000e+02
5.440000000000000000e+02
5.280000000000000000e+02
4.320000000000000000e+02
5.280000000000000000e+02
5.510000000000000000e+02
4.480000000000000000e+02
5.290000000000000000e+02
5.280000000000000000e+02
7.560000000000000000e+02
5.290000000000000000e+02
5.420000000000000000e+02
7.570000000000000000e+02
7.640000000000000000e+02
7.600000000000000000e+02
7.560000000000000000e+02
7.560000000000000000e+02
7.520000000000000000e+02
7.560000000000000000e+02
7.600000000000000000e+02
7.600000000000000000e+02
5.480000000000000000e+02
5.373333333333333712e+02
4.800000000000000000e+02
4.640000000000000000e+02
4.560000000000000000e+02
7.440000000000000000e+02
4.640000000000000000e+02
5.100000000000000000e+02
5.410000000000000000e+02
5.440000000000000000e+02
5.580000000000000000e+02
5.360000000000000000e+02
5.413333333333333712e+02
5.440000000000000000e+02
5.360000000000000000e+02
5.440000000000000000e+02
5.380000000000000000e+02
4.590000000000000000e+02
4.400000000000000000e+02
4.840000000000000000e+02
4.280000000000000000e+02
4.853333333333333144e+02
5.560000000000000000e+02
5.480000000000000000e+02
7.560000000000000000e+02
7.640000000000000000e+02
7.600000000000000000e+02
7.560000000000000000e+02
7.440000000000000000e+02
5.480000000000000000e+02
7.560000000000000000e+02
5.480000000000000000e+02
4.370000000000000000e+02
4.360000000000000000e+02
4.360000000000000000e+02
4.370000000000000000e+02
4.440000000000000000e+02
4.480000000000000000e+02
4.680000000000000000e+02
4.640000000000000000e+02
7.360000000000000000e+02
5.386666666666666288e+02
5.280000000000000000e+02
5.400000000000000000e+02
5.400000000000000000e+02
5.460000000000000000e+02
5.360000000000000000e+02
5.320000000000000000e+02
4.600000000000000000e+02
4.560000000000000000e+02
4.480000000000000000e+02
4.400000000000000000e+02
4.430000000000000000e+02
4.440000000000000000e+02
4.400000000000000000e+02
4.400000000000000000e+02
4.160000000000000000e+02
4.280000000000000000e+02
4.400000000000000000e+02
4.320000000000000000e+02
4.320000000000000000e+02
4.320000000000000000e+02
4.240000000000000000e+02
4.120000000000000000e+02
4.360000000000000000e+02
4.440000000000000000e+02
4.440000000000000000e+02
4.500000000000000000e+02
4.280000000000000000e+02
4.360000000000000000e+02
4.560000000000000000e+02
4.640000000000000000e+02
4.640000000000000000e+02
4.626666666666666856e+02
6.026666666666666288e+02
5.453333333333333712e+02
5.453333333333333712e+02
4.640000000000000000e+02
5.260000000000000000e+02
4.680000000000000000e+02
4.560000000000000000e+02
4.480000000000000000e+02
4.346666666666666856e+02
4.360000000000000000e+02
4.320000000000000000e+02
4.320000000000000000e+02
4.360000000000000000e+02
4.360000000000000000e+02
4.240000000000000000e+02
4.240000000000000000e+02
4.320000000000000000e+02
4.360000000000000000e+02
4.240000000000000000e+02
4.310000000000000000e+02
4.320000000000000000e+02
4.120000000000000000e+02
4.430000000000000000e+02
4.360000000000000000e+02
4.320000000000000000e+02
4.280000000000000000e+02
4.280000000000000000e+02
4.320000000000000000e+02
4.640000000000000000e+02
4.720000000000000000e+02
4.850000000000000000e+02
5.190000000000000000e+02
5.426666666666666288e+02
5.360000000000000000e+02
5.350000000000000000e+02
5.400000000000000000e+02
7.533333333333333712e+02
5.346666666666666288e+02
4.560000000000000000e+02
4.520000000000000000e+02
4.560000000000000000e+02
4.280000000000000000e+02
4.200000000000000000e+02
4.230000000000000000e+02
4.280000000000000000e+02
4.320000000000000000e+02
4.370000000000000000e+02
4.360000000000000000e+02
7.133333333333333712e+02
5.570000000000000000e+02
5.560000000000000000e+02
7.760000000000000000e+02
7.620000000000000000e+02
4.320000000000000000e+02
4.280000000000000000e+02
4.240000000000000000e+02
4.600000000000000000e+02
4.320000000000000000e+02
4.480000000000000000e+02
4.440000000000000000e+02
4.480000000000000000e+02
4.530000000000000000e+02
7.400000000000000000e+02
7.520000000000000000e+02
5.333333333333333712e+02
5.400000000000000000e+02
5.320000000000000000e+02
5.560000000000000000e+02
5.480000000000000000e+02
5.480000000000000000e+02
5.560000000000000000e+02
7.373333333333333712e+02
4.760000000000000000e+02
4.690000000000000000e+02
4.390000000000000000e+02
4.520000000000000000e+02
4.580000000000000000e+02
5.420000000000000000e+02
5.280000000000000000e+02
7.200000000000000000e+02
7.160000000000000000e+02
7.320000000000000000e+02
