7.186666666666666288e+02
7.200000000000000000e+02
7.640000000000000000e+02
7.680000000000000000e+02
5.546666666666666288e+02
7.420000000000000000e+02
5.240000000000000000e+02
5.320000000000000000e+02
5.400000000000000000e+02
5.240000000000000000e+02
5.240000000000000000e+02
5.340000000000000000e+02
5.320000000000000000e+02
5.320000000000000000e+02
5.320000000000000000e+02
5.330000000000000000e+02
5.400000000000000000e+02
5.360000000000000000e+02
5.320000000000000000e+02
5.400000000000000000e+02
5.360000000000000000e+02
5.320000000000000000e+02
5.280000000000000000e+02
5.266666666666666288e+02
5.360000000000000000e+02
5.360000000000000000e+02
5.360000000000000000e+02
5.440000000000000000e+02
7.640000000000000000e+02
7.520000000000000000e+02
7.760000000000000000e+02
7.120000000000000000e+02
7.600000000000000000e+02
7.600000000000000000e+02
7.600000000000000000e+02
7.560000000000000000e+02
7.600000000000000000e+02
5.386666666666666288e+02
7.530000000000000000e+02
5.370000000000000000e+02
5.360000000000000000e+02
5.280000000000000000e+02
7.466666666666666288e+02
5.460000000000000000e+02
5.380000000000000000e+02
5.480000000000000000e+02
5.320000000000000000e+02
6.373333333333333712e+02
5.306666666666666288e+02
5.520000000000000000e+02
6.520000000000000000e+02
5.280000000000000000e+02
5.266666666666666288e+02
5.420000000000000000e+02
4.346666666666666856e+02
5.280000000000000000e+02
7.066666666666666288e+02
7.320000000000000000e+02
5.560000000000000000e+02
7.600000000000000000e+02
7.600000000000000000e+02
7.600000000000000000e+02
7.560000000000000000e+02
7.560000000000000000e+02
7.560000000000000000e+02
7.560000000000000000e+02
7.560000000000000000e+02
7.600000000000000000e+02
7.600000000000000000e+02
7.560000000000000000e+02
7.493333333333333712e+02
7.030000000000000000e+02
7.226666666666666288e+02
7.520000000000000000e+02
5.426666666666666288e+02
5.360000000000000000e+02
5.400000000000000000e+02
5.330000000000000000e+02
5.426666666666666288e+02
5.520000000000000000e+02
5.440000000000000000e+02
5.280000000000000000e+02
4.320000000000000000e+02
5.200000000000000000e+02
5.360000000000000000e+02
6.900000000000000000e+02
5.660000000000000000e+02
5.280000000000000000e+02
7.560000000000000000e+02
5.290000000000000000e+02
5.480000000000000000e+02
7.560000000000000000e+02
7.600000000000000000e+02
7.600000000000000000e+02
7.560000000000000000e+02
7.560000000000000000e+02
7.560000000000000000e+02
7.560000000000000000e+02
7.560000000000000000e+02
7.600000000000000000e+02
7.560000000000000000e+02
4.280000000000000000e+02
4.650000000000000000e+02
4.640000000000000000e+02
7.410000000000000000e+02
7.413333333333333712e+02
4.640000000000000000e+02
4.730000000000000000e+02
5.360000000000000000e+02
5.440000000000000000e+02
5.700000000000000000e+02
5.320000000000000000e+02
5.440000000000000000e+02
5.520000000000000000e+02
5.360000000000000000e+02
5.373333333333333712e+02
5.400000000000000000e+02
4.670000000000000000e+02
4.480000000000000000e+02
4.386666666666666856e+02
4.280000000000000000e+02
4.870000000000000000e+02
5.440000000000000000e+02
5.480000000000000000e+02
7.613333333333333712e+02
7.640000000000000000e+02
7.600000000000000000e+02
7.560000000000000000e+02
7.466666666666666288e+02
5.480000000000000000e+02
7.640000000000000000e+02
4.210000000000000000e+02
4.400000000000000000e+02
4.360000000000000000e+02
4.420000000000000000e+02
4.370000000000000000e+02
4.440000000000000000e+02
4.480000000000000000e+02
4.680000000000000000e+02
4.600000000000000000e+02
4.600000000000000000e+02
5.280000000000000000e+02
5.320000000000000000e+02
5.400000000000000000e+02
5.440000000000000000e+02
5.493333333333333712e+02
5.360000000000000000e+02
5.210000000000000000e+02
4.560000000000000000e+02
4.560000000000000000e+02
4.480000000000000000e+02
4.320000000000000000e+02
4.440000000000000000e+02
4.440000000000000000e+02
4.400000000000000000e+02
4.386666666666666856e+02
4.160000000000000000e+02
4.320000000000000000e+02
4.320000000000000000e+02
4.360000000000000000e+02
4.320000000000000000e+02
4.320000000000000000e+02
4.320000000000000000e+02
4.160000000000000000e+02
4.360000000000000000e+02
4.400000000000000000e+02
4.440000000000000000e+02
4.680000000000000000e+02
4.240000000000000000e+02
4.360000000000000000e+02
4.560000000000000000e+02
4.560000000000000000e+02
4.640000000000000000e+02
5.360000000000000000e+02
6.026666666666666288e+02
7.480000000000000000e+02
5.320000000000000000e+02
4.640000000000000000e+02
5.260000000000000000e+02
4.560000000000000000e+02
4.640000000000000000e+02
4.480000000000000000e+02
4.400000000000000000e+02
4.330000000000000000e+02
4.320000000000000000e+02
4.320000000000000000e+02
4.360000000000000000e+02
4.360000000000000000e+02
4.120000000000000000e+02
4.240000000000000000e+02
4.320000000000000000e+02
4.280000000000000000e+02
4.240000000000000000e+02
4.280000000000000000e+02
4.200000000000000000e+02
4.120000000000000000e+02
4.480000000000000000e+02
4.360000000000000000e+02
4.320000000000000000e+02
4.280000000000000000e+02
4.280000000000000000e+02
4.280000000000000000e+02
4.746666666666666856e+02
4.700000000000000000e+02
4.760000000000000000e+02
4.506666666666666856e+02
5.453333333333333712e+02
5.390000000000000000e+02
5.266666666666666288e+02
5.440000000000000000e+02
5.390000000000000000e+02
5.400000000000000000e+02
4.560000000000000000e+02
4.520000000000000000e+02
4.560000000000000000e+02
4.240000000000000000e+02
4.240000000000000000e+02
4.230000000000000000e+02
4.280000000000000000e+02
4.280000000000000000e+02
4.400000000000000000e+02
7.066666666666666288e+02
7.133333333333333712e+02
4.390000000000000000e+02
5.520000000000000000e+02
4.360000000000000000e+02
7.830000000000000000e+02
4.280000000000000000e+02
4.240000000000000000e+02
4.280000000000000000e+02
4.600000000000000000e+02
4.440000000000000000e+02
4.440000000000000000e+02
4.360000000000000000e+02
4.560000000000000000e+02
4.510000000000000000e+02
7.533333333333333712e+02
7.480000000000000000e+02
7.560000000000000000e+02
5.540000000000000000e+02
7.520000000000000000e+02
5.560000000000000000e+02
5.830000000000000000e+02
5.500000000000000000e+02
5.560000000000000000e+02
7.466666666666666288e+02
4.760000000000000000e+02
4.680000000000000000e+02
4.400000000000000000e+02
3.960000000000000000e+02
4.110000000000000000e+02
4.960000000000000000e+02
7.320000000000000000e+02
7.200000000000000000e+02
7.080000000000000000e+02
7.240000000000000000e+02
