7.200000000000000000e+02
7.240000000000000000e+02
7.640000000000000000e+02
7.640000000000000000e+02
5.480000000000000000e+02
7.420000000000000000e+02
5.640000000000000000e+02
5.413333333333333712e+02
5.320000000000000000e+02
5.280000000000000000e+02
5.270000000000000000e+02
5.320000000000000000e+02
5.320000000000000000e+02
5.320000000000000000e+02
5.320000000000000000e+02
5.360000000000000000e+02
5.400000000000000000e+02
5.320000000000000000e+02
5.320000000000000000e+02
5.400000000000000000e+02
5.360000000000000000e+02
5.280000000000000000e+02
5.280000000000000000e+02
5.300000000000000000e+02
5.590000000000000000e+02
5.300000000000000000e+02
5.440000000000000000e+02
5.360000000000000000e+02
7.600000000000000000e+02
7.560000000000000000e+02
7.760000000000000000e+02
7.120000000000000000e+02
7.600000000000000000e+02
7.600000000000000000e+02
7.560000000000000000e+02
7.560000000000000000e+02
7.600000000000000000e+02
5.386666666666666288e+02
5.510000000000000000e+02
5.370000000000000000e+02
5.290000000000000000e+02
5.320000000000000000e+02
5.290000000000000000e+02
5.360000000000000000e+02
5.360000000000000000e+02
5.370000000000000000e+02
5.320000000000000000e+02
6.373333333333333712e+02
5.306666666666666288e+02
5.413333333333333712e+02
5.400000000000000000e+02
5.280000000000000000e+02
5.386666666666666288e+02
5.920000000000000000e+02
5.300000000000000000e+02
5.210000000000000000e+02
5.250000000000000000e+02
5.560000000000000000e+02
5.560000000000000000e+02
7.600000000000000000e+02
7.600000000000000000e+02
7.600000000000000000e+02
7.560000000000000000e+02
7.560000000000000000e+02
7.560000000000000000e+02
7.560000000000000000e+02
7.600000000000000000e+02
7.600000000000000000e+02
7.600000000000000000e+02
5.460000000000000000e+02
5.940000000000000000e+02
6.000000000000000000e+02
7.480000000000000000e+02
7.570000000000000000e+02
7.500000000000000000e+02
7.470000000000000000e+02
5.380000000000000000e+02
5.330000000000000000e+02
5.346666666666666288e+02
5.520000000000000000e+02
5.400000000000000000e+02
5.280000000000000000e+02
5.250000000000000000e+02
5.380000000000000000e+02
5.300000000000000000e+02
7.413333333333333712e+02
5.280000000000000000e+02
5.280000000000000000e+02
7.560000000000000000e+02
6.950000000000000000e+02
5.420000000000000000e+02
7.560000000000000000e+02
7.640000000000000000e+02
7.600000000000000000e+02
7.560000000000000000e+02
7.560000000000000000e+02
7.560000000000000000e+02
7.560000000000000000e+02
7.600000000000000000e+02
7.600000000000000000e+02
7.600000000000000000e+02
5.373333333333333712e+02
4.800000000000000000e+02
4.640000000000000000e+02
4.560000000000000000e+02
4.750000000000000000e+02
4.480000000000000000e+02
7.850000000000000000e+02
5.410000000000000000e+02
5.320000000000000000e+02
5.700000000000000000e+02
5.390000000000000000e+02
5.440000000000000000e+02
5.480000000000000000e+02
5.320000000000000000e+02
5.390000000000000000e+02
5.380000000000000000e+02
4.670000000000000000e+02
4.440000000000000000e+02
4.840000000000000000e+02
4.280000000000000000e+02
4.870000000000000000e+02
5.560000000000000000e+02
5.440000000000000000e+02
7.600000000000000000e+02
7.640000000000000000e+02
7.560000000000000000e+02
7.520000000000000000e+02
7.420000000000000000e+02
7.490000000000000000e+02
7.630000000000000000e+02
5.520000000000000000e+02
4.400000000000000000e+02
4.400000000000000000e+02
4.400000000000000000e+02
4.370000000000000000e+02
4.440000000000000000e+02
4.480000000000000000e+02
4.680000000000000000e+02
4.640000000000000000e+02
4.600000000000000000e+02
5.386666666666666288e+02
5.320000000000000000e+02
5.360000000000000000e+02
5.400000000000000000e+02
5.440000000000000000e+02
5.573333333333333712e+02
4.640000000000000000e+02
4.600000000000000000e+02
4.440000000000000000e+02
4.440000000000000000e+02
4.320000000000000000e+02
4.480000000000000000e+02
4.440000000000000000e+02
4.440000000000000000e+02
4.480000000000000000e+02
4.080000000000000000e+02
4.280000000000000000e+02
4.320000000000000000e+02
4.360000000000000000e+02
4.320000000000000000e+02
4.320000000000000000e+02
4.240000000000000000e+02
4.120000000000000000e+02
4.360000000000000000e+02
4.400000000000000000e+02
4.400000000000000000e+02
4.120000000000000000e+02
4.200000000000000000e+02
4.360000000000000000e+02
4.520000000000000000e+02
4.490000000000000000e+02
4.640000000000000000e+02
5.360000000000000000e+02
5.333333333333333712e+02
7.480000000000000000e+02
5.453333333333333712e+02
7.460000000000000000e+02
5.426666666666666288e+02
4.560000000000000000e+02
4.560000000000000000e+02
4.520000000000000000e+02
4.253333333333333144e+02
4.360000000000000000e+02
4.320000000000000000e+02
4.320000000000000000e+02
4.400000000000000000e+02
4.360000000000000000e+02
4.160000000000000000e+02
4.240000000000000000e+02
4.280000000000000000e+02
4.280000000000000000e+02
4.240000000000000000e+02
4.240000000000000000e+02
4.200000000000000000e+02
4.120000000000000000e+02
4.440000000000000000e+02
4.360000000000000000e+02
4.320000000000000000e+02
4.280000000000000000e+02
4.280000000000000000e+02
4.300000000000000000e+02
4.680000000000000000e+02
4.760000000000000000e+02
4.850000000000000000e+02
5.190000000000000000e+02
5.453333333333333712e+02
5.360000000000000000e+02
5.333333333333333712e+02
5.400000000000000000e+02
5.346666666666666288e+02
5.320000000000000000e+02
4.670000000000000000e+02
4.520000000000000000e+02
4.560000000000000000e+02
4.280000000000000000e+02
4.160000000000000000e+02
4.400000000000000000e+02
4.280000000000000000e+02
4.360000000000000000e+02
4.370000000000000000e+02
4.360000000000000000e+02
5.440000000000000000e+02
5.466666666666666288e+02
7.213333333333333712e+02
7.760000000000000000e+02
4.280000000000000000e+02
4.280000000000000000e+02
4.280000000000000000e+02
4.333333333333333144e+02
4.440000000000000000e+02
4.320000000000000000e+02
4.440000000000000000e+02
4.440000000000000000e+02
4.530000000000000000e+02
7.570000000000000000e+02
7.533333333333333712e+02
7.240000000000000000e+02
5.280000000000000000e+02
7.500000000000000000e+02
7.533333333333333712e+02
7.570000000000000000e+02
7.506666666666666288e+02
5.480000000000000000e+02
7.480000000000000000e+02
7.453333333333333712e+02
4.800000000000000000e+02
4.690000000000000000e+02
4.440000000000000000e+02
4.440000000000000000e+02
4.110000000000000000e+02
5.420000000000000000e+02
7.240000000000000000e+02
7.200000000000000000e+02
7.120000000000000000e+02
7.320000000000000000e+02
