7.240000000000000000e+02
7.240000000000000000e+02
7.640000000000000000e+02
7.680000000000000000e+02
7.666666666666666288e+02
7.350000000000000000e+02
5.333333333333333712e+02
5.320000000000000000e+02
5.270000000000000000e+02
5.240000000000000000e+02
5.230000000000000000e+02
5.320000000000000000e+02
5.360000000000000000e+02
5.280000000000000000e+02
5.320000000000000000e+02
5.360000000000000000e+02
5.360000000000000000e+02
5.320000000000000000e+02
5.320000000000000000e+02
5.400000000000000000e+02
5.320000000000000000e+02
5.280000000000000000e+02
5.280000000000000000e+02
5.266666666666666288e+02
5.360000000000000000e+02
5.320000000000000000e+02
5.400000000000000000e+02
5.373333333333333712e+02
7.630000000000000000e+02
7.520000000000000000e+02
7.700000000000000000e+02
7.160000000000000000e+02
7.600000000000000000e+02
7.600000000000000000e+02
7.520000000000000000e+02
7.520000000000000000e+02
7.560000000000000000e+02
5.333333333333333712e+02
5.290000000000000000e+02
5.306666666666666288e+02
5.360000000000000000e+02
5.280000000000000000e+02
7.466666666666666288e+02
5.466666666666666288e+02
5.320000000000000000e+02
5.370000000000000000e+02
5.420000000000000000e+02
5.400000000000000000e+02
5.306666666666666288e+02
5.373333333333333712e+02
5.546666666666666288e+02
5.170000000000000000e+02
5.386666666666666288e+02
5.370000000000000000e+02
5.300000000000000000e+02
4.986666666666666856e+02
5.250000000000000000e+02
5.380000000000000000e+02
5.560000000000000000e+02
7.600000000000000000e+02
7.600000000000000000e+02
7.600000000000000000e+02
7.560000000000000000e+02
7.560000000000000000e+02
7.560000000000000000e+02
7.560000000000000000e+02
7.560000000000000000e+02
7.600000000000000000e+02
7.600000000000000000e+02
7.560000000000000000e+02
7.493333333333333712e+02
6.440000000000000000e+02
6.813333333333333712e+02
6.960000000000000000e+02
7.530000000000000000e+02
5.360000000000000000e+02
5.380000000000000000e+02
5.330000000000000000e+02
5.400000000000000000e+02
5.470000000000000000e+02
5.460000000000000000e+02
5.306666666666666288e+02
5.250000000000000000e+02
5.620000000000000000e+02
5.240000000000000000e+02
7.413333333333333712e+02
5.290000000000000000e+02
4.500000000000000000e+02
7.560000000000000000e+02
4.620000000000000000e+02
5.420000000000000000e+02
7.560000000000000000e+02
7.640000000000000000e+02
7.600000000000000000e+02
7.560000000000000000e+02
7.560000000000000000e+02
7.560000000000000000e+02
7.560000000000000000e+02
7.600000000000000000e+02
7.600000000000000000e+02
7.560000000000000000e+02
4.280000000000000000e+02
4.786666666666666856e+02
4.640000000000000000e+02
7.460000000000000000e+02
4.750000000000000000e+02
4.520000000000000000e+02
5.100000000000000000e+02
5.426666666666666288e+02
5.290000000000000000e+02
5.700000000000000000e+02
5.390000000000000000e+02
5.413333333333333712e+02
5.480000000000000000e+02
5.373333333333333712e+02
5.440000000000000000e+02
5.380000000000000000e+02
4.640000000000000000e+02
4.480000000000000000e+02
4.840000000000000000e+02
4.280000000000000000e+02
4.253333333333333144e+02
4.266666666666666856e+02
5.480000000000000000e+02
7.560000000000000000e+02
7.560000000000000000e+02
7.600000000000000000e+02
7.560000000000000000e+02
7.420000000000000000e+02
7.466666666666666288e+02
7.640000000000000000e+02
5.480000000000000000e+02
4.370000000000000000e+02
4.400000000000000000e+02
4.420000000000000000e+02
4.400000000000000000e+02
4.440000000000000000e+02
4.480000000000000000e+02
4.640000000000000000e+02
4.640000000000000000e+02
7.360000000000000000e+02
5.400000000000000000e+02
5.320000000000000000e+02
5.360000000000000000e+02
5.370000000000000000e+02
5.440000000000000000e+02
5.346666666666666288e+02
4.640000000000000000e+02
4.600000000000000000e+02
4.440000000000000000e+02
4.440000000000000000e+02
4.400000000000000000e+02
4.440000000000000000e+02
4.440000000000000000e+02
4.400000000000000000e+02
4.360000000000000000e+02
4.160000000000000000e+02
4.280000000000000000e+02
4.320000000000000000e+02
4.320000000000000000e+02
4.320000000000000000e+02
4.320000000000000000e+02
4.280000000000000000e+02
4.266666666666666856e+02
4.253333333333333144e+02
4.440000000000000000e+02
4.400000000000000000e+02
4.500000000000000000e+02
4.280000000000000000e+02
4.320000000000000000e+02
4.520000000000000000e+02
4.560000000000000000e+02
4.680000000000000000e+02
4.626666666666666856e+02
5.460000000000000000e+02
7.493333333333333712e+02
5.453333333333333712e+02
7.520000000000000000e+02
5.260000000000000000e+02
4.560000000000000000e+02
4.640000000000000000e+02
4.760000000000000000e+02
4.346666666666666856e+02
4.360000000000000000e+02
4.320000000000000000e+02
4.320000000000000000e+02
4.400000000000000000e+02
4.400000000000000000e+02
4.160000000000000000e+02
4.200000000000000000e+02
4.320000000000000000e+02
4.400000000000000000e+02
4.240000000000000000e+02
4.293333333333333144e+02
4.240000000000000000e+02
4.120000000000000000e+02
4.480000000000000000e+02
4.360000000000000000e+02
4.360000000000000000e+02
4.320000000000000000e+02
4.280000000000000000e+02
4.240000000000000000e+02
4.680000000000000000e+02
4.700000000000000000e+02
4.850000000000000000e+02
5.190000000000000000e+02
5.453333333333333712e+02
5.360000000000000000e+02
5.350000000000000000e+02
6.720000000000000000e+02
7.533333333333333712e+02
5.400000000000000000e+02
4.560000000000000000e+02
4.520000000000000000e+02
4.560000000000000000e+02
4.240000000000000000e+02
4.160000000000000000e+02
4.400000000000000000e+02
4.280000000000000000e+02
4.280000000000000000e+02
4.370000000000000000e+02
4.360000000000000000e+02
5.440000000000000000e+02
4.390000000000000000e+02
5.530000000000000000e+02
7.810000000000000000e+02
7.620000000000000000e+02
4.280000000000000000e+02
4.280000000000000000e+02
4.240000000000000000e+02
4.440000000000000000e+02
4.320000000000000000e+02
4.440000000000000000e+02
4.440000000000000000e+02
4.560000000000000000e+02
4.840000000000000000e+02
5.430000000000000000e+02
7.470000000000000000e+02
5.333333333333333712e+02
5.413333333333333712e+02
7.533333333333333712e+02
7.520000000000000000e+02
5.480000000000000000e+02
5.500000000000000000e+02
5.560000000000000000e+02
7.466666666666666288e+02
4.746666666666666856e+02
4.690000000000000000e+02
4.390000000000000000e+02
4.520000000000000000e+02
3.973333333333333144e+02
4.960000000000000000e+02
7.320000000000000000e+02
7.140000000000000000e+02
7.120000000000000000e+02
7.330000000000000000e+02
