7.186666666666666288e+02
7.200000000000000000e+02
7.640000000000000000e+02
7.680000000000000000e+02
5.480000000000000000e+02
5.400000000000000000e+02
5.240000000000000000e+02
5.346666666666666288e+02
5.400000000000000000e+02
5.280000000000000000e+02
5.293333333333333712e+02
5.320000000000000000e+02
5.400000000000000000e+02
5.320000000000000000e+02
5.360000000000000000e+02
5.360000000000000000e+02
5.360000000000000000e+02
5.360000000000000000e+02
5.320000000000000000e+02
5.360000000000000000e+02
5.266666666666666288e+02
5.253333333333333712e+02
5.320000000000000000e+02
5.200000000000000000e+02
5.590000000000000000e+02
5.360000000000000000e+02
5.400000000000000000e+02
5.360000000000000000e+02
7.640000000000000000e+02
7.520000000000000000e+02
7.720000000000000000e+02
7.120000000000000000e+02
7.106666666666666288e+02
7.600000000000000000e+02
7.600000000000000000e+02
7.560000000000000000e+02
7.560000000000000000e+02
5.386666666666666288e+02
5.310000000000000000e+02
5.380000000000000000e+02
5.360000000000000000e+02
7.550000000000000000e+02
6.000000000000000000e+02
5.466666666666666288e+02
5.360000000000000000e+02
5.370000000000000000e+02
5.480000000000000000e+02
6.866666666666666288e+02
5.306666666666666288e+02
5.373333333333333712e+02
5.386666666666666288e+02
5.170000000000000000e+02
5.400000000000000000e+02
5.346666666666666288e+02
7.520000000000000000e+02
4.986666666666666856e+02
5.250000000000000000e+02
5.380000000000000000e+02
5.560000000000000000e+02
7.600000000000000000e+02
7.600000000000000000e+02
7.600000000000000000e+02
7.560000000000000000e+02
7.560000000000000000e+02
7.560000000000000000e+02
7.600000000000000000e+02
7.560000000000000000e+02
7.600000000000000000e+02
7.560000000000000000e+02
5.460000000000000000e+02
5.470000000000000000e+02
5.750000000000000000e+02
7.480000000000000000e+02
7.480000000000000000e+02
5.440000000000000000e+02
5.360000000000000000e+02
5.320000000000000000e+02
5.330000000000000000e+02
5.400000000000000000e+02
5.400000000000000000e+02
5.460000000000000000e+02
5.280000000000000000e+02
5.840000000000000000e+02
5.280000000000000000e+02
5.240000000000000000e+02
4.480000000000000000e+02
5.280000000000000000e+02
5.280000000000000000e+02
7.560000000000000000e+02
5.360000000000000000e+02
5.440000000000000000e+02
7.570000000000000000e+02
7.640000000000000000e+02
7.570000000000000000e+02
7.560000000000000000e+02
7.560000000000000000e+02
7.560000000000000000e+02
7.560000000000000000e+02
7.560000000000000000e+02
7.600000000000000000e+02
5.480000000000000000e+02
4.280000000000000000e+02
4.920000000000000000e+02
4.680000000000000000e+02
5.250000000000000000e+02
4.750000000000000000e+02
4.640000000000000000e+02
5.160000000000000000e+02
5.360000000000000000e+02
5.440000000000000000e+02
5.700000000000000000e+02
5.320000000000000000e+02
5.430000000000000000e+02
5.450000000000000000e+02
5.373333333333333712e+02
5.440000000000000000e+02
5.380000000000000000e+02
4.590000000000000000e+02
4.400000000000000000e+02
4.800000000000000000e+02
4.400000000000000000e+02
4.280000000000000000e+02
5.480000000000000000e+02
5.480000000000000000e+02
7.560000000000000000e+02
7.640000000000000000e+02
7.600000000000000000e+02
7.520000000000000000e+02
7.520000000000000000e+02
7.466666666666666288e+02
7.533333333333333712e+02
4.280000000000000000e+02
4.400000000000000000e+02
4.400000000000000000e+02
4.400000000000000000e+02
4.370000000000000000e+02
4.440000000000000000e+02
4.480000000000000000e+02
4.680000000000000000e+02
4.620000000000000000e+02
7.360000000000000000e+02
5.400000000000000000e+02
5.320000000000000000e+02
5.400000000000000000e+02
5.360000000000000000e+02
5.440000000000000000e+02
5.580000000000000000e+02
5.210000000000000000e+02
4.600000000000000000e+02
4.440000000000000000e+02
4.480000000000000000e+02
4.360000000000000000e+02
4.480000000000000000e+02
4.440000000000000000e+02
4.440000000000000000e+02
4.400000000000000000e+02
4.160000000000000000e+02
4.280000000000000000e+02
4.320000000000000000e+02
4.360000000000000000e+02
4.320000000000000000e+02
4.320000000000000000e+02
4.320000000000000000e+02
4.160000000000000000e+02
4.360000000000000000e+02
4.440000000000000000e+02
4.400000000000000000e+02
4.680000000000000000e+02
4.280000000000000000e+02
4.360000000000000000e+02
4.540000000000000000e+02
4.490000000000000000e+02
4.640000000000000000e+02
4.626666666666666856e+02
5.360000000000000000e+02
5.450000000000000000e+02
5.453333333333333712e+02
7.460000000000000000e+02
5.440000000000000000e+02
4.640000000000000000e+02
4.560000000000000000e+02
4.480000000000000000e+02
4.400000000000000000e+02
4.360000000000000000e+02
4.320000000000000000e+02
4.320000000000000000e+02
4.400000000000000000e+02
4.360000000000000000e+02
4.120000000000000000e+02
4.280000000000000000e+02
4.320000000000000000e+02
4.280000000000000000e+02
4.360000000000000000e+02
4.240000000000000000e+02
4.240000000000000000e+02
4.120000000000000000e+02
4.440000000000000000e+02
4.320000000000000000e+02
4.360000000000000000e+02
4.280000000000000000e+02
4.280000000000000000e+02
4.320000000000000000e+02
4.546666666666666856e+02
4.840000000000000000e+02
4.680000000000000000e+02
5.320000000000000000e+02
5.320000000000000000e+02
5.360000000000000000e+02
5.266666666666666288e+02
5.400000000000000000e+02
5.390000000000000000e+02
5.400000000000000000e+02
4.560000000000000000e+02
4.520000000000000000e+02
4.560000000000000000e+02
4.280000000000000000e+02
4.240000000000000000e+02
4.400000000000000000e+02
4.280000000000000000e+02
4.240000000000000000e+02
4.370000000000000000e+02
5.506666666666666288e+02
5.440000000000000000e+02
5.440000000000000000e+02
5.530000000000000000e+02
4.360000000000000000e+02
4.200000000000000000e+02
4.280000000000000000e+02
4.240000000000000000e+02
4.333333333333333144e+02
4.440000000000000000e+02
4.320000000000000000e+02
4.440000000000000000e+02
4.426666666666666856e+02
4.520000000000000000e+02
4.530000000000000000e+02
7.586666666666666288e+02
7.520000000000000000e+02
5.333333333333333712e+02
5.400000000000000000e+02
5.400000000000000000e+02
5.560000000000000000e+02
5.520000000000000000e+02
5.550000000000000000e+02
5.560000000000000000e+02
6.980000000000000000e+02
4.760000000000000000e+02
4.680000000000000000e+02
4.400000000000000000e+02
3.920000000000000000e+02
5.280000000000000000e+02
4.960000000000000000e+02
7.360000000000000000e+02
7.140000000000000000e+02
7.120000000000000000e+02
7.240000000000000000e+02
