7.240000000000000000e+02
7.200000000000000000e+02
7.640000000000000000e+02
7.680000000000000000e+02
5.630000000000000000e+02
5.400000000000000000e+02
5.640000000000000000e+02
5.320000000000000000e+02
5.426666666666666288e+02
5.280000000000000000e+02
5.293333333333333712e+02
5.320000000000000000e+02
5.320000000000000000e+02
5.320000000000000000e+02
5.360000000000000000e+02
5.360000000000000000e+02
5.360000000000000000e+02
5.450000000000000000e+02
5.320000000000000000e+02
5.360000000000000000e+02
5.360000000000000000e+02
5.320000000000000000e+02
5.240000000000000000e+02
5.300000000000000000e+02
5.320000000000000000e+02
5.300000000000000000e+02
5.420000000000000000e+02
5.440000000000000000e+02
7.640000000000000000e+02
7.520000000000000000e+02
7.760000000000000000e+02
7.120000000000000000e+02
7.600000000000000000e+02
7.600000000000000000e+02
7.600000000000000000e+02
7.520000000000000000e+02
7.560000000000000000e+02
7.546666666666666288e+02
7.530000000000000000e+02
5.240000000000000000e+02
5.360000000000000000e+02
7.520000000000000000e+02
6.000000000000000000e+02
5.240000000000000000e+02
5.320000000000000000e+02
5.480000000000000000e+02
5.420000000000000000e+02
5.400000000000000000e+02
5.173333333333333712e+02
5.373333333333333712e+02
6.520000000000000000e+02
5.170000000000000000e+02
5.386666666666666288e+02
5.360000000000000000e+02
4.346666666666666856e+02
5.210000000000000000e+02
5.250000000000000000e+02
5.380000000000000000e+02
5.466666666666666288e+02
7.600000000000000000e+02
7.560000000000000000e+02
7.600000000000000000e+02
7.560000000000000000e+02
7.560000000000000000e+02
7.560000000000000000e+02
7.560000000000000000e+02
7.600000000000000000e+02
7.600000000000000000e+02
7.600000000000000000e+02
5.460000000000000000e+02
7.493333333333333712e+02
5.620000000000000000e+02
7.226666666666666288e+02
7.480000000000000000e+02
7.500000000000000000e+02
7.470000000000000000e+02
5.320000000000000000e+02
5.360000000000000000e+02
5.400000000000000000e+02
5.480000000000000000e+02
5.400000000000000000e+02
5.280000000000000000e+02
5.250000000000000000e+02
5.620000000000000000e+02
5.360000000000000000e+02
6.900000000000000000e+02
5.240000000000000000e+02
4.500000000000000000e+02
7.560000000000000000e+02
4.620000000000000000e+02
5.190000000000000000e+02
7.560000000000000000e+02
7.640000000000000000e+02
7.600000000000000000e+02
7.560000000000000000e+02
7.560000000000000000e+02
7.560000000000000000e+02
7.560000000000000000e+02
7.600000000000000000e+02
7.600000000000000000e+02
7.600000000000000000e+02
4.280000000000000000e+02
4.800000000000000000e+02
4.680000000000000000e+02
7.410000000000000000e+02
7.400000000000000000e+02
4.533333333333333144e+02
5.100000000000000000e+02
5.410000000000000000e+02
5.320000000000000000e+02
5.520000000000000000e+02
5.360000000000000000e+02
5.440000000000000000e+02
5.520000000000000000e+02
5.373333333333333712e+02
5.440000000000000000e+02
5.310000000000000000e+02
4.640000000000000000e+02
4.440000000000000000e+02
4.386666666666666856e+02
4.280000000000000000e+02
4.853333333333333144e+02
5.480000000000000000e+02
5.460000000000000000e+02
7.560000000000000000e+02
7.640000000000000000e+02
7.600000000000000000e+02
7.520000000000000000e+02
7.440000000000000000e+02
5.480000000000000000e+02
7.630000000000000000e+02
5.480000000000000000e+02
4.400000000000000000e+02
4.400000000000000000e+02
4.400000000000000000e+02
4.400000000000000000e+02
4.440000000000000000e+02
4.480000000000000000e+02
4.680000000000000000e+02
4.620000000000000000e+02
7.360000000000000000e+02
5.280000000000000000e+02
5.320000000000000000e+02
5.360000000000000000e+02
5.440000000000000000e+02
5.440000000000000000e+02
5.346666666666666288e+02
5.320000000000000000e+02
4.600000000000000000e+02
4.440000000000000000e+02
4.440000000000000000e+02
4.360000000000000000e+02
4.440000000000000000e+02
4.440000000000000000e+02
4.440000000000000000e+02
4.400000000000000000e+02
4.100000000000000000e+02
4.320000000000000000e+02
4.320000000000000000e+02
4.360000000000000000e+02
4.320000000000000000e+02
4.320000000000000000e+02
4.240000000000000000e+02
4.120000000000000000e+02
4.253333333333333144e+02
4.400000000000000000e+02
4.400000000000000000e+02
4.500000000000000000e+02
4.280000000000000000e+02
4.360000000000000000e+02
4.560000000000000000e+02
4.640000000000000000e+02
4.600000000000000000e+02
5.360000000000000000e+02
5.360000000000000000e+02
7.493333333333333712e+02
5.453333333333333712e+02
4.580000000000000000e+02
5.260000000000000000e+02
4.640000000000000000e+02
4.560000000000000000e+02
4.480000000000000000e+02
4.400000000000000000e+02
4.330000000000000000e+02
4.320000000000000000e+02
4.320000000000000000e+02
4.360000000000000000e+02
4.360000000000000000e+02
4.240000000000000000e+02
4.240000000000000000e+02
4.320000000000000000e+02
4.400000000000000000e+02
4.280000000000000000e+02
4.280000000000000000e+02
4.200000000000000000e+02
4.160000000000000000e+02
4.440000000000000000e+02
4.320000000000000000e+02
4.360000000000000000e+02
4.320000000000000000e+02
4.280000000000000000e+02
4.320000000000000000e+02
4.640000000000000000e+02
4.720000000000000000e+02
4.680000000000000000e+02
5.480000000000000000e+02
5.320000000000000000e+02
5.320000000000000000e+02
5.333333333333333712e+02
5.400000000000000000e+02
7.533333333333333712e+02
5.250000000000000000e+02
4.560000000000000000e+02
4.520000000000000000e+02
4.560000000000000000e+02
4.280000000000000000e+02
4.240000000000000000e+02
4.230000000000000000e+02
4.320000000000000000e+02
4.360000000000000000e+02
4.440000000000000000e+02
7.070000000000000000e+02
7.200000000000000000e+02
4.390000000000000000e+02
7.380000000000000000e+02
4.360000000000000000e+02
7.830000000000000000e+02
4.280000000000000000e+02
4.280000000000000000e+02
4.240000000000000000e+02
4.100000000000000000e+02
4.400000000000000000e+02
4.440000000000000000e+02
4.360000000000000000e+02
4.426666666666666856e+02
4.530000000000000000e+02
5.430000000000000000e+02
7.470000000000000000e+02
5.280000000000000000e+02
5.540000000000000000e+02
5.320000000000000000e+02
7.573333333333333712e+02
5.520000000000000000e+02
5.546666666666666288e+02
7.280000000000000000e+02
6.980000000000000000e+02
4.760000000000000000e+02
4.690000000000000000e+02
4.440000000000000000e+02
4.440000000000000000e+02
4.110000000000000000e+02
4.960000000000000000e+02
5.280000000000000000e+02
7.200000000000000000e+02
7.120000000000000000e+02
7.330000000000000000e+02
