7.453333333333333712e+02
7.440000000000000000e+02
7.470000000000000000e+02
7.500000000000000000e+02
7.440000000000000000e+02
7.320000000000000000e+02
5.360000000000000000e+02
5.333333333333333712e+02
7.350000000000000000e+02
5.500000000000000000e+02
5.460000000000000000e+02
5.250000000000000000e+02
5.200000000000000000e+02
5.280000000000000000e+02
5.240000000000000000e+02
5.250000000000000000e+02
5.240000000000000000e+02
6.026666666666666288e+02
5.320000000000000000e+02
5.240000000000000000e+02
5.280000000000000000e+02
5.400000000000000000e+02
5.300000000000000000e+02
7.540000000000000000e+02
5.250000000000000000e+02
5.280000000000000000e+02
5.280000000000000000e+02
5.320000000000000000e+02
5.350000000000000000e+02
5.550000000000000000e+02
7.306666666666666288e+02
5.480000000000000000e+02
7.853333333333333712e+02
7.426666666666666288e+02
7.000000000000000000e+02
5.280000000000000000e+02
7.120000000000000000e+02
7.040000000000000000e+02
7.600000000000000000e+02
7.360000000000000000e+02
7.360000000000000000e+02
7.440000000000000000e+02
7.346666666666666288e+02
7.200000000000000000e+02
7.160000000000000000e+02
7.490000000000000000e+02
7.640000000000000000e+02
7.160000000000000000e+02
7.400000000000000000e+02
5.266666666666666288e+02
7.360000000000000000e+02
7.450000000000000000e+02
5.520000000000000000e+02
7.480000000000000000e+02
5.413333333333333712e+02
5.330000000000000000e+02
5.560000000000000000e+02
5.280000000000000000e+02
5.266666666666666288e+02
5.280000000000000000e+02
5.280000000000000000e+02
5.300000000000000000e+02
7.440000000000000000e+02
5.440000000000000000e+02
5.280000000000000000e+02
5.280000000000000000e+02
5.400000000000000000e+02
5.320000000000000000e+02
7.586666666666666288e+02
5.360000000000000000e+02
5.430000000000000000e+02
5.420000000000000000e+02
5.370000000000000000e+02
6.946666666666666288e+02
7.320000000000000000e+02
7.306666666666666288e+02
5.560000000000000000e+02
5.573333333333333712e+02
7.120000000000000000e+02
7.040000000000000000e+02
7.040000000000000000e+02
7.040000000000000000e+02
7.040000000000000000e+02
6.930000000000000000e+02
7.000000000000000000e+02
7.000000000000000000e+02
7.040000000000000000e+02
7.120000000000000000e+02
7.000000000000000000e+02
7.080000000000000000e+02
7.400000000000000000e+02
5.360000000000000000e+02
5.386666666666666288e+02
5.270000000000000000e+02
6.990000000000000000e+02
5.400000000000000000e+02
5.350000000000000000e+02
5.630000000000000000e+02
5.320000000000000000e+02
5.320000000000000000e+02
5.400000000000000000e+02
5.320000000000000000e+02
5.290000000000000000e+02
5.280000000000000000e+02
5.280000000000000000e+02
5.240000000000000000e+02
5.280000000000000000e+02
5.280000000000000000e+02
5.320000000000000000e+02
5.360000000000000000e+02
5.320000000000000000e+02
5.320000000000000000e+02
5.380000000000000000e+02
5.250000000000000000e+02
5.290000000000000000e+02
5.013333333333333144e+02
4.840000000000000000e+02
5.360000000000000000e+02
5.840000000000000000e+02
7.360000000000000000e+02
7.040000000000000000e+02
6.960000000000000000e+02
7.240000000000000000e+02
7.080000000000000000e+02
7.000000000000000000e+02
7.000000000000000000e+02
6.960000000000000000e+02
6.960000000000000000e+02
7.030000000000000000e+02
7.360000000000000000e+02
7.410000000000000000e+02
6.960000000000000000e+02
7.370000000000000000e+02
7.360000000000000000e+02
4.840000000000000000e+02
4.840000000000000000e+02
5.040000000000000000e+02
5.000000000000000000e+02
5.013333333333333144e+02
5.020000000000000000e+02
7.640000000000000000e+02
5.330000000000000000e+02
5.360000000000000000e+02
5.400000000000000000e+02
5.420000000000000000e+02
5.520000000000000000e+02
5.430000000000000000e+02
5.346666666666666288e+02
5.426666666666666288e+02
7.480000000000000000e+02
5.426666666666666288e+02
5.320000000000000000e+02
5.320000000000000000e+02
5.413333333333333712e+02
5.090000000000000000e+02
7.480000000000000000e+02
4.960000000000000000e+02
4.960000000000000000e+02
4.880000000000000000e+02
4.910000000000000000e+02
5.413333333333333712e+02
5.253333333333333712e+02
5.480000000000000000e+02
7.520000000000000000e+02
7.440000000000000000e+02
6.880000000000000000e+02
6.920000000000000000e+02
6.920000000000000000e+02
7.493333333333333712e+02
6.880000000000000000e+02
6.840000000000000000e+02
6.890000000000000000e+02
7.320000000000000000e+02
5.080000000000000000e+02
4.280000000000000000e+02
4.173333333333333144e+02
4.840000000000000000e+02
4.800000000000000000e+02
4.800000000000000000e+02
5.360000000000000000e+02
5.373333333333333712e+02
5.340000000000000000e+02
5.410000000000000000e+02
5.320000000000000000e+02
5.370000000000000000e+02
5.400000000000000000e+02
5.280000000000000000e+02
5.580000000000000000e+02
5.360000000000000000e+02
5.340000000000000000e+02
6.813333333333333712e+02
5.440000000000000000e+02
5.290000000000000000e+02
5.346666666666666288e+02
5.320000000000000000e+02
5.280000000000000000e+02
5.320000000000000000e+02
5.370000000000000000e+02
5.360000000000000000e+02
4.280000000000000000e+02
4.060000000000000000e+02
4.080000000000000000e+02
4.160000000000000000e+02
4.120000000000000000e+02
4.080000000000000000e+02
4.080000000000000000e+02
4.080000000000000000e+02
7.000000000000000000e+02
6.960000000000000000e+02
6.960000000000000000e+02
6.933333333333333712e+02
3.920000000000000000e+02
3.960000000000000000e+02
4.150000000000000000e+02
4.186666666666666856e+02
4.080000000000000000e+02
4.120000000000000000e+02
4.160000000000000000e+02
4.200000000000000000e+02
4.000000000000000000e+02
4.160000000000000000e+02
4.120000000000000000e+02
4.520000000000000000e+02
5.013333333333333144e+02
5.653333333333333712e+02
5.440000000000000000e+02
5.266666666666666288e+02
7.360000000000000000e+02
5.386666666666666288e+02
5.546666666666666288e+02
5.680000000000000000e+02
7.480000000000000000e+02
5.620000000000000000e+02
5.360000000000000000e+02
6.893333333333333712e+02
7.466666666666666288e+02
5.400000000000000000e+02
5.420000000000000000e+02
4.000000000000000000e+02
4.226666666666666856e+02
4.080000000000000000e+02
4.120000000000000000e+02
4.080000000000000000e+02
4.080000000000000000e+02
4.120000000000000000e+02
4.130000000000000000e+02
4.170000000000000000e+02
4.240000000000000000e+02
3.990000000000000000e+02
4.000000000000000000e+02
4.000000000000000000e+02
3.400000000000000000e+02
4.200000000000000000e+02
4.120000000000000000e+02
4.120000000000000000e+02
3.900000000000000000e+02
4.240000000000000000e+02
4.240000000000000000e+02
4.160000000000000000e+02
4.080000000000000000e+02
3.960000000000000000e+02
4.080000000000000000e+02
4.120000000000000000e+02
7.413333333333333712e+02
4.430000000000000000e+02
4.370000000000000000e+02
5.400000000000000000e+02
5.480000000000000000e+02
5.480000000000000000e+02
5.440000000000000000e+02
6.826666666666666288e+02
5.510000000000000000e+02
5.440000000000000000e+02
6.906666666666666288e+02
5.480000000000000000e+02
6.850000000000000000e+02
6.920000000000000000e+02
5.490000000000000000e+02
5.560000000000000000e+02
5.173333333333333712e+02
5.440000000000000000e+02
4.440000000000000000e+02
4.200000000000000000e+02
4.000000000000000000e+02
4.000000000000000000e+02
4.040000000000000000e+02
4.080000000000000000e+02
4.120000000000000000e+02
4.200000000000000000e+02
4.053333333333333144e+02
4.000000000000000000e+02
4.080000000000000000e+02
4.080000000000000000e+02
4.080000000000000000e+02
7.110000000000000000e+02
5.440000000000000000e+02
4.133333333333333144e+02
4.080000000000000000e+02
4.160000000000000000e+02
4.160000000000000000e+02
4.000000000000000000e+02
4.026666666666666856e+02
3.960000000000000000e+02
4.080000000000000000e+02
4.020000000000000000e+02
4.640000000000000000e+02
4.610000000000000000e+02
5.360000000000000000e+02
5.500000000000000000e+02
6.986666666666666288e+02
4.226666666666666856e+02
5.506666666666666288e+02
7.373333333333333712e+02
5.413333333333333712e+02
5.546666666666666288e+02
5.750000000000000000e+02
5.520000000000000000e+02
5.510000000000000000e+02
7.426666666666666288e+02
5.510000000000000000e+02
7.333333333333333712e+02
5.480000000000000000e+02
4.050000000000000000e+02
4.520000000000000000e+02
4.560000000000000000e+02
4.560000000000000000e+02
4.480000000000000000e+02
4.040000000000000000e+02
4.360000000000000000e+02
4.320000000000000000e+02
4.200000000000000000e+02
4.160000000000000000e+02
4.200000000000000000e+02
7.640000000000000000e+02
7.613333333333333712e+02
7.080000000000000000e+02
7.740000000000000000e+02
7.080000000000000000e+02
7.040000000000000000e+02
7.600000000000000000e+02
7.360000000000000000e+02
7.066666666666666288e+02
4.120000000000000000e+02
4.160000000000000000e+02
4.120000000000000000e+02
4.640000000000000000e+02
4.720000000000000000e+02
4.640000000000000000e+02
4.600000000000000000e+02
5.480000000000000000e+02
5.520000000000000000e+02
7.440000000000000000e+02
7.040000000000000000e+02
5.590000000000000000e+02
5.560000000000000000e+02
5.800000000000000000e+02
5.580000000000000000e+02
7.480000000000000000e+02
5.546666666666666288e+02
5.600000000000000000e+02
5.360000000000000000e+02
7.560000000000000000e+02
6.906666666666666288e+02
5.800000000000000000e+02
7.520000000000000000e+02
4.290000000000000000e+02
4.520000000000000000e+02
4.720000000000000000e+02
4.800000000000000000e+02
5.120000000000000000e+02
5.040000000000000000e+02
5.340000000000000000e+02
5.360000000000000000e+02
7.160000000000000000e+02
7.160000000000000000e+02
7.040000000000000000e+02
7.040000000000000000e+02
7.080000000000000000e+02
7.200000000000000000e+02
7.360000000000000000e+02
7.640000000000000000e+02
7.640000000000000000e+02
7.040000000000000000e+02
7.210000000000000000e+02
7.230000000000000000e+02
4.213333333333333144e+02
7.773333333333333712e+02
5.860000000000000000e+02
5.520000000000000000e+02
5.420000000000000000e+02
5.440000000000000000e+02
5.400000000000000000e+02
5.480000000000000000e+02
5.426666666666666288e+02
5.320000000000000000e+02
5.360000000000000000e+02
5.440000000000000000e+02
5.320000000000000000e+02
5.400000000000000000e+02
5.320000000000000000e+02
5.360000000000000000e+02
5.360000000000000000e+02
5.360000000000000000e+02
5.280000000000000000e+02
5.330000000000000000e+02
5.400000000000000000e+02
5.420000000000000000e+02
5.360000000000000000e+02
5.333333333333333712e+02
5.360000000000000000e+02
5.360000000000000000e+02
6.746666666666666288e+02
5.920000000000000000e+02
7.240000000000000000e+02
7.220000000000000000e+02
7.240000000000000000e+02
7.320000000000000000e+02
7.520000000000000000e+02
7.320000000000000000e+02
7.040000000000000000e+02
7.080000000000000000e+02
7.426666666666666288e+02
7.480000000000000000e+02
7.250000000000000000e+02
7.320000000000000000e+02
7.400000000000000000e+02
5.360000000000000000e+02
5.386666666666666288e+02
5.400000000000000000e+02
5.453333333333333712e+02
5.360000000000000000e+02
5.400000000000000000e+02
5.360000000000000000e+02
5.500000000000000000e+02
5.640000000000000000e+02
5.400000000000000000e+02
5.360000000000000000e+02
5.400000000000000000e+02
5.360000000000000000e+02
5.293333333333333712e+02
5.480000000000000000e+02
