7.480000000000000000e+02
7.440000000000000000e+02
7.470000000000000000e+02
7.500000000000000000e+02
7.480000000000000000e+02
7.200000000000000000e+02
5.300000000000000000e+02
7.130000000000000000e+02
5.440000000000000000e+02
5.070000000000000000e+02
5.453333333333333712e+02
5.220000000000000000e+02
5.240000000000000000e+02
5.280000000000000000e+02
5.200000000000000000e+02
5.280000000000000000e+02
5.240000000000000000e+02
5.320000000000000000e+02
5.320000000000000000e+02
5.280000000000000000e+02
5.320000000000000000e+02
5.400000000000000000e+02
5.300000000000000000e+02
5.270000000000000000e+02
5.240000000000000000e+02
5.280000000000000000e+02
5.840000000000000000e+02
5.320000000000000000e+02
6.880000000000000000e+02
5.160000000000000000e+02
7.306666666666666288e+02
5.480000000000000000e+02
5.730000000000000000e+02
5.360000000000000000e+02
7.000000000000000000e+02
5.240000000000000000e+02
7.120000000000000000e+02
7.040000000000000000e+02
7.640000000000000000e+02
7.360000000000000000e+02
7.360000000000000000e+02
7.440000000000000000e+02
7.240000000000000000e+02
7.160000000000000000e+02
7.160000000000000000e+02
7.600000000000000000e+02
7.640000000000000000e+02
7.160000000000000000e+02
7.360000000000000000e+02
7.420000000000000000e+02
7.360000000000000000e+02
7.520000000000000000e+02
6.173333333333333712e+02
5.280000000000000000e+02
5.400000000000000000e+02
5.520000000000000000e+02
5.373333333333333712e+02
5.360000000000000000e+02
5.340000000000000000e+02
5.320000000000000000e+02
5.266666666666666288e+02
5.320000000000000000e+02
5.453333333333333712e+02
5.310000000000000000e+02
7.450000000000000000e+02
5.320000000000000000e+02
5.440000000000000000e+02
5.320000000000000000e+02
7.586666666666666288e+02
5.440000000000000000e+02
5.386666666666666288e+02
5.420000000000000000e+02
5.370000000000000000e+02
5.400000000000000000e+02
7.330000000000000000e+02
7.306666666666666288e+02
5.520000000000000000e+02
5.573333333333333712e+02
7.120000000000000000e+02
7.080000000000000000e+02
7.080000000000000000e+02
7.040000000000000000e+02
7.040000000000000000e+02
7.000000000000000000e+02
7.000000000000000000e+02
7.040000000000000000e+02
7.040000000000000000e+02
7.120000000000000000e+02
7.000000000000000000e+02
7.040000000000000000e+02
7.240000000000000000e+02
5.360000000000000000e+02
5.440000000000000000e+02
6.040000000000000000e+02
5.320000000000000000e+02
5.466666666666666288e+02
5.430000000000000000e+02
5.320000000000000000e+02
5.320000000000000000e+02
5.280000000000000000e+02
5.400000000000000000e+02
5.320000000000000000e+02
5.290000000000000000e+02
5.320000000000000000e+02
5.240000000000000000e+02
5.240000000000000000e+02
5.280000000000000000e+02
5.240000000000000000e+02
5.320000000000000000e+02
5.360000000000000000e+02
5.320000000000000000e+02
5.290000000000000000e+02
5.400000000000000000e+02
5.280000000000000000e+02
5.253333333333333712e+02
4.850000000000000000e+02
4.950000000000000000e+02
5.266666666666666288e+02
5.830000000000000000e+02
7.360000000000000000e+02
7.040000000000000000e+02
6.920000000000000000e+02
7.240000000000000000e+02
7.080000000000000000e+02
7.000000000000000000e+02
7.000000000000000000e+02
6.960000000000000000e+02
6.960000000000000000e+02
7.000000000000000000e+02
7.360000000000000000e+02
7.520000000000000000e+02
6.960000000000000000e+02
7.370000000000000000e+02
7.400000000000000000e+02
5.090000000000000000e+02
4.960000000000000000e+02
5.040000000000000000e+02
5.000000000000000000e+02
5.040000000000000000e+02
5.030000000000000000e+02
5.240000000000000000e+02
5.320000000000000000e+02
5.373333333333333712e+02
5.320000000000000000e+02
5.400000000000000000e+02
5.373333333333333712e+02
5.430000000000000000e+02
6.080000000000000000e+02
5.510000000000000000e+02
7.480000000000000000e+02
5.580000000000000000e+02
5.360000000000000000e+02
5.360000000000000000e+02
5.160000000000000000e+02
5.160000000000000000e+02
5.170000000000000000e+02
4.960000000000000000e+02
4.920000000000000000e+02
4.880000000000000000e+02
4.910000000000000000e+02
5.490000000000000000e+02
4.120000000000000000e+02
5.480000000000000000e+02
7.520000000000000000e+02
7.400000000000000000e+02
7.480000000000000000e+02
6.920000000000000000e+02
6.940000000000000000e+02
7.493333333333333712e+02
6.880000000000000000e+02
6.840000000000000000e+02
6.890000000000000000e+02
7.320000000000000000e+02
4.260000000000000000e+02
4.280000000000000000e+02
4.173333333333333144e+02
4.760000000000000000e+02
4.800000000000000000e+02
4.800000000000000000e+02
5.360000000000000000e+02
5.460000000000000000e+02
4.710000000000000000e+02
5.320000000000000000e+02
5.360000000000000000e+02
5.300000000000000000e+02
5.460000000000000000e+02
5.480000000000000000e+02
5.320000000000000000e+02
5.360000000000000000e+02
5.360000000000000000e+02
5.480000000000000000e+02
7.480000000000000000e+02
5.440000000000000000e+02
5.333333333333333712e+02
5.320000000000000000e+02
5.330000000000000000e+02
5.320000000000000000e+02
4.730000000000000000e+02
4.250000000000000000e+02
4.280000000000000000e+02
4.080000000000000000e+02
4.040000000000000000e+02
4.120000000000000000e+02
4.120000000000000000e+02
4.120000000000000000e+02
4.160000000000000000e+02
4.040000000000000000e+02
7.000000000000000000e+02
6.920000000000000000e+02
6.960000000000000000e+02
3.970000000000000000e+02
3.920000000000000000e+02
3.960000000000000000e+02
3.960000000000000000e+02
4.186666666666666856e+02
4.040000000000000000e+02
4.080000000000000000e+02
4.200000000000000000e+02
4.200000000000000000e+02
4.010000000000000000e+02
4.180000000000000000e+02
4.480000000000000000e+02
4.400000000000000000e+02
4.920000000000000000e+02
5.240000000000000000e+02
5.346666666666666288e+02
5.460000000000000000e+02
5.440000000000000000e+02
5.400000000000000000e+02
6.860000000000000000e+02
5.700000000000000000e+02
7.480000000000000000e+02
5.440000000000000000e+02
5.400000000000000000e+02
5.426666666666666288e+02
5.346666666666666288e+02
7.490000000000000000e+02
5.420000000000000000e+02
4.000000000000000000e+02
4.200000000000000000e+02
4.060000000000000000e+02
4.120000000000000000e+02
4.080000000000000000e+02
4.080000000000000000e+02
4.040000000000000000e+02
4.120000000000000000e+02
4.160000000000000000e+02
3.840000000000000000e+02
3.960000000000000000e+02
4.000000000000000000e+02
4.110000000000000000e+02
4.160000000000000000e+02
4.200000000000000000e+02
4.160000000000000000e+02
4.160000000000000000e+02
4.120000000000000000e+02
4.240000000000000000e+02
4.240000000000000000e+02
4.160000000000000000e+02
4.120000000000000000e+02
4.000000000000000000e+02
4.000000000000000000e+02
4.080000000000000000e+02
4.120000000000000000e+02
4.360000000000000000e+02
4.360000000000000000e+02
5.480000000000000000e+02
5.440000000000000000e+02
5.440000000000000000e+02
5.440000000000000000e+02
5.480000000000000000e+02
5.440000000000000000e+02
5.740000000000000000e+02
6.906666666666666288e+02
5.520000000000000000e+02
5.426666666666666288e+02
5.540000000000000000e+02
5.490000000000000000e+02
5.600000000000000000e+02
5.360000000000000000e+02
5.400000000000000000e+02
4.386666666666666856e+02
4.200000000000000000e+02
3.960000000000000000e+02
4.000000000000000000e+02
4.010000000000000000e+02
4.040000000000000000e+02
4.120000000000000000e+02
4.240000000000000000e+02
4.280000000000000000e+02
3.960000000000000000e+02
4.040000000000000000e+02
4.080000000000000000e+02
5.460000000000000000e+02
5.546666666666666288e+02
7.140000000000000000e+02
7.040000000000000000e+02
4.080000000000000000e+02
4.160000000000000000e+02
4.160000000000000000e+02
4.080000000000000000e+02
3.960000000000000000e+02
4.000000000000000000e+02
4.080000000000000000e+02
4.640000000000000000e+02
4.640000000000000000e+02
4.560000000000000000e+02
5.460000000000000000e+02
5.440000000000000000e+02
7.620000000000000000e+02
5.520000000000000000e+02
5.480000000000000000e+02
5.613333333333333712e+02
6.893333333333333712e+02
5.490000000000000000e+02
5.466666666666666288e+02
6.160000000000000000e+02
5.560000000000000000e+02
5.420000000000000000e+02
5.510000000000000000e+02
5.480000000000000000e+02
5.440000000000000000e+02
5.520000000000000000e+02
4.520000000000000000e+02
4.560000000000000000e+02
4.600000000000000000e+02
4.000000000000000000e+02
4.040000000000000000e+02
4.360000000000000000e+02
4.120000000000000000e+02
4.200000000000000000e+02
4.200000000000000000e+02
7.840000000000000000e+02
7.586666666666666288e+02
7.040000000000000000e+02
7.080000000000000000e+02
7.720000000000000000e+02
7.080000000000000000e+02
7.000000000000000000e+02
7.600000000000000000e+02
7.413333333333333712e+02
7.040000000000000000e+02
4.120000000000000000e+02
4.160000000000000000e+02
4.080000000000000000e+02
4.600000000000000000e+02
4.620000000000000000e+02
4.640000000000000000e+02
4.600000000000000000e+02
5.613333333333333712e+02
5.520000000000000000e+02
5.466666666666666288e+02
7.380000000000000000e+02
5.440000000000000000e+02
5.480000000000000000e+02
5.540000000000000000e+02
5.580000000000000000e+02
5.720000000000000000e+02
7.453333333333333712e+02
7.386666666666666288e+02
5.400000000000000000e+02
7.550000000000000000e+02
7.580000000000000000e+02
5.426666666666666288e+02
7.520000000000000000e+02
5.520000000000000000e+02
4.560000000000000000e+02
4.640000000000000000e+02
5.240000000000000000e+02
5.120000000000000000e+02
5.040000000000000000e+02
5.410000000000000000e+02
5.360000000000000000e+02
5.413333333333333712e+02
7.160000000000000000e+02
7.080000000000000000e+02
7.040000000000000000e+02
7.040000000000000000e+02
7.160000000000000000e+02
7.440000000000000000e+02
7.520000000000000000e+02
7.640000000000000000e+02
7.880000000000000000e+02
7.800000000000000000e+02
7.160000000000000000e+02
5.973333333333333712e+02
4.280000000000000000e+02
5.860000000000000000e+02
5.340000000000000000e+02
5.840000000000000000e+02
5.320000000000000000e+02
5.400000000000000000e+02
5.360000000000000000e+02
5.310000000000000000e+02
5.280000000000000000e+02
5.440000000000000000e+02
5.370000000000000000e+02
5.373333333333333712e+02
5.360000000000000000e+02
5.360000000000000000e+02
5.360000000000000000e+02
5.360000000000000000e+02
5.360000000000000000e+02
5.280000000000000000e+02
5.330000000000000000e+02
5.400000000000000000e+02
5.360000000000000000e+02
5.400000000000000000e+02
5.440000000000000000e+02
5.410000000000000000e+02
5.430000000000000000e+02
6.720000000000000000e+02
5.920000000000000000e+02
7.210000000000000000e+02
5.470000000000000000e+02
7.240000000000000000e+02
7.320000000000000000e+02
7.453333333333333712e+02
7.133333333333333712e+02
7.040000000000000000e+02
7.080000000000000000e+02
7.530000000000000000e+02
7.480000000000000000e+02
7.320000000000000000e+02
7.330000000000000000e+02
7.360000000000000000e+02
5.386666666666666288e+02
5.386666666666666288e+02
6.710000000000000000e+02
5.440000000000000000e+02
5.400000000000000000e+02
5.440000000000000000e+02
5.350000000000000000e+02
5.430000000000000000e+02
5.540000000000000000e+02
5.400000000000000000e+02
5.360000000000000000e+02
5.400000000000000000e+02
5.360000000000000000e+02
5.293333333333333712e+02
5.480000000000000000e+02
