1.806415775814131097e-01
1.649336143134641497e-01
1.806415775814131097e-01
1.963495408493620697e-01
1.963495408493620697e-01
1.806415775814131097e-01
1.649336143134641497e-01
1.492256510455151897e-01
1.335176877775662019e-01
1.178097245096172418e-01
1.649336143134641497e-01
1.806415775814131097e-01
1.963495408493620697e-01
1.963495408493620697e-01
1.649336143134641497e-01
1.492256510455151897e-01
1.335176877775662019e-01
1.963495408493620697e-01
1.963495408493620697e-01
1.806415775814131097e-01
1.649336143134641497e-01
1.492256510455151897e-01
1.492256510455151897e-01
1.335176877775662019e-01
1.335176877775662019e-01
1.492256510455151897e-01
-3.926990816987241395e-02
