3.488000000000000114e+02
3.456000000000000227e+02
3.552000000000000455e+02
3.456000000000000227e+02
3.456000000000000227e+02
3.456000000000000227e+02
3.456000000000000227e+02
3.456000000000000227e+02
3.456000000000000227e+02
3.456000000000000227e+02
3.456000000000000227e+02
3.456000000000000227e+02
3.552000000000000455e+02
3.584000000000000341e+02
3.328000000000000114e+02
3.328000000000000114e+02
3.360000000000000000e+02
3.392000000000000455e+02
3.392000000000000455e+02
3.360000000000000000e+02
3.360000000000000000e+02
3.392000000000000455e+02
3.200000000000000000e+02
3.200000000000000000e+02
3.008000000000000114e+02
3.072000000000000455e+02
3.008000000000000114e+02
