-1.806415775814131097e-01
-1.806415775814131097e-01
-1.649336143134641497e-01
-1.649336143134641497e-01
-1.492256510455151897e-01
-1.492256510455151897e-01
-1.492256510455151897e-01
-1.492256510455151897e-01
-1.492256510455151897e-01
-1.492256510455151897e-01
-1.335176877775662019e-01
-1.335176877775662019e-01
-1.335176877775662019e-01
-1.178097245096172418e-01
-1.178097245096172418e-01
-1.178097245096172418e-01
-1.178097245096172418e-01
-1.021017612416682818e-01
-8.639379797371932179e-02
-8.639379797371932179e-02
-8.639379797371932179e-02
-8.639379797371932179e-02
-2.356194490192344698e-02
-2.356194490192344698e-02
7.853981633974483484e-03
1.335176877775662019e-01
1.963495408493620697e-01
