5.190000000000000000e+02
4.960000000000000000e+02
5.260000000000000000e+02
5.210000000000000000e+02
4.573333333333333144e+02
5.210000000000000000e+02
3.880000000000000000e+02
6.920000000000000000e+02
3.306666666666666856e+02
5.640000000000000000e+02
3.450000000000000000e+02
3.450000000000000000e+02
3.370000000000000000e+02
4.380000000000000000e+02
4.410000000000000000e+02
4.360000000000000000e+02
3.620000000000000000e+02
4.460000000000000000e+02
4.373333333333333144e+02
3.940000000000000000e+02
3.600000000000000000e+02
3.560000000000000000e+02
3.380000000000000000e+02
3.620000000000000000e+02
3.760000000000000000e+02
3.760000000000000000e+02
3.840000000000000000e+02
4.080000000000000000e+02
5.493333333333333712e+02
5.330000000000000000e+02
5.333333333333333712e+02
5.370000000000000000e+02
5.280000000000000000e+02
4.960000000000000000e+02
5.310000000000000000e+02
5.500000000000000000e+02
5.370000000000000000e+02
4.450000000000000000e+02
3.920000000000000000e+02
3.693333333333333144e+02
5.173333333333333712e+02
6.760000000000000000e+02
3.410000000000000000e+02
3.750000000000000000e+02
4.493333333333333144e+02
4.290000000000000000e+02
3.790000000000000000e+02
3.770000000000000000e+02
3.660000000000000000e+02
3.680000000000000000e+02
3.480000000000000000e+02
3.500000000000000000e+02
3.520000000000000000e+02
3.440000000000000000e+02
3.550000000000000000e+02
3.670000000000000000e+02
3.670000000000000000e+02
5.500000000000000000e+02
3.850000000000000000e+02
3.990000000000000000e+02
5.450000000000000000e+02
5.090000000000000000e+02
5.460000000000000000e+02
4.500000000000000000e+02
4.980000000000000000e+02
5.600000000000000000e+02
5.600000000000000000e+02
5.600000000000000000e+02
4.733333333333333144e+02
3.626666666666666856e+02
3.586666666666666856e+02
3.490000000000000000e+02
3.680000000000000000e+02
3.590000000000000000e+02
3.560000000000000000e+02
3.510000000000000000e+02
3.480000000000000000e+02
3.470000000000000000e+02
3.880000000000000000e+02
3.866666666666666856e+02
3.720000000000000000e+02
3.640000000000000000e+02
3.620000000000000000e+02
3.480000000000000000e+02
3.530000000000000000e+02
3.550000000000000000e+02
3.530000000000000000e+02
3.520000000000000000e+02
3.440000000000000000e+02
3.480000000000000000e+02
3.670000000000000000e+02
3.640000000000000000e+02
3.780000000000000000e+02
3.980000000000000000e+02
4.030000000000000000e+02
5.120000000000000000e+02
5.050000000000000000e+02
5.000000000000000000e+02
3.910000000000000000e+02
3.706666666666666856e+02
3.680000000000000000e+02
3.650000000000000000e+02
3.520000000000000000e+02
3.480000000000000000e+02
3.920000000000000000e+02
3.800000000000000000e+02
3.600000000000000000e+02
3.640000000000000000e+02
3.640000000000000000e+02
3.560000000000000000e+02
3.650000000000000000e+02
3.666666666666666856e+02
3.613333333333333144e+02
3.640000000000000000e+02
3.520000000000000000e+02
3.510000000000000000e+02
3.560000000000000000e+02
3.880000000000000000e+02
3.840000000000000000e+02
3.840000000000000000e+02
3.930000000000000000e+02
3.360000000000000000e+02
3.680000000000000000e+02
3.680000000000000000e+02
3.800000000000000000e+02
3.820000000000000000e+02
5.173333333333333712e+02
5.180000000000000000e+02
4.330000000000000000e+02
5.070000000000000000e+02
3.820000000000000000e+02
4.253333333333333144e+02
3.680000000000000000e+02
3.740000000000000000e+02
3.960000000000000000e+02
3.810000000000000000e+02
3.826666666666666856e+02
3.880000000000000000e+02
3.760000000000000000e+02
3.653333333333333144e+02
3.640000000000000000e+02
3.640000000000000000e+02
3.640000000000000000e+02
4.706666666666666856e+02
4.400000000000000000e+02
4.626666666666666856e+02
4.020000000000000000e+02
3.820000000000000000e+02
3.760000000000000000e+02
4.173333333333333144e+02
3.960000000000000000e+02
3.880000000000000000e+02
3.840000000000000000e+02
3.880000000000000000e+02
4.650000000000000000e+02
3.870000000000000000e+02
4.293333333333333144e+02
4.000000000000000000e+02
4.800000000000000000e+02
5.130000000000000000e+02
5.160000000000000000e+02
5.680000000000000000e+02
5.490000000000000000e+02
4.060000000000000000e+02
4.000000000000000000e+02
3.893333333333333144e+02
4.110000000000000000e+02
3.880000000000000000e+02
3.900000000000000000e+02
3.830000000000000000e+02
4.000000000000000000e+02
3.880000000000000000e+02
4.093333333333333144e+02
3.866666666666666856e+02
4.120000000000000000e+02
4.620000000000000000e+02
4.440000000000000000e+02
4.560000000000000000e+02
4.590000000000000000e+02
4.120000000000000000e+02
3.880000000000000000e+02
3.893333333333333144e+02
5.000000000000000000e+02
4.040000000000000000e+02
4.150000000000000000e+02
5.180000000000000000e+02
5.820000000000000000e+02
5.746666666666666288e+02
6.190000000000000000e+02
6.053333333333333712e+02
5.880000000000000000e+02
5.680000000000000000e+02
5.813333333333333712e+02
5.400000000000000000e+02
5.870000000000000000e+02
5.430000000000000000e+02
5.880000000000000000e+02
6.346666666666666288e+02
7.960000000000000000e+02
4.800000000000000000e+02
4.940000000000000000e+02
4.790000000000000000e+02
4.780000000000000000e+02
4.760000000000000000e+02
4.880000000000000000e+02
4.440000000000000000e+02
4.560000000000000000e+02
4.590000000000000000e+02
5.390000000000000000e+02
4.480000000000000000e+02
6.910000000000000000e+02
4.790000000000000000e+02
2.720000000000000000e+02
4.933333333333333144e+02
5.120000000000000000e+02
5.000000000000000000e+02
4.280000000000000000e+02
5.460000000000000000e+02
5.420000000000000000e+02
5.826666666666666288e+02
4.460000000000000000e+02
5.973333333333333712e+02
5.970000000000000000e+02
5.940000000000000000e+02
5.580000000000000000e+02
4.893333333333333144e+02
6.120000000000000000e+02
5.830000000000000000e+02
6.810000000000000000e+02
7.590000000000000000e+02
5.640000000000000000e+02
5.360000000000000000e+02
4.946666666666666856e+02
5.400000000000000000e+02
5.160000000000000000e+02
5.010000000000000000e+02
7.730000000000000000e+02
7.290000000000000000e+02
6.570000000000000000e+02
7.760000000000000000e+02
6.570000000000000000e+02
7.090000000000000000e+02
5.960000000000000000e+02
7.560000000000000000e+02
6.960000000000000000e+02
7.560000000000000000e+02
6.980000000000000000e+02
5.500000000000000000e+02
5.266666666666666288e+02
5.430000000000000000e+02
5.600000000000000000e+02
5.950000000000000000e+02
5.306666666666666288e+02
6.270000000000000000e+02
5.910000000000000000e+02
5.706666666666666288e+02
