6.000000000000000000e+02
6.026666666666666288e+02
5.880000000000000000e+02
5.570000000000000000e+02
4.480000000000000000e+02
4.480000000000000000e+02
5.560000000000000000e+02
5.610000000000000000e+02
5.720000000000000000e+02
5.506666666666666288e+02
5.400000000000000000e+02
5.350000000000000000e+02
4.820000000000000000e+02
5.320000000000000000e+02
5.200000000000000000e+02
5.240000000000000000e+02
4.720000000000000000e+02
4.866666666666666856e+02
5.020000000000000000e+02
4.710000000000000000e+02
4.610000000000000000e+02
5.070000000000000000e+02
5.310000000000000000e+02
5.360000000000000000e+02
5.330000000000000000e+02
5.400000000000000000e+02
5.186666666666666288e+02
5.560000000000000000e+02
5.560000000000000000e+02
6.200000000000000000e+02
6.200000000000000000e+02
5.980000000000000000e+02
5.570000000000000000e+02
6.160000000000000000e+02
6.300000000000000000e+02
5.170000000000000000e+02
5.580000000000000000e+02
5.610000000000000000e+02
4.440000000000000000e+02
5.226666666666666288e+02
5.260000000000000000e+02
5.460000000000000000e+02
4.880000000000000000e+02
4.720000000000000000e+02
4.640000000000000000e+02
4.586666666666666856e+02
4.560000000000000000e+02
4.570000000000000000e+02
4.600000000000000000e+02
4.520000000000000000e+02
4.550000000000000000e+02
4.600000000000000000e+02
4.760000000000000000e+02
4.653333333333333144e+02
4.470000000000000000e+02
4.310000000000000000e+02
4.240000000000000000e+02
4.240000000000000000e+02
4.200000000000000000e+02
4.210000000000000000e+02
5.860000000000000000e+02
6.180000000000000000e+02
5.860000000000000000e+02
5.620000000000000000e+02
5.680000000000000000e+02
4.893333333333333144e+02
5.620000000000000000e+02
4.080000000000000000e+02
4.240000000000000000e+02
4.250000000000000000e+02
4.200000000000000000e+02
4.080000000000000000e+02
4.120000000000000000e+02
4.160000000000000000e+02
4.240000000000000000e+02
4.013333333333333144e+02
4.060000000000000000e+02
4.080000000000000000e+02
4.310000000000000000e+02
4.490000000000000000e+02
4.480000000000000000e+02
4.120000000000000000e+02
4.373333333333333144e+02
4.120000000000000000e+02
4.430000000000000000e+02
4.470000000000000000e+02
4.190000000000000000e+02
4.200000000000000000e+02
4.120000000000000000e+02
4.080000000000000000e+02
4.066666666666666856e+02
4.200000000000000000e+02
4.160000000000000000e+02
4.190000000000000000e+02
4.240000000000000000e+02
5.400000000000000000e+02
5.560000000000000000e+02
4.200000000000000000e+02
4.220000000000000000e+02
4.160000000000000000e+02
4.160000000000000000e+02
4.200000000000000000e+02
4.240000000000000000e+02
4.080000000000000000e+02
4.146666666666666856e+02
4.160000000000000000e+02
4.160000000000000000e+02
4.120000000000000000e+02
4.093333333333333144e+02
4.120000000000000000e+02
4.160000000000000000e+02
4.580000000000000000e+02
4.546666666666666856e+02
4.200000000000000000e+02
4.200000000000000000e+02
4.150000000000000000e+02
4.160000000000000000e+02
4.160000000000000000e+02
4.200000000000000000e+02
4.440000000000000000e+02
4.100000000000000000e+02
4.120000000000000000e+02
4.020000000000000000e+02
4.200000000000000000e+02
4.200000000000000000e+02
4.130000000000000000e+02
4.186666666666666856e+02
4.980000000000000000e+02
5.540000000000000000e+02
5.300000000000000000e+02
4.980000000000000000e+02
5.420000000000000000e+02
4.540000000000000000e+02
4.170000000000000000e+02
4.440000000000000000e+02
4.240000000000000000e+02
4.280000000000000000e+02
4.200000000000000000e+02
4.160000000000000000e+02
4.170000000000000000e+02
4.200000000000000000e+02
4.210000000000000000e+02
4.320000000000000000e+02
4.560000000000000000e+02
4.510000000000000000e+02
4.560000000000000000e+02
4.500000000000000000e+02
4.173333333333333144e+02
4.200000000000000000e+02
4.260000000000000000e+02
4.306666666666666856e+02
4.240000000000000000e+02
4.270000000000000000e+02
4.280000000000000000e+02
3.800000000000000000e+02
4.200000000000000000e+02
5.380000000000000000e+02
5.310000000000000000e+02
5.410000000000000000e+02
5.530000000000000000e+02
5.660000000000000000e+02
5.880000000000000000e+02
5.730000000000000000e+02
5.680000000000000000e+02
5.360000000000000000e+02
5.630000000000000000e+02
4.260000000000000000e+02
5.920000000000000000e+02
4.160000000000000000e+02
4.093333333333333144e+02
4.080000000000000000e+02
4.760000000000000000e+02
4.040000000000000000e+02
4.630000000000000000e+02
4.520000000000000000e+02
4.320000000000000000e+02
5.240000000000000000e+02
5.200000000000000000e+02
4.620000000000000000e+02
5.120000000000000000e+02
4.870000000000000000e+02
4.800000000000000000e+02
5.160000000000000000e+02
5.200000000000000000e+02
5.520000000000000000e+02
5.750000000000000000e+02
6.240000000000000000e+02
5.893333333333333712e+02
6.013333333333333712e+02
6.040000000000000000e+02
5.820000000000000000e+02
5.680000000000000000e+02
5.680000000000000000e+02
5.733333333333333712e+02
6.050000000000000000e+02
5.426666666666666288e+02
5.973333333333333712e+02
5.720000000000000000e+02
5.730000000000000000e+02
5.826666666666666288e+02
5.280000000000000000e+02
4.880000000000000000e+02
4.970000000000000000e+02
5.020000000000000000e+02
4.800000000000000000e+02
4.880000000000000000e+02
6.140000000000000000e+02
5.430000000000000000e+02
6.840000000000000000e+02
5.080000000000000000e+02
5.250000000000000000e+02
4.746666666666666856e+02
5.390000000000000000e+02
5.470000000000000000e+02
5.706666666666666288e+02
5.610000000000000000e+02
5.480000000000000000e+02
5.600000000000000000e+02
5.650000000000000000e+02
6.160000000000000000e+02
6.240000000000000000e+02
5.630000000000000000e+02
6.030000000000000000e+02
5.720000000000000000e+02
5.660000000000000000e+02
5.720000000000000000e+02
5.550000000000000000e+02
5.790000000000000000e+02
6.190000000000000000e+02
5.750000000000000000e+02
5.790000000000000000e+02
5.670000000000000000e+02
5.970000000000000000e+02
7.110000000000000000e+02
6.050000000000000000e+02
5.626666666666666288e+02
5.066666666666666856e+02
4.520000000000000000e+02
6.580000000000000000e+02
6.680000000000000000e+02
6.760000000000000000e+02
7.240000000000000000e+02
5.813333333333333712e+02
6.370000000000000000e+02
5.200000000000000000e+02
6.066666666666666288e+02
6.020000000000000000e+02
7.210000000000000000e+02
5.460000000000000000e+02
5.920000000000000000e+02
5.730000000000000000e+02
5.720000000000000000e+02
5.610000000000000000e+02
5.680000000000000000e+02
5.640000000000000000e+02
5.680000000000000000e+02
