5.320000000000000000e+02
4.840000000000000000e+02
5.290000000000000000e+02
5.010000000000000000e+02
5.270000000000000000e+02
5.420000000000000000e+02
5.250000000000000000e+02
5.170000000000000000e+02
7.330000000000000000e+02
4.970000000000000000e+02
5.020000000000000000e+02
5.386666666666666288e+02
4.293333333333333144e+02
5.250000000000000000e+02
5.160000000000000000e+02
5.880000000000000000e+02
6.480000000000000000e+02
6.960000000000000000e+02
4.840000000000000000e+02
5.340000000000000000e+02
5.260000000000000000e+02
5.150000000000000000e+02
5.133333333333333712e+02
5.240000000000000000e+02
4.920000000000000000e+02
4.960000000000000000e+02
5.510000000000000000e+02
4.970000000000000000e+02
5.070000000000000000e+02
5.420000000000000000e+02
5.330000000000000000e+02
5.000000000000000000e+02
5.200000000000000000e+02
5.270000000000000000e+02
5.440000000000000000e+02
5.470000000000000000e+02
5.000000000000000000e+02
5.330000000000000000e+02
5.120000000000000000e+02
5.173333333333333712e+02
5.130000000000000000e+02
5.260000000000000000e+02
4.920000000000000000e+02
5.520000000000000000e+02
5.840000000000000000e+02
4.910000000000000000e+02
4.893333333333333144e+02
6.306666666666666288e+02
4.746666666666666856e+02
5.040000000000000000e+02
4.880000000000000000e+02
5.090000000000000000e+02
5.480000000000000000e+02
5.400000000000000000e+02
5.420000000000000000e+02
5.386666666666666288e+02
4.280000000000000000e+02
4.986666666666666856e+02
5.090000000000000000e+02
5.380000000000000000e+02
5.540000000000000000e+02
5.380000000000000000e+02
5.210000000000000000e+02
5.466666666666666288e+02
4.920000000000000000e+02
5.413333333333333712e+02
5.210000000000000000e+02
5.520000000000000000e+02
5.110000000000000000e+02
5.090000000000000000e+02
5.360000000000000000e+02
4.950000000000000000e+02
5.200000000000000000e+02
5.500000000000000000e+02
5.520000000000000000e+02
5.133333333333333712e+02
5.160000000000000000e+02
5.000000000000000000e+02
5.080000000000000000e+02
5.030000000000000000e+02
5.320000000000000000e+02
5.020000000000000000e+02
5.080000000000000000e+02
5.040000000000000000e+02
5.020000000000000000e+02
5.600000000000000000e+02
5.390000000000000000e+02
4.973333333333333144e+02
5.500000000000000000e+02
5.370000000000000000e+02
5.420000000000000000e+02
5.170000000000000000e+02
4.160000000000000000e+02
5.000000000000000000e+02
5.146666666666666288e+02
5.650000000000000000e+02
5.470000000000000000e+02
4.853333333333333144e+02
5.480000000000000000e+02
5.160000000000000000e+02
5.040000000000000000e+02
3.800000000000000000e+02
4.280000000000000000e+02
4.240000000000000000e+02
4.240000000000000000e+02
4.120000000000000000e+02
4.360000000000000000e+02
4.710000000000000000e+02
4.280000000000000000e+02
5.440000000000000000e+02
5.040000000000000000e+02
4.870000000000000000e+02
5.400000000000000000e+02
5.190000000000000000e+02
4.360000000000000000e+02
4.350000000000000000e+02
4.346666666666666856e+02
4.360000000000000000e+02
4.320000000000000000e+02
4.290000000000000000e+02
4.210000000000000000e+02
4.200000000000000000e+02
4.240000000000000000e+02
4.400000000000000000e+02
5.600000000000000000e+02
4.260000000000000000e+02
5.410000000000000000e+02
5.506666666666666288e+02
5.120000000000000000e+02
5.173333333333333712e+02
4.220000000000000000e+02
4.570000000000000000e+02
4.240000000000000000e+02
4.226666666666666856e+02
4.253333333333333144e+02
4.210000000000000000e+02
4.240000000000000000e+02
4.350000000000000000e+02
4.440000000000000000e+02
4.360000000000000000e+02
4.280000000000000000e+02
4.250000000000000000e+02
4.340000000000000000e+02
4.630000000000000000e+02
4.610000000000000000e+02
4.620000000000000000e+02
4.370000000000000000e+02
4.100000000000000000e+02
4.410000000000000000e+02
4.540000000000000000e+02
4.280000000000000000e+02
4.400000000000000000e+02
4.320000000000000000e+02
4.260000000000000000e+02
4.200000000000000000e+02
4.240000000000000000e+02
4.240000000000000000e+02
4.440000000000000000e+02
5.200000000000000000e+02
5.053333333333333144e+02
5.080000000000000000e+02
5.373333333333333712e+02
4.310000000000000000e+02
4.290000000000000000e+02
4.080000000000000000e+02
4.280000000000000000e+02
4.240000000000000000e+02
4.290000000000000000e+02
4.020000000000000000e+02
4.180000000000000000e+02
4.520000000000000000e+02
4.590000000000000000e+02
4.740000000000000000e+02
4.480000000000000000e+02
4.540000000000000000e+02
4.590000000000000000e+02
5.560000000000000000e+02
5.370000000000000000e+02
4.720000000000000000e+02
4.520000000000000000e+02
4.540000000000000000e+02
4.533333333333333144e+02
4.170000000000000000e+02
4.466666666666666856e+02
4.640000000000000000e+02
4.350000000000000000e+02
4.680000000000000000e+02
4.373333333333333144e+02
4.360000000000000000e+02
4.530000000000000000e+02
4.680000000000000000e+02
5.100000000000000000e+02
5.133333333333333712e+02
4.860000000000000000e+02
5.270000000000000000e+02
4.420000000000000000e+02
4.400000000000000000e+02
4.410000000000000000e+02
4.440000000000000000e+02
4.400000000000000000e+02
4.410000000000000000e+02
4.460000000000000000e+02
4.760000000000000000e+02
4.560000000000000000e+02
4.580000000000000000e+02
4.570000000000000000e+02
5.240000000000000000e+02
4.880000000000000000e+02
5.370000000000000000e+02
5.120000000000000000e+02
5.546666666666666288e+02
5.700000000000000000e+02
5.100000000000000000e+02
4.520000000000000000e+02
5.650000000000000000e+02
5.650000000000000000e+02
4.420000000000000000e+02
4.470000000000000000e+02
4.560000000000000000e+02
4.506666666666666856e+02
4.520000000000000000e+02
5.830000000000000000e+02
5.746666666666666288e+02
3.360000000000000000e+02
5.560000000000000000e+02
5.746666666666666288e+02
5.190000000000000000e+02
4.960000000000000000e+02
5.660000000000000000e+02
5.693333333333333712e+02
5.053333333333333144e+02
4.453333333333333144e+02
5.530000000000000000e+02
5.490000000000000000e+02
5.740000000000000000e+02
5.453333333333333712e+02
5.420000000000000000e+02
5.800000000000000000e+02
5.600000000000000000e+02
5.040000000000000000e+02
5.600000000000000000e+02
5.720000000000000000e+02
5.560000000000000000e+02
5.870000000000000000e+02
5.460000000000000000e+02
4.040000000000000000e+02
5.490000000000000000e+02
5.480000000000000000e+02
5.680000000000000000e+02
5.670000000000000000e+02
5.830000000000000000e+02
5.800000000000000000e+02
5.933333333333333712e+02
5.670000000000000000e+02
5.810000000000000000e+02
5.240000000000000000e+02
