4.620000000000000000e+02
7.653333333333333712e+02
6.780000000000000000e+02
6.920000000000000000e+02
4.780000000000000000e+02
4.840000000000000000e+02
4.840000000000000000e+02
4.800000000000000000e+02
4.800000000000000000e+02
4.390000000000000000e+02
4.830000000000000000e+02
4.760000000000000000e+02
4.300000000000000000e+02
3.973333333333333144e+02
3.160000000000000000e+02
4.546666666666666856e+02
4.360000000000000000e+02
4.420000000000000000e+02
4.253333333333333144e+02
4.160000000000000000e+02
4.110000000000000000e+02
4.200000000000000000e+02
4.790000000000000000e+02
4.870000000000000000e+02
4.910000000000000000e+02
4.950000000000000000e+02
4.860000000000000000e+02
5.120000000000000000e+02
4.680000000000000000e+02
4.690000000000000000e+02
5.320000000000000000e+02
4.630000000000000000e+02
4.693333333333333144e+02
4.780000000000000000e+02
5.053333333333333144e+02
4.950000000000000000e+02
4.853333333333333144e+02
6.000000000000000000e+02
4.946666666666666856e+02
4.880000000000000000e+02
3.733333333333333144e+02
4.253333333333333144e+02
4.320000000000000000e+02
4.293333333333333144e+02
4.310000000000000000e+02
4.133333333333333144e+02
4.560000000000000000e+02
4.600000000000000000e+02
4.600000000000000000e+02
3.750000000000000000e+02
3.760000000000000000e+02
3.733333333333333144e+02
3.760000000000000000e+02
4.320000000000000000e+02
4.130000000000000000e+02
3.590000000000000000e+02
3.693333333333333144e+02
3.750000000000000000e+02
3.990000000000000000e+02
3.680000000000000000e+02
6.920000000000000000e+02
6.613333333333333712e+02
4.480000000000000000e+02
5.030000000000000000e+02
3.930000000000000000e+02
3.860000000000000000e+02
3.680000000000000000e+02
3.680000000000000000e+02
3.620000000000000000e+02
3.730000000000000000e+02
3.640000000000000000e+02
3.580000000000000000e+02
3.660000000000000000e+02
3.550000000000000000e+02
4.280000000000000000e+02
3.720000000000000000e+02
3.760000000000000000e+02
3.946666666666666856e+02
4.480000000000000000e+02
4.680000000000000000e+02
3.880000000000000000e+02
3.910000000000000000e+02
4.360000000000000000e+02
3.380000000000000000e+02
3.600000000000000000e+02
3.480000000000000000e+02
3.460000000000000000e+02
3.390000000000000000e+02
3.920000000000000000e+02
3.690000000000000000e+02
3.760000000000000000e+02
3.690000000000000000e+02
4.750000000000000000e+02
3.130000000000000000e+02
3.600000000000000000e+02
4.413333333333333144e+02
3.560000000000000000e+02
3.520000000000000000e+02
3.360000000000000000e+02
3.300000000000000000e+02
4.666666666666666856e+02
7.520000000000000000e+02
4.080000000000000000e+02
3.493333333333333144e+02
3.460000000000000000e+02
3.430000000000000000e+02
3.400000000000000000e+02
3.560000000000000000e+02
3.680000000000000000e+02
3.670000000000000000e+02
3.880000000000000000e+02
3.600000000000000000e+02
3.740000000000000000e+02
3.893333333333333144e+02
3.640000000000000000e+02
3.540000000000000000e+02
3.640000000000000000e+02
3.480000000000000000e+02
3.520000000000000000e+02
3.490000000000000000e+02
3.450000000000000000e+02
3.590000000000000000e+02
3.560000000000000000e+02
3.640000000000000000e+02
3.340000000000000000e+02
3.480000000000000000e+02
4.093333333333333144e+02
3.630000000000000000e+02
3.626666666666666856e+02
3.626666666666666856e+02
3.600000000000000000e+02
3.380000000000000000e+02
3.426666666666666856e+02
3.653333333333333144e+02
3.680000000000000000e+02
3.580000000000000000e+02
3.520000000000000000e+02
3.520000000000000000e+02
3.520000000000000000e+02
3.550000000000000000e+02
4.253333333333333144e+02
3.720000000000000000e+02
3.760000000000000000e+02
3.880000000000000000e+02
4.150000000000000000e+02
3.880000000000000000e+02
4.640000000000000000e+02
3.620000000000000000e+02
3.710000000000000000e+02
3.306666666666666856e+02
3.520000000000000000e+02
3.450000000000000000e+02
3.800000000000000000e+02
3.720000000000000000e+02
4.650000000000000000e+02
3.666666666666666856e+02
3.640000000000000000e+02
3.546666666666666856e+02
3.580000000000000000e+02
4.000000000000000000e+02
4.200000000000000000e+02
3.510000000000000000e+02
5.070000000000000000e+02
3.690000000000000000e+02
3.640000000000000000e+02
3.680000000000000000e+02
3.640000000000000000e+02
3.660000000000000000e+02
3.670000000000000000e+02
3.533333333333333144e+02
4.733333333333333144e+02
5.120000000000000000e+02
4.053333333333333144e+02
3.640000000000000000e+02
4.510000000000000000e+02
4.530000000000000000e+02
4.773333333333333144e+02
4.370000000000000000e+02
4.410000000000000000e+02
4.280000000000000000e+02
4.120000000000000000e+02
4.390000000000000000e+02
4.230000000000000000e+02
4.320000000000000000e+02
3.680000000000000000e+02
3.680000000000000000e+02
3.710000000000000000e+02
3.733333333333333144e+02
3.680000000000000000e+02
3.600000000000000000e+02
3.720000000000000000e+02
5.240000000000000000e+02
3.700000000000000000e+02
4.890000000000000000e+02
5.100000000000000000e+02
6.866666666666666288e+02
4.973333333333333144e+02
4.746666666666666856e+02
4.290000000000000000e+02
4.430000000000000000e+02
4.380000000000000000e+02
4.293333333333333144e+02
4.080000000000000000e+02
4.133333333333333144e+02
4.440000000000000000e+02
4.800000000000000000e+02
5.130000000000000000e+02
5.070000000000000000e+02
4.930000000000000000e+02
5.160000000000000000e+02
5.080000000000000000e+02
4.820000000000000000e+02
4.146666666666666856e+02
4.160000000000000000e+02
4.200000000000000000e+02
4.450000000000000000e+02
4.380000000000000000e+02
4.700000000000000000e+02
4.740000000000000000e+02
4.780000000000000000e+02
4.880000000000000000e+02
5.040000000000000000e+02
4.840000000000000000e+02
4.970000000000000000e+02
4.973333333333333144e+02
4.586666666666666856e+02
4.933333333333333144e+02
4.920000000000000000e+02
5.190000000000000000e+02
4.420000000000000000e+02
4.730000000000000000e+02
4.890000000000000000e+02
4.700000000000000000e+02
4.813333333333333144e+02
4.580000000000000000e+02
4.960000000000000000e+02
4.900000000000000000e+02
4.900000000000000000e+02
4.173333333333333144e+02
5.110000000000000000e+02
4.910000000000000000e+02
5.040000000000000000e+02
4.960000000000000000e+02
4.893333333333333144e+02
6.986666666666666288e+02
4.453333333333333144e+02
5.453333333333333712e+02
6.090000000000000000e+02
5.026666666666666856e+02
5.130000000000000000e+02
4.830000000000000000e+02
5.140000000000000000e+02
5.066666666666666856e+02
5.170000000000000000e+02
5.133333333333333712e+02
5.000000000000000000e+02
