3.280000000000000000e+02
5.230000000000000000e+02
5.130000000000000000e+02
5.170000000000000000e+02
5.170000000000000000e+02
5.200000000000000000e+02
3.960000000000000000e+02
6.920000000000000000e+02
3.306666666666666856e+02
6.470000000000000000e+02
3.640000000000000000e+02
3.460000000000000000e+02
3.400000000000000000e+02
3.746666666666666856e+02
4.210000000000000000e+02
4.530000000000000000e+02
3.580000000000000000e+02
4.100000000000000000e+02
4.440000000000000000e+02
4.380000000000000000e+02
3.600000000000000000e+02
3.750000000000000000e+02
3.380000000000000000e+02
3.620000000000000000e+02
3.760000000000000000e+02
3.760000000000000000e+02
3.880000000000000000e+02
4.080000000000000000e+02
5.110000000000000000e+02
4.160000000000000000e+02
5.333333333333333712e+02
5.370000000000000000e+02
5.280000000000000000e+02
4.560000000000000000e+02
5.310000000000000000e+02
5.480000000000000000e+02
5.453333333333333712e+02
3.960000000000000000e+02
3.586666666666666856e+02
3.330000000000000000e+02
2.720000000000000000e+02
3.400000000000000000e+02
3.740000000000000000e+02
3.550000000000000000e+02
4.493333333333333144e+02
4.050000000000000000e+02
4.180000000000000000e+02
3.720000000000000000e+02
3.740000000000000000e+02
3.760000000000000000e+02
3.453333333333333144e+02
3.986666666666666856e+02
3.480000000000000000e+02
3.440000000000000000e+02
3.630000000000000000e+02
3.533333333333333144e+02
3.670000000000000000e+02
4.560000000000000000e+02
3.800000000000000000e+02
4.013333333333333144e+02
5.050000000000000000e+02
5.590000000000000000e+02
5.300000000000000000e+02
5.320000000000000000e+02
5.320000000000000000e+02
5.600000000000000000e+02
5.600000000000000000e+02
5.600000000000000000e+02
3.730000000000000000e+02
3.973333333333333144e+02
3.850000000000000000e+02
3.500000000000000000e+02
3.680000000000000000e+02
3.640000000000000000e+02
3.580000000000000000e+02
3.470000000000000000e+02
3.470000000000000000e+02
3.470000000000000000e+02
3.380000000000000000e+02
3.840000000000000000e+02
3.893333333333333144e+02
3.680000000000000000e+02
3.550000000000000000e+02
3.480000000000000000e+02
3.480000000000000000e+02
3.550000000000000000e+02
3.520000000000000000e+02
3.520000000000000000e+02
3.460000000000000000e+02
3.480000000000000000e+02
3.680000000000000000e+02
3.640000000000000000e+02
3.600000000000000000e+02
5.790000000000000000e+02
4.030000000000000000e+02
5.000000000000000000e+02
5.130000000000000000e+02
4.990000000000000000e+02
4.770000000000000000e+02
3.700000000000000000e+02
3.680000000000000000e+02
3.650000000000000000e+02
3.430000000000000000e+02
3.480000000000000000e+02
3.910000000000000000e+02
3.800000000000000000e+02
3.600000000000000000e+02
3.640000000000000000e+02
3.640000000000000000e+02
3.540000000000000000e+02
3.640000000000000000e+02
3.666666666666666856e+02
3.613333333333333144e+02
3.613333333333333144e+02
3.390000000000000000e+02
3.520000000000000000e+02
3.520000000000000000e+02
3.880000000000000000e+02
3.800000000000000000e+02
3.840000000000000000e+02
3.880000000000000000e+02
3.360000000000000000e+02
3.780000000000000000e+02
3.650000000000000000e+02
3.746666666666666856e+02
3.820000000000000000e+02
5.093333333333333144e+02
5.090000000000000000e+02
5.120000000000000000e+02
5.160000000000000000e+02
3.820000000000000000e+02
3.800000000000000000e+02
3.600000000000000000e+02
3.740000000000000000e+02
3.870000000000000000e+02
3.790000000000000000e+02
3.520000000000000000e+02
3.860000000000000000e+02
3.706666666666666856e+02
3.680000000000000000e+02
3.640000000000000000e+02
3.530000000000000000e+02
3.720000000000000000e+02
3.720000000000000000e+02
4.280000000000000000e+02
4.020000000000000000e+02
4.020000000000000000e+02
3.706666666666666856e+02
3.730000000000000000e+02
4.026666666666666856e+02
3.960000000000000000e+02
3.920000000000000000e+02
3.870000000000000000e+02
3.746666666666666856e+02
3.840000000000000000e+02
3.900000000000000000e+02
5.093333333333333144e+02
4.000000000000000000e+02
4.800000000000000000e+02
5.010000000000000000e+02
5.620000000000000000e+02
5.680000000000000000e+02
5.160000000000000000e+02
4.060000000000000000e+02
4.000000000000000000e+02
3.880000000000000000e+02
3.880000000000000000e+02
3.880000000000000000e+02
3.840000000000000000e+02
4.026666666666666856e+02
4.000000000000000000e+02
3.930000000000000000e+02
3.760000000000000000e+02
4.040000000000000000e+02
4.173333333333333144e+02
4.590000000000000000e+02
4.480000000000000000e+02
4.560000000000000000e+02
4.760000000000000000e+02
3.866666666666666856e+02
4.120000000000000000e+02
5.053333333333333144e+02
5.080000000000000000e+02
4.480000000000000000e+02
4.150000000000000000e+02
5.060000000000000000e+02
4.480000000000000000e+02
4.720000000000000000e+02
4.180000000000000000e+02
6.053333333333333712e+02
5.880000000000000000e+02
5.680000000000000000e+02
5.870000000000000000e+02
5.826666666666666288e+02
4.520000000000000000e+02
4.960000000000000000e+02
6.080000000000000000e+02
6.120000000000000000e+02
7.950000000000000000e+02
4.760000000000000000e+02
4.880000000000000000e+02
5.140000000000000000e+02
4.780000000000000000e+02
4.740000000000000000e+02
4.810000000000000000e+02
4.400000000000000000e+02
4.590000000000000000e+02
4.590000000000000000e+02
5.706666666666666288e+02
7.340000000000000000e+02
4.760000000000000000e+02
6.570000000000000000e+02
2.720000000000000000e+02
5.120000000000000000e+02
5.120000000000000000e+02
5.020000000000000000e+02
5.293333333333333712e+02
5.140000000000000000e+02
6.093333333333333712e+02
5.826666666666666288e+02
6.120000000000000000e+02
5.740000000000000000e+02
5.933333333333333712e+02
5.920000000000000000e+02
5.870000000000000000e+02
5.800000000000000000e+02
5.720000000000000000e+02
4.733333333333333144e+02
6.400000000000000000e+02
7.480000000000000000e+02
5.480000000000000000e+02
5.333333333333333712e+02
5.213333333333333712e+02
4.980000000000000000e+02
5.000000000000000000e+02
5.010000000000000000e+02
7.960000000000000000e+02
7.110000000000000000e+02
6.570000000000000000e+02
7.140000000000000000e+02
7.310000000000000000e+02
7.530000000000000000e+02
5.960000000000000000e+02
6.470000000000000000e+02
7.706666666666666288e+02
6.880000000000000000e+02
6.320000000000000000e+02
7.560000000000000000e+02
5.266666666666666288e+02
5.430000000000000000e+02
7.090000000000000000e+02
5.080000000000000000e+02
5.706666666666666288e+02
6.280000000000000000e+02
6.200000000000000000e+02
5.706666666666666288e+02
