6.053333333333333712e+02
6.040000000000000000e+02
6.050000000000000000e+02
5.830000000000000000e+02
5.760000000000000000e+02
5.780000000000000000e+02
5.580000000000000000e+02
5.580000000000000000e+02
5.570000000000000000e+02
5.580000000000000000e+02
5.080000000000000000e+02
5.440000000000000000e+02
5.680000000000000000e+02
6.030000000000000000e+02
5.253333333333333712e+02
5.520000000000000000e+02
5.240000000000000000e+02
5.480000000000000000e+02
5.786666666666666288e+02
5.010000000000000000e+02
5.550000000000000000e+02
5.580000000000000000e+02
5.510000000000000000e+02
5.770000000000000000e+02
5.840000000000000000e+02
5.200000000000000000e+02
5.910000000000000000e+02
6.260000000000000000e+02
6.293333333333333712e+02
6.240000000000000000e+02
5.933333333333333712e+02
6.060000000000000000e+02
5.946666666666666288e+02
6.380000000000000000e+02
6.240000000000000000e+02
6.000000000000000000e+02
5.546666666666666288e+02
4.960000000000000000e+02
4.800000000000000000e+02
5.600000000000000000e+02
5.853333333333333712e+02
5.680000000000000000e+02
5.610000000000000000e+02
5.706666666666666288e+02
5.590000000000000000e+02
5.530000000000000000e+02
5.310000000000000000e+02
5.493333333333333712e+02
5.693333333333333712e+02
5.180000000000000000e+02
5.330000000000000000e+02
5.520000000000000000e+02
4.870000000000000000e+02
4.750000000000000000e+02
4.720000000000000000e+02
4.560000000000000000e+02
4.660000000000000000e+02
4.680000000000000000e+02
4.900000000000000000e+02
6.620000000000000000e+02
6.310000000000000000e+02
6.310000000000000000e+02
6.186666666666666288e+02
5.810000000000000000e+02
5.640000000000000000e+02
5.600000000000000000e+02
6.400000000000000000e+02
6.020000000000000000e+02
4.773333333333333144e+02
4.750000000000000000e+02
4.760000000000000000e+02
4.720000000000000000e+02
4.760000000000000000e+02
4.780000000000000000e+02
4.760000000000000000e+02
4.720000000000000000e+02
4.800000000000000000e+02
5.060000000000000000e+02
5.650000000000000000e+02
5.580000000000000000e+02
5.480000000000000000e+02
4.680000000000000000e+02
4.800000000000000000e+02
4.720000000000000000e+02
4.700000000000000000e+02
4.720000000000000000e+02
4.760000000000000000e+02
4.720000000000000000e+02
4.760000000000000000e+02
4.790000000000000000e+02
4.760000000000000000e+02
4.670000000000000000e+02
4.800000000000000000e+02
4.840000000000000000e+02
4.840000000000000000e+02
5.760000000000000000e+02
5.830000000000000000e+02
5.790000000000000000e+02
4.800000000000000000e+02
4.840000000000000000e+02
4.850000000000000000e+02
4.920000000000000000e+02
4.840000000000000000e+02
4.850000000000000000e+02
4.920000000000000000e+02
4.650000000000000000e+02
4.800000000000000000e+02
4.800000000000000000e+02
4.800000000000000000e+02
4.840000000000000000e+02
4.900000000000000000e+02
4.933333333333333144e+02
5.133333333333333712e+02
4.760000000000000000e+02
4.880000000000000000e+02
4.580000000000000000e+02
4.840000000000000000e+02
4.840000000000000000e+02
4.946666666666666856e+02
4.870000000000000000e+02
4.760000000000000000e+02
4.760000000000000000e+02
4.880000000000000000e+02
4.720000000000000000e+02
4.750000000000000000e+02
4.770000000000000000e+02
4.760000000000000000e+02
5.750000000000000000e+02
5.740000000000000000e+02
5.820000000000000000e+02
4.800000000000000000e+02
4.840000000000000000e+02
4.680000000000000000e+02
4.680000000000000000e+02
4.920000000000000000e+02
4.920000000000000000e+02
4.960000000000000000e+02
4.730000000000000000e+02
4.790000000000000000e+02
4.750000000000000000e+02
4.786666666666666856e+02
4.786666666666666856e+02
4.760000000000000000e+02
5.140000000000000000e+02
5.980000000000000000e+02
5.900000000000000000e+02
5.600000000000000000e+02
5.240000000000000000e+02
5.260000000000000000e+02
4.813333333333333144e+02
5.000000000000000000e+02
4.960000000000000000e+02
4.950000000000000000e+02
4.870000000000000000e+02
4.810000000000000000e+02
4.810000000000000000e+02
4.760000000000000000e+02
4.760000000000000000e+02
4.800000000000000000e+02
5.550000000000000000e+02
5.800000000000000000e+02
5.680000000000000000e+02
4.800000000000000000e+02
4.840000000000000000e+02
4.813333333333333144e+02
4.960000000000000000e+02
4.800000000000000000e+02
4.850000000000000000e+02
4.960000000000000000e+02
4.940000000000000000e+02
4.810000000000000000e+02
4.800000000000000000e+02
4.940000000000000000e+02
5.020000000000000000e+02
5.026666666666666856e+02
5.066666666666666856e+02
5.060000000000000000e+02
5.610000000000000000e+02
5.620000000000000000e+02
5.613333333333333712e+02
5.010000000000000000e+02
6.053333333333333712e+02
4.960000000000000000e+02
4.850000000000000000e+02
4.720000000000000000e+02
4.666666666666666856e+02
4.800000000000000000e+02
4.730000000000000000e+02
4.800000000000000000e+02
6.266666666666666288e+02
6.160000000000000000e+02
6.133333333333333712e+02
5.730000000000000000e+02
6.170000000000000000e+02
6.250000000000000000e+02
4.950000000000000000e+02
6.373333333333333712e+02
4.760000000000000000e+02
4.773333333333333144e+02
4.580000000000000000e+02
4.800000000000000000e+02
4.780000000000000000e+02
4.690000000000000000e+02
5.630000000000000000e+02
5.360000000000000000e+02
7.013333333333333712e+02
5.453333333333333712e+02
5.750000000000000000e+02
6.120000000000000000e+02
5.940000000000000000e+02
6.040000000000000000e+02
5.000000000000000000e+02
5.773333333333333712e+02
5.320000000000000000e+02
5.360000000000000000e+02
4.800000000000000000e+02
4.880000000000000000e+02
5.960000000000000000e+02
4.780000000000000000e+02
6.093333333333333712e+02
5.120000000000000000e+02
6.360000000000000000e+02
6.253333333333333712e+02
6.180000000000000000e+02
6.260000000000000000e+02
6.400000000000000000e+02
6.050000000000000000e+02
6.440000000000000000e+02
4.853333333333333144e+02
4.800000000000000000e+02
4.840000000000000000e+02
4.853333333333333144e+02
4.970000000000000000e+02
5.980000000000000000e+02
5.610000000000000000e+02
5.670000000000000000e+02
5.550000000000000000e+02
5.770000000000000000e+02
5.893333333333333712e+02
6.230000000000000000e+02
5.733333333333333712e+02
5.893333333333333712e+02
5.460000000000000000e+02
5.820000000000000000e+02
5.626666666666666288e+02
5.260000000000000000e+02
4.910000000000000000e+02
5.980000000000000000e+02
5.960000000000000000e+02
5.270000000000000000e+02
6.666666666666666288e+02
6.480000000000000000e+02
6.400000000000000000e+02
6.440000000000000000e+02
6.386666666666666288e+02
6.390000000000000000e+02
