5.370000000000000000e+02
5.280000000000000000e+02
5.170000000000000000e+02
5.170000000000000000e+02
5.100000000000000000e+02
5.200000000000000000e+02
3.960000000000000000e+02
5.320000000000000000e+02
3.730000000000000000e+02
5.640000000000000000e+02
3.410000000000000000e+02
3.440000000000000000e+02
3.440000000000000000e+02
4.420000000000000000e+02
4.410000000000000000e+02
4.530000000000000000e+02
3.620000000000000000e+02
4.440000000000000000e+02
4.373333333333333144e+02
4.426666666666666856e+02
3.610000000000000000e+02
3.400000000000000000e+02
3.380000000000000000e+02
3.610000000000000000e+02
3.760000000000000000e+02
5.470000000000000000e+02
3.826666666666666856e+02
5.266666666666666288e+02
4.400000000000000000e+02
5.310000000000000000e+02
5.410000000000000000e+02
5.440000000000000000e+02
5.280000000000000000e+02
4.960000000000000000e+02
5.310000000000000000e+02
5.500000000000000000e+02
5.540000000000000000e+02
3.920000000000000000e+02
3.586666666666666856e+02
3.710000000000000000e+02
7.020000000000000000e+02
3.400000000000000000e+02
3.410000000000000000e+02
3.550000000000000000e+02
3.626666666666666856e+02
4.120000000000000000e+02
3.810000000000000000e+02
3.760000000000000000e+02
3.740000000000000000e+02
3.760000000000000000e+02
3.453333333333333144e+02
3.500000000000000000e+02
3.480000000000000000e+02
3.590000000000000000e+02
3.480000000000000000e+02
3.210000000000000000e+02
7.653333333333333712e+02
5.520000000000000000e+02
4.800000000000000000e+02
4.040000000000000000e+02
5.480000000000000000e+02
5.590000000000000000e+02
5.610000000000000000e+02
4.500000000000000000e+02
5.120000000000000000e+02
5.610000000000000000e+02
5.420000000000000000e+02
5.600000000000000000e+02
3.906666666666666856e+02
4.140000000000000000e+02
3.670000000000000000e+02
3.630000000000000000e+02
3.680000000000000000e+02
3.510000000000000000e+02
3.590000000000000000e+02
3.480000000000000000e+02
3.340000000000000000e+02
3.470000000000000000e+02
3.813333333333333144e+02
3.840000000000000000e+02
3.720000000000000000e+02
3.640000000000000000e+02
3.550000000000000000e+02
3.480000000000000000e+02
3.530000000000000000e+02
3.546666666666666856e+02
3.530000000000000000e+02
3.493333333333333144e+02
3.460000000000000000e+02
3.470000000000000000e+02
3.540000000000000000e+02
3.640000000000000000e+02
3.600000000000000000e+02
3.800000000000000000e+02
4.030000000000000000e+02
5.080000000000000000e+02
5.050000000000000000e+02
5.070000000000000000e+02
3.910000000000000000e+02
3.706666666666666856e+02
3.346666666666666856e+02
3.640000000000000000e+02
3.520000000000000000e+02
3.480000000000000000e+02
3.426666666666666856e+02
3.840000000000000000e+02
4.020000000000000000e+02
3.630000000000000000e+02
3.620000000000000000e+02
3.540000000000000000e+02
3.610000000000000000e+02
3.970000000000000000e+02
3.626666666666666856e+02
3.610000000000000000e+02
3.520000000000000000e+02
3.560000000000000000e+02
3.520000000000000000e+02
3.746666666666666856e+02
3.830000000000000000e+02
3.840000000000000000e+02
4.093333333333333144e+02
3.520000000000000000e+02
3.780000000000000000e+02
4.060000000000000000e+02
3.546666666666666856e+02
3.820000000000000000e+02
5.050000000000000000e+02
5.180000000000000000e+02
5.120000000000000000e+02
5.050000000000000000e+02
3.880000000000000000e+02
3.853333333333333144e+02
3.626666666666666856e+02
3.740000000000000000e+02
3.840000000000000000e+02
3.790000000000000000e+02
3.830000000000000000e+02
3.840000000000000000e+02
3.640000000000000000e+02
3.653333333333333144e+02
3.626666666666666856e+02
3.530000000000000000e+02
3.720000000000000000e+02
3.720000000000000000e+02
4.293333333333333144e+02
3.746666666666666856e+02
3.700000000000000000e+02
3.640000000000000000e+02
3.730000000000000000e+02
4.000000000000000000e+02
3.960000000000000000e+02
3.880000000000000000e+02
3.840000000000000000e+02
3.746666666666666856e+02
4.650000000000000000e+02
3.870000000000000000e+02
3.840000000000000000e+02
5.510000000000000000e+02
5.180000000000000000e+02
5.130000000000000000e+02
5.120000000000000000e+02
5.330000000000000000e+02
5.160000000000000000e+02
4.060000000000000000e+02
4.010000000000000000e+02
4.040000000000000000e+02
3.800000000000000000e+02
3.893333333333333144e+02
3.900000000000000000e+02
4.260000000000000000e+02
4.306666666666666856e+02
3.880000000000000000e+02
3.770000000000000000e+02
3.920000000000000000e+02
4.120000000000000000e+02
4.610000000000000000e+02
4.546666666666666856e+02
4.560000000000000000e+02
4.640000000000000000e+02
3.880000000000000000e+02
3.920000000000000000e+02
3.880000000000000000e+02
5.040000000000000000e+02
4.240000000000000000e+02
4.866666666666666856e+02
5.053333333333333144e+02
4.586666666666666856e+02
5.746666666666666288e+02
4.180000000000000000e+02
5.920000000000000000e+02
5.740000000000000000e+02
5.680000000000000000e+02
5.850000000000000000e+02
5.400000000000000000e+02
4.520000000000000000e+02
6.100000000000000000e+02
5.880000000000000000e+02
6.120000000000000000e+02
7.950000000000000000e+02
7.880000000000000000e+02
5.120000000000000000e+02
5.140000000000000000e+02
5.573333333333333712e+02
4.760000000000000000e+02
4.670000000000000000e+02
4.720000000000000000e+02
4.586666666666666856e+02
4.590000000000000000e+02
5.706666666666666288e+02
7.340000000000000000e+02
6.890000000000000000e+02
6.570000000000000000e+02
4.430000000000000000e+02
5.110000000000000000e+02
5.120000000000000000e+02
5.040000000000000000e+02
4.640000000000000000e+02
7.690000000000000000e+02
5.920000000000000000e+02
5.520000000000000000e+02
6.026666666666666288e+02
5.620000000000000000e+02
5.970000000000000000e+02
5.920000000000000000e+02
6.270000000000000000e+02
6.000000000000000000e+02
5.880000000000000000e+02
5.586666666666666288e+02
5.280000000000000000e+02
7.590000000000000000e+02
5.640000000000000000e+02
5.333333333333333712e+02
5.280000000000000000e+02
4.980000000000000000e+02
5.160000000000000000e+02
5.920000000000000000e+02
7.960000000000000000e+02
4.460000000000000000e+02
6.180000000000000000e+02
7.140000000000000000e+02
6.570000000000000000e+02
7.280000000000000000e+02
5.960000000000000000e+02
7.680000000000000000e+02
7.060000000000000000e+02
7.560000000000000000e+02
5.160000000000000000e+02
7.210000000000000000e+02
7.786666666666666288e+02
5.370000000000000000e+02
6.040000000000000000e+02
5.813333333333333712e+02
5.333333333333333712e+02
6.270000000000000000e+02
5.910000000000000000e+02
6.040000000000000000e+02
