7.440000000000000000e+02
7.420000000000000000e+02
7.450000000000000000e+02
7.470000000000000000e+02
4.880000000000000000e+02
7.520000000000000000e+02
4.880000000000000000e+02
6.950000000000000000e+02
7.230000000000000000e+02
6.906666666666666288e+02
5.293333333333333712e+02
7.413333333333333712e+02
7.560000000000000000e+02
7.440000000000000000e+02
7.680000000000000000e+02
7.453333333333333712e+02
7.620000000000000000e+02
7.600000000000000000e+02
7.590000000000000000e+02
7.640000000000000000e+02
7.640000000000000000e+02
6.960000000000000000e+02
5.066666666666666856e+02
7.490000000000000000e+02
7.480000000000000000e+02
7.440000000000000000e+02
7.480000000000000000e+02
7.400000000000000000e+02
4.760000000000000000e+02
7.533333333333333712e+02
6.826666666666666288e+02
6.420000000000000000e+02
7.440000000000000000e+02
7.440000000000000000e+02
7.520000000000000000e+02
7.460000000000000000e+02
6.360000000000000000e+02
4.780000000000000000e+02
4.720000000000000000e+02
4.720000000000000000e+02
7.493333333333333712e+02
4.733333333333333144e+02
7.380000000000000000e+02
7.520000000000000000e+02
7.560000000000000000e+02
5.220000000000000000e+02
7.600000000000000000e+02
7.600000000000000000e+02
7.600000000000000000e+02
7.560000000000000000e+02
7.600000000000000000e+02
7.600000000000000000e+02
7.560000000000000000e+02
7.490000000000000000e+02
4.500000000000000000e+02
4.893333333333333144e+02
4.760000000000000000e+02
4.680000000000000000e+02
7.013333333333333712e+02
6.910000000000000000e+02
4.760000000000000000e+02
4.810000000000000000e+02
7.580000000000000000e+02
7.420000000000000000e+02
7.050000000000000000e+02
7.180000000000000000e+02
4.760000000000000000e+02
7.386666666666666288e+02
5.080000000000000000e+02
5.480000000000000000e+02
5.340000000000000000e+02
5.493333333333333712e+02
5.493333333333333712e+02
5.460000000000000000e+02
5.680000000000000000e+02
5.780000000000000000e+02
7.586666666666666288e+02
7.560000000000000000e+02
7.560000000000000000e+02
7.560000000000000000e+02
7.560000000000000000e+02
7.520000000000000000e+02
7.520000000000000000e+02
5.640000000000000000e+02
5.720000000000000000e+02
5.680000000000000000e+02
5.440000000000000000e+02
5.480000000000000000e+02
5.400000000000000000e+02
5.320000000000000000e+02
5.080000000000000000e+02
5.200000000000000000e+02
5.200000000000000000e+02
5.540000000000000000e+02
5.400000000000000000e+02
5.160000000000000000e+02
5.330000000000000000e+02
4.613333333333333144e+02
5.000000000000000000e+02
4.960000000000000000e+02
5.040000000000000000e+02
5.600000000000000000e+02
5.240000000000000000e+02
5.300000000000000000e+02
5.570000000000000000e+02
5.520000000000000000e+02
5.560000000000000000e+02
5.640000000000000000e+02
5.640000000000000000e+02
7.560000000000000000e+02
7.560000000000000000e+02
7.840000000000000000e+02
7.660000000000000000e+02
7.600000000000000000e+02
7.520000000000000000e+02
5.640000000000000000e+02
5.640000000000000000e+02
5.680000000000000000e+02
5.560000000000000000e+02
5.560000000000000000e+02
4.980000000000000000e+02
4.986666666666666856e+02
5.100000000000000000e+02
5.000000000000000000e+02
5.040000000000000000e+02
5.706666666666666288e+02
4.626666666666666856e+02
7.453333333333333712e+02
4.973333333333333144e+02
5.120000000000000000e+02
5.600000000000000000e+02
5.040000000000000000e+02
5.000000000000000000e+02
5.070000000000000000e+02
5.080000000000000000e+02
4.480000000000000000e+02
4.400000000000000000e+02
4.440000000000000000e+02
4.410000000000000000e+02
4.360000000000000000e+02
5.600000000000000000e+02
4.480000000000000000e+02
4.420000000000000000e+02
7.640000000000000000e+02
4.360000000000000000e+02
4.360000000000000000e+02
4.430000000000000000e+02
4.540000000000000000e+02
4.400000000000000000e+02
4.440000000000000000e+02
4.480000000000000000e+02
4.440000000000000000e+02
4.400000000000000000e+02
4.410000000000000000e+02
5.200000000000000000e+02
5.080000000000000000e+02
5.666666666666666288e+02
5.550000000000000000e+02
4.600000000000000000e+02
4.560000000000000000e+02
7.380000000000000000e+02
4.840000000000000000e+02
4.760000000000000000e+02
4.730000000000000000e+02
4.440000000000000000e+02
4.760000000000000000e+02
4.360000000000000000e+02
4.360000000000000000e+02
4.280000000000000000e+02
4.160000000000000000e+02
4.510000000000000000e+02
4.440000000000000000e+02
4.360000000000000000e+02
4.280000000000000000e+02
4.470000000000000000e+02
5.426666666666666288e+02
4.160000000000000000e+02
4.200000000000000000e+02
4.200000000000000000e+02
4.200000000000000000e+02
4.160000000000000000e+02
4.253333333333333144e+02
4.360000000000000000e+02
4.280000000000000000e+02
4.320000000000000000e+02
4.360000000000000000e+02
4.400000000000000000e+02
4.680000000000000000e+02
5.290000000000000000e+02
5.280000000000000000e+02
5.180000000000000000e+02
7.453333333333333712e+02
6.780000000000000000e+02
5.260000000000000000e+02
5.240000000000000000e+02
5.280000000000000000e+02
4.720000000000000000e+02
4.650000000000000000e+02
4.320000000000000000e+02
4.280000000000000000e+02
4.280000000000000000e+02
4.280000000000000000e+02
4.440000000000000000e+02
4.240000000000000000e+02
4.080000000000000000e+02
4.120000000000000000e+02
4.120000000000000000e+02
4.200000000000000000e+02
4.200000000000000000e+02
4.200000000000000000e+02
4.160000000000000000e+02
4.200000000000000000e+02
4.180000000000000000e+02
4.400000000000000000e+02
4.360000000000000000e+02
4.360000000000000000e+02
4.320000000000000000e+02
4.320000000000000000e+02
4.440000000000000000e+02
4.760000000000000000e+02
4.706666666666666856e+02
4.810000000000000000e+02
4.920000000000000000e+02
5.100000000000000000e+02
5.120000000000000000e+02
5.090000000000000000e+02
4.920000000000000000e+02
4.480000000000000000e+02
5.053333333333333144e+02
5.000000000000000000e+02
4.400000000000000000e+02
4.440000000000000000e+02
4.420000000000000000e+02
4.440000000000000000e+02
4.440000000000000000e+02
4.440000000000000000e+02
4.386666666666666856e+02
4.000000000000000000e+02
4.550000000000000000e+02
4.160000000000000000e+02
4.253333333333333144e+02
4.360000000000000000e+02
4.260000000000000000e+02
4.426666666666666856e+02
4.440000000000000000e+02
4.400000000000000000e+02
4.440000000000000000e+02
4.400000000000000000e+02
4.466666666666666856e+02
4.980000000000000000e+02
5.040000000000000000e+02
5.240000000000000000e+02
5.260000000000000000e+02
5.266666666666666288e+02
7.506666666666666288e+02
7.470000000000000000e+02
4.920000000000000000e+02
4.880000000000000000e+02
4.830000000000000000e+02
5.280000000000000000e+02
5.320000000000000000e+02
4.746666666666666856e+02
5.120000000000000000e+02
5.160000000000000000e+02
5.280000000000000000e+02
5.190000000000000000e+02
5.760000000000000000e+02
5.730000000000000000e+02
5.573333333333333712e+02
7.400000000000000000e+02
7.440000000000000000e+02
7.520000000000000000e+02
7.480000000000000000e+02
7.400000000000000000e+02
7.360000000000000000e+02
5.680000000000000000e+02
5.680000000000000000e+02
5.760000000000000000e+02
5.160000000000000000e+02
5.200000000000000000e+02
5.200000000000000000e+02
5.200000000000000000e+02
5.120000000000000000e+02
4.730000000000000000e+02
4.906666666666666856e+02
5.000000000000000000e+02
4.990000000000000000e+02
7.260000000000000000e+02
7.440000000000000000e+02
7.480000000000000000e+02
7.100000000000000000e+02
4.880000000000000000e+02
5.150000000000000000e+02
4.920000000000000000e+02
4.770000000000000000e+02
5.080000000000000000e+02
4.866666666666666856e+02
5.293333333333333712e+02
5.666666666666666288e+02
5.680000000000000000e+02
7.440000000000000000e+02
7.290000000000000000e+02
7.400000000000000000e+02
7.440000000000000000e+02
7.440000000000000000e+02
7.880000000000000000e+02
7.750000000000000000e+02
7.510000000000000000e+02
7.410000000000000000e+02
4.826666666666666856e+02
4.893333333333333144e+02
7.560000000000000000e+02
7.450000000000000000e+02
5.030000000000000000e+02
5.480000000000000000e+02
5.760000000000000000e+02
6.840000000000000000e+02
5.610000000000000000e+02
5.440000000000000000e+02
5.390000000000000000e+02
5.226666666666666288e+02
7.560000000000000000e+02
5.480000000000000000e+02
5.213333333333333712e+02
7.470000000000000000e+02
4.960000000000000000e+02
4.640000000000000000e+02
4.386666666666666856e+02
7.453333333333333712e+02
5.380000000000000000e+02
5.380000000000000000e+02
7.610000000000000000e+02
7.480000000000000000e+02
7.560000000000000000e+02
7.600000000000000000e+02
7.520000000000000000e+02
