5.100000000000000000e+02
4.960000000000000000e+02
5.140000000000000000e+02
5.030000000000000000e+02
4.573333333333333144e+02
5.200000000000000000e+02
3.880000000000000000e+02
7.380000000000000000e+02
3.400000000000000000e+02
7.260000000000000000e+02
3.450000000000000000e+02
3.440000000000000000e+02
3.546666666666666856e+02
4.420000000000000000e+02
4.410000000000000000e+02
4.530000000000000000e+02
3.620000000000000000e+02
3.746666666666666856e+02
4.413333333333333144e+02
4.360000000000000000e+02
3.610000000000000000e+02
3.700000000000000000e+02
3.470000000000000000e+02
3.720000000000000000e+02
3.813333333333333144e+02
5.470000000000000000e+02
3.840000000000000000e+02
4.080000000000000000e+02
4.400000000000000000e+02
4.160000000000000000e+02
5.293333333333333712e+02
5.200000000000000000e+02
5.280000000000000000e+02
5.460000000000000000e+02
4.840000000000000000e+02
5.500000000000000000e+02
5.480000000000000000e+02
4.450000000000000000e+02
6.620000000000000000e+02
3.330000000000000000e+02
5.173333333333333712e+02
6.760000000000000000e+02
3.740000000000000000e+02
3.440000000000000000e+02
4.660000000000000000e+02
4.120000000000000000e+02
3.870000000000000000e+02
3.720000000000000000e+02
3.680000000000000000e+02
3.730000000000000000e+02
3.480000000000000000e+02
3.986666666666666856e+02
3.480000000000000000e+02
3.600000000000000000e+02
3.550000000000000000e+02
3.740000000000000000e+02
7.653333333333333712e+02
5.500000000000000000e+02
4.800000000000000000e+02
4.013333333333333144e+02
5.050000000000000000e+02
5.600000000000000000e+02
5.300000000000000000e+02
5.320000000000000000e+02
5.120000000000000000e+02
5.533333333333333712e+02
5.600000000000000000e+02
5.380000000000000000e+02
3.906666666666666856e+02
3.970000000000000000e+02
3.920000000000000000e+02
3.630000000000000000e+02
3.640000000000000000e+02
3.640000000000000000e+02
3.560000000000000000e+02
3.480000000000000000e+02
3.470000000000000000e+02
3.480000000000000000e+02
3.920000000000000000e+02
3.840000000000000000e+02
3.813333333333333144e+02
3.600000000000000000e+02
4.200000000000000000e+02
3.520000000000000000e+02
3.480000000000000000e+02
3.550000000000000000e+02
3.530000000000000000e+02
3.520000000000000000e+02
3.400000000000000000e+02
3.480000000000000000e+02
3.680000000000000000e+02
3.640000000000000000e+02
3.600000000000000000e+02
3.980000000000000000e+02
4.030000000000000000e+02
5.080000000000000000e+02
5.050000000000000000e+02
4.990000000000000000e+02
4.770000000000000000e+02
3.680000000000000000e+02
3.680000000000000000e+02
3.650000000000000000e+02
3.520000000000000000e+02
3.480000000000000000e+02
3.890000000000000000e+02
3.800000000000000000e+02
3.790000000000000000e+02
3.640000000000000000e+02
3.550000000000000000e+02
3.640000000000000000e+02
3.640000000000000000e+02
4.690000000000000000e+02
3.600000000000000000e+02
3.613333333333333144e+02
3.520000000000000000e+02
3.510000000000000000e+02
3.540000000000000000e+02
3.746666666666666856e+02
3.840000000000000000e+02
3.840000000000000000e+02
4.093333333333333144e+02
3.360000000000000000e+02
3.680000000000000000e+02
3.380000000000000000e+02
3.746666666666666856e+02
3.826666666666666856e+02
5.093333333333333144e+02
4.770000000000000000e+02
4.860000000000000000e+02
5.150000000000000000e+02
5.090000000000000000e+02
4.253333333333333144e+02
3.600000000000000000e+02
3.746666666666666856e+02
3.870000000000000000e+02
3.790000000000000000e+02
3.840000000000000000e+02
3.860000000000000000e+02
3.760000000000000000e+02
3.653333333333333144e+02
3.640000000000000000e+02
3.610000000000000000e+02
3.653333333333333144e+02
4.706666666666666856e+02
4.293333333333333144e+02
4.626666666666666856e+02
3.700000000000000000e+02
3.680000000000000000e+02
3.750000000000000000e+02
4.050000000000000000e+02
3.970000000000000000e+02
3.920000000000000000e+02
3.900000000000000000e+02
3.880000000000000000e+02
4.650000000000000000e+02
3.880000000000000000e+02
3.860000000000000000e+02
5.510000000000000000e+02
5.180000000000000000e+02
4.970000000000000000e+02
5.200000000000000000e+02
5.330000000000000000e+02
5.490000000000000000e+02
4.060000000000000000e+02
4.020000000000000000e+02
3.880000000000000000e+02
4.110000000000000000e+02
3.880000000000000000e+02
3.840000000000000000e+02
4.026666666666666856e+02
4.000000000000000000e+02
3.880000000000000000e+02
3.770000000000000000e+02
3.866666666666666856e+02
4.680000000000000000e+02
4.590000000000000000e+02
4.280000000000000000e+02
4.560000000000000000e+02
3.600000000000000000e+02
3.880000000000000000e+02
3.880000000000000000e+02
3.880000000000000000e+02
5.080000000000000000e+02
4.040000000000000000e+02
4.700000000000000000e+02
5.060000000000000000e+02
5.093333333333333144e+02
5.890000000000000000e+02
6.190000000000000000e+02
6.250000000000000000e+02
5.740000000000000000e+02
5.680000000000000000e+02
5.813333333333333712e+02
6.120000000000000000e+02
4.520000000000000000e+02
5.960000000000000000e+02
6.040000000000000000e+02
7.960000000000000000e+02
5.900000000000000000e+02
4.800000000000000000e+02
5.253333333333333712e+02
5.140000000000000000e+02
5.093333333333333144e+02
4.740000000000000000e+02
4.590000000000000000e+02
4.720000000000000000e+02
4.560000000000000000e+02
4.640000000000000000e+02
5.706666666666666288e+02
7.640000000000000000e+02
6.910000000000000000e+02
4.466666666666666856e+02
4.786666666666666856e+02
4.800000000000000000e+02
5.070000000000000000e+02
5.020000000000000000e+02
4.640000000000000000e+02
7.690000000000000000e+02
5.420000000000000000e+02
6.133333333333333712e+02
6.050000000000000000e+02
5.973333333333333712e+02
5.933333333333333712e+02
4.880000000000000000e+02
5.980000000000000000e+02
5.770000000000000000e+02
5.720000000000000000e+02
4.733333333333333144e+02
5.280000000000000000e+02
7.480000000000000000e+02
5.740000000000000000e+02
5.173333333333333712e+02
5.130000000000000000e+02
4.980000000000000000e+02
5.106666666666666856e+02
5.920000000000000000e+02
7.300000000000000000e+02
4.460000000000000000e+02
6.180000000000000000e+02
7.760000000000000000e+02
7.613333333333333712e+02
7.280000000000000000e+02
7.270000000000000000e+02
7.680000000000000000e+02
7.706666666666666288e+02
7.546666666666666288e+02
6.880000000000000000e+02
5.500000000000000000e+02
5.720000000000000000e+02
5.600000000000000000e+02
7.090000000000000000e+02
5.080000000000000000e+02
5.306666666666666288e+02
6.280000000000000000e+02
5.910000000000000000e+02
5.706666666666666288e+02
