6.013333333333333712e+02
6.026666666666666288e+02
5.630000000000000000e+02
6.120000000000000000e+02
5.960000000000000000e+02
5.660000000000000000e+02
5.630000000000000000e+02
5.110000000000000000e+02
5.600000000000000000e+02
5.520000000000000000e+02
5.186666666666666288e+02
5.500000000000000000e+02
4.800000000000000000e+02
4.666666666666666856e+02
5.190000000000000000e+02
5.240000000000000000e+02
4.730000000000000000e+02
4.960000000000000000e+02
5.080000000000000000e+02
4.680000000000000000e+02
4.680000000000000000e+02
4.700000000000000000e+02
5.310000000000000000e+02
5.340000000000000000e+02
5.330000000000000000e+02
5.190000000000000000e+02
5.390000000000000000e+02
5.530000000000000000e+02
5.626666666666666288e+02
6.140000000000000000e+02
6.013333333333333712e+02
6.110000000000000000e+02
5.570000000000000000e+02
6.293333333333333712e+02
5.850000000000000000e+02
6.340000000000000000e+02
5.560000000000000000e+02
5.570000000000000000e+02
4.440000000000000000e+02
5.490000000000000000e+02
5.400000000000000000e+02
5.493333333333333712e+02
4.910000000000000000e+02
4.760000000000000000e+02
4.640000000000000000e+02
4.600000000000000000e+02
4.560000000000000000e+02
4.730000000000000000e+02
4.560000000000000000e+02
4.520000000000000000e+02
4.440000000000000000e+02
4.600000000000000000e+02
4.720000000000000000e+02
4.653333333333333144e+02
4.470000000000000000e+02
4.573333333333333144e+02
4.200000000000000000e+02
4.280000000000000000e+02
4.280000000000000000e+02
4.200000000000000000e+02
5.750000000000000000e+02
6.210000000000000000e+02
5.293333333333333712e+02
5.680000000000000000e+02
5.680000000000000000e+02
5.670000000000000000e+02
5.580000000000000000e+02
4.160000000000000000e+02
4.240000000000000000e+02
4.200000000000000000e+02
4.200000000000000000e+02
4.040000000000000000e+02
4.120000000000000000e+02
4.200000000000000000e+02
4.240000000000000000e+02
4.013333333333333144e+02
4.040000000000000000e+02
4.040000000000000000e+02
4.310000000000000000e+02
4.480000000000000000e+02
4.580000000000000000e+02
4.106666666666666856e+02
4.120000000000000000e+02
4.080000000000000000e+02
4.120000000000000000e+02
4.200000000000000000e+02
4.160000000000000000e+02
4.186666666666666856e+02
4.040000000000000000e+02
4.120000000000000000e+02
4.160000000000000000e+02
4.160000000000000000e+02
4.200000000000000000e+02
4.200000000000000000e+02
4.900000000000000000e+02
5.760000000000000000e+02
5.590000000000000000e+02
5.160000000000000000e+02
4.200000000000000000e+02
4.160000000000000000e+02
4.120000000000000000e+02
4.160000000000000000e+02
4.240000000000000000e+02
4.000000000000000000e+02
4.160000000000000000e+02
4.170000000000000000e+02
4.160000000000000000e+02
4.160000000000000000e+02
4.110000000000000000e+02
4.110000000000000000e+02
4.160000000000000000e+02
4.580000000000000000e+02
4.546666666666666856e+02
4.240000000000000000e+02
4.200000000000000000e+02
4.130000000000000000e+02
4.160000000000000000e+02
4.160000000000000000e+02
4.200000000000000000e+02
4.440000000000000000e+02
4.100000000000000000e+02
4.120000000000000000e+02
4.106666666666666856e+02
4.200000000000000000e+02
4.170000000000000000e+02
4.160000000000000000e+02
4.186666666666666856e+02
4.980000000000000000e+02
5.560000000000000000e+02
5.600000000000000000e+02
5.680000000000000000e+02
5.420000000000000000e+02
4.540000000000000000e+02
4.180000000000000000e+02
4.200000000000000000e+02
4.360000000000000000e+02
4.280000000000000000e+02
4.230000000000000000e+02
4.160000000000000000e+02
4.160000000000000000e+02
4.220000000000000000e+02
4.200000000000000000e+02
4.200000000000000000e+02
4.560000000000000000e+02
4.520000000000000000e+02
4.540000000000000000e+02
4.500000000000000000e+02
4.160000000000000000e+02
4.210000000000000000e+02
4.260000000000000000e+02
4.280000000000000000e+02
4.270000000000000000e+02
4.280000000000000000e+02
4.280000000000000000e+02
4.240000000000000000e+02
4.200000000000000000e+02
4.540000000000000000e+02
5.310000000000000000e+02
5.410000000000000000e+02
5.540000000000000000e+02
5.600000000000000000e+02
5.690000000000000000e+02
5.730000000000000000e+02
5.706666666666666288e+02
5.720000000000000000e+02
5.630000000000000000e+02
4.260000000000000000e+02
5.320000000000000000e+02
4.160000000000000000e+02
4.170000000000000000e+02
4.080000000000000000e+02
4.960000000000000000e+02
4.120000000000000000e+02
4.560000000000000000e+02
4.460000000000000000e+02
4.386666666666666856e+02
5.210000000000000000e+02
4.760000000000000000e+02
4.600000000000000000e+02
5.010000000000000000e+02
4.930000000000000000e+02
4.800000000000000000e+02
4.860000000000000000e+02
5.200000000000000000e+02
5.520000000000000000e+02
5.660000000000000000e+02
7.013333333333333712e+02
6.210000000000000000e+02
5.946666666666666288e+02
5.800000000000000000e+02
5.670000000000000000e+02
5.680000000000000000e+02
5.700000000000000000e+02
5.680000000000000000e+02
6.050000000000000000e+02
6.160000000000000000e+02
6.140000000000000000e+02
5.660000000000000000e+02
5.670000000000000000e+02
5.360000000000000000e+02
5.840000000000000000e+02
4.960000000000000000e+02
4.960000000000000000e+02
4.960000000000000000e+02
4.850000000000000000e+02
4.900000000000000000e+02
4.880000000000000000e+02
5.430000000000000000e+02
6.790000000000000000e+02
6.106666666666666288e+02
4.940000000000000000e+02
4.760000000000000000e+02
5.386666666666666288e+02
5.260000000000000000e+02
5.840000000000000000e+02
6.133333333333333712e+02
5.693333333333333712e+02
5.600000000000000000e+02
5.693333333333333712e+02
6.230000000000000000e+02
6.240000000000000000e+02
5.920000000000000000e+02
5.610000000000000000e+02
5.720000000000000000e+02
5.690000000000000000e+02
5.720000000000000000e+02
5.550000000000000000e+02
5.840000000000000000e+02
5.880000000000000000e+02
5.640000000000000000e+02
6.020000000000000000e+02
6.533333333333333712e+02
6.830000000000000000e+02
6.600000000000000000e+02
6.050000000000000000e+02
5.990000000000000000e+02
6.020000000000000000e+02
5.333333333333333712e+02
6.840000000000000000e+02
6.620000000000000000e+02
6.550000000000000000e+02
6.820000000000000000e+02
6.693333333333333712e+02
6.290000000000000000e+02
7.213333333333333712e+02
6.426666666666666288e+02
6.020000000000000000e+02
7.210000000000000000e+02
5.460000000000000000e+02
6.940000000000000000e+02
5.750000000000000000e+02
5.900000000000000000e+02
5.700000000000000000e+02
5.680000000000000000e+02
5.660000000000000000e+02
5.690000000000000000e+02
