5.370000000000000000e+02
5.180000000000000000e+02
5.130000000000000000e+02
5.210000000000000000e+02
4.800000000000000000e+02
5.210000000000000000e+02
4.333333333333333144e+02
5.320000000000000000e+02
3.426666666666666856e+02
7.260000000000000000e+02
3.640000000000000000e+02
3.450000000000000000e+02
3.400000000000000000e+02
4.420000000000000000e+02
4.410000000000000000e+02
4.360000000000000000e+02
3.620000000000000000e+02
4.100000000000000000e+02
4.470000000000000000e+02
4.380000000000000000e+02
3.586666666666666856e+02
3.750000000000000000e+02
3.700000000000000000e+02
3.610000000000000000e+02
3.693333333333333144e+02
5.370000000000000000e+02
3.880000000000000000e+02
4.053333333333333144e+02
4.680000000000000000e+02
5.453333333333333712e+02
5.293333333333333712e+02
5.200000000000000000e+02
5.200000000000000000e+02
5.540000000000000000e+02
5.380000000000000000e+02
5.480000000000000000e+02
5.540000000000000000e+02
5.450000000000000000e+02
3.920000000000000000e+02
3.330000000000000000e+02
2.720000000000000000e+02
3.440000000000000000e+02
3.740000000000000000e+02
3.440000000000000000e+02
4.660000000000000000e+02
4.120000000000000000e+02
3.870000000000000000e+02
3.820000000000000000e+02
3.660000000000000000e+02
3.710000000000000000e+02
3.820000000000000000e+02
3.480000000000000000e+02
3.480000000000000000e+02
3.520000000000000000e+02
3.693333333333333144e+02
3.670000000000000000e+02
3.670000000000000000e+02
4.560000000000000000e+02
4.800000000000000000e+02
4.040000000000000000e+02
5.480000000000000000e+02
5.090000000000000000e+02
5.230000000000000000e+02
5.350000000000000000e+02
5.590000000000000000e+02
5.600000000000000000e+02
3.826666666666666856e+02
4.820000000000000000e+02
3.660000000000000000e+02
4.140000000000000000e+02
3.586666666666666856e+02
3.630000000000000000e+02
3.640000000000000000e+02
3.640000000000000000e+02
3.560000000000000000e+02
3.480000000000000000e+02
3.480000000000000000e+02
3.573333333333333144e+02
3.880000000000000000e+02
3.880000000000000000e+02
3.893333333333333144e+02
3.620000000000000000e+02
3.550000000000000000e+02
3.480000000000000000e+02
3.280000000000000000e+02
3.520000000000000000e+02
3.520000000000000000e+02
3.500000000000000000e+02
3.460000000000000000e+02
3.440000000000000000e+02
3.650000000000000000e+02
3.640000000000000000e+02
3.586666666666666856e+02
3.980000000000000000e+02
4.013333333333333144e+02
5.120000000000000000e+02
5.050000000000000000e+02
4.293333333333333144e+02
4.770000000000000000e+02
3.700000000000000000e+02
3.700000000000000000e+02
3.640000000000000000e+02
3.520000000000000000e+02
3.480000000000000000e+02
3.426666666666666856e+02
3.800000000000000000e+02
4.020000000000000000e+02
3.640000000000000000e+02
3.620000000000000000e+02
3.540000000000000000e+02
3.640000000000000000e+02
3.640000000000000000e+02
3.660000000000000000e+02
3.613333333333333144e+02
3.586666666666666856e+02
3.530000000000000000e+02
3.540000000000000000e+02
3.880000000000000000e+02
3.840000000000000000e+02
3.866666666666666856e+02
3.920000000000000000e+02
3.920000000000000000e+02
3.680000000000000000e+02
3.650000000000000000e+02
3.546666666666666856e+02
3.430000000000000000e+02
5.093333333333333144e+02
5.090000000000000000e+02
4.860000000000000000e+02
5.160000000000000000e+02
3.866666666666666856e+02
3.800000000000000000e+02
3.650000000000000000e+02
3.740000000000000000e+02
3.960000000000000000e+02
3.440000000000000000e+02
3.826666666666666856e+02
3.880000000000000000e+02
3.706666666666666856e+02
3.653333333333333144e+02
3.640000000000000000e+02
4.920000000000000000e+02
3.640000000000000000e+02
3.720000000000000000e+02
4.293333333333333144e+02
4.626666666666666856e+02
4.020000000000000000e+02
3.680000000000000000e+02
3.750000000000000000e+02
4.050000000000000000e+02
3.970000000000000000e+02
3.880000000000000000e+02
3.880000000000000000e+02
3.746666666666666856e+02
3.860000000000000000e+02
3.900000000000000000e+02
3.840000000000000000e+02
5.510000000000000000e+02
5.180000000000000000e+02
5.180000000000000000e+02
5.200000000000000000e+02
5.330000000000000000e+02
5.160000000000000000e+02
4.040000000000000000e+02
4.020000000000000000e+02
3.920000000000000000e+02
4.150000000000000000e+02
3.890000000000000000e+02
3.900000000000000000e+02
3.970000000000000000e+02
4.000000000000000000e+02
3.880000000000000000e+02
3.770000000000000000e+02
3.866666666666666856e+02
3.910000000000000000e+02
4.580000000000000000e+02
4.280000000000000000e+02
4.560000000000000000e+02
4.760000000000000000e+02
3.866666666666666856e+02
3.920000000000000000e+02
3.880000000000000000e+02
4.980000000000000000e+02
4.480000000000000000e+02
4.150000000000000000e+02
5.026666666666666856e+02
5.093333333333333144e+02
4.720000000000000000e+02
4.740000000000000000e+02
6.100000000000000000e+02
5.720000000000000000e+02
5.790000000000000000e+02
5.870000000000000000e+02
5.426666666666666288e+02
5.920000000000000000e+02
6.080000000000000000e+02
6.080000000000000000e+02
7.310000000000000000e+02
5.900000000000000000e+02
4.760000000000000000e+02
5.120000000000000000e+02
5.050000000000000000e+02
5.093333333333333144e+02
4.740000000000000000e+02
4.810000000000000000e+02
4.440000000000000000e+02
4.586666666666666856e+02
4.640000000000000000e+02
4.650000000000000000e+02
4.480000000000000000e+02
6.890000000000000000e+02
4.906666666666666856e+02
4.820000000000000000e+02
5.120000000000000000e+02
5.133333333333333712e+02
5.090000000000000000e+02
4.280000000000000000e+02
7.690000000000000000e+02
5.920000000000000000e+02
5.866666666666666288e+02
5.190000000000000000e+02
5.973333333333333712e+02
6.080000000000000000e+02
5.940000000000000000e+02
5.980000000000000000e+02
5.800000000000000000e+02
6.000000000000000000e+02
4.733333333333333144e+02
5.280000000000000000e+02
5.453333333333333712e+02
5.740000000000000000e+02
5.150000000000000000e+02
5.280000000000000000e+02
7.670000000000000000e+02
5.080000000000000000e+02
7.800000000000000000e+02
5.920000000000000000e+02
7.000000000000000000e+02
6.180000000000000000e+02
4.586666666666666856e+02
4.160000000000000000e+02
7.000000000000000000e+02
7.270000000000000000e+02
5.960000000000000000e+02
6.960000000000000000e+02
5.933333333333333712e+02
6.880000000000000000e+02
6.760000000000000000e+02
5.720000000000000000e+02
5.600000000000000000e+02
7.090000000000000000e+02
5.950000000000000000e+02
5.706666666666666288e+02
6.230000000000000000e+02
6.210000000000000000e+02
6.180000000000000000e+02
