5.370000000000000000e+02
4.960000000000000000e+02
5.170000000000000000e+02
5.030000000000000000e+02
5.270000000000000000e+02
5.210000000000000000e+02
5.160000000000000000e+02
5.320000000000000000e+02
3.400000000000000000e+02
5.640000000000000000e+02
3.440000000000000000e+02
3.460000000000000000e+02
3.546666666666666856e+02
4.510000000000000000e+02
4.410000000000000000e+02
4.150000000000000000e+02
4.190000000000000000e+02
4.400000000000000000e+02
4.373333333333333144e+02
4.426666666666666856e+02
3.510000000000000000e+02
3.400000000000000000e+02
3.380000000000000000e+02
3.720000000000000000e+02
3.693333333333333144e+02
3.760000000000000000e+02
3.826666666666666856e+02
4.580000000000000000e+02
4.680000000000000000e+02
5.330000000000000000e+02
5.410000000000000000e+02
5.370000000000000000e+02
5.300000000000000000e+02
5.540000000000000000e+02
5.220000000000000000e+02
5.640000000000000000e+02
5.370000000000000000e+02
4.450000000000000000e+02
3.586666666666666856e+02
3.330000000000000000e+02
5.173333333333333712e+02
3.440000000000000000e+02
3.470000000000000000e+02
3.460000000000000000e+02
4.660000000000000000e+02
4.290000000000000000e+02
3.830000000000000000e+02
3.770000000000000000e+02
3.660000000000000000e+02
3.720000000000000000e+02
3.453333333333333144e+02
3.480000000000000000e+02
3.480000000000000000e+02
3.600000000000000000e+02
3.480000000000000000e+02
3.210000000000000000e+02
6.500000000000000000e+02
5.140000000000000000e+02
4.800000000000000000e+02
4.040000000000000000e+02
5.050000000000000000e+02
5.090000000000000000e+02
5.610000000000000000e+02
4.500000000000000000e+02
5.320000000000000000e+02
5.440000000000000000e+02
5.420000000000000000e+02
5.600000000000000000e+02
3.840000000000000000e+02
3.973333333333333144e+02
3.670000000000000000e+02
4.506666666666666856e+02
3.640000000000000000e+02
3.510000000000000000e+02
3.580000000000000000e+02
3.470000000000000000e+02
3.480000000000000000e+02
3.490000000000000000e+02
3.380000000000000000e+02
4.200000000000000000e+02
3.720000000000000000e+02
3.600000000000000000e+02
3.500000000000000000e+02
3.480000000000000000e+02
3.480000000000000000e+02
3.520000000000000000e+02
3.520000000000000000e+02
3.500000000000000000e+02
3.400000000000000000e+02
3.470000000000000000e+02
3.650000000000000000e+02
3.680000000000000000e+02
3.780000000000000000e+02
3.980000000000000000e+02
5.170000000000000000e+02
5.106666666666666856e+02
5.020000000000000000e+02
4.293333333333333144e+02
4.770000000000000000e+02
3.706666666666666856e+02
3.700000000000000000e+02
3.640000000000000000e+02
3.430000000000000000e+02
3.480000000000000000e+02
3.910000000000000000e+02
3.800000000000000000e+02
3.600000000000000000e+02
3.640000000000000000e+02
3.620000000000000000e+02
3.640000000000000000e+02
3.640000000000000000e+02
3.720000000000000000e+02
3.660000000000000000e+02
3.613333333333333144e+02
3.520000000000000000e+02
3.520000000000000000e+02
3.540000000000000000e+02
3.870000000000000000e+02
3.840000000000000000e+02
3.853333333333333144e+02
3.920000000000000000e+02
3.893333333333333144e+02
3.780000000000000000e+02
3.380000000000000000e+02
3.786666666666666856e+02
3.430000000000000000e+02
5.170000000000000000e+02
4.770000000000000000e+02
4.330000000000000000e+02
5.220000000000000000e+02
5.090000000000000000e+02
4.253333333333333144e+02
3.650000000000000000e+02
3.720000000000000000e+02
3.960000000000000000e+02
3.790000000000000000e+02
3.520000000000000000e+02
3.860000000000000000e+02
3.640000000000000000e+02
3.653333333333333144e+02
3.640000000000000000e+02
4.920000000000000000e+02
3.720000000000000000e+02
4.706666666666666856e+02
4.386666666666666856e+02
4.700000000000000000e+02
3.700000000000000000e+02
3.820000000000000000e+02
3.773333333333333144e+02
4.026666666666666856e+02
3.960000000000000000e+02
3.880000000000000000e+02
3.900000000000000000e+02
3.870000000000000000e+02
4.130000000000000000e+02
3.910000000000000000e+02
5.093333333333333144e+02
5.510000000000000000e+02
4.800000000000000000e+02
5.000000000000000000e+02
5.200000000000000000e+02
5.130000000000000000e+02
5.490000000000000000e+02
6.040000000000000000e+02
4.000000000000000000e+02
3.880000000000000000e+02
4.110000000000000000e+02
3.880000000000000000e+02
4.430000000000000000e+02
3.970000000000000000e+02
4.000000000000000000e+02
3.880000000000000000e+02
3.770000000000000000e+02
3.866666666666666856e+02
3.910000000000000000e+02
4.590000000000000000e+02
4.280000000000000000e+02
4.560000000000000000e+02
4.760000000000000000e+02
3.880000000000000000e+02
3.880000000000000000e+02
3.866666666666666856e+02
5.080000000000000000e+02
4.310000000000000000e+02
4.700000000000000000e+02
5.026666666666666856e+02
5.820000000000000000e+02
4.720000000000000000e+02
6.020000000000000000e+02
5.920000000000000000e+02
5.760000000000000000e+02
5.790000000000000000e+02
5.820000000000000000e+02
5.400000000000000000e+02
5.813333333333333712e+02
5.960000000000000000e+02
6.140000000000000000e+02
7.310000000000000000e+02
5.900000000000000000e+02
7.880000000000000000e+02
5.120000000000000000e+02
5.050000000000000000e+02
4.780000000000000000e+02
4.760000000000000000e+02
4.880000000000000000e+02
4.450000000000000000e+02
4.586666666666666856e+02
4.640000000000000000e+02
4.560000000000000000e+02
5.320000000000000000e+02
7.560000000000000000e+02
4.466666666666666856e+02
4.430000000000000000e+02
5.110000000000000000e+02
5.070000000000000000e+02
5.020000000000000000e+02
4.640000000000000000e+02
5.460000000000000000e+02
5.920000000000000000e+02
5.826666666666666288e+02
5.190000000000000000e+02
5.800000000000000000e+02
5.970000000000000000e+02
4.880000000000000000e+02
5.870000000000000000e+02
4.893333333333333144e+02
6.000000000000000000e+02
4.820000000000000000e+02
6.400000000000000000e+02
7.610000000000000000e+02
5.640000000000000000e+02
5.173333333333333712e+02
5.130000000000000000e+02
7.746666666666666288e+02
5.160000000000000000e+02
4.740000000000000000e+02
7.150000000000000000e+02
7.290000000000000000e+02
6.180000000000000000e+02
7.760000000000000000e+02
6.570000000000000000e+02
7.000000000000000000e+02
7.280000000000000000e+02
7.560000000000000000e+02
7.060000000000000000e+02
7.546666666666666288e+02
6.880000000000000000e+02
5.500000000000000000e+02
5.266666666666666288e+02
5.600000000000000000e+02
7.090000000000000000e+02
5.560000000000000000e+02
5.706666666666666288e+02
6.270000000000000000e+02
5.910000000000000000e+02
6.180000000000000000e+02
