7.360000000000000000e+02
7.410000000000000000e+02
7.450000000000000000e+02
7.470000000000000000e+02
4.830000000000000000e+02
7.520000000000000000e+02
4.960000000000000000e+02
6.950000000000000000e+02
7.230000000000000000e+02
4.933333333333333144e+02
5.280000000000000000e+02
7.413333333333333712e+02
7.520000000000000000e+02
7.440000000000000000e+02
7.680000000000000000e+02
5.920000000000000000e+02
7.600000000000000000e+02
7.560000000000000000e+02
5.390000000000000000e+02
7.600000000000000000e+02
7.620000000000000000e+02
6.960000000000000000e+02
7.450000000000000000e+02
6.840000000000000000e+02
7.480000000000000000e+02
7.440000000000000000e+02
7.480000000000000000e+02
7.400000000000000000e+02
7.410000000000000000e+02
7.330000000000000000e+02
6.826666666666666288e+02
4.880000000000000000e+02
7.440000000000000000e+02
7.440000000000000000e+02
7.520000000000000000e+02
4.840000000000000000e+02
7.520000000000000000e+02
4.800000000000000000e+02
4.760000000000000000e+02
4.800000000000000000e+02
4.760000000000000000e+02
4.733333333333333144e+02
7.493333333333333712e+02
7.520000000000000000e+02
7.520000000000000000e+02
7.613333333333333712e+02
7.600000000000000000e+02
7.600000000000000000e+02
7.600000000000000000e+02
7.600000000000000000e+02
7.600000000000000000e+02
7.560000000000000000e+02
7.600000000000000000e+02
5.426666666666666288e+02
7.400000000000000000e+02
4.800000000000000000e+02
4.670000000000000000e+02
4.660000000000000000e+02
7.013333333333333712e+02
6.910000000000000000e+02
4.910000000000000000e+02
4.810000000000000000e+02
6.906666666666666288e+02
7.546666666666666288e+02
6.933333333333333712e+02
7.180000000000000000e+02
4.760000000000000000e+02
7.386666666666666288e+02
5.080000000000000000e+02
5.480000000000000000e+02
5.480000000000000000e+02
5.453333333333333712e+02
5.400000000000000000e+02
5.333333333333333712e+02
5.720000000000000000e+02
7.630000000000000000e+02
7.586666666666666288e+02
7.573333333333333712e+02
7.560000000000000000e+02
7.560000000000000000e+02
7.520000000000000000e+02
7.560000000000000000e+02
7.560000000000000000e+02
5.680000000000000000e+02
5.680000000000000000e+02
5.640000000000000000e+02
5.480000000000000000e+02
5.520000000000000000e+02
5.400000000000000000e+02
5.320000000000000000e+02
5.080000000000000000e+02
5.200000000000000000e+02
5.173333333333333712e+02
7.530000000000000000e+02
7.450000000000000000e+02
5.133333333333333712e+02
5.040000000000000000e+02
5.026666666666666856e+02
5.093333333333333144e+02
4.980000000000000000e+02
5.000000000000000000e+02
5.600000000000000000e+02
5.200000000000000000e+02
5.160000000000000000e+02
5.570000000000000000e+02
5.560000000000000000e+02
5.560000000000000000e+02
5.640000000000000000e+02
5.640000000000000000e+02
5.613333333333333712e+02
7.520000000000000000e+02
7.840000000000000000e+02
7.773333333333333712e+02
7.560000000000000000e+02
7.520000000000000000e+02
5.640000000000000000e+02
5.640000000000000000e+02
5.670000000000000000e+02
5.560000000000000000e+02
5.560000000000000000e+02
4.933333333333333144e+02
5.000000000000000000e+02
5.160000000000000000e+02
5.120000000000000000e+02
5.040000000000000000e+02
5.670000000000000000e+02
4.626666666666666856e+02
4.910000000000000000e+02
4.830000000000000000e+02
7.506666666666666288e+02
5.600000000000000000e+02
5.040000000000000000e+02
5.000000000000000000e+02
5.280000000000000000e+02
5.080000000000000000e+02
4.440000000000000000e+02
4.400000000000000000e+02
4.410000000000000000e+02
4.440000000000000000e+02
4.346666666666666856e+02
5.630000000000000000e+02
4.480000000000000000e+02
7.640000000000000000e+02
7.400000000000000000e+02
4.320000000000000000e+02
4.360000000000000000e+02
5.180000000000000000e+02
4.466666666666666856e+02
4.400000000000000000e+02
4.440000000000000000e+02
4.440000000000000000e+02
4.400000000000000000e+02
4.400000000000000000e+02
4.400000000000000000e+02
5.120000000000000000e+02
4.960000000000000000e+02
5.640000000000000000e+02
5.550000000000000000e+02
4.780000000000000000e+02
4.580000000000000000e+02
4.640000000000000000e+02
5.100000000000000000e+02
4.760000000000000000e+02
4.840000000000000000e+02
4.440000000000000000e+02
4.680000000000000000e+02
4.330000000000000000e+02
4.360000000000000000e+02
4.320000000000000000e+02
4.360000000000000000e+02
4.480000000000000000e+02
4.440000000000000000e+02
4.360000000000000000e+02
4.280000000000000000e+02
4.120000000000000000e+02
5.426666666666666288e+02
4.160000000000000000e+02
4.040000000000000000e+02
4.200000000000000000e+02
4.160000000000000000e+02
4.120000000000000000e+02
4.400000000000000000e+02
4.240000000000000000e+02
4.280000000000000000e+02
4.320000000000000000e+02
4.320000000000000000e+02
4.400000000000000000e+02
4.680000000000000000e+02
4.653333333333333144e+02
5.240000000000000000e+02
5.140000000000000000e+02
5.690000000000000000e+02
4.960000000000000000e+02
5.350000000000000000e+02
5.280000000000000000e+02
5.240000000000000000e+02
4.720000000000000000e+02
4.680000000000000000e+02
4.360000000000000000e+02
4.280000000000000000e+02
4.280000000000000000e+02
4.400000000000000000e+02
4.440000000000000000e+02
4.120000000000000000e+02
4.160000000000000000e+02
4.160000000000000000e+02
4.120000000000000000e+02
4.160000000000000000e+02
4.200000000000000000e+02
4.200000000000000000e+02
4.160000000000000000e+02
4.160000000000000000e+02
4.150000000000000000e+02
4.400000000000000000e+02
4.360000000000000000e+02
4.400000000000000000e+02
4.280000000000000000e+02
4.320000000000000000e+02
4.440000000000000000e+02
4.760000000000000000e+02
4.760000000000000000e+02
4.920000000000000000e+02
5.080000000000000000e+02
4.990000000000000000e+02
4.720000000000000000e+02
5.090000000000000000e+02
4.930000000000000000e+02
4.480000000000000000e+02
5.013333333333333144e+02
5.040000000000000000e+02
4.360000000000000000e+02
4.440000000000000000e+02
4.440000000000000000e+02
4.360000000000000000e+02
4.440000000000000000e+02
4.440000000000000000e+02
4.240000000000000000e+02
4.013333333333333144e+02
4.120000000000000000e+02
4.160000000000000000e+02
4.253333333333333144e+02
4.400000000000000000e+02
4.240000000000000000e+02
4.440000000000000000e+02
4.440000000000000000e+02
4.400000000000000000e+02
4.400000000000000000e+02
4.360000000000000000e+02
4.653333333333333144e+02
4.960000000000000000e+02
5.000000000000000000e+02
5.280000000000000000e+02
5.330000000000000000e+02
5.320000000000000000e+02
7.506666666666666288e+02
7.520000000000000000e+02
6.050000000000000000e+02
4.880000000000000000e+02
4.830000000000000000e+02
5.200000000000000000e+02
5.320000000000000000e+02
4.850000000000000000e+02
5.120000000000000000e+02
5.120000000000000000e+02
4.400000000000000000e+02
4.360000000000000000e+02
4.360000000000000000e+02
5.680000000000000000e+02
5.680000000000000000e+02
7.390000000000000000e+02
7.400000000000000000e+02
7.480000000000000000e+02
7.480000000000000000e+02
7.400000000000000000e+02
7.400000000000000000e+02
5.720000000000000000e+02
5.680000000000000000e+02
5.770000000000000000e+02
5.200000000000000000e+02
6.600000000000000000e+02
5.200000000000000000e+02
5.200000000000000000e+02
5.120000000000000000e+02
4.730000000000000000e+02
4.960000000000000000e+02
5.000000000000000000e+02
4.960000000000000000e+02
7.440000000000000000e+02
5.280000000000000000e+02
7.480000000000000000e+02
6.830000000000000000e+02
5.360000000000000000e+02
5.420000000000000000e+02
4.970000000000000000e+02
4.760000000000000000e+02
4.960000000000000000e+02
5.280000000000000000e+02
4.880000000000000000e+02
5.666666666666666288e+02
5.680000000000000000e+02
7.450000000000000000e+02
7.290000000000000000e+02
7.360000000000000000e+02
7.440000000000000000e+02
7.440000000000000000e+02
7.800000000000000000e+02
7.560000000000000000e+02
7.440000000000000000e+02
7.440000000000000000e+02
4.826666666666666856e+02
5.080000000000000000e+02
7.520000000000000000e+02
7.460000000000000000e+02
5.020000000000000000e+02
5.000000000000000000e+02
6.853333333333333712e+02
7.520000000000000000e+02
5.860000000000000000e+02
5.426666666666666288e+02
7.440000000000000000e+02
7.160000000000000000e+02
5.200000000000000000e+02
5.480000000000000000e+02
5.330000000000000000e+02
7.480000000000000000e+02
7.490000000000000000e+02
4.680000000000000000e+02
4.520000000000000000e+02
4.466666666666666856e+02
7.450000000000000000e+02
5.380000000000000000e+02
7.533333333333333712e+02
7.480000000000000000e+02
7.560000000000000000e+02
7.560000000000000000e+02
7.560000000000000000e+02
