6.013333333333333712e+02
6.100000000000000000e+02
5.613333333333333712e+02
5.600000000000000000e+02
5.573333333333333712e+02
5.660000000000000000e+02
4.360000000000000000e+02
5.600000000000000000e+02
5.710000000000000000e+02
5.520000000000000000e+02
5.520000000000000000e+02
5.350000000000000000e+02
4.840000000000000000e+02
5.340000000000000000e+02
5.290000000000000000e+02
5.630000000000000000e+02
4.730000000000000000e+02
4.880000000000000000e+02
5.020000000000000000e+02
4.680000000000000000e+02
4.680000000000000000e+02
4.700000000000000000e+02
5.210000000000000000e+02
5.370000000000000000e+02
5.380000000000000000e+02
5.790000000000000000e+02
5.186666666666666288e+02
5.590000000000000000e+02
5.626666666666666288e+02
5.226666666666666288e+02
5.880000000000000000e+02
6.066666666666666288e+02
6.053333333333333712e+02
5.786666666666666288e+02
5.560000000000000000e+02
5.570000000000000000e+02
5.610000000000000000e+02
5.560000000000000000e+02
5.190000000000000000e+02
4.640000000000000000e+02
5.360000000000000000e+02
5.180000000000000000e+02
4.870000000000000000e+02
4.760000000000000000e+02
4.640000000000000000e+02
4.600000000000000000e+02
4.560000000000000000e+02
4.600000000000000000e+02
4.600000000000000000e+02
4.520000000000000000e+02
4.440000000000000000e+02
4.506666666666666856e+02
4.760000000000000000e+02
4.173333333333333144e+02
4.480000000000000000e+02
4.320000000000000000e+02
4.240000000000000000e+02
4.240000000000000000e+02
4.260000000000000000e+02
4.210000000000000000e+02
6.106666666666666288e+02
6.090000000000000000e+02
5.293333333333333712e+02
5.620000000000000000e+02
5.640000000000000000e+02
5.830000000000000000e+02
5.213333333333333712e+02
4.160000000000000000e+02
4.200000000000000000e+02
4.250000000000000000e+02
4.200000000000000000e+02
4.173333333333333144e+02
4.120000000000000000e+02
4.170000000000000000e+02
4.160000000000000000e+02
4.030000000000000000e+02
4.040000000000000000e+02
4.080000000000000000e+02
4.280000000000000000e+02
4.480000000000000000e+02
4.540000000000000000e+02
4.080000000000000000e+02
4.120000000000000000e+02
4.090000000000000000e+02
4.160000000000000000e+02
4.200000000000000000e+02
4.160000000000000000e+02
4.200000000000000000e+02
4.190000000000000000e+02
4.026666666666666856e+02
4.160000000000000000e+02
4.160000000000000000e+02
4.200000000000000000e+02
4.180000000000000000e+02
4.900000000000000000e+02
5.760000000000000000e+02
5.630000000000000000e+02
4.173333333333333144e+02
4.220000000000000000e+02
4.160000000000000000e+02
4.120000000000000000e+02
4.200000000000000000e+02
4.240000000000000000e+02
4.000000000000000000e+02
4.110000000000000000e+02
4.160000000000000000e+02
4.120000000000000000e+02
4.120000000000000000e+02
4.110000000000000000e+02
4.110000000000000000e+02
4.100000000000000000e+02
4.260000000000000000e+02
4.600000000000000000e+02
4.280000000000000000e+02
4.200000000000000000e+02
4.150000000000000000e+02
4.160000000000000000e+02
4.160000000000000000e+02
4.200000000000000000e+02
4.440000000000000000e+02
4.190000000000000000e+02
4.120000000000000000e+02
4.020000000000000000e+02
4.200000000000000000e+02
4.170000000000000000e+02
4.130000000000000000e+02
4.186666666666666856e+02
5.666666666666666288e+02
5.570000000000000000e+02
5.600000000000000000e+02
5.140000000000000000e+02
4.050000000000000000e+02
4.160000000000000000e+02
4.160000000000000000e+02
4.440000000000000000e+02
4.300000000000000000e+02
4.280000000000000000e+02
4.250000000000000000e+02
4.170000000000000000e+02
4.170000000000000000e+02
4.200000000000000000e+02
4.100000000000000000e+02
4.320000000000000000e+02
4.560000000000000000e+02
4.520000000000000000e+02
4.560000000000000000e+02
4.220000000000000000e+02
4.173333333333333144e+02
4.370000000000000000e+02
3.870000000000000000e+02
4.240000000000000000e+02
4.240000000000000000e+02
4.270000000000000000e+02
4.240000000000000000e+02
4.240000000000000000e+02
4.200000000000000000e+02
5.770000000000000000e+02
5.570000000000000000e+02
5.410000000000000000e+02
5.530000000000000000e+02
5.630000000000000000e+02
5.690000000000000000e+02
5.790000000000000000e+02
5.680000000000000000e+02
5.360000000000000000e+02
4.180000000000000000e+02
4.786666666666666856e+02
4.120000000000000000e+02
4.120000000000000000e+02
4.040000000000000000e+02
4.080000000000000000e+02
4.980000000000000000e+02
4.080000000000000000e+02
4.560000000000000000e+02
4.460000000000000000e+02
4.320000000000000000e+02
5.210000000000000000e+02
5.200000000000000000e+02
4.640000000000000000e+02
5.120000000000000000e+02
4.880000000000000000e+02
4.800000000000000000e+02
5.160000000000000000e+02
5.170000000000000000e+02
5.450000000000000000e+02
5.820000000000000000e+02
5.710000000000000000e+02
5.893333333333333712e+02
6.040000000000000000e+02
5.800000000000000000e+02
5.720000000000000000e+02
5.680000000000000000e+02
5.680000000000000000e+02
5.680000000000000000e+02
5.670000000000000000e+02
6.160000000000000000e+02
6.240000000000000000e+02
5.660000000000000000e+02
5.613333333333333712e+02
5.360000000000000000e+02
5.280000000000000000e+02
4.960000000000000000e+02
4.960000000000000000e+02
4.946666666666666856e+02
4.850000000000000000e+02
4.880000000000000000e+02
4.880000000000000000e+02
5.920000000000000000e+02
5.986666666666666288e+02
6.146666666666666288e+02
5.160000000000000000e+02
5.340000000000000000e+02
5.300000000000000000e+02
5.260000000000000000e+02
5.706666666666666288e+02
6.940000000000000000e+02
5.480000000000000000e+02
5.510000000000000000e+02
6.060000000000000000e+02
6.170000000000000000e+02
5.960000000000000000e+02
5.626666666666666288e+02
6.030000000000000000e+02
5.690000000000000000e+02
5.690000000000000000e+02
5.730000000000000000e+02
5.680000000000000000e+02
5.840000000000000000e+02
6.230000000000000000e+02
5.530000000000000000e+02
5.653333333333333712e+02
6.533333333333333712e+02
5.960000000000000000e+02
7.210000000000000000e+02
5.950000000000000000e+02
5.173333333333333712e+02
7.100000000000000000e+02
5.333333333333333712e+02
6.880000000000000000e+02
6.680000000000000000e+02
6.760000000000000000e+02
6.820000000000000000e+02
5.813333333333333712e+02
6.290000000000000000e+02
5.720000000000000000e+02
6.053333333333333712e+02
5.960000000000000000e+02
6.893333333333333712e+02
5.560000000000000000e+02
6.220000000000000000e+02
5.810000000000000000e+02
5.720000000000000000e+02
5.610000000000000000e+02
5.720000000000000000e+02
5.660000000000000000e+02
5.670000000000000000e+02
