7.440000000000000000e+02
6.786666666666666288e+02
7.440000000000000000e+02
7.493333333333333712e+02
7.450000000000000000e+02
7.520000000000000000e+02
4.880000000000000000e+02
5.013333333333333144e+02
4.960000000000000000e+02
6.906666666666666288e+02
6.560000000000000000e+02
5.293333333333333712e+02
7.520000000000000000e+02
7.453333333333333712e+02
7.680000000000000000e+02
7.453333333333333712e+02
7.620000000000000000e+02
7.600000000000000000e+02
5.453333333333333712e+02
7.600000000000000000e+02
7.640000000000000000e+02
6.880000000000000000e+02
7.450000000000000000e+02
7.520000000000000000e+02
7.440000000000000000e+02
7.440000000000000000e+02
7.440000000000000000e+02
7.400000000000000000e+02
4.760000000000000000e+02
7.533333333333333712e+02
7.080000000000000000e+02
7.000000000000000000e+02
7.440000000000000000e+02
7.453333333333333712e+02
7.520000000000000000e+02
7.460000000000000000e+02
7.520000000000000000e+02
4.800000000000000000e+02
4.800000000000000000e+02
4.750000000000000000e+02
4.760000000000000000e+02
7.480000000000000000e+02
7.380000000000000000e+02
7.520000000000000000e+02
7.560000000000000000e+02
5.220000000000000000e+02
7.600000000000000000e+02
7.600000000000000000e+02
7.560000000000000000e+02
7.600000000000000000e+02
7.600000000000000000e+02
7.600000000000000000e+02
7.560000000000000000e+02
5.450000000000000000e+02
4.620000000000000000e+02
4.800000000000000000e+02
4.680000000000000000e+02
4.680000000000000000e+02
4.613333333333333144e+02
7.026666666666666288e+02
4.910000000000000000e+02
4.760000000000000000e+02
7.580000000000000000e+02
6.970000000000000000e+02
7.040000000000000000e+02
7.000000000000000000e+02
4.720000000000000000e+02
7.386666666666666288e+02
5.080000000000000000e+02
5.440000000000000000e+02
5.340000000000000000e+02
5.453333333333333712e+02
5.520000000000000000e+02
5.460000000000000000e+02
5.720000000000000000e+02
5.780000000000000000e+02
5.680000000000000000e+02
7.573333333333333712e+02
7.560000000000000000e+02
7.560000000000000000e+02
7.520000000000000000e+02
7.560000000000000000e+02
7.520000000000000000e+02
5.680000000000000000e+02
5.680000000000000000e+02
5.600000000000000000e+02
5.530000000000000000e+02
5.480000000000000000e+02
5.400000000000000000e+02
5.280000000000000000e+02
5.080000000000000000e+02
5.173333333333333712e+02
5.200000000000000000e+02
5.200000000000000000e+02
7.466666666666666288e+02
4.946666666666666856e+02
5.330000000000000000e+02
4.660000000000000000e+02
5.090000000000000000e+02
5.000000000000000000e+02
5.000000000000000000e+02
5.600000000000000000e+02
5.060000000000000000e+02
5.160000000000000000e+02
5.573333333333333712e+02
5.480000000000000000e+02
5.560000000000000000e+02
5.640000000000000000e+02
5.640000000000000000e+02
5.613333333333333712e+02
7.520000000000000000e+02
7.840000000000000000e+02
7.660000000000000000e+02
7.560000000000000000e+02
7.520000000000000000e+02
5.640000000000000000e+02
5.640000000000000000e+02
5.680000000000000000e+02
5.560000000000000000e+02
5.560000000000000000e+02
5.000000000000000000e+02
5.000000000000000000e+02
5.100000000000000000e+02
5.000000000000000000e+02
5.000000000000000000e+02
5.660000000000000000e+02
5.290000000000000000e+02
4.910000000000000000e+02
4.973333333333333144e+02
5.373333333333333712e+02
5.220000000000000000e+02
5.026666666666666856e+02
5.000000000000000000e+02
5.320000000000000000e+02
5.050000000000000000e+02
4.440000000000000000e+02
4.440000000000000000e+02
4.400000000000000000e+02
4.440000000000000000e+02
4.400000000000000000e+02
5.540000000000000000e+02
4.480000000000000000e+02
7.680000000000000000e+02
7.640000000000000000e+02
4.320000000000000000e+02
4.360000000000000000e+02
4.980000000000000000e+02
4.426666666666666856e+02
4.440000000000000000e+02
4.480000000000000000e+02
4.560000000000000000e+02
4.400000000000000000e+02
4.400000000000000000e+02
4.400000000000000000e+02
5.080000000000000000e+02
5.120000000000000000e+02
5.666666666666666288e+02
4.790000000000000000e+02
4.600000000000000000e+02
4.660000000000000000e+02
5.100000000000000000e+02
4.826666666666666856e+02
4.660000000000000000e+02
4.830000000000000000e+02
4.746666666666666856e+02
4.670000000000000000e+02
4.360000000000000000e+02
4.320000000000000000e+02
4.320000000000000000e+02
4.160000000000000000e+02
4.440000000000000000e+02
4.440000000000000000e+02
4.360000000000000000e+02
4.280000000000000000e+02
4.120000000000000000e+02
5.426666666666666288e+02
4.200000000000000000e+02
4.200000000000000000e+02
4.200000000000000000e+02
4.200000000000000000e+02
4.160000000000000000e+02
4.480000000000000000e+02
4.330000000000000000e+02
4.320000000000000000e+02
4.360000000000000000e+02
4.360000000000000000e+02
4.480000000000000000e+02
4.680000000000000000e+02
5.240000000000000000e+02
5.240000000000000000e+02
5.170000000000000000e+02
5.690000000000000000e+02
5.290000000000000000e+02
5.350000000000000000e+02
5.240000000000000000e+02
5.280000000000000000e+02
4.720000000000000000e+02
4.650000000000000000e+02
4.320000000000000000e+02
4.320000000000000000e+02
4.320000000000000000e+02
4.280000000000000000e+02
4.440000000000000000e+02
4.240000000000000000e+02
4.120000000000000000e+02
4.120000000000000000e+02
4.120000000000000000e+02
4.200000000000000000e+02
4.200000000000000000e+02
4.200000000000000000e+02
4.160000000000000000e+02
4.160000000000000000e+02
4.360000000000000000e+02
4.400000000000000000e+02
4.360000000000000000e+02
4.360000000000000000e+02
4.320000000000000000e+02
4.290000000000000000e+02
4.440000000000000000e+02
4.720000000000000000e+02
4.760000000000000000e+02
4.920000000000000000e+02
4.920000000000000000e+02
4.990000000000000000e+02
5.120000000000000000e+02
5.060000000000000000e+02
4.930000000000000000e+02
4.480000000000000000e+02
5.040000000000000000e+02
5.040000000000000000e+02
4.440000000000000000e+02
4.440000000000000000e+02
4.440000000000000000e+02
4.440000000000000000e+02
4.440000000000000000e+02
4.440000000000000000e+02
4.240000000000000000e+02
4.013333333333333144e+02
4.400000000000000000e+02
4.140000000000000000e+02
4.250000000000000000e+02
4.360000000000000000e+02
4.240000000000000000e+02
4.480000000000000000e+02
4.480000000000000000e+02
4.400000000000000000e+02
4.400000000000000000e+02
4.400000000000000000e+02
4.640000000000000000e+02
4.920000000000000000e+02
5.040000000000000000e+02
5.240000000000000000e+02
5.320000000000000000e+02
5.266666666666666288e+02
7.506666666666666288e+02
7.466666666666666288e+02
6.050000000000000000e+02
5.013333333333333144e+02
5.240000000000000000e+02
5.200000000000000000e+02
5.290000000000000000e+02
4.746666666666666856e+02
5.120000000000000000e+02
5.120000000000000000e+02
4.400000000000000000e+02
5.146666666666666288e+02
4.360000000000000000e+02
5.720000000000000000e+02
5.680000000000000000e+02
7.400000000000000000e+02
7.400000000000000000e+02
7.480000000000000000e+02
7.480000000000000000e+02
7.470000000000000000e+02
7.400000000000000000e+02
5.680000000000000000e+02
5.720000000000000000e+02
5.770000000000000000e+02
5.200000000000000000e+02
5.106666666666666856e+02
5.200000000000000000e+02
5.170000000000000000e+02
5.120000000000000000e+02
4.760000000000000000e+02
4.990000000000000000e+02
5.000000000000000000e+02
4.960000000000000000e+02
7.260000000000000000e+02
7.440000000000000000e+02
4.950000000000000000e+02
6.830000000000000000e+02
5.360000000000000000e+02
5.120000000000000000e+02
7.573333333333333712e+02
5.093333333333333144e+02
4.960000000000000000e+02
5.280000000000000000e+02
7.560000000000000000e+02
5.520000000000000000e+02
5.680000000000000000e+02
7.440000000000000000e+02
7.360000000000000000e+02
7.400000000000000000e+02
7.440000000000000000e+02
7.440000000000000000e+02
7.386666666666666288e+02
7.750000000000000000e+02
7.470000000000000000e+02
4.920000000000000000e+02
7.500000000000000000e+02
5.540000000000000000e+02
7.360000000000000000e+02
7.450000000000000000e+02
7.140000000000000000e+02
4.773333333333333144e+02
5.333333333333333712e+02
5.470000000000000000e+02
5.480000000000000000e+02
5.426666666666666288e+02
5.390000000000000000e+02
5.226666666666666288e+02
5.200000000000000000e+02
5.360000000000000000e+02
5.330000000000000000e+02
7.470000000000000000e+02
4.870000000000000000e+02
4.640000000000000000e+02
4.600000000000000000e+02
6.760000000000000000e+02
7.450000000000000000e+02
6.880000000000000000e+02
7.533333333333333712e+02
7.520000000000000000e+02
7.560000000000000000e+02
7.560000000000000000e+02
7.560000000000000000e+02
