6.013333333333333712e+02
6.040000000000000000e+02
5.613333333333333712e+02
6.120000000000000000e+02
5.430000000000000000e+02
4.480000000000000000e+02
5.590000000000000000e+02
5.490000000000000000e+02
5.720000000000000000e+02
5.560000000000000000e+02
5.186666666666666288e+02
4.800000000000000000e+02
4.820000000000000000e+02
5.026666666666666856e+02
5.200000000000000000e+02
5.630000000000000000e+02
4.720000000000000000e+02
4.866666666666666856e+02
4.920000000000000000e+02
4.820000000000000000e+02
4.680000000000000000e+02
5.010000000000000000e+02
5.350000000000000000e+02
5.400000000000000000e+02
6.973333333333333712e+02
5.790000000000000000e+02
5.390000000000000000e+02
5.590000000000000000e+02
5.280000000000000000e+02
6.140000000000000000e+02
5.880000000000000000e+02
6.066666666666666288e+02
5.570000000000000000e+02
6.160000000000000000e+02
6.300000000000000000e+02
5.570000000000000000e+02
5.550000000000000000e+02
5.570000000000000000e+02
4.440000000000000000e+02
5.490000000000000000e+02
5.260000000000000000e+02
5.460000000000000000e+02
4.910000000000000000e+02
4.760000000000000000e+02
4.640000000000000000e+02
4.600000000000000000e+02
4.560000000000000000e+02
4.730000000000000000e+02
4.560000000000000000e+02
4.520000000000000000e+02
4.550000000000000000e+02
4.600000000000000000e+02
4.710000000000000000e+02
4.653333333333333144e+02
4.480000000000000000e+02
4.310000000000000000e+02
4.240000000000000000e+02
4.220000000000000000e+02
4.280000000000000000e+02
4.210000000000000000e+02
5.860000000000000000e+02
6.210000000000000000e+02
5.860000000000000000e+02
5.680000000000000000e+02
5.620000000000000000e+02
5.773333333333333712e+02
5.213333333333333712e+02
4.080000000000000000e+02
4.240000000000000000e+02
4.200000000000000000e+02
4.200000000000000000e+02
4.173333333333333144e+02
4.200000000000000000e+02
4.160000000000000000e+02
4.160000000000000000e+02
4.070000000000000000e+02
4.040000000000000000e+02
4.080000000000000000e+02
4.310000000000000000e+02
4.480000000000000000e+02
4.520000000000000000e+02
4.080000000000000000e+02
4.090000000000000000e+02
4.120000000000000000e+02
3.890000000000000000e+02
4.470000000000000000e+02
4.160000000000000000e+02
4.200000000000000000e+02
4.120000000000000000e+02
4.120000000000000000e+02
4.066666666666666856e+02
4.170000000000000000e+02
4.200000000000000000e+02
4.180000000000000000e+02
4.160000000000000000e+02
5.666666666666666288e+02
5.590000000000000000e+02
5.270000000000000000e+02
4.240000000000000000e+02
4.250000000000000000e+02
4.160000000000000000e+02
4.200000000000000000e+02
4.053333333333333144e+02
4.080000000000000000e+02
4.200000000000000000e+02
4.160000000000000000e+02
4.160000000000000000e+02
4.080000000000000000e+02
4.080000000000000000e+02
4.210000000000000000e+02
4.100000000000000000e+02
4.720000000000000000e+02
4.240000000000000000e+02
4.280000000000000000e+02
4.200000000000000000e+02
4.130000000000000000e+02
4.160000000000000000e+02
4.160000000000000000e+02
4.200000000000000000e+02
4.140000000000000000e+02
4.190000000000000000e+02
4.120000000000000000e+02
4.106666666666666856e+02
4.200000000000000000e+02
4.170000000000000000e+02
4.200000000000000000e+02
5.610000000000000000e+02
4.980000000000000000e+02
5.540000000000000000e+02
5.586666666666666288e+02
5.680000000000000000e+02
5.586666666666666288e+02
4.170000000000000000e+02
4.170000000000000000e+02
4.440000000000000000e+02
4.250000000000000000e+02
4.160000000000000000e+02
4.240000000000000000e+02
4.250000000000000000e+02
4.160000000000000000e+02
4.200000000000000000e+02
4.210000000000000000e+02
4.320000000000000000e+02
4.560000000000000000e+02
4.520000000000000000e+02
4.180000000000000000e+02
4.240000000000000000e+02
4.226666666666666856e+02
4.220000000000000000e+02
4.260000000000000000e+02
4.306666666666666856e+02
4.240000000000000000e+02
4.240000000000000000e+02
4.240000000000000000e+02
4.240000000000000000e+02
4.380000000000000000e+02
5.510000000000000000e+02
5.186666666666666288e+02
5.520000000000000000e+02
5.530000000000000000e+02
5.630000000000000000e+02
5.880000000000000000e+02
5.730000000000000000e+02
5.680000000000000000e+02
5.750000000000000000e+02
4.180000000000000000e+02
4.200000000000000000e+02
4.340000000000000000e+02
4.160000000000000000e+02
4.170000000000000000e+02
4.080000000000000000e+02
4.960000000000000000e+02
4.120000000000000000e+02
4.470000000000000000e+02
4.460000000000000000e+02
5.306666666666666288e+02
5.210000000000000000e+02
4.760000000000000000e+02
4.640000000000000000e+02
5.093333333333333144e+02
4.880000000000000000e+02
4.800000000000000000e+02
4.860000000000000000e+02
5.200000000000000000e+02
5.530000000000000000e+02
5.820000000000000000e+02
6.240000000000000000e+02
5.940000000000000000e+02
5.670000000000000000e+02
5.990000000000000000e+02
5.720000000000000000e+02
5.680000000000000000e+02
5.500000000000000000e+02
5.733333333333333712e+02
6.050000000000000000e+02
6.160000000000000000e+02
6.186666666666666288e+02
5.600000000000000000e+02
5.040000000000000000e+02
5.680000000000000000e+02
5.840000000000000000e+02
4.960000000000000000e+02
4.910000000000000000e+02
4.960000000000000000e+02
4.840000000000000000e+02
4.840000000000000000e+02
5.573333333333333712e+02
5.460000000000000000e+02
6.840000000000000000e+02
5.890000000000000000e+02
5.160000000000000000e+02
4.746666666666666856e+02
5.390000000000000000e+02
5.470000000000000000e+02
6.133333333333333712e+02
6.133333333333333712e+02
5.770000000000000000e+02
5.600000000000000000e+02
5.650000000000000000e+02
6.170000000000000000e+02
6.240000000000000000e+02
5.626666666666666288e+02
5.610000000000000000e+02
5.720000000000000000e+02
5.653333333333333712e+02
5.720000000000000000e+02
5.750000000000000000e+02
5.840000000000000000e+02
6.190000000000000000e+02
5.780000000000000000e+02
5.946666666666666288e+02
6.533333333333333712e+02
5.960000000000000000e+02
5.920000000000000000e+02
5.840000000000000000e+02
5.990000000000000000e+02
5.180000000000000000e+02
4.520000000000000000e+02
6.580000000000000000e+02
6.920000000000000000e+02
6.906666666666666288e+02
7.240000000000000000e+02
5.813333333333333712e+02
5.960000000000000000e+02
4.720000000000000000e+02
5.760000000000000000e+02
5.860000000000000000e+02
6.920000000000000000e+02
5.666666666666666288e+02
6.220000000000000000e+02
5.730000000000000000e+02
5.900000000000000000e+02
5.680000000000000000e+02
5.460000000000000000e+02
5.640000000000000000e+02
5.680000000000000000e+02
