3.280000000000000000e+02
5.180000000000000000e+02
5.170000000000000000e+02
5.170000000000000000e+02
4.573333333333333144e+02
5.210000000000000000e+02
3.880000000000000000e+02
5.320000000000000000e+02
3.306666666666666856e+02
6.470000000000000000e+02
3.640000000000000000e+02
3.450000000000000000e+02
3.400000000000000000e+02
3.746666666666666856e+02
4.410000000000000000e+02
4.150000000000000000e+02
4.190000000000000000e+02
3.746666666666666856e+02
4.440000000000000000e+02
3.940000000000000000e+02
3.610000000000000000e+02
3.560000000000000000e+02
3.380000000000000000e+02
3.720000000000000000e+02
4.010000000000000000e+02
5.240000000000000000e+02
3.826666666666666856e+02
4.573333333333333144e+02
5.493333333333333712e+02
5.330000000000000000e+02
5.293333333333333712e+02
4.680000000000000000e+02
5.346666666666666288e+02
5.480000000000000000e+02
5.310000000000000000e+02
5.500000000000000000e+02
5.480000000000000000e+02
3.960000000000000000e+02
3.920000000000000000e+02
3.693333333333333144e+02
3.730000000000000000e+02
3.440000000000000000e+02
3.410000000000000000e+02
3.750000000000000000e+02
3.626666666666666856e+02
4.050000000000000000e+02
3.870000000000000000e+02
3.740000000000000000e+02
3.660000000000000000e+02
3.720000000000000000e+02
3.573333333333333144e+02
3.480000000000000000e+02
3.480000000000000000e+02
3.440000000000000000e+02
3.550000000000000000e+02
3.740000000000000000e+02
7.653333333333333712e+02
5.520000000000000000e+02
3.986666666666666856e+02
4.013333333333333144e+02
5.450000000000000000e+02
5.270000000000000000e+02
5.280000000000000000e+02
5.350000000000000000e+02
5.590000000000000000e+02
5.400000000000000000e+02
5.600000000000000000e+02
5.586666666666666288e+02
3.730000000000000000e+02
3.970000000000000000e+02
3.850000000000000000e+02
4.506666666666666856e+02
3.640000000000000000e+02
3.640000000000000000e+02
3.510000000000000000e+02
3.510000000000000000e+02
3.340000000000000000e+02
3.480000000000000000e+02
3.380000000000000000e+02
4.200000000000000000e+02
3.720000000000000000e+02
3.600000000000000000e+02
4.200000000000000000e+02
3.480000000000000000e+02
3.530000000000000000e+02
3.546666666666666856e+02
3.530000000000000000e+02
3.500000000000000000e+02
3.440000000000000000e+02
3.480000000000000000e+02
3.670000000000000000e+02
3.680000000000000000e+02
3.780000000000000000e+02
4.106666666666666856e+02
5.170000000000000000e+02
4.800000000000000000e+02
5.026666666666666856e+02
5.000000000000000000e+02
5.180000000000000000e+02
3.680000000000000000e+02
3.680000000000000000e+02
3.640000000000000000e+02
3.520000000000000000e+02
3.450000000000000000e+02
3.910000000000000000e+02
3.800000000000000000e+02
4.020000000000000000e+02
3.620000000000000000e+02
3.640000000000000000e+02
3.640000000000000000e+02
3.610000000000000000e+02
4.690000000000000000e+02
3.613333333333333144e+02
3.613333333333333144e+02
3.390000000000000000e+02
3.560000000000000000e+02
3.520000000000000000e+02
3.880000000000000000e+02
3.840000000000000000e+02
3.840000000000000000e+02
3.610000000000000000e+02
3.520000000000000000e+02
3.650000000000000000e+02
3.650000000000000000e+02
3.720000000000000000e+02
3.826666666666666856e+02
5.170000000000000000e+02
4.770000000000000000e+02
4.330000000000000000e+02
5.150000000000000000e+02
3.866666666666666856e+02
3.853333333333333144e+02
3.400000000000000000e+02
3.746666666666666856e+02
3.840000000000000000e+02
3.790000000000000000e+02
3.830000000000000000e+02
3.860000000000000000e+02
3.800000000000000000e+02
3.660000000000000000e+02
3.626666666666666856e+02
3.610000000000000000e+02
3.640000000000000000e+02
3.720000000000000000e+02
4.400000000000000000e+02
4.020000000000000000e+02
3.690000000000000000e+02
3.640000000000000000e+02
3.730000000000000000e+02
4.173333333333333144e+02
3.960000000000000000e+02
3.920000000000000000e+02
3.880000000000000000e+02
3.746666666666666856e+02
3.860000000000000000e+02
3.880000000000000000e+02
5.600000000000000000e+02
3.960000000000000000e+02
5.240000000000000000e+02
5.000000000000000000e+02
5.120000000000000000e+02
5.330000000000000000e+02
5.420000000000000000e+02
4.040000000000000000e+02
4.000000000000000000e+02
3.890000000000000000e+02
3.880000000000000000e+02
3.880000000000000000e+02
3.900000000000000000e+02
4.260000000000000000e+02
4.000000000000000000e+02
3.880000000000000000e+02
3.770000000000000000e+02
3.950000000000000000e+02
3.910000000000000000e+02
4.620000000000000000e+02
4.280000000000000000e+02
4.530000000000000000e+02
4.640000000000000000e+02
4.120000000000000000e+02
3.920000000000000000e+02
5.053333333333333144e+02
5.040000000000000000e+02
4.040000000000000000e+02
4.250000000000000000e+02
5.053333333333333144e+02
5.360000000000000000e+02
6.040000000000000000e+02
4.740000000000000000e+02
6.053333333333333712e+02
5.413333333333333712e+02
5.680000000000000000e+02
5.820000000000000000e+02
6.120000000000000000e+02
5.813333333333333712e+02
5.430000000000000000e+02
6.040000000000000000e+02
7.960000000000000000e+02
7.960000000000000000e+02
7.880000000000000000e+02
4.880000000000000000e+02
5.050000000000000000e+02
5.573333333333333712e+02
4.740000000000000000e+02
4.810000000000000000e+02
4.450000000000000000e+02
4.540000000000000000e+02
4.590000000000000000e+02
5.706666666666666288e+02
7.866666666666666288e+02
6.890000000000000000e+02
6.570000000000000000e+02
4.430000000000000000e+02
4.800000000000000000e+02
5.133333333333333712e+02
5.020000000000000000e+02
4.640000000000000000e+02
5.140000000000000000e+02
5.420000000000000000e+02
5.866666666666666288e+02
6.050000000000000000e+02
5.973333333333333712e+02
5.813333333333333712e+02
5.906666666666666288e+02
5.720000000000000000e+02
6.000000000000000000e+02
5.720000000000000000e+02
6.000000000000000000e+02
5.280000000000000000e+02
7.590000000000000000e+02
5.640000000000000000e+02
4.946666666666666856e+02
5.213333333333333712e+02
7.746666666666666288e+02
5.120000000000000000e+02
5.920000000000000000e+02
7.150000000000000000e+02
7.110000000000000000e+02
6.160000000000000000e+02
7.140000000000000000e+02
6.320000000000000000e+02
7.530000000000000000e+02
4.946666666666666856e+02
5.960000000000000000e+02
7.060000000000000000e+02
5.933333333333333712e+02
6.880000000000000000e+02
6.760000000000000000e+02
5.266666666666666288e+02
7.200000000000000000e+02
6.040000000000000000e+02
5.813333333333333712e+02
6.050000000000000000e+02
6.270000000000000000e+02
5.910000000000000000e+02
6.060000000000000000e+02
