5.370000000000000000e+02
4.960000000000000000e+02
5.140000000000000000e+02
5.210000000000000000e+02
4.573333333333333144e+02
5.200000000000000000e+02
4.333333333333333144e+02
5.320000000000000000e+02
3.426666666666666856e+02
5.640000000000000000e+02
3.450000000000000000e+02
3.460000000000000000e+02
3.546666666666666856e+02
3.746666666666666856e+02
4.410000000000000000e+02
4.520000000000000000e+02
4.640000000000000000e+02
3.746666666666666856e+02
4.413333333333333144e+02
4.426666666666666856e+02
3.510000000000000000e+02
3.590000000000000000e+02
3.430000000000000000e+02
3.510000000000000000e+02
3.693333333333333144e+02
5.370000000000000000e+02
3.840000000000000000e+02
4.053333333333333144e+02
5.110000000000000000e+02
4.160000000000000000e+02
5.293333333333333712e+02
5.200000000000000000e+02
5.280000000000000000e+02
5.460000000000000000e+02
4.840000000000000000e+02
5.500000000000000000e+02
5.453333333333333712e+02
4.213333333333333144e+02
6.620000000000000000e+02
5.453333333333333712e+02
5.040000000000000000e+02
6.760000000000000000e+02
3.740000000000000000e+02
3.440000000000000000e+02
4.520000000000000000e+02
4.100000000000000000e+02
3.870000000000000000e+02
3.760000000000000000e+02
3.660000000000000000e+02
3.710000000000000000e+02
3.820000000000000000e+02
3.500000000000000000e+02
3.520000000000000000e+02
3.590000000000000000e+02
3.693333333333333144e+02
3.493333333333333144e+02
7.653333333333333712e+02
3.800000000000000000e+02
4.800000000000000000e+02
3.990000000000000000e+02
5.450000000000000000e+02
5.386666666666666288e+02
5.300000000000000000e+02
5.360000000000000000e+02
5.470000000000000000e+02
5.400000000000000000e+02
5.600000000000000000e+02
5.600000000000000000e+02
4.733333333333333144e+02
4.140000000000000000e+02
3.850000000000000000e+02
3.500000000000000000e+02
3.626666666666666856e+02
3.510000000000000000e+02
3.580000000000000000e+02
3.530000000000000000e+02
3.470000000000000000e+02
3.480000000000000000e+02
3.760000000000000000e+02
4.200000000000000000e+02
3.720000000000000000e+02
3.640000000000000000e+02
4.200000000000000000e+02
3.506666666666666856e+02
3.530000000000000000e+02
3.520000000000000000e+02
3.520000000000000000e+02
3.493333333333333144e+02
3.440000000000000000e+02
3.480000000000000000e+02
3.670000000000000000e+02
3.680000000000000000e+02
3.613333333333333144e+02
3.980000000000000000e+02
4.013333333333333144e+02
4.800000000000000000e+02
5.020000000000000000e+02
4.893333333333333144e+02
3.910000000000000000e+02
3.790000000000000000e+02
3.680000000000000000e+02
3.640000000000000000e+02
3.520000000000000000e+02
3.480000000000000000e+02
3.910000000000000000e+02
3.800000000000000000e+02
3.620000000000000000e+02
3.640000000000000000e+02
3.640000000000000000e+02
3.550000000000000000e+02
3.640000000000000000e+02
3.720000000000000000e+02
3.580000000000000000e+02
3.613333333333333144e+02
3.493333333333333144e+02
3.540000000000000000e+02
3.520000000000000000e+02
3.500000000000000000e+02
3.800000000000000000e+02
3.840000000000000000e+02
4.093333333333333144e+02
3.360000000000000000e+02
3.680000000000000000e+02
4.060000000000000000e+02
3.800000000000000000e+02
3.826666666666666856e+02
5.173333333333333712e+02
4.770000000000000000e+02
4.330000000000000000e+02
5.050000000000000000e+02
3.880000000000000000e+02
3.813333333333333144e+02
3.600000000000000000e+02
3.640000000000000000e+02
3.870000000000000000e+02
3.440000000000000000e+02
3.826666666666666856e+02
3.880000000000000000e+02
3.706666666666666856e+02
3.680000000000000000e+02
3.630000000000000000e+02
3.640000000000000000e+02
3.740000000000000000e+02
3.720000000000000000e+02
4.280000000000000000e+02
4.700000000000000000e+02
3.860000000000000000e+02
3.640000000000000000e+02
3.750000000000000000e+02
4.050000000000000000e+02
5.020000000000000000e+02
3.880000000000000000e+02
3.900000000000000000e+02
3.880000000000000000e+02
4.130000000000000000e+02
3.880000000000000000e+02
5.600000000000000000e+02
3.960000000000000000e+02
5.180000000000000000e+02
5.000000000000000000e+02
5.120000000000000000e+02
5.680000000000000000e+02
5.420000000000000000e+02
4.060000000000000000e+02
4.000000000000000000e+02
3.890000000000000000e+02
4.110000000000000000e+02
3.880000000000000000e+02
3.900000000000000000e+02
4.026666666666666856e+02
4.000000000000000000e+02
3.880000000000000000e+02
3.840000000000000000e+02
3.960000000000000000e+02
3.910000000000000000e+02
4.580000000000000000e+02
4.453333333333333144e+02
4.560000000000000000e+02
4.700000000000000000e+02
3.866666666666666856e+02
3.880000000000000000e+02
3.880000000000000000e+02
5.040000000000000000e+02
4.480000000000000000e+02
4.250000000000000000e+02
5.180000000000000000e+02
5.820000000000000000e+02
6.040000000000000000e+02
6.020000000000000000e+02
6.250000000000000000e+02
5.720000000000000000e+02
5.800000000000000000e+02
5.813333333333333712e+02
6.120000000000000000e+02
5.813333333333333712e+02
6.100000000000000000e+02
4.910000000000000000e+02
7.310000000000000000e+02
7.600000000000000000e+02
7.880000000000000000e+02
4.940000000000000000e+02
5.140000000000000000e+02
5.573333333333333712e+02
4.740000000000000000e+02
4.880000000000000000e+02
4.400000000000000000e+02
4.530000000000000000e+02
4.570000000000000000e+02
5.390000000000000000e+02
5.320000000000000000e+02
6.910000000000000000e+02
4.906666666666666856e+02
4.820000000000000000e+02
4.800000000000000000e+02
5.133333333333333712e+02
5.000000000000000000e+02
5.030000000000000000e+02
5.140000000000000000e+02
6.510000000000000000e+02
5.826666666666666288e+02
6.026666666666666288e+02
5.740000000000000000e+02
5.970000000000000000e+02
5.740000000000000000e+02
6.270000000000000000e+02
5.600000000000000000e+02
6.020000000000000000e+02
5.830000000000000000e+02
6.940000000000000000e+02
7.610000000000000000e+02
5.880000000000000000e+02
4.946666666666666856e+02
5.280000000000000000e+02
5.400000000000000000e+02
5.080000000000000000e+02
5.010000000000000000e+02
7.150000000000000000e+02
7.000000000000000000e+02
7.666666666666666288e+02
7.760000000000000000e+02
6.570000000000000000e+02
7.000000000000000000e+02
4.946666666666666856e+02
6.830000000000000000e+02
6.380000000000000000e+02
5.933333333333333712e+02
5.160000000000000000e+02
7.210000000000000000e+02
4.860000000000000000e+02
7.200000000000000000e+02
6.146666666666666288e+02
5.560000000000000000e+02
5.333333333333333712e+02
6.130000000000000000e+02
6.260000000000000000e+02
5.706666666666666288e+02
