5.100000000000000000e+02
4.720000000000000000e+02
5.220000000000000000e+02
5.030000000000000000e+02
4.800000000000000000e+02
5.210000000000000000e+02
4.333333333333333144e+02
6.920000000000000000e+02
3.400000000000000000e+02
5.640000000000000000e+02
3.640000000000000000e+02
3.450000000000000000e+02
3.400000000000000000e+02
4.510000000000000000e+02
4.410000000000000000e+02
4.360000000000000000e+02
4.190000000000000000e+02
4.100000000000000000e+02
4.440000000000000000e+02
4.426666666666666856e+02
3.533333333333333144e+02
3.750000000000000000e+02
3.380000000000000000e+02
3.510000000000000000e+02
3.760000000000000000e+02
3.760000000000000000e+02
5.360000000000000000e+02
4.053333333333333144e+02
5.160000000000000000e+02
4.160000000000000000e+02
4.640000000000000000e+02
4.680000000000000000e+02
5.140000000000000000e+02
4.960000000000000000e+02
5.380000000000000000e+02
5.480000000000000000e+02
5.370000000000000000e+02
3.920000000000000000e+02
3.613333333333333144e+02
3.330000000000000000e+02
5.173333333333333712e+02
3.400000000000000000e+02
3.740000000000000000e+02
3.440000000000000000e+02
4.480000000000000000e+02
4.050000000000000000e+02
3.790000000000000000e+02
3.760000000000000000e+02
3.660000000000000000e+02
3.760000000000000000e+02
3.820000000000000000e+02
3.480000000000000000e+02
3.480000000000000000e+02
3.520000000000000000e+02
3.550000000000000000e+02
3.533333333333333144e+02
6.500000000000000000e+02
5.140000000000000000e+02
3.986666666666666856e+02
3.990000000000000000e+02
5.050000000000000000e+02
5.270000000000000000e+02
5.300000000000000000e+02
4.500000000000000000e+02
5.120000000000000000e+02
5.400000000000000000e+02
5.470000000000000000e+02
5.600000000000000000e+02
3.730000000000000000e+02
4.140000000000000000e+02
3.586666666666666856e+02
4.506666666666666856e+02
3.640000000000000000e+02
3.640000000000000000e+02
3.510000000000000000e+02
3.530000000000000000e+02
3.480000000000000000e+02
3.480000000000000000e+02
3.920000000000000000e+02
3.840000000000000000e+02
3.893333333333333144e+02
3.640000000000000000e+02
3.500000000000000000e+02
3.506666666666666856e+02
3.480000000000000000e+02
3.520000000000000000e+02
3.520000000000000000e+02
3.520000000000000000e+02
3.400000000000000000e+02
3.440000000000000000e+02
3.680000000000000000e+02
3.640000000000000000e+02
3.586666666666666856e+02
4.106666666666666856e+02
4.030000000000000000e+02
5.000000000000000000e+02
5.130000000000000000e+02
4.293333333333333144e+02
4.733333333333333144e+02
3.680000000000000000e+02
3.346666666666666856e+02
3.650000000000000000e+02
3.520000000000000000e+02
3.480000000000000000e+02
3.920000000000000000e+02
3.800000000000000000e+02
4.020000000000000000e+02
3.640000000000000000e+02
3.620000000000000000e+02
3.550000000000000000e+02
3.610000000000000000e+02
3.970000000000000000e+02
3.600000000000000000e+02
3.640000000000000000e+02
3.586666666666666856e+02
3.540000000000000000e+02
3.540000000000000000e+02
3.866666666666666856e+02
3.800000000000000000e+02
3.840000000000000000e+02
3.930000000000000000e+02
3.360000000000000000e+02
3.680000000000000000e+02
4.060000000000000000e+02
3.800000000000000000e+02
3.430000000000000000e+02
5.050000000000000000e+02
4.700000000000000000e+02
4.330000000000000000e+02
5.160000000000000000e+02
3.880000000000000000e+02
3.800000000000000000e+02
3.626666666666666856e+02
3.720000000000000000e+02
3.840000000000000000e+02
3.790000000000000000e+02
3.826666666666666856e+02
3.880000000000000000e+02
3.706666666666666856e+02
3.653333333333333144e+02
3.640000000000000000e+02
3.620000000000000000e+02
3.720000000000000000e+02
3.720000000000000000e+02
4.280000000000000000e+02
4.020000000000000000e+02
3.690000000000000000e+02
3.650000000000000000e+02
3.730000000000000000e+02
4.173333333333333144e+02
3.960000000000000000e+02
3.880000000000000000e+02
3.880000000000000000e+02
3.870000000000000000e+02
4.130000000000000000e+02
3.866666666666666856e+02
5.093333333333333144e+02
5.510000000000000000e+02
5.180000000000000000e+02
5.130000000000000000e+02
4.733333333333333144e+02
5.330000000000000000e+02
5.850000000000000000e+02
4.060000000000000000e+02
4.010000000000000000e+02
3.920000000000000000e+02
3.880000000000000000e+02
3.893333333333333144e+02
4.070000000000000000e+02
4.026666666666666856e+02
4.000000000000000000e+02
3.880000000000000000e+02
3.770000000000000000e+02
3.950000000000000000e+02
4.120000000000000000e+02
4.620000000000000000e+02
4.546666666666666856e+02
4.560000000000000000e+02
4.760000000000000000e+02
4.050000000000000000e+02
3.920000000000000000e+02
3.880000000000000000e+02
4.980000000000000000e+02
5.100000000000000000e+02
4.866666666666666856e+02
5.026666666666666856e+02
5.093333333333333144e+02
5.746666666666666288e+02
4.740000000000000000e+02
6.053333333333333712e+02
5.413333333333333712e+02
5.800000000000000000e+02
5.820000000000000000e+02
5.826666666666666288e+02
5.870000000000000000e+02
6.100000000000000000e+02
4.910000000000000000e+02
6.653333333333333712e+02
5.900000000000000000e+02
4.800000000000000000e+02
4.940000000000000000e+02
5.140000000000000000e+02
5.060000000000000000e+02
4.760000000000000000e+02
4.810000000000000000e+02
4.450000000000000000e+02
4.540000000000000000e+02
4.640000000000000000e+02
5.730000000000000000e+02
7.640000000000000000e+02
4.760000000000000000e+02
4.906666666666666856e+02
4.786666666666666856e+02
4.906666666666666856e+02
5.120000000000000000e+02
5.000000000000000000e+02
4.640000000000000000e+02
7.690000000000000000e+02
5.920000000000000000e+02
5.826666666666666288e+02
6.050000000000000000e+02
5.973333333333333712e+02
6.010000000000000000e+02
5.906666666666666288e+02
5.870000000000000000e+02
6.000000000000000000e+02
6.120000000000000000e+02
6.000000000000000000e+02
5.280000000000000000e+02
7.480000000000000000e+02
5.740000000000000000e+02
5.173333333333333712e+02
4.946666666666666856e+02
4.980000000000000000e+02
5.080000000000000000e+02
5.010000000000000000e+02
7.960000000000000000e+02
7.000000000000000000e+02
6.453333333333333712e+02
6.293333333333333712e+02
7.613333333333333712e+02
7.530000000000000000e+02
5.190000000000000000e+02
7.680000000000000000e+02
7.706666666666666288e+02
6.880000000000000000e+02
6.320000000000000000e+02
7.210000000000000000e+02
7.786666666666666288e+02
5.430000000000000000e+02
5.600000000000000000e+02
5.080000000000000000e+02
5.333333333333333712e+02
6.130000000000000000e+02
6.260000000000000000e+02
6.180000000000000000e+02
