5.370000000000000000e+02
4.960000000000000000e+02
5.140000000000000000e+02
5.030000000000000000e+02
5.170000000000000000e+02
5.210000000000000000e+02
4.333333333333333144e+02
5.320000000000000000e+02
3.920000000000000000e+02
7.030000000000000000e+02
3.450000000000000000e+02
3.450000000000000000e+02
3.370000000000000000e+02
4.510000000000000000e+02
4.410000000000000000e+02
4.360000000000000000e+02
4.190000000000000000e+02
4.460000000000000000e+02
4.413333333333333144e+02
4.360000000000000000e+02
3.510000000000000000e+02
3.750000000000000000e+02
3.380000000000000000e+02
3.720000000000000000e+02
3.693333333333333144e+02
5.306666666666666288e+02
3.826666666666666856e+02
4.080000000000000000e+02
5.493333333333333712e+02
5.330000000000000000e+02
5.410000000000000000e+02
5.370000000000000000e+02
5.140000000000000000e+02
5.480000000000000000e+02
5.380000000000000000e+02
5.480000000000000000e+02
5.480000000000000000e+02
3.920000000000000000e+02
3.586666666666666856e+02
3.693333333333333144e+02
2.720000000000000000e+02
6.760000000000000000e+02
3.740000000000000000e+02
3.750000000000000000e+02
4.520000000000000000e+02
4.290000000000000000e+02
3.830000000000000000e+02
3.770000000000000000e+02
3.660000000000000000e+02
3.760000000000000000e+02
3.480000000000000000e+02
3.986666666666666856e+02
3.520000000000000000e+02
3.440000000000000000e+02
3.666666666666666856e+02
3.740000000000000000e+02
5.253333333333333712e+02
5.140000000000000000e+02
4.800000000000000000e+02
3.990000000000000000e+02
5.120000000000000000e+02
5.090000000000000000e+02
5.610000000000000000e+02
5.360000000000000000e+02
5.120000000000000000e+02
5.533333333333333712e+02
5.420000000000000000e+02
5.600000000000000000e+02
4.733333333333333144e+02
3.973333333333333144e+02
3.920000000000000000e+02
3.490000000000000000e+02
3.640000000000000000e+02
3.590000000000000000e+02
3.580000000000000000e+02
3.470000000000000000e+02
3.470000000000000000e+02
3.470000000000000000e+02
3.813333333333333144e+02
3.840000000000000000e+02
3.720000000000000000e+02
3.640000000000000000e+02
3.520000000000000000e+02
3.520000000000000000e+02
3.280000000000000000e+02
3.520000000000000000e+02
3.530000000000000000e+02
3.520000000000000000e+02
3.400000000000000000e+02
3.480000000000000000e+02
3.650000000000000000e+02
3.640000000000000000e+02
3.780000000000000000e+02
4.106666666666666856e+02
4.030000000000000000e+02
5.080000000000000000e+02
5.130000000000000000e+02
4.893333333333333144e+02
4.770000000000000000e+02
3.790000000000000000e+02
3.680000000000000000e+02
3.650000000000000000e+02
3.520000000000000000e+02
3.480000000000000000e+02
3.160000000000000000e+02
3.800000000000000000e+02
3.950000000000000000e+02
3.640000000000000000e+02
3.640000000000000000e+02
3.640000000000000000e+02
3.640000000000000000e+02
3.970000000000000000e+02
3.600000000000000000e+02
3.610000000000000000e+02
3.520000000000000000e+02
3.510000000000000000e+02
3.520000000000000000e+02
3.746666666666666856e+02
3.800000000000000000e+02
3.840000000000000000e+02
3.930000000000000000e+02
3.360000000000000000e+02
3.680000000000000000e+02
3.380000000000000000e+02
3.546666666666666856e+02
3.820000000000000000e+02
5.093333333333333144e+02
5.090000000000000000e+02
5.120000000000000000e+02
5.070000000000000000e+02
3.880000000000000000e+02
3.800000000000000000e+02
3.680000000000000000e+02
3.720000000000000000e+02
3.960000000000000000e+02
3.440000000000000000e+02
3.840000000000000000e+02
3.860000000000000000e+02
3.790000000000000000e+02
3.640000000000000000e+02
3.640000000000000000e+02
4.920000000000000000e+02
3.653333333333333144e+02
3.706666666666666856e+02
4.400000000000000000e+02
3.746666666666666856e+02
3.860000000000000000e+02
3.820000000000000000e+02
3.730000000000000000e+02
4.000000000000000000e+02
3.980000000000000000e+02
3.920000000000000000e+02
3.900000000000000000e+02
3.840000000000000000e+02
3.860000000000000000e+02
3.900000000000000000e+02
4.293333333333333144e+02
3.960000000000000000e+02
5.130000000000000000e+02
5.130000000000000000e+02
5.120000000000000000e+02
5.130000000000000000e+02
5.850000000000000000e+02
4.013333333333333144e+02
4.010000000000000000e+02
4.040000000000000000e+02
3.880000000000000000e+02
3.893333333333333144e+02
4.430000000000000000e+02
4.026666666666666856e+02
4.000000000000000000e+02
3.930000000000000000e+02
4.093333333333333144e+02
3.960000000000000000e+02
4.680000000000000000e+02
4.550000000000000000e+02
4.480000000000000000e+02
4.530000000000000000e+02
4.760000000000000000e+02
4.050000000000000000e+02
4.120000000000000000e+02
3.866666666666666856e+02
5.040000000000000000e+02
4.240000000000000000e+02
4.893333333333333144e+02
5.026666666666666856e+02
5.360000000000000000e+02
5.746666666666666288e+02
4.740000000000000000e+02
6.053333333333333712e+02
5.760000000000000000e+02
5.790000000000000000e+02
5.850000000000000000e+02
5.400000000000000000e+02
5.920000000000000000e+02
4.960000000000000000e+02
5.880000000000000000e+02
6.653333333333333712e+02
7.190000000000000000e+02
4.800000000000000000e+02
5.120000000000000000e+02
5.186666666666666288e+02
5.060000000000000000e+02
4.760000000000000000e+02
4.590000000000000000e+02
4.450000000000000000e+02
4.540000000000000000e+02
4.590000000000000000e+02
5.706666666666666288e+02
7.866666666666666288e+02
6.890000000000000000e+02
4.790000000000000000e+02
4.820000000000000000e+02
4.906666666666666856e+02
5.070000000000000000e+02
5.020000000000000000e+02
4.280000000000000000e+02
7.690000000000000000e+02
6.093333333333333712e+02
5.866666666666666288e+02
4.460000000000000000e+02
5.880000000000000000e+02
5.813333333333333712e+02
5.740000000000000000e+02
5.980000000000000000e+02
5.800000000000000000e+02
6.120000000000000000e+02
4.820000000000000000e+02
6.810000000000000000e+02
7.480000000000000000e+02
5.740000000000000000e+02
5.150000000000000000e+02
4.946666666666666856e+02
7.746666666666666288e+02
5.080000000000000000e+02
5.920000000000000000e+02
5.920000000000000000e+02
7.290000000000000000e+02
6.453333333333333712e+02
5.610000000000000000e+02
7.613333333333333712e+02
7.530000000000000000e+02
5.960000000000000000e+02
6.470000000000000000e+02
6.380000000000000000e+02
6.880000000000000000e+02
5.480000000000000000e+02
4.880000000000000000e+02
7.786666666666666288e+02
5.430000000000000000e+02
7.480000000000000000e+02
5.840000000000000000e+02
6.000000000000000000e+02
6.130000000000000000e+02
6.210000000000000000e+02
5.350000000000000000e+02
