6.440000000000000000e+02
6.570000000000000000e+02
6.600000000000000000e+02
6.370000000000000000e+02
7.680000000000000000e+02
6.280000000000000000e+02
6.320000000000000000e+02
6.320000000000000000e+02
5.160000000000000000e+02
5.040000000000000000e+02
6.080000000000000000e+02
5.733333333333333712e+02
6.040000000000000000e+02
6.040000000000000000e+02
5.930000000000000000e+02
5.920000000000000000e+02
6.010000000000000000e+02
5.680000000000000000e+02
5.920000000000000000e+02
6.000000000000000000e+02
6.040000000000000000e+02
6.140000000000000000e+02
5.040000000000000000e+02
5.040000000000000000e+02
5.040000000000000000e+02
6.280000000000000000e+02
6.280000000000000000e+02
6.280000000000000000e+02
5.250000000000000000e+02
6.830000000000000000e+02
6.860000000000000000e+02
6.360000000000000000e+02
6.440000000000000000e+02
6.920000000000000000e+02
5.180000000000000000e+02
5.160000000000000000e+02
5.240000000000000000e+02
6.200000000000000000e+02
6.200000000000000000e+02
6.200000000000000000e+02
4.973333333333333144e+02
5.040000000000000000e+02
5.920000000000000000e+02
5.960000000000000000e+02
5.920000000000000000e+02
5.840000000000000000e+02
5.760000000000000000e+02
6.320000000000000000e+02
6.400000000000000000e+02
5.830000000000000000e+02
5.770000000000000000e+02
5.910000000000000000e+02
5.000000000000000000e+02
5.840000000000000000e+02
5.050000000000000000e+02
5.106666666666666856e+02
4.950000000000000000e+02
5.000000000000000000e+02
5.160000000000000000e+02
5.240000000000000000e+02
5.080000000000000000e+02
5.133333333333333712e+02
6.520000000000000000e+02
6.560000000000000000e+02
6.413333333333333712e+02
6.560000000000000000e+02
5.000000000000000000e+02
5.080000000000000000e+02
5.320000000000000000e+02
4.960000000000000000e+02
4.920000000000000000e+02
5.000000000000000000e+02
5.000000000000000000e+02
5.000000000000000000e+02
4.946666666666666856e+02
4.960000000000000000e+02
5.760000000000000000e+02
5.760000000000000000e+02
6.106666666666666288e+02
5.770000000000000000e+02
5.780000000000000000e+02
6.253333333333333712e+02
5.590000000000000000e+02
5.000000000000000000e+02
5.040000000000000000e+02
4.960000000000000000e+02
5.080000000000000000e+02
4.960000000000000000e+02
4.960000000000000000e+02
4.960000000000000000e+02
5.000000000000000000e+02
4.920000000000000000e+02
4.880000000000000000e+02
4.880000000000000000e+02
5.920000000000000000e+02
5.960000000000000000e+02
6.020000000000000000e+02
6.080000000000000000e+02
4.920000000000000000e+02
4.840000000000000000e+02
5.000000000000000000e+02
5.040000000000000000e+02
4.960000000000000000e+02
4.960000000000000000e+02
5.000000000000000000e+02
5.000000000000000000e+02
5.000000000000000000e+02
5.080000000000000000e+02
5.080000000000000000e+02
5.560000000000000000e+02
6.120000000000000000e+02
6.080000000000000000e+02
6.080000000000000000e+02
6.120000000000000000e+02
5.480000000000000000e+02
5.060000000000000000e+02
5.040000000000000000e+02
5.040000000000000000e+02
5.000000000000000000e+02
5.000000000000000000e+02
5.120000000000000000e+02
4.960000000000000000e+02
4.880000000000000000e+02
4.740000000000000000e+02
4.880000000000000000e+02
4.960000000000000000e+02
5.000000000000000000e+02
6.000000000000000000e+02
6.060000000000000000e+02
5.000000000000000000e+02
4.960000000000000000e+02
4.950000000000000000e+02
4.880000000000000000e+02
4.840000000000000000e+02
4.880000000000000000e+02
5.080000000000000000e+02
5.080000000000000000e+02
5.160000000000000000e+02
5.160000000000000000e+02
5.080000000000000000e+02
5.480000000000000000e+02
5.520000000000000000e+02
5.440000000000000000e+02
5.510000000000000000e+02
5.680000000000000000e+02
5.440000000000000000e+02
5.970000000000000000e+02
5.360000000000000000e+02
5.150000000000000000e+02
5.070000000000000000e+02
5.100000000000000000e+02
5.170000000000000000e+02
5.280000000000000000e+02
5.240000000000000000e+02
4.900000000000000000e+02
4.960000000000000000e+02
4.900000000000000000e+02
4.920000000000000000e+02
4.960000000000000000e+02
6.340000000000000000e+02
6.440000000000000000e+02
6.720000000000000000e+02
6.760000000000000000e+02
5.130000000000000000e+02
5.080000000000000000e+02
5.240000000000000000e+02
5.200000000000000000e+02
5.200000000000000000e+02
5.240000000000000000e+02
5.120000000000000000e+02
5.920000000000000000e+02
5.960000000000000000e+02
6.000000000000000000e+02
5.853333333333333712e+02
6.090000000000000000e+02
5.880000000000000000e+02
5.866666666666666288e+02
5.120000000000000000e+02
5.760000000000000000e+02
5.866666666666666288e+02
6.000000000000000000e+02
6.040000000000000000e+02
5.160000000000000000e+02
5.280000000000000000e+02
5.240000000000000000e+02
5.213333333333333712e+02
5.280000000000000000e+02
5.200000000000000000e+02
6.440000000000000000e+02
5.440000000000000000e+02
6.640000000000000000e+02
6.586666666666666288e+02
6.640000000000000000e+02
6.640000000000000000e+02
6.720000000000000000e+02
7.960000000000000000e+02
7.960000000000000000e+02
7.960000000000000000e+02
7.960000000000000000e+02
5.200000000000000000e+02
5.200000000000000000e+02
5.240000000000000000e+02
5.240000000000000000e+02
6.240000000000000000e+02
5.760000000000000000e+02
5.490000000000000000e+02
6.146666666666666288e+02
5.730000000000000000e+02
5.826666666666666288e+02
5.693333333333333712e+02
5.730000000000000000e+02
5.490000000000000000e+02
5.860000000000000000e+02
5.140000000000000000e+02
5.190000000000000000e+02
5.200000000000000000e+02
6.400000000000000000e+02
6.440000000000000000e+02
7.760000000000000000e+02
7.680000000000000000e+02
7.960000000000000000e+02
7.680000000000000000e+02
6.770000000000000000e+02
6.880000000000000000e+02
6.600000000000000000e+02
7.960000000000000000e+02
7.740000000000000000e+02
7.960000000000000000e+02
7.960000000000000000e+02
7.960000000000000000e+02
7.960000000000000000e+02
7.960000000000000000e+02
7.960000000000000000e+02
7.960000000000000000e+02
7.340000000000000000e+02
7.333333333333333712e+02
7.960000000000000000e+02
6.540000000000000000e+02
6.493333333333333712e+02
6.780000000000000000e+02
6.640000000000000000e+02
6.426666666666666288e+02
5.620000000000000000e+02
5.160000000000000000e+02
6.470000000000000000e+02
6.480000000000000000e+02
7.470000000000000000e+02
7.960000000000000000e+02
7.960000000000000000e+02
7.960000000000000000e+02
7.960000000000000000e+02
7.960000000000000000e+02
7.960000000000000000e+02
7.960000000000000000e+02
7.960000000000000000e+02
6.760000000000000000e+02
