5.370000000000000000e+02
4.960000000000000000e+02
5.260000000000000000e+02
5.210000000000000000e+02
5.170000000000000000e+02
5.200000000000000000e+02
3.960000000000000000e+02
7.380000000000000000e+02
3.426666666666666856e+02
7.260000000000000000e+02
3.450000000000000000e+02
3.460000000000000000e+02
3.400000000000000000e+02
4.420000000000000000e+02
4.410000000000000000e+02
4.530000000000000000e+02
4.640000000000000000e+02
4.400000000000000000e+02
4.413333333333333144e+02
4.360000000000000000e+02
3.610000000000000000e+02
3.560000000000000000e+02
3.380000000000000000e+02
3.720000000000000000e+02
3.693333333333333144e+02
5.240000000000000000e+02
5.360000000000000000e+02
4.053333333333333144e+02
5.493333333333333712e+02
5.310000000000000000e+02
4.640000000000000000e+02
5.370000000000000000e+02
5.280000000000000000e+02
4.560000000000000000e+02
4.840000000000000000e+02
5.500000000000000000e+02
5.540000000000000000e+02
4.450000000000000000e+02
3.586666666666666856e+02
3.710000000000000000e+02
5.173333333333333712e+02
3.180000000000000000e+02
3.480000000000000000e+02
3.750000000000000000e+02
4.660000000000000000e+02
4.120000000000000000e+02
3.790000000000000000e+02
3.770000000000000000e+02
3.660000000000000000e+02
3.720000000000000000e+02
3.573333333333333144e+02
3.480000000000000000e+02
3.520000000000000000e+02
3.520000000000000000e+02
3.480000000000000000e+02
3.533333333333333144e+02
5.253333333333333712e+02
5.500000000000000000e+02
3.800000000000000000e+02
3.990000000000000000e+02
5.450000000000000000e+02
5.590000000000000000e+02
5.280000000000000000e+02
5.373333333333333712e+02
5.120000000000000000e+02
5.400000000000000000e+02
5.470000000000000000e+02
5.586666666666666288e+02
3.840000000000000000e+02
3.970000000000000000e+02
3.670000000000000000e+02
4.506666666666666856e+02
3.640000000000000000e+02
3.640000000000000000e+02
3.560000000000000000e+02
3.510000000000000000e+02
3.480000000000000000e+02
3.573333333333333144e+02
3.920000000000000000e+02
4.200000000000000000e+02
3.720000000000000000e+02
3.600000000000000000e+02
4.200000000000000000e+02
3.520000000000000000e+02
3.280000000000000000e+02
3.520000000000000000e+02
3.520000000000000000e+02
3.520000000000000000e+02
3.450000000000000000e+02
3.480000000000000000e+02
3.650000000000000000e+02
3.640000000000000000e+02
3.600000000000000000e+02
4.106666666666666856e+02
4.040000000000000000e+02
5.120000000000000000e+02
5.026666666666666856e+02
5.000000000000000000e+02
3.866666666666666856e+02
3.706666666666666856e+02
3.680000000000000000e+02
3.640000000000000000e+02
3.520000000000000000e+02
3.480000000000000000e+02
3.426666666666666856e+02
3.830000000000000000e+02
3.790000000000000000e+02
3.640000000000000000e+02
3.620000000000000000e+02
4.180000000000000000e+02
3.610000000000000000e+02
3.666666666666666856e+02
3.613333333333333144e+02
3.610000000000000000e+02
3.520000000000000000e+02
3.510000000000000000e+02
3.520000000000000000e+02
3.500000000000000000e+02
3.840000000000000000e+02
3.866666666666666856e+02
3.610000000000000000e+02
3.893333333333333144e+02
3.680000000000000000e+02
3.680000000000000000e+02
3.546666666666666856e+02
3.820000000000000000e+02
5.050000000000000000e+02
5.090000000000000000e+02
5.030000000000000000e+02
5.160000000000000000e+02
3.820000000000000000e+02
4.253333333333333144e+02
3.400000000000000000e+02
3.720000000000000000e+02
3.840000000000000000e+02
3.440000000000000000e+02
3.840000000000000000e+02
3.880000000000000000e+02
3.640000000000000000e+02
3.640000000000000000e+02
3.640000000000000000e+02
3.640000000000000000e+02
3.653333333333333144e+02
4.220000000000000000e+02
4.386666666666666856e+02
3.746666666666666856e+02
3.690000000000000000e+02
3.650000000000000000e+02
3.750000000000000000e+02
4.173333333333333144e+02
5.020000000000000000e+02
3.920000000000000000e+02
3.840000000000000000e+02
3.746666666666666856e+02
4.130000000000000000e+02
3.900000000000000000e+02
5.600000000000000000e+02
5.510000000000000000e+02
5.180000000000000000e+02
5.000000000000000000e+02
5.120000000000000000e+02
5.240000000000000000e+02
5.940000000000000000e+02
6.040000000000000000e+02
4.010000000000000000e+02
3.890000000000000000e+02
3.800000000000000000e+02
3.880000000000000000e+02
3.840000000000000000e+02
4.026666666666666856e+02
4.000000000000000000e+02
3.880000000000000000e+02
3.840000000000000000e+02
3.866666666666666856e+02
4.120000000000000000e+02
4.580000000000000000e+02
4.280000000000000000e+02
4.510000000000000000e+02
3.600000000000000000e+02
4.690000000000000000e+02
4.120000000000000000e+02
3.866666666666666856e+02
4.980000000000000000e+02
4.480000000000000000e+02
4.866666666666666856e+02
5.180000000000000000e+02
4.480000000000000000e+02
5.890000000000000000e+02
4.740000000000000000e+02
6.100000000000000000e+02
5.413333333333333712e+02
5.680000000000000000e+02
5.870000000000000000e+02
5.826666666666666288e+02
5.870000000000000000e+02
6.080000000000000000e+02
6.140000000000000000e+02
6.120000000000000000e+02
7.950000000000000000e+02
4.760000000000000000e+02
4.940000000000000000e+02
5.140000000000000000e+02
5.573333333333333712e+02
4.760000000000000000e+02
4.810000000000000000e+02
4.450000000000000000e+02
4.590000000000000000e+02
4.640000000000000000e+02
5.390000000000000000e+02
7.340000000000000000e+02
7.560000000000000000e+02
4.466666666666666856e+02
4.430000000000000000e+02
4.933333333333333144e+02
5.070000000000000000e+02
5.110000000000000000e+02
5.030000000000000000e+02
7.690000000000000000e+02
7.830000000000000000e+02
5.320000000000000000e+02
6.026666666666666288e+02
5.740000000000000000e+02
5.933333333333333712e+02
5.940000000000000000e+02
5.720000000000000000e+02
6.000000000000000000e+02
5.720000000000000000e+02
6.000000000000000000e+02
5.280000000000000000e+02
7.610000000000000000e+02
5.640000000000000000e+02
5.150000000000000000e+02
5.130000000000000000e+02
6.840000000000000000e+02
5.160000000000000000e+02
7.800000000000000000e+02
5.920000000000000000e+02
7.820000000000000000e+02
6.180000000000000000e+02
5.610000000000000000e+02
6.320000000000000000e+02
7.280000000000000000e+02
7.280000000000000000e+02
6.470000000000000000e+02
7.706666666666666288e+02
5.530000000000000000e+02
6.980000000000000000e+02
7.210000000000000000e+02
5.720000000000000000e+02
5.600000000000000000e+02
6.040000000000000000e+02
5.840000000000000000e+02
5.333333333333333712e+02
6.230000000000000000e+02
6.260000000000000000e+02
6.060000000000000000e+02
