3.280000000000000000e+02
5.280000000000000000e+02
5.130000000000000000e+02
5.030000000000000000e+02
4.573333333333333144e+02
5.200000000000000000e+02
3.670000000000000000e+02
6.920000000000000000e+02
3.730000000000000000e+02
5.640000000000000000e+02
3.440000000000000000e+02
3.460000000000000000e+02
3.440000000000000000e+02
3.746666666666666856e+02
4.410000000000000000e+02
4.360000000000000000e+02
4.640000000000000000e+02
4.440000000000000000e+02
4.373333333333333144e+02
4.426666666666666856e+02
3.586666666666666856e+02
3.590000000000000000e+02
3.380000000000000000e+02
3.720000000000000000e+02
3.693333333333333144e+02
5.370000000000000000e+02
3.840000000000000000e+02
4.573333333333333144e+02
4.680000000000000000e+02
5.470000000000000000e+02
4.640000000000000000e+02
5.440000000000000000e+02
5.200000000000000000e+02
4.560000000000000000e+02
5.220000000000000000e+02
5.330000000000000000e+02
5.540000000000000000e+02
3.920000000000000000e+02
3.586666666666666856e+02
3.693333333333333144e+02
2.720000000000000000e+02
3.180000000000000000e+02
3.480000000000000000e+02
3.750000000000000000e+02
3.626666666666666856e+02
4.120000000000000000e+02
3.870000000000000000e+02
3.720000000000000000e+02
3.660000000000000000e+02
3.730000000000000000e+02
3.820000000000000000e+02
3.510000000000000000e+02
3.480000000000000000e+02
3.440000000000000000e+02
3.480000000000000000e+02
3.533333333333333144e+02
5.253333333333333712e+02
4.560000000000000000e+02
3.850000000000000000e+02
3.990000000000000000e+02
5.050000000000000000e+02
5.590000000000000000e+02
5.280000000000000000e+02
5.360000000000000000e+02
5.470000000000000000e+02
5.400000000000000000e+02
5.060000000000000000e+02
5.600000000000000000e+02
4.733333333333333144e+02
4.140000000000000000e+02
3.586666666666666856e+02
3.510000000000000000e+02
3.680000000000000000e+02
3.510000000000000000e+02
3.590000000000000000e+02
3.470000000000000000e+02
3.470000000000000000e+02
3.490000000000000000e+02
3.380000000000000000e+02
3.890000000000000000e+02
3.733333333333333144e+02
3.680000000000000000e+02
4.200000000000000000e+02
3.493333333333333144e+02
3.530000000000000000e+02
3.520000000000000000e+02
3.530000000000000000e+02
3.493333333333333144e+02
3.440000000000000000e+02
3.480000000000000000e+02
3.670000000000000000e+02
3.640000000000000000e+02
3.613333333333333144e+02
3.800000000000000000e+02
4.013333333333333144e+02
5.080000000000000000e+02
5.026666666666666856e+02
5.070000000000000000e+02
4.733333333333333144e+02
3.680000000000000000e+02
3.680000000000000000e+02
3.640000000000000000e+02
3.600000000000000000e+02
3.480000000000000000e+02
3.920000000000000000e+02
3.800000000000000000e+02
3.600000000000000000e+02
3.640000000000000000e+02
3.620000000000000000e+02
3.540000000000000000e+02
3.640000000000000000e+02
3.640000000000000000e+02
3.600000000000000000e+02
3.610000000000000000e+02
3.586666666666666856e+02
3.520000000000000000e+02
3.540000000000000000e+02
3.880000000000000000e+02
3.840000000000000000e+02
3.840000000000000000e+02
3.610000000000000000e+02
3.920000000000000000e+02
3.680000000000000000e+02
3.380000000000000000e+02
3.546666666666666856e+02
3.430000000000000000e+02
5.170000000000000000e+02
5.040000000000000000e+02
5.070000000000000000e+02
5.070000000000000000e+02
3.866666666666666856e+02
3.853333333333333144e+02
3.600000000000000000e+02
3.720000000000000000e+02
3.840000000000000000e+02
3.440000000000000000e+02
3.826666666666666856e+02
3.880000000000000000e+02
3.640000000000000000e+02
3.653333333333333144e+02
3.640000000000000000e+02
3.640000000000000000e+02
3.740000000000000000e+02
3.706666666666666856e+02
4.386666666666666856e+02
4.410000000000000000e+02
3.860000000000000000e+02
3.680000000000000000e+02
3.760000000000000000e+02
4.050000000000000000e+02
3.970000000000000000e+02
3.880000000000000000e+02
3.840000000000000000e+02
3.880000000000000000e+02
3.840000000000000000e+02
3.866666666666666856e+02
3.840000000000000000e+02
3.960000000000000000e+02
5.130000000000000000e+02
5.010000000000000000e+02
4.733333333333333144e+02
5.680000000000000000e+02
5.490000000000000000e+02
4.000000000000000000e+02
4.000000000000000000e+02
3.890000000000000000e+02
3.880000000000000000e+02
3.890000000000000000e+02
4.070000000000000000e+02
3.970000000000000000e+02
4.000000000000000000e+02
3.880000000000000000e+02
3.760000000000000000e+02
3.950000000000000000e+02
3.910000000000000000e+02
4.610000000000000000e+02
4.546666666666666856e+02
4.560000000000000000e+02
4.760000000000000000e+02
4.050000000000000000e+02
3.880000000000000000e+02
3.880000000000000000e+02
5.040000000000000000e+02
4.240000000000000000e+02
4.700000000000000000e+02
5.026666666666666856e+02
5.093333333333333144e+02
4.720000000000000000e+02
4.740000000000000000e+02
6.053333333333333712e+02
5.740000000000000000e+02
5.790000000000000000e+02
5.813333333333333712e+02
5.826666666666666288e+02
5.813333333333333712e+02
5.960000000000000000e+02
5.880000000000000000e+02
7.310000000000000000e+02
5.900000000000000000e+02
7.880000000000000000e+02
4.973333333333333144e+02
5.140000000000000000e+02
5.060000000000000000e+02
4.740000000000000000e+02
4.590000000000000000e+02
4.440000000000000000e+02
4.540000000000000000e+02
4.640000000000000000e+02
5.730000000000000000e+02
7.340000000000000000e+02
6.890000000000000000e+02
5.360000000000000000e+02
4.773333333333333144e+02
4.906666666666666856e+02
5.120000000000000000e+02
5.040000000000000000e+02
4.280000000000000000e+02
5.140000000000000000e+02
5.920000000000000000e+02
6.133333333333333712e+02
4.460000000000000000e+02
5.800000000000000000e+02
5.970000000000000000e+02
5.740000000000000000e+02
6.270000000000000000e+02
5.800000000000000000e+02
6.000000000000000000e+02
5.586666666666666288e+02
6.940000000000000000e+02
7.480000000000000000e+02
5.740000000000000000e+02
5.173333333333333712e+02
5.280000000000000000e+02
6.840000000000000000e+02
5.106666666666666856e+02
7.800000000000000000e+02
5.920000000000000000e+02
7.110000000000000000e+02
6.160000000000000000e+02
5.610000000000000000e+02
4.160000000000000000e+02
7.000000000000000000e+02
7.270000000000000000e+02
7.680000000000000000e+02
7.060000000000000000e+02
5.933333333333333712e+02
6.980000000000000000e+02
5.500000000000000000e+02
7.786666666666666288e+02
5.600000000000000000e+02
6.040000000000000000e+02
5.950000000000000000e+02
5.306666666666666288e+02
6.120000000000000000e+02
5.910000000000000000e+02
6.040000000000000000e+02
