6.170000000000000000e+02
6.280000000000000000e+02
6.160000000000000000e+02
6.370000000000000000e+02
6.110000000000000000e+02
5.940000000000000000e+02
6.346666666666666288e+02
4.800000000000000000e+02
5.800000000000000000e+02
5.950000000000000000e+02
5.000000000000000000e+02
5.860000000000000000e+02
4.826666666666666856e+02
5.610000000000000000e+02
6.930000000000000000e+02
5.840000000000000000e+02
5.840000000000000000e+02
6.240000000000000000e+02
5.586666666666666288e+02
5.680000000000000000e+02
5.666666666666666288e+02
5.973333333333333712e+02
5.850000000000000000e+02
5.940000000000000000e+02
5.370000000000000000e+02
6.080000000000000000e+02
7.000000000000000000e+02
5.840000000000000000e+02
6.320000000000000000e+02
6.400000000000000000e+02
5.720000000000000000e+02
6.080000000000000000e+02
6.040000000000000000e+02
6.000000000000000000e+02
6.386666666666666288e+02
6.360000000000000000e+02
6.266666666666666288e+02
6.026666666666666288e+02
6.186666666666666288e+02
5.870000000000000000e+02
5.880000000000000000e+02
5.880000000000000000e+02
4.840000000000000000e+02
5.280000000000000000e+02
5.560000000000000000e+02
5.890000000000000000e+02
5.960000000000000000e+02
5.570000000000000000e+02
5.700000000000000000e+02
6.070000000000000000e+02
5.733333333333333712e+02
5.780000000000000000e+02
5.600000000000000000e+02
5.826666666666666288e+02
6.000000000000000000e+02
5.760000000000000000e+02
5.620000000000000000e+02
5.400000000000000000e+02
4.853333333333333144e+02
5.746666666666666288e+02
6.000000000000000000e+02
6.150000000000000000e+02
6.173333333333333712e+02
5.933333333333333712e+02
5.320000000000000000e+02
6.010000000000000000e+02
6.240000000000000000e+02
6.290000000000000000e+02
6.280000000000000000e+02
5.620000000000000000e+02
4.870000000000000000e+02
4.813333333333333144e+02
4.880000000000000000e+02
5.960000000000000000e+02
4.880000000000000000e+02
4.906666666666666856e+02
5.040000000000000000e+02
5.880000000000000000e+02
5.520000000000000000e+02
4.680000000000000000e+02
4.986666666666666856e+02
5.210000000000000000e+02
5.210000000000000000e+02
4.880000000000000000e+02
4.810000000000000000e+02
4.800000000000000000e+02
4.840000000000000000e+02
4.810000000000000000e+02
4.800000000000000000e+02
4.850000000000000000e+02
4.800000000000000000e+02
4.870000000000000000e+02
6.330000000000000000e+02
6.520000000000000000e+02
5.840000000000000000e+02
5.733333333333333712e+02
5.830000000000000000e+02
5.790000000000000000e+02
5.750000000000000000e+02
4.840000000000000000e+02
4.906666666666666856e+02
4.860000000000000000e+02
4.840000000000000000e+02
4.880000000000000000e+02
4.900000000000000000e+02
4.920000000000000000e+02
5.000000000000000000e+02
4.960000000000000000e+02
4.850000000000000000e+02
4.920000000000000000e+02
4.880000000000000000e+02
5.520000000000000000e+02
5.340000000000000000e+02
4.870000000000000000e+02
4.880000000000000000e+02
4.910000000000000000e+02
4.960000000000000000e+02
4.910000000000000000e+02
4.940000000000000000e+02
4.840000000000000000e+02
4.840000000000000000e+02
4.840000000000000000e+02
4.800000000000000000e+02
4.840000000000000000e+02
4.840000000000000000e+02
5.760000000000000000e+02
5.850000000000000000e+02
5.830000000000000000e+02
5.840000000000000000e+02
5.830000000000000000e+02
4.830000000000000000e+02
4.880000000000000000e+02
4.870000000000000000e+02
4.800000000000000000e+02
4.840000000000000000e+02
4.920000000000000000e+02
5.030000000000000000e+02
4.840000000000000000e+02
4.930000000000000000e+02
4.880000000000000000e+02
4.920000000000000000e+02
4.860000000000000000e+02
5.066666666666666856e+02
5.300000000000000000e+02
5.306666666666666288e+02
4.840000000000000000e+02
4.880000000000000000e+02
4.920000000000000000e+02
4.760000000000000000e+02
4.800000000000000000e+02
4.840000000000000000e+02
5.040000000000000000e+02
4.840000000000000000e+02
4.960000000000000000e+02
4.920000000000000000e+02
4.860000000000000000e+02
4.960000000000000000e+02
4.880000000000000000e+02
5.850000000000000000e+02
5.853333333333333712e+02
5.866666666666666288e+02
5.900000000000000000e+02
4.840000000000000000e+02
4.866666666666666856e+02
4.980000000000000000e+02
4.960000000000000000e+02
4.880000000000000000e+02
4.990000000000000000e+02
4.853333333333333144e+02
5.040000000000000000e+02
4.920000000000000000e+02
4.870000000000000000e+02
4.820000000000000000e+02
5.290000000000000000e+02
4.880000000000000000e+02
5.586666666666666288e+02
5.650000000000000000e+02
5.453333333333333712e+02
5.260000000000000000e+02
4.386666666666666856e+02
4.920000000000000000e+02
5.813333333333333712e+02
4.960000000000000000e+02
5.080000000000000000e+02
5.040000000000000000e+02
4.920000000000000000e+02
4.920000000000000000e+02
5.040000000000000000e+02
6.373333333333333712e+02
6.420000000000000000e+02
6.520000000000000000e+02
5.960000000000000000e+02
5.810000000000000000e+02
6.020000000000000000e+02
6.130000000000000000e+02
6.160000000000000000e+02
6.110000000000000000e+02
4.610000000000000000e+02
4.680000000000000000e+02
4.733333333333333144e+02
4.840000000000000000e+02
4.590000000000000000e+02
4.600000000000000000e+02
4.720000000000000000e+02
5.613333333333333712e+02
5.560000000000000000e+02
5.370000000000000000e+02
5.440000000000000000e+02
5.730000000000000000e+02
4.800000000000000000e+02
6.300000000000000000e+02
5.300000000000000000e+02
5.533333333333333712e+02
5.490000000000000000e+02
5.480000000000000000e+02
5.480000000000000000e+02
6.030000000000000000e+02
4.800000000000000000e+02
4.720000000000000000e+02
6.170000000000000000e+02
6.220000000000000000e+02
6.040000000000000000e+02
6.000000000000000000e+02
5.920000000000000000e+02
5.930000000000000000e+02
5.920000000000000000e+02
6.120000000000000000e+02
5.960000000000000000e+02
5.990000000000000000e+02
6.110000000000000000e+02
5.850000000000000000e+02
5.910000000000000000e+02
5.800000000000000000e+02
5.880000000000000000e+02
5.680000000000000000e+02
5.530000000000000000e+02
5.990000000000000000e+02
6.000000000000000000e+02
5.880000000000000000e+02
6.866666666666666288e+02
7.360000000000000000e+02
5.440000000000000000e+02
5.510000000000000000e+02
5.880000000000000000e+02
5.626666666666666288e+02
5.933333333333333712e+02
5.290000000000000000e+02
7.000000000000000000e+02
6.293333333333333712e+02
5.910000000000000000e+02
5.600000000000000000e+02
5.770000000000000000e+02
5.810000000000000000e+02
5.730000000000000000e+02
5.880000000000000000e+02
5.930000000000000000e+02
