4.880000000000000000e+02
6.280000000000000000e+02
6.040000000000000000e+02
5.720000000000000000e+02
6.426666666666666288e+02
5.940000000000000000e+02
6.740000000000000000e+02
4.800000000000000000e+02
5.840000000000000000e+02
5.746666666666666288e+02
5.000000000000000000e+02
4.800000000000000000e+02
4.826666666666666856e+02
5.610000000000000000e+02
6.306666666666666288e+02
7.450000000000000000e+02
5.270000000000000000e+02
4.700000000000000000e+02
4.440000000000000000e+02
5.250000000000000000e+02
5.666666666666666288e+02
5.960000000000000000e+02
5.920000000000000000e+02
5.710000000000000000e+02
5.600000000000000000e+02
5.680000000000000000e+02
5.840000000000000000e+02
6.260000000000000000e+02
6.450000000000000000e+02
6.400000000000000000e+02
6.440000000000000000e+02
6.060000000000000000e+02
6.160000000000000000e+02
5.660000000000000000e+02
6.350000000000000000e+02
6.160000000000000000e+02
6.333333333333333712e+02
6.030000000000000000e+02
6.106666666666666288e+02
5.870000000000000000e+02
5.640000000000000000e+02
5.880000000000000000e+02
6.060000000000000000e+02
5.640000000000000000e+02
5.790000000000000000e+02
5.920000000000000000e+02
5.830000000000000000e+02
5.570000000000000000e+02
5.973333333333333712e+02
5.920000000000000000e+02
5.540000000000000000e+02
4.720000000000000000e+02
5.653333333333333712e+02
5.720000000000000000e+02
6.000000000000000000e+02
5.820000000000000000e+02
5.620000000000000000e+02
5.400000000000000000e+02
6.040000000000000000e+02
5.626666666666666288e+02
6.290000000000000000e+02
5.920000000000000000e+02
6.173333333333333712e+02
5.933333333333333712e+02
5.320000000000000000e+02
6.200000000000000000e+02
6.240000000000000000e+02
6.290000000000000000e+02
6.310000000000000000e+02
5.660000000000000000e+02
5.066666666666666856e+02
5.800000000000000000e+02
4.840000000000000000e+02
5.960000000000000000e+02
4.900000000000000000e+02
4.910000000000000000e+02
5.040000000000000000e+02
5.840000000000000000e+02
5.520000000000000000e+02
4.680000000000000000e+02
4.986666666666666856e+02
5.200000000000000000e+02
5.346666666666666288e+02
4.880000000000000000e+02
4.810000000000000000e+02
4.810000000000000000e+02
4.840000000000000000e+02
4.840000000000000000e+02
4.930000000000000000e+02
4.840000000000000000e+02
4.800000000000000000e+02
4.860000000000000000e+02
6.180000000000000000e+02
6.520000000000000000e+02
5.840000000000000000e+02
5.770000000000000000e+02
5.800000000000000000e+02
5.800000000000000000e+02
5.730000000000000000e+02
4.840000000000000000e+02
4.906666666666666856e+02
4.880000000000000000e+02
4.840000000000000000e+02
4.880000000000000000e+02
4.920000000000000000e+02
4.970000000000000000e+02
4.950000000000000000e+02
4.920000000000000000e+02
4.906666666666666856e+02
4.920000000000000000e+02
4.870000000000000000e+02
5.420000000000000000e+02
5.270000000000000000e+02
4.826666666666666856e+02
4.880000000000000000e+02
4.880000000000000000e+02
4.920000000000000000e+02
4.920000000000000000e+02
4.940000000000000000e+02
4.850000000000000000e+02
4.900000000000000000e+02
4.800000000000000000e+02
4.930000000000000000e+02
4.840000000000000000e+02
4.880000000000000000e+02
4.880000000000000000e+02
5.826666666666666288e+02
5.830000000000000000e+02
5.870000000000000000e+02
4.733333333333333144e+02
5.800000000000000000e+02
4.880000000000000000e+02
4.840000000000000000e+02
4.800000000000000000e+02
4.840000000000000000e+02
4.866666666666666856e+02
4.880000000000000000e+02
4.840000000000000000e+02
4.960000000000000000e+02
4.880000000000000000e+02
4.880000000000000000e+02
4.933333333333333144e+02
5.066666666666666856e+02
5.080000000000000000e+02
5.490000000000000000e+02
4.920000000000000000e+02
4.880000000000000000e+02
4.880000000000000000e+02
4.800000000000000000e+02
4.800000000000000000e+02
4.880000000000000000e+02
5.040000000000000000e+02
4.910000000000000000e+02
4.920000000000000000e+02
4.866666666666666856e+02
4.920000000000000000e+02
4.900000000000000000e+02
4.920000000000000000e+02
5.786666666666666288e+02
5.853333333333333712e+02
5.890000000000000000e+02
4.960000000000000000e+02
4.813333333333333144e+02
4.920000000000000000e+02
5.050000000000000000e+02
4.960000000000000000e+02
4.880000000000000000e+02
4.960000000000000000e+02
5.080000000000000000e+02
4.900000000000000000e+02
4.920000000000000000e+02
4.870000000000000000e+02
4.840000000000000000e+02
5.026666666666666856e+02
4.960000000000000000e+02
5.330000000000000000e+02
5.780000000000000000e+02
5.453333333333333712e+02
5.210000000000000000e+02
5.270000000000000000e+02
4.853333333333333144e+02
5.813333333333333712e+02
5.000000000000000000e+02
5.000000000000000000e+02
5.040000000000000000e+02
4.960000000000000000e+02
5.040000000000000000e+02
5.040000000000000000e+02
6.293333333333333712e+02
6.460000000000000000e+02
6.600000000000000000e+02
5.960000000000000000e+02
5.890000000000000000e+02
6.180000000000000000e+02
5.973333333333333712e+02
6.310000000000000000e+02
6.110000000000000000e+02
5.080000000000000000e+02
4.680000000000000000e+02
4.800000000000000000e+02
4.880000000000000000e+02
4.626666666666666856e+02
4.600000000000000000e+02
4.640000000000000000e+02
4.640000000000000000e+02
5.466666666666666288e+02
5.253333333333333712e+02
5.350000000000000000e+02
6.640000000000000000e+02
6.786666666666666288e+02
4.910000000000000000e+02
5.520000000000000000e+02
5.560000000000000000e+02
5.380000000000000000e+02
4.880000000000000000e+02
5.480000000000000000e+02
6.030000000000000000e+02
4.760000000000000000e+02
4.970000000000000000e+02
6.140000000000000000e+02
6.350000000000000000e+02
6.066666666666666288e+02
6.040000000000000000e+02
5.360000000000000000e+02
5.930000000000000000e+02
5.880000000000000000e+02
6.106666666666666288e+02
5.950000000000000000e+02
5.810000000000000000e+02
6.110000000000000000e+02
5.710000000000000000e+02
5.680000000000000000e+02
5.906666666666666288e+02
5.880000000000000000e+02
5.680000000000000000e+02
5.420000000000000000e+02
5.930000000000000000e+02
5.960000000000000000e+02
5.660000000000000000e+02
6.820000000000000000e+02
6.893333333333333712e+02
6.853333333333333712e+02
5.510000000000000000e+02
6.080000000000000000e+02
6.060000000000000000e+02
5.933333333333333712e+02
5.640000000000000000e+02
5.853333333333333712e+02
6.080000000000000000e+02
5.840000000000000000e+02
5.660000000000000000e+02
5.973333333333333712e+02
5.510000000000000000e+02
5.840000000000000000e+02
5.920000000000000000e+02
5.970000000000000000e+02
