7.413333333333333712e+02
7.410000000000000000e+02
7.420000000000000000e+02
7.493333333333333712e+02
7.450000000000000000e+02
6.910000000000000000e+02
4.960000000000000000e+02
4.960000000000000000e+02
4.960000000000000000e+02
4.933333333333333144e+02
6.860000000000000000e+02
5.380000000000000000e+02
7.520000000000000000e+02
7.430000000000000000e+02
5.533333333333333712e+02
5.920000000000000000e+02
7.620000000000000000e+02
7.600000000000000000e+02
7.590000000000000000e+02
7.600000000000000000e+02
6.920000000000000000e+02
5.240000000000000000e+02
7.450000000000000000e+02
7.490000000000000000e+02
7.440000000000000000e+02
7.440000000000000000e+02
7.480000000000000000e+02
7.400000000000000000e+02
7.410000000000000000e+02
7.400000000000000000e+02
6.990000000000000000e+02
4.906666666666666856e+02
7.440000000000000000e+02
4.866666666666666856e+02
7.590000000000000000e+02
7.460000000000000000e+02
5.060000000000000000e+02
4.800000000000000000e+02
4.720000000000000000e+02
4.720000000000000000e+02
4.760000000000000000e+02
4.690000000000000000e+02
5.220000000000000000e+02
7.520000000000000000e+02
7.560000000000000000e+02
7.613333333333333712e+02
7.600000000000000000e+02
7.600000000000000000e+02
7.600000000000000000e+02
7.560000000000000000e+02
7.600000000000000000e+02
7.600000000000000000e+02
7.560000000000000000e+02
5.450000000000000000e+02
4.620000000000000000e+02
4.800000000000000000e+02
4.680000000000000000e+02
5.360000000000000000e+02
4.613333333333333144e+02
7.026666666666666288e+02
4.760000000000000000e+02
4.710000000000000000e+02
7.580000000000000000e+02
7.550000000000000000e+02
7.040000000000000000e+02
7.213333333333333712e+02
4.760000000000000000e+02
4.600000000000000000e+02
4.950000000000000000e+02
5.440000000000000000e+02
5.520000000000000000e+02
7.490000000000000000e+02
5.493333333333333712e+02
5.480000000000000000e+02
5.680000000000000000e+02
5.773333333333333712e+02
7.586666666666666288e+02
7.560000000000000000e+02
7.560000000000000000e+02
7.560000000000000000e+02
7.520000000000000000e+02
7.560000000000000000e+02
7.520000000000000000e+02
5.680000000000000000e+02
5.720000000000000000e+02
5.640000000000000000e+02
5.480000000000000000e+02
5.520000000000000000e+02
5.400000000000000000e+02
5.280000000000000000e+02
5.180000000000000000e+02
5.200000000000000000e+02
5.200000000000000000e+02
4.920000000000000000e+02
7.466666666666666288e+02
5.133333333333333712e+02
5.190000000000000000e+02
5.380000000000000000e+02
5.090000000000000000e+02
4.980000000000000000e+02
5.000000000000000000e+02
5.000000000000000000e+02
5.280000000000000000e+02
5.120000000000000000e+02
5.600000000000000000e+02
5.480000000000000000e+02
5.560000000000000000e+02
5.640000000000000000e+02
5.640000000000000000e+02
7.560000000000000000e+02
7.520000000000000000e+02
7.840000000000000000e+02
7.773333333333333712e+02
7.560000000000000000e+02
7.520000000000000000e+02
5.680000000000000000e+02
5.600000000000000000e+02
5.680000000000000000e+02
5.600000000000000000e+02
5.560000000000000000e+02
4.933333333333333144e+02
5.000000000000000000e+02
5.210000000000000000e+02
5.000000000000000000e+02
5.040000000000000000e+02
4.980000000000000000e+02
5.590000000000000000e+02
4.970000000000000000e+02
4.866666666666666856e+02
5.120000000000000000e+02
5.220000000000000000e+02
5.040000000000000000e+02
5.000000000000000000e+02
5.070000000000000000e+02
5.200000000000000000e+02
4.493333333333333144e+02
4.400000000000000000e+02
4.410000000000000000e+02
4.440000000000000000e+02
4.400000000000000000e+02
5.570000000000000000e+02
4.480000000000000000e+02
7.740000000000000000e+02
7.400000000000000000e+02
7.490000000000000000e+02
4.360000000000000000e+02
4.440000000000000000e+02
4.540000000000000000e+02
4.440000000000000000e+02
4.480000000000000000e+02
4.440000000000000000e+02
4.440000000000000000e+02
4.400000000000000000e+02
4.400000000000000000e+02
4.400000000000000000e+02
5.120000000000000000e+02
5.666666666666666288e+02
5.573333333333333712e+02
4.640000000000000000e+02
4.653333333333333144e+02
7.380000000000000000e+02
4.826666666666666856e+02
4.760000000000000000e+02
4.840000000000000000e+02
4.440000000000000000e+02
4.760000000000000000e+02
4.360000000000000000e+02
4.400000000000000000e+02
4.360000000000000000e+02
4.160000000000000000e+02
4.440000000000000000e+02
4.480000000000000000e+02
4.320000000000000000e+02
4.280000000000000000e+02
4.200000000000000000e+02
5.360000000000000000e+02
4.200000000000000000e+02
4.200000000000000000e+02
4.200000000000000000e+02
4.160000000000000000e+02
4.120000000000000000e+02
4.253333333333333144e+02
4.360000000000000000e+02
4.280000000000000000e+02
4.360000000000000000e+02
4.360000000000000000e+02
4.480000000000000000e+02
4.706666666666666856e+02
4.653333333333333144e+02
5.280000000000000000e+02
5.160000000000000000e+02
5.170000000000000000e+02
5.290000000000000000e+02
4.960000000000000000e+02
5.280000000000000000e+02
5.280000000000000000e+02
4.720000000000000000e+02
4.680000000000000000e+02
4.320000000000000000e+02
4.280000000000000000e+02
4.280000000000000000e+02
4.280000000000000000e+02
4.460000000000000000e+02
4.000000000000000000e+02
4.080000000000000000e+02
4.160000000000000000e+02
4.120000000000000000e+02
4.160000000000000000e+02
4.200000000000000000e+02
4.200000000000000000e+02
4.160000000000000000e+02
4.160000000000000000e+02
4.180000000000000000e+02
4.400000000000000000e+02
4.400000000000000000e+02
4.360000000000000000e+02
4.280000000000000000e+02
4.280000000000000000e+02
4.440000000000000000e+02
4.720000000000000000e+02
4.706666666666666856e+02
4.920000000000000000e+02
5.080000000000000000e+02
5.050000000000000000e+02
6.880000000000000000e+02
4.990000000000000000e+02
4.930000000000000000e+02
4.520000000000000000e+02
5.013333333333333144e+02
5.040000000000000000e+02
4.480000000000000000e+02
4.440000000000000000e+02
4.400000000000000000e+02
4.440000000000000000e+02
4.440000000000000000e+02
4.400000000000000000e+02
4.160000000000000000e+02
4.013333333333333144e+02
4.550000000000000000e+02
4.170000000000000000e+02
4.250000000000000000e+02
4.400000000000000000e+02
4.190000000000000000e+02
4.426666666666666856e+02
4.480000000000000000e+02
4.400000000000000000e+02
4.400000000000000000e+02
4.400000000000000000e+02
4.480000000000000000e+02
4.960000000000000000e+02
5.000000000000000000e+02
5.240000000000000000e+02
5.330000000000000000e+02
5.320000000000000000e+02
6.890000000000000000e+02
5.040000000000000000e+02
4.760000000000000000e+02
5.013333333333333144e+02
5.120000000000000000e+02
5.240000000000000000e+02
5.320000000000000000e+02
4.800000000000000000e+02
5.000000000000000000e+02
5.120000000000000000e+02
4.480000000000000000e+02
4.360000000000000000e+02
4.360000000000000000e+02
5.680000000000000000e+02
5.680000000000000000e+02
7.360000000000000000e+02
7.440000000000000000e+02
7.520000000000000000e+02
7.480000000000000000e+02
7.470000000000000000e+02
7.360000000000000000e+02
7.400000000000000000e+02
5.680000000000000000e+02
5.760000000000000000e+02
5.200000000000000000e+02
5.106666666666666856e+02
5.200000000000000000e+02
5.200000000000000000e+02
5.020000000000000000e+02
4.730000000000000000e+02
4.960000000000000000e+02
5.013333333333333144e+02
4.960000000000000000e+02
7.260000000000000000e+02
5.280000000000000000e+02
7.510000000000000000e+02
6.830000000000000000e+02
5.220000000000000000e+02
5.120000000000000000e+02
4.920000000000000000e+02
4.770000000000000000e+02
4.840000000000000000e+02
4.866666666666666856e+02
4.880000000000000000e+02
5.586666666666666288e+02
5.680000000000000000e+02
5.573333333333333712e+02
7.360000000000000000e+02
7.400000000000000000e+02
7.440000000000000000e+02
7.440000000000000000e+02
7.800000000000000000e+02
7.560000000000000000e+02
7.480000000000000000e+02
7.480000000000000000e+02
7.266666666666666288e+02
4.893333333333333144e+02
7.520000000000000000e+02
7.460000000000000000e+02
4.740000000000000000e+02
5.480000000000000000e+02
5.300000000000000000e+02
7.520000000000000000e+02
5.610000000000000000e+02
5.426666666666666288e+02
5.413333333333333712e+02
5.280000000000000000e+02
7.560000000000000000e+02
5.480000000000000000e+02
5.360000000000000000e+02
7.480000000000000000e+02
7.490000000000000000e+02
4.800000000000000000e+02
4.386666666666666856e+02
7.453333333333333712e+02
5.380000000000000000e+02
5.400000000000000000e+02
7.520000000000000000e+02
7.520000000000000000e+02
7.560000000000000000e+02
7.600000000000000000e+02
7.560000000000000000e+02
