5.190000000000000000e+02
4.960000000000000000e+02
5.260000000000000000e+02
5.210000000000000000e+02
5.100000000000000000e+02
4.653333333333333144e+02
5.160000000000000000e+02
5.320000000000000000e+02
3.920000000000000000e+02
3.410000000000000000e+02
3.410000000000000000e+02
3.460000000000000000e+02
3.546666666666666856e+02
4.420000000000000000e+02
4.210000000000000000e+02
4.520000000000000000e+02
4.640000000000000000e+02
4.400000000000000000e+02
4.373333333333333144e+02
4.380000000000000000e+02
3.610000000000000000e+02
3.560000000000000000e+02
3.380000000000000000e+02
3.610000000000000000e+02
3.693333333333333144e+02
5.370000000000000000e+02
3.880000000000000000e+02
5.266666666666666288e+02
4.400000000000000000e+02
5.310000000000000000e+02
5.210000000000000000e+02
4.680000000000000000e+02
5.200000000000000000e+02
5.460000000000000000e+02
5.280000000000000000e+02
5.640000000000000000e+02
5.480000000000000000e+02
4.213333333333333144e+02
6.620000000000000000e+02
5.453333333333333712e+02
5.173333333333333712e+02
3.180000000000000000e+02
3.740000000000000000e+02
3.750000000000000000e+02
4.660000000000000000e+02
4.050000000000000000e+02
3.870000000000000000e+02
3.720000000000000000e+02
3.680000000000000000e+02
3.680000000000000000e+02
3.480000000000000000e+02
3.480000000000000000e+02
3.480000000000000000e+02
3.520000000000000000e+02
3.630000000000000000e+02
3.210000000000000000e+02
6.500000000000000000e+02
5.520000000000000000e+02
3.800000000000000000e+02
4.586666666666666856e+02
5.120000000000000000e+02
5.600000000000000000e+02
5.300000000000000000e+02
5.350000000000000000e+02
4.980000000000000000e+02
5.400000000000000000e+02
5.600000000000000000e+02
5.586666666666666288e+02
4.733333333333333144e+02
3.970000000000000000e+02
3.920000000000000000e+02
3.500000000000000000e+02
3.680000000000000000e+02
3.590000000000000000e+02
3.580000000000000000e+02
3.470000000000000000e+02
3.470000000000000000e+02
3.480000000000000000e+02
3.880000000000000000e+02
3.880000000000000000e+02
3.813333333333333144e+02
3.640000000000000000e+02
3.620000000000000000e+02
3.506666666666666856e+02
3.480000000000000000e+02
3.520000000000000000e+02
3.520000000000000000e+02
3.520000000000000000e+02
3.450000000000000000e+02
3.480000000000000000e+02
3.680000000000000000e+02
3.680000000000000000e+02
3.600000000000000000e+02
5.790000000000000000e+02
4.030000000000000000e+02
5.120000000000000000e+02
5.050000000000000000e+02
4.893333333333333144e+02
5.180000000000000000e+02
3.706666666666666856e+02
3.680000000000000000e+02
3.650000000000000000e+02
3.600000000000000000e+02
3.480000000000000000e+02
3.160000000000000000e+02
3.830000000000000000e+02
3.600000000000000000e+02
3.640000000000000000e+02
3.640000000000000000e+02
3.640000000000000000e+02
3.640000000000000000e+02
3.666666666666666856e+02
3.600000000000000000e+02
3.626666666666666856e+02
3.520000000000000000e+02
3.510000000000000000e+02
3.560000000000000000e+02
3.746666666666666856e+02
3.800000000000000000e+02
3.866666666666666856e+02
3.920000000000000000e+02
3.360000000000000000e+02
3.680000000000000000e+02
3.680000000000000000e+02
3.746666666666666856e+02
3.826666666666666856e+02
5.050000000000000000e+02
5.180000000000000000e+02
5.070000000000000000e+02
5.050000000000000000e+02
3.880000000000000000e+02
4.253333333333333144e+02
3.400000000000000000e+02
3.640000000000000000e+02
3.840000000000000000e+02
3.790000000000000000e+02
3.840000000000000000e+02
3.840000000000000000e+02
3.760000000000000000e+02
3.680000000000000000e+02
3.626666666666666856e+02
3.610000000000000000e+02
3.640000000000000000e+02
3.720000000000000000e+02
4.386666666666666856e+02
4.700000000000000000e+02
4.020000000000000000e+02
3.820000000000000000e+02
3.730000000000000000e+02
4.026666666666666856e+02
3.980000000000000000e+02
3.920000000000000000e+02
3.880000000000000000e+02
3.746666666666666856e+02
4.650000000000000000e+02
3.910000000000000000e+02
3.840000000000000000e+02
5.510000000000000000e+02
4.800000000000000000e+02
5.180000000000000000e+02
5.620000000000000000e+02
5.680000000000000000e+02
5.940000000000000000e+02
4.060000000000000000e+02
4.000000000000000000e+02
3.920000000000000000e+02
3.880000000000000000e+02
3.880000000000000000e+02
3.840000000000000000e+02
3.970000000000000000e+02
4.000000000000000000e+02
3.880000000000000000e+02
3.770000000000000000e+02
4.040000000000000000e+02
4.680000000000000000e+02
4.610000000000000000e+02
4.440000000000000000e+02
4.560000000000000000e+02
4.700000000000000000e+02
3.880000000000000000e+02
3.920000000000000000e+02
3.893333333333333144e+02
5.050000000000000000e+02
4.310000000000000000e+02
4.893333333333333144e+02
5.026666666666666856e+02
4.586666666666666856e+02
5.700000000000000000e+02
4.853333333333333144e+02
5.920000000000000000e+02
5.720000000000000000e+02
5.306666666666666288e+02
5.850000000000000000e+02
5.426666666666666288e+02
5.860000000000000000e+02
5.960000000000000000e+02
6.040000000000000000e+02
7.960000000000000000e+02
7.600000000000000000e+02
7.880000000000000000e+02
5.253333333333333712e+02
5.140000000000000000e+02
5.060000000000000000e+02
4.740000000000000000e+02
4.590000000000000000e+02
4.420000000000000000e+02
4.530000000000000000e+02
4.590000000000000000e+02
5.706666666666666288e+02
5.320000000000000000e+02
4.760000000000000000e+02
4.790000000000000000e+02
4.820000000000000000e+02
5.120000000000000000e+02
5.070000000000000000e+02
5.110000000000000000e+02
4.640000000000000000e+02
5.460000000000000000e+02
6.510000000000000000e+02
5.320000000000000000e+02
6.120000000000000000e+02
5.800000000000000000e+02
5.933333333333333712e+02
5.906666666666666288e+02
6.270000000000000000e+02
5.600000000000000000e+02
6.000000000000000000e+02
6.000000000000000000e+02
6.940000000000000000e+02
7.610000000000000000e+02
5.640000000000000000e+02
5.360000000000000000e+02
4.946666666666666856e+02
7.746666666666666288e+02
5.160000000000000000e+02
4.740000000000000000e+02
7.730000000000000000e+02
7.000000000000000000e+02
7.666666666666666288e+02
7.760000000000000000e+02
7.613333333333333712e+02
7.280000000000000000e+02
7.280000000000000000e+02
6.470000000000000000e+02
6.960000000000000000e+02
7.546666666666666288e+02
6.980000000000000000e+02
7.210000000000000000e+02
7.140000000000000000e+02
5.370000000000000000e+02
6.146666666666666288e+02
5.560000000000000000e+02
5.306666666666666288e+02
6.120000000000000000e+02
5.910000000000000000e+02
6.060000000000000000e+02
