5.100000000000000000e+02
5.180000000000000000e+02
5.170000000000000000e+02
4.870000000000000000e+02
5.100000000000000000e+02
4.510000000000000000e+02
3.880000000000000000e+02
5.320000000000000000e+02
3.730000000000000000e+02
6.470000000000000000e+02
3.640000000000000000e+02
3.460000000000000000e+02
3.400000000000000000e+02
3.746666666666666856e+02
4.210000000000000000e+02
4.520000000000000000e+02
4.640000000000000000e+02
4.460000000000000000e+02
4.360000000000000000e+02
3.940000000000000000e+02
3.533333333333333144e+02
3.590000000000000000e+02
3.700000000000000000e+02
3.620000000000000000e+02
3.693333333333333144e+02
5.306666666666666288e+02
3.840000000000000000e+02
4.580000000000000000e+02
5.110000000000000000e+02
5.310000000000000000e+02
5.410000000000000000e+02
5.370000000000000000e+02
5.280000000000000000e+02
5.460000000000000000e+02
5.380000000000000000e+02
5.330000000000000000e+02
5.540000000000000000e+02
5.450000000000000000e+02
3.613333333333333144e+02
3.693333333333333144e+02
3.730000000000000000e+02
6.760000000000000000e+02
3.470000000000000000e+02
3.750000000000000000e+02
4.480000000000000000e+02
4.290000000000000000e+02
3.870000000000000000e+02
3.720000000000000000e+02
3.740000000000000000e+02
3.680000000000000000e+02
3.573333333333333144e+02
3.986666666666666856e+02
3.500000000000000000e+02
3.580000000000000000e+02
3.630000000000000000e+02
3.533333333333333144e+02
3.670000000000000000e+02
4.560000000000000000e+02
3.800000000000000000e+02
4.586666666666666856e+02
5.050000000000000000e+02
5.386666666666666288e+02
5.460000000000000000e+02
5.373333333333333712e+02
5.590000000000000000e+02
5.610000000000000000e+02
5.470000000000000000e+02
5.600000000000000000e+02
3.730000000000000000e+02
3.626666666666666856e+02
3.690000000000000000e+02
3.490000000000000000e+02
3.626666666666666856e+02
3.510000000000000000e+02
3.590000000000000000e+02
3.530000000000000000e+02
3.340000000000000000e+02
3.573333333333333144e+02
3.813333333333333144e+02
4.200000000000000000e+02
3.813333333333333144e+02
3.620000000000000000e+02
3.620000000000000000e+02
3.506666666666666856e+02
3.530000000000000000e+02
3.550000000000000000e+02
3.520000000000000000e+02
3.390000000000000000e+02
3.400000000000000000e+02
3.440000000000000000e+02
3.670000000000000000e+02
3.640000000000000000e+02
3.600000000000000000e+02
4.106666666666666856e+02
4.040000000000000000e+02
5.080000000000000000e+02
5.130000000000000000e+02
4.893333333333333144e+02
4.770000000000000000e+02
3.700000000000000000e+02
3.700000000000000000e+02
3.640000000000000000e+02
3.520000000000000000e+02
3.480000000000000000e+02
3.910000000000000000e+02
3.830000000000000000e+02
3.790000000000000000e+02
3.640000000000000000e+02
3.640000000000000000e+02
3.540000000000000000e+02
3.680000000000000000e+02
3.720000000000000000e+02
3.613333333333333144e+02
3.613333333333333144e+02
3.520000000000000000e+02
3.540000000000000000e+02
3.560000000000000000e+02
3.746666666666666856e+02
3.830000000000000000e+02
3.866666666666666856e+02
3.920000000000000000e+02
3.360000000000000000e+02
3.680000000000000000e+02
3.380000000000000000e+02
3.786666666666666856e+02
3.820000000000000000e+02
5.170000000000000000e+02
5.090000000000000000e+02
5.070000000000000000e+02
5.050000000000000000e+02
3.820000000000000000e+02
4.253333333333333144e+02
3.400000000000000000e+02
3.720000000000000000e+02
3.840000000000000000e+02
3.440000000000000000e+02
3.840000000000000000e+02
3.880000000000000000e+02
3.800000000000000000e+02
3.660000000000000000e+02
3.626666666666666856e+02
3.640000000000000000e+02
3.720000000000000000e+02
3.720000000000000000e+02
4.293333333333333144e+02
4.626666666666666856e+02
4.020000000000000000e+02
3.640000000000000000e+02
3.760000000000000000e+02
4.173333333333333144e+02
3.960000000000000000e+02
3.880000000000000000e+02
3.880000000000000000e+02
3.880000000000000000e+02
3.840000000000000000e+02
3.880000000000000000e+02
5.093333333333333144e+02
4.000000000000000000e+02
5.180000000000000000e+02
4.970000000000000000e+02
5.120000000000000000e+02
5.330000000000000000e+02
5.490000000000000000e+02
4.040000000000000000e+02
4.010000000000000000e+02
4.040000000000000000e+02
4.110000000000000000e+02
3.880000000000000000e+02
3.900000000000000000e+02
4.260000000000000000e+02
4.000000000000000000e+02
3.880000000000000000e+02
3.770000000000000000e+02
4.040000000000000000e+02
4.120000000000000000e+02
4.550000000000000000e+02
4.546666666666666856e+02
4.560000000000000000e+02
4.640000000000000000e+02
3.866666666666666856e+02
4.120000000000000000e+02
3.893333333333333144e+02
5.000000000000000000e+02
4.480000000000000000e+02
4.250000000000000000e+02
5.733333333333333712e+02
5.093333333333333144e+02
5.890000000000000000e+02
6.020000000000000000e+02
6.100000000000000000e+02
5.720000000000000000e+02
5.000000000000000000e+02
5.870000000000000000e+02
5.400000000000000000e+02
5.920000000000000000e+02
4.960000000000000000e+02
6.140000000000000000e+02
6.120000000000000000e+02
7.600000000000000000e+02
7.880000000000000000e+02
4.940000000000000000e+02
4.790000000000000000e+02
5.093333333333333144e+02
4.970000000000000000e+02
4.590000000000000000e+02
4.400000000000000000e+02
4.590000000000000000e+02
4.590000000000000000e+02
5.730000000000000000e+02
7.866666666666666288e+02
6.890000000000000000e+02
4.906666666666666856e+02
4.786666666666666856e+02
4.906666666666666856e+02
5.120000000000000000e+02
5.110000000000000000e+02
4.640000000000000000e+02
7.690000000000000000e+02
5.920000000000000000e+02
5.826666666666666288e+02
4.460000000000000000e+02
5.620000000000000000e+02
5.933333333333333712e+02
5.740000000000000000e+02
5.980000000000000000e+02
5.800000000000000000e+02
5.880000000000000000e+02
6.000000000000000000e+02
6.400000000000000000e+02
7.610000000000000000e+02
5.640000000000000000e+02
5.360000000000000000e+02
4.946666666666666856e+02
7.670000000000000000e+02
5.120000000000000000e+02
5.920000000000000000e+02
5.920000000000000000e+02
7.290000000000000000e+02
6.570000000000000000e+02
5.610000000000000000e+02
7.613333333333333712e+02
7.280000000000000000e+02
7.280000000000000000e+02
6.830000000000000000e+02
6.960000000000000000e+02
7.546666666666666288e+02
5.480000000000000000e+02
4.880000000000000000e+02
7.140000000000000000e+02
5.600000000000000000e+02
5.600000000000000000e+02
5.560000000000000000e+02
6.050000000000000000e+02
6.130000000000000000e+02
5.850000000000000000e+02
5.350000000000000000e+02
