5.100000000000000000e+02
4.960000000000000000e+02
5.170000000000000000e+02
4.870000000000000000e+02
5.100000000000000000e+02
4.510000000000000000e+02
4.333333333333333144e+02
6.920000000000000000e+02
3.426666666666666856e+02
7.030000000000000000e+02
3.450000000000000000e+02
3.460000000000000000e+02
3.400000000000000000e+02
4.510000000000000000e+02
4.410000000000000000e+02
4.520000000000000000e+02
3.580000000000000000e+02
4.440000000000000000e+02
4.440000000000000000e+02
4.360000000000000000e+02
3.586666666666666856e+02
3.590000000000000000e+02
3.380000000000000000e+02
3.510000000000000000e+02
3.790000000000000000e+02
3.760000000000000000e+02
3.880000000000000000e+02
4.080000000000000000e+02
4.400000000000000000e+02
4.160000000000000000e+02
5.210000000000000000e+02
5.440000000000000000e+02
5.280000000000000000e+02
4.960000000000000000e+02
5.310000000000000000e+02
5.330000000000000000e+02
5.480000000000000000e+02
5.450000000000000000e+02
3.920000000000000000e+02
3.590000000000000000e+02
7.020000000000000000e+02
3.180000000000000000e+02
3.740000000000000000e+02
3.750000000000000000e+02
3.626666666666666856e+02
4.290000000000000000e+02
3.870000000000000000e+02
3.770000000000000000e+02
3.680000000000000000e+02
3.760000000000000000e+02
3.453333333333333144e+02
3.480000000000000000e+02
3.480000000000000000e+02
3.600000000000000000e+02
3.693333333333333144e+02
3.740000000000000000e+02
5.253333333333333712e+02
4.560000000000000000e+02
3.986666666666666856e+02
3.990000000000000000e+02
5.480000000000000000e+02
5.590000000000000000e+02
5.460000000000000000e+02
4.500000000000000000e+02
5.320000000000000000e+02
5.610000000000000000e+02
5.600000000000000000e+02
5.600000000000000000e+02
3.840000000000000000e+02
3.970000000000000000e+02
3.586666666666666856e+02
4.506666666666666856e+02
3.626666666666666856e+02
3.640000000000000000e+02
3.560000000000000000e+02
3.470000000000000000e+02
3.480000000000000000e+02
3.470000000000000000e+02
3.380000000000000000e+02
3.880000000000000000e+02
3.800000000000000000e+02
3.680000000000000000e+02
3.520000000000000000e+02
3.506666666666666856e+02
3.480000000000000000e+02
3.546666666666666856e+02
3.530000000000000000e+02
3.500000000000000000e+02
3.440000000000000000e+02
3.480000000000000000e+02
3.680000000000000000e+02
3.680000000000000000e+02
3.613333333333333144e+02
3.980000000000000000e+02
4.013333333333333144e+02
5.120000000000000000e+02
5.130000000000000000e+02
4.293333333333333144e+02
4.733333333333333144e+02
3.700000000000000000e+02
3.700000000000000000e+02
3.650000000000000000e+02
3.430000000000000000e+02
3.480000000000000000e+02
3.890000000000000000e+02
3.830000000000000000e+02
3.790000000000000000e+02
3.640000000000000000e+02
3.640000000000000000e+02
3.550000000000000000e+02
3.610000000000000000e+02
3.720000000000000000e+02
3.660000000000000000e+02
3.613333333333333144e+02
3.493333333333333144e+02
3.510000000000000000e+02
3.560000000000000000e+02
3.500000000000000000e+02
3.800000000000000000e+02
3.866666666666666856e+02
3.610000000000000000e+02
3.920000000000000000e+02
3.680000000000000000e+02
4.060000000000000000e+02
3.546666666666666856e+02
3.430000000000000000e+02
5.173333333333333712e+02
4.770000000000000000e+02
4.860000000000000000e+02
5.160000000000000000e+02
3.860000000000000000e+02
3.853333333333333144e+02
3.626666666666666856e+02
3.740000000000000000e+02
3.820000000000000000e+02
3.800000000000000000e+02
3.830000000000000000e+02
3.840000000000000000e+02
3.800000000000000000e+02
3.680000000000000000e+02
3.640000000000000000e+02
4.920000000000000000e+02
3.740000000000000000e+02
3.706666666666666856e+02
4.386666666666666856e+02
4.700000000000000000e+02
3.700000000000000000e+02
3.706666666666666856e+02
3.730000000000000000e+02
3.790000000000000000e+02
5.020000000000000000e+02
3.880000000000000000e+02
3.880000000000000000e+02
3.870000000000000000e+02
4.650000000000000000e+02
3.866666666666666856e+02
3.860000000000000000e+02
3.960000000000000000e+02
5.240000000000000000e+02
5.130000000000000000e+02
4.733333333333333144e+02
5.330000000000000000e+02
5.490000000000000000e+02
4.013333333333333144e+02
4.000000000000000000e+02
3.893333333333333144e+02
3.900000000000000000e+02
3.880000000000000000e+02
3.800000000000000000e+02
3.830000000000000000e+02
4.306666666666666856e+02
3.880000000000000000e+02
3.770000000000000000e+02
3.950000000000000000e+02
4.173333333333333144e+02
4.590000000000000000e+02
4.280000000000000000e+02
4.530000000000000000e+02
4.760000000000000000e+02
4.120000000000000000e+02
3.920000000000000000e+02
5.053333333333333144e+02
5.080000000000000000e+02
4.480000000000000000e+02
4.866666666666666856e+02
5.026666666666666856e+02
4.480000000000000000e+02
5.890000000000000000e+02
4.740000000000000000e+02
5.920000000000000000e+02
5.760000000000000000e+02
5.306666666666666288e+02
5.850000000000000000e+02
5.826666666666666288e+02
4.520000000000000000e+02
5.430000000000000000e+02
6.040000000000000000e+02
6.120000000000000000e+02
7.960000000000000000e+02
4.800000000000000000e+02
5.120000000000000000e+02
4.790000000000000000e+02
4.780000000000000000e+02
4.970000000000000000e+02
4.670000000000000000e+02
4.720000000000000000e+02
4.560000000000000000e+02
4.640000000000000000e+02
5.390000000000000000e+02
7.640000000000000000e+02
6.910000000000000000e+02
4.466666666666666856e+02
4.430000000000000000e+02
5.120000000000000000e+02
5.170000000000000000e+02
5.040000000000000000e+02
5.580000000000000000e+02
5.460000000000000000e+02
6.093333333333333712e+02
5.826666666666666288e+02
4.460000000000000000e+02
5.973333333333333712e+02
5.813333333333333712e+02
5.940000000000000000e+02
5.980000000000000000e+02
6.000000000000000000e+02
6.020000000000000000e+02
6.000000000000000000e+02
6.810000000000000000e+02
5.453333333333333712e+02
5.740000000000000000e+02
5.173333333333333712e+02
5.213333333333333712e+02
7.670000000000000000e+02
5.160000000000000000e+02
4.740000000000000000e+02
7.150000000000000000e+02
7.110000000000000000e+02
6.570000000000000000e+02
5.610000000000000000e+02
6.570000000000000000e+02
7.000000000000000000e+02
5.960000000000000000e+02
6.470000000000000000e+02
6.880000000000000000e+02
5.933333333333333712e+02
5.160000000000000000e+02
7.560000000000000000e+02
5.266666666666666288e+02
5.430000000000000000e+02
7.480000000000000000e+02
5.560000000000000000e+02
5.706666666666666288e+02
6.120000000000000000e+02
6.210000000000000000e+02
5.350000000000000000e+02
