5.000000000000000000e+02
4.960000000000000000e+02
5.130000000000000000e+02
5.170000000000000000e+02
5.100000000000000000e+02
5.210000000000000000e+02
5.160000000000000000e+02
7.380000000000000000e+02
3.426666666666666856e+02
6.470000000000000000e+02
3.640000000000000000e+02
3.450000000000000000e+02
3.400000000000000000e+02
4.510000000000000000e+02
4.210000000000000000e+02
4.530000000000000000e+02
3.620000000000000000e+02
4.440000000000000000e+02
4.440000000000000000e+02
3.940000000000000000e+02
3.510000000000000000e+02
3.560000000000000000e+02
3.380000000000000000e+02
3.720000000000000000e+02
3.760000000000000000e+02
5.240000000000000000e+02
5.360000000000000000e+02
5.266666666666666288e+02
5.493333333333333712e+02
5.470000000000000000e+02
5.410000000000000000e+02
5.440000000000000000e+02
5.280000000000000000e+02
5.540000000000000000e+02
4.840000000000000000e+02
5.330000000000000000e+02
5.370000000000000000e+02
4.450000000000000000e+02
6.620000000000000000e+02
3.693333333333333144e+02
5.173333333333333712e+02
3.400000000000000000e+02
3.740000000000000000e+02
3.790000000000000000e+02
4.480000000000000000e+02
4.150000000000000000e+02
3.830000000000000000e+02
3.820000000000000000e+02
3.660000000000000000e+02
3.680000000000000000e+02
3.573333333333333144e+02
3.510000000000000000e+02
3.520000000000000000e+02
3.590000000000000000e+02
3.666666666666666856e+02
3.670000000000000000e+02
5.253333333333333712e+02
4.560000000000000000e+02
3.986666666666666856e+02
4.586666666666666856e+02
5.050000000000000000e+02
5.270000000000000000e+02
5.300000000000000000e+02
5.350000000000000000e+02
4.980000000000000000e+02
5.533333333333333712e+02
5.470000000000000000e+02
5.600000000000000000e+02
3.730000000000000000e+02
3.970000000000000000e+02
3.586666666666666856e+02
3.630000000000000000e+02
3.640000000000000000e+02
3.590000000000000000e+02
3.560000000000000000e+02
3.520000000000000000e+02
3.470000000000000000e+02
3.573333333333333144e+02
3.920000000000000000e+02
3.866666666666666856e+02
3.813333333333333144e+02
3.620000000000000000e+02
3.550000000000000000e+02
3.480000000000000000e+02
3.480000000000000000e+02
3.546666666666666856e+02
3.520000000000000000e+02
3.493333333333333144e+02
3.440000000000000000e+02
3.480000000000000000e+02
3.670000000000000000e+02
3.640000000000000000e+02
3.780000000000000000e+02
3.800000000000000000e+02
4.013333333333333144e+02
5.000000000000000000e+02
5.026666666666666856e+02
5.000000000000000000e+02
4.733333333333333144e+02
3.700000000000000000e+02
3.700000000000000000e+02
3.650000000000000000e+02
3.520000000000000000e+02
3.450000000000000000e+02
3.160000000000000000e+02
3.800000000000000000e+02
4.020000000000000000e+02
3.630000000000000000e+02
3.620000000000000000e+02
3.540000000000000000e+02
3.610000000000000000e+02
3.666666666666666856e+02
3.626666666666666856e+02
3.640000000000000000e+02
3.390000000000000000e+02
3.560000000000000000e+02
3.540000000000000000e+02
3.746666666666666856e+02
3.840000000000000000e+02
3.840000000000000000e+02
4.093333333333333144e+02
3.360000000000000000e+02
3.780000000000000000e+02
3.650000000000000000e+02
3.746666666666666856e+02
3.430000000000000000e+02
5.173333333333333712e+02
5.090000000000000000e+02
5.070000000000000000e+02
5.220000000000000000e+02
3.866666666666666856e+02
3.800000000000000000e+02
3.400000000000000000e+02
3.720000000000000000e+02
3.870000000000000000e+02
3.790000000000000000e+02
3.826666666666666856e+02
3.880000000000000000e+02
3.800000000000000000e+02
3.660000000000000000e+02
3.640000000000000000e+02
3.530000000000000000e+02
3.740000000000000000e+02
4.220000000000000000e+02
3.720000000000000000e+02
4.410000000000000000e+02
3.690000000000000000e+02
3.820000000000000000e+02
3.750000000000000000e+02
4.050000000000000000e+02
5.020000000000000000e+02
3.880000000000000000e+02
3.840000000000000000e+02
3.746666666666666856e+02
4.130000000000000000e+02
3.910000000000000000e+02
5.600000000000000000e+02
4.000000000000000000e+02
4.800000000000000000e+02
5.180000000000000000e+02
4.733333333333333144e+02
5.066666666666666856e+02
5.490000000000000000e+02
4.000000000000000000e+02
3.780000000000000000e+02
3.890000000000000000e+02
3.900000000000000000e+02
3.880000000000000000e+02
3.900000000000000000e+02
4.026666666666666856e+02
4.306666666666666856e+02
3.880000000000000000e+02
3.770000000000000000e+02
3.920000000000000000e+02
3.940000000000000000e+02
4.620000000000000000e+02
4.480000000000000000e+02
4.560000000000000000e+02
4.640000000000000000e+02
4.690000000000000000e+02
3.920000000000000000e+02
3.866666666666666856e+02
4.980000000000000000e+02
4.240000000000000000e+02
4.866666666666666856e+02
5.733333333333333712e+02
5.360000000000000000e+02
4.720000000000000000e+02
4.853333333333333144e+02
6.250000000000000000e+02
5.413333333333333712e+02
5.306666666666666288e+02
5.813333333333333712e+02
5.400000000000000000e+02
5.870000000000000000e+02
5.960000000000000000e+02
6.040000000000000000e+02
6.653333333333333712e+02
7.960000000000000000e+02
7.960000000000000000e+02
4.973333333333333144e+02
5.186666666666666288e+02
5.093333333333333144e+02
4.760000000000000000e+02
4.590000000000000000e+02
4.420000000000000000e+02
4.586666666666666856e+02
4.640000000000000000e+02
5.706666666666666288e+02
4.480000000000000000e+02
7.560000000000000000e+02
4.466666666666666856e+02
4.773333333333333144e+02
5.120000000000000000e+02
5.070000000000000000e+02
5.000000000000000000e+02
5.580000000000000000e+02
5.140000000000000000e+02
6.510000000000000000e+02
6.133333333333333712e+02
6.050000000000000000e+02
5.740000000000000000e+02
5.813333333333333712e+02
5.740000000000000000e+02
5.720000000000000000e+02
5.770000000000000000e+02
6.120000000000000000e+02
6.000000000000000000e+02
6.810000000000000000e+02
5.440000000000000000e+02
5.480000000000000000e+02
5.360000000000000000e+02
4.946666666666666856e+02
7.746666666666666288e+02
5.080000000000000000e+02
5.920000000000000000e+02
5.920000000000000000e+02
7.000000000000000000e+02
6.160000000000000000e+02
7.760000000000000000e+02
7.310000000000000000e+02
7.000000000000000000e+02
7.280000000000000000e+02
5.960000000000000000e+02
6.380000000000000000e+02
7.560000000000000000e+02
6.880000000000000000e+02
7.560000000000000000e+02
4.860000000000000000e+02
5.370000000000000000e+02
5.600000000000000000e+02
5.840000000000000000e+02
6.000000000000000000e+02
6.280000000000000000e+02
5.910000000000000000e+02
5.706666666666666288e+02
