6.040000000000000000e+02
6.100000000000000000e+02
5.880000000000000000e+02
5.570000000000000000e+02
5.573333333333333712e+02
5.660000000000000000e+02
4.360000000000000000e+02
5.110000000000000000e+02
5.710000000000000000e+02
5.340000000000000000e+02
5.570000000000000000e+02
5.500000000000000000e+02
4.840000000000000000e+02
4.666666666666666856e+02
5.160000000000000000e+02
4.813333333333333144e+02
4.730000000000000000e+02
4.920000000000000000e+02
4.920000000000000000e+02
4.820000000000000000e+02
4.610000000000000000e+02
5.060000000000000000e+02
5.310000000000000000e+02
5.160000000000000000e+02
5.066666666666666856e+02
5.190000000000000000e+02
5.550000000000000000e+02
5.530000000000000000e+02
5.590000000000000000e+02
6.200000000000000000e+02
6.030000000000000000e+02
6.066666666666666288e+02
6.053333333333333712e+02
6.293333333333333712e+02
5.850000000000000000e+02
5.000000000000000000e+02
5.600000000000000000e+02
5.570000000000000000e+02
5.320000000000000000e+02
5.226666666666666288e+02
5.260000000000000000e+02
5.180000000000000000e+02
4.880000000000000000e+02
4.760000000000000000e+02
4.680000000000000000e+02
4.610000000000000000e+02
4.560000000000000000e+02
4.570000000000000000e+02
4.560000000000000000e+02
4.520000000000000000e+02
4.440000000000000000e+02
4.640000000000000000e+02
4.800000000000000000e+02
4.190000000000000000e+02
4.480000000000000000e+02
4.320000000000000000e+02
4.240000000000000000e+02
4.200000000000000000e+02
4.260000000000000000e+02
4.240000000000000000e+02
5.860000000000000000e+02
6.180000000000000000e+02
5.860000000000000000e+02
5.600000000000000000e+02
5.620000000000000000e+02
5.670000000000000000e+02
4.180000000000000000e+02
4.080000000000000000e+02
4.240000000000000000e+02
4.200000000000000000e+02
4.200000000000000000e+02
4.170000000000000000e+02
4.120000000000000000e+02
4.160000000000000000e+02
4.160000000000000000e+02
4.013333333333333144e+02
4.040000000000000000e+02
4.080000000000000000e+02
4.080000000000000000e+02
4.480000000000000000e+02
4.480000000000000000e+02
4.080000000000000000e+02
4.090000000000000000e+02
4.120000000000000000e+02
3.890000000000000000e+02
4.200000000000000000e+02
4.190000000000000000e+02
4.160000000000000000e+02
4.120000000000000000e+02
4.030000000000000000e+02
4.140000000000000000e+02
4.160000000000000000e+02
4.200000000000000000e+02
4.200000000000000000e+02
4.160000000000000000e+02
5.580000000000000000e+02
5.630000000000000000e+02
4.200000000000000000e+02
4.200000000000000000e+02
4.120000000000000000e+02
4.120000000000000000e+02
4.200000000000000000e+02
4.240000000000000000e+02
4.080000000000000000e+02
4.110000000000000000e+02
4.170000000000000000e+02
4.160000000000000000e+02
4.160000000000000000e+02
4.080000000000000000e+02
4.240000000000000000e+02
4.100000000000000000e+02
4.760000000000000000e+02
4.546666666666666856e+02
4.280000000000000000e+02
4.200000000000000000e+02
4.170000000000000000e+02
4.200000000000000000e+02
4.160000000000000000e+02
4.250000000000000000e+02
4.440000000000000000e+02
4.026666666666666856e+02
4.120000000000000000e+02
4.106666666666666856e+02
4.200000000000000000e+02
4.200000000000000000e+02
4.160000000000000000e+02
5.550000000000000000e+02
5.600000000000000000e+02
5.540000000000000000e+02
5.420000000000000000e+02
5.630000000000000000e+02
4.050000000000000000e+02
4.190000000000000000e+02
4.180000000000000000e+02
4.240000000000000000e+02
4.240000000000000000e+02
4.310000000000000000e+02
4.240000000000000000e+02
4.200000000000000000e+02
4.160000000000000000e+02
4.220000000000000000e+02
4.200000000000000000e+02
4.320000000000000000e+02
4.520000000000000000e+02
4.520000000000000000e+02
4.180000000000000000e+02
4.220000000000000000e+02
4.226666666666666856e+02
4.210000000000000000e+02
4.250000000000000000e+02
4.280000000000000000e+02
4.240000000000000000e+02
4.240000000000000000e+02
4.280000000000000000e+02
4.240000000000000000e+02
4.300000000000000000e+02
5.380000000000000000e+02
5.186666666666666288e+02
5.520000000000000000e+02
5.530000000000000000e+02
5.780000000000000000e+02
5.680000000000000000e+02
5.730000000000000000e+02
5.700000000000000000e+02
5.680000000000000000e+02
5.630000000000000000e+02
5.780000000000000000e+02
4.120000000000000000e+02
4.140000000000000000e+02
4.040000000000000000e+02
4.040000000000000000e+02
4.980000000000000000e+02
4.080000000000000000e+02
4.560000000000000000e+02
4.460000000000000000e+02
5.080000000000000000e+02
5.240000000000000000e+02
4.280000000000000000e+02
4.640000000000000000e+02
5.093333333333333144e+02
4.880000000000000000e+02
4.800000000000000000e+02
5.110000000000000000e+02
5.250000000000000000e+02
5.520000000000000000e+02
5.750000000000000000e+02
6.150000000000000000e+02
6.200000000000000000e+02
6.013333333333333712e+02
6.040000000000000000e+02
5.670000000000000000e+02
5.680000000000000000e+02
5.680000000000000000e+02
5.710000000000000000e+02
6.050000000000000000e+02
6.160000000000000000e+02
6.120000000000000000e+02
5.720000000000000000e+02
5.040000000000000000e+02
5.826666666666666288e+02
5.420000000000000000e+02
4.960000000000000000e+02
5.000000000000000000e+02
4.960000000000000000e+02
4.900000000000000000e+02
4.870000000000000000e+02
4.880000000000000000e+02
5.373333333333333712e+02
5.540000000000000000e+02
5.080000000000000000e+02
5.250000000000000000e+02
5.146666666666666288e+02
5.386666666666666288e+02
5.260000000000000000e+02
6.133333333333333712e+02
5.610000000000000000e+02
5.770000000000000000e+02
5.600000000000000000e+02
5.600000000000000000e+02
6.120000000000000000e+02
6.260000000000000000e+02
5.350000000000000000e+02
5.733333333333333712e+02
5.680000000000000000e+02
5.653333333333333712e+02
5.670000000000000000e+02
5.750000000000000000e+02
6.200000000000000000e+02
6.190000000000000000e+02
5.640000000000000000e+02
5.790000000000000000e+02
6.533333333333333712e+02
6.830000000000000000e+02
6.600000000000000000e+02
5.220000000000000000e+02
5.173333333333333712e+02
7.100000000000000000e+02
5.333333333333333712e+02
5.066666666666666856e+02
5.293333333333333712e+02
6.906666666666666288e+02
7.120000000000000000e+02
6.520000000000000000e+02
6.120000000000000000e+02
5.720000000000000000e+02
5.760000000000000000e+02
6.020000000000000000e+02
6.920000000000000000e+02
5.710000000000000000e+02
6.940000000000000000e+02
5.613333333333333712e+02
5.720000000000000000e+02
5.700000000000000000e+02
5.720000000000000000e+02
5.680000000000000000e+02
5.680000000000000000e+02
