5.000000000000000000e+02
5.230000000000000000e+02
5.130000000000000000e+02
5.170000000000000000e+02
5.270000000000000000e+02
5.200000000000000000e+02
3.670000000000000000e+02
5.300000000000000000e+02
3.426666666666666856e+02
7.030000000000000000e+02
3.640000000000000000e+02
3.450000000000000000e+02
3.546666666666666856e+02
3.746666666666666856e+02
4.410000000000000000e+02
4.360000000000000000e+02
3.620000000000000000e+02
4.400000000000000000e+02
4.470000000000000000e+02
4.360000000000000000e+02
3.610000000000000000e+02
3.750000000000000000e+02
3.700000000000000000e+02
3.620000000000000000e+02
3.760000000000000000e+02
3.760000000000000000e+02
3.826666666666666856e+02
5.266666666666666288e+02
5.160000000000000000e+02
4.160000000000000000e+02
4.640000000000000000e+02
5.440000000000000000e+02
5.346666666666666288e+02
4.560000000000000000e+02
5.220000000000000000e+02
5.330000000000000000e+02
5.453333333333333712e+02
4.213333333333333144e+02
3.490000000000000000e+02
3.330000000000000000e+02
5.040000000000000000e+02
3.400000000000000000e+02
3.480000000000000000e+02
3.790000000000000000e+02
4.520000000000000000e+02
4.050000000000000000e+02
4.180000000000000000e+02
3.770000000000000000e+02
3.660000000000000000e+02
3.720000000000000000e+02
3.453333333333333144e+02
3.480000000000000000e+02
3.480000000000000000e+02
3.520000000000000000e+02
3.550000000000000000e+02
3.210000000000000000e+02
7.653333333333333712e+02
5.140000000000000000e+02
3.986666666666666856e+02
3.990000000000000000e+02
5.120000000000000000e+02
5.090000000000000000e+02
5.610000000000000000e+02
5.373333333333333712e+02
5.320000000000000000e+02
5.440000000000000000e+02
5.420000000000000000e+02
5.586666666666666288e+02
3.730000000000000000e+02
3.973333333333333144e+02
3.690000000000000000e+02
3.510000000000000000e+02
3.693333333333333144e+02
3.590000000000000000e+02
3.560000000000000000e+02
3.480000000000000000e+02
3.480000000000000000e+02
3.573333333333333144e+02
3.813333333333333144e+02
3.840000000000000000e+02
3.720000000000000000e+02
3.640000000000000000e+02
4.200000000000000000e+02
3.480000000000000000e+02
3.280000000000000000e+02
3.520000000000000000e+02
3.520000000000000000e+02
3.390000000000000000e+02
3.450000000000000000e+02
3.440000000000000000e+02
3.670000000000000000e+02
3.640000000000000000e+02
3.780000000000000000e+02
4.106666666666666856e+02
4.013333333333333144e+02
5.000000000000000000e+02
5.020000000000000000e+02
4.990000000000000000e+02
4.770000000000000000e+02
3.700000000000000000e+02
3.346666666666666856e+02
3.650000000000000000e+02
3.520000000000000000e+02
3.450000000000000000e+02
3.426666666666666856e+02
3.800000000000000000e+02
3.790000000000000000e+02
3.620000000000000000e+02
3.640000000000000000e+02
3.550000000000000000e+02
3.650000000000000000e+02
3.666666666666666856e+02
3.580000000000000000e+02
3.610000000000000000e+02
3.506666666666666856e+02
3.520000000000000000e+02
3.560000000000000000e+02
3.866666666666666856e+02
3.840000000000000000e+02
3.840000000000000000e+02
3.610000000000000000e+02
3.360000000000000000e+02
3.680000000000000000e+02
3.380000000000000000e+02
3.720000000000000000e+02
3.820000000000000000e+02
5.050000000000000000e+02
5.040000000000000000e+02
4.860000000000000000e+02
5.160000000000000000e+02
3.866666666666666856e+02
4.253333333333333144e+02
3.680000000000000000e+02
3.720000000000000000e+02
3.820000000000000000e+02
3.440000000000000000e+02
3.520000000000000000e+02
3.880000000000000000e+02
3.760000000000000000e+02
3.660000000000000000e+02
3.626666666666666856e+02
3.530000000000000000e+02
3.720000000000000000e+02
3.720000000000000000e+02
4.293333333333333144e+02
4.700000000000000000e+02
3.690000000000000000e+02
3.820000000000000000e+02
3.750000000000000000e+02
4.026666666666666856e+02
5.020000000000000000e+02
3.880000000000000000e+02
3.870000000000000000e+02
3.880000000000000000e+02
4.650000000000000000e+02
3.870000000000000000e+02
3.840000000000000000e+02
3.990000000000000000e+02
5.130000000000000000e+02
4.970000000000000000e+02
5.620000000000000000e+02
5.066666666666666856e+02
5.420000000000000000e+02
6.040000000000000000e+02
4.010000000000000000e+02
3.890000000000000000e+02
4.150000000000000000e+02
3.880000000000000000e+02
3.800000000000000000e+02
3.970000000000000000e+02
4.000000000000000000e+02
3.880000000000000000e+02
3.760000000000000000e+02
3.950000000000000000e+02
3.910000000000000000e+02
4.580000000000000000e+02
4.280000000000000000e+02
4.560000000000000000e+02
3.600000000000000000e+02
4.690000000000000000e+02
4.120000000000000000e+02
3.880000000000000000e+02
5.050000000000000000e+02
4.040000000000000000e+02
4.250000000000000000e+02
5.026666666666666856e+02
5.360000000000000000e+02
5.890000000000000000e+02
6.190000000000000000e+02
6.250000000000000000e+02
5.740000000000000000e+02
5.306666666666666288e+02
5.853333333333333712e+02
6.120000000000000000e+02
4.520000000000000000e+02
5.430000000000000000e+02
5.880000000000000000e+02
6.120000000000000000e+02
7.190000000000000000e+02
7.880000000000000000e+02
5.120000000000000000e+02
5.050000000000000000e+02
5.573333333333333712e+02
4.970000000000000000e+02
4.670000000000000000e+02
4.440000000000000000e+02
4.590000000000000000e+02
4.560000000000000000e+02
5.730000000000000000e+02
7.340000000000000000e+02
6.890000000000000000e+02
6.570000000000000000e+02
4.773333333333333144e+02
5.110000000000000000e+02
5.133333333333333712e+02
5.090000000000000000e+02
5.293333333333333712e+02
5.460000000000000000e+02
5.420000000000000000e+02
5.826666666666666288e+02
6.050000000000000000e+02
5.973333333333333712e+02
5.933333333333333712e+02
5.906666666666666288e+02
5.720000000000000000e+02
4.893333333333333144e+02
6.120000000000000000e+02
5.586666666666666288e+02
7.640000000000000000e+02
7.610000000000000000e+02
7.710000000000000000e+02
5.360000000000000000e+02
5.130000000000000000e+02
7.746666666666666288e+02
5.160000000000000000e+02
7.800000000000000000e+02
5.920000000000000000e+02
7.290000000000000000e+02
6.160000000000000000e+02
4.586666666666666856e+02
6.570000000000000000e+02
6.790000000000000000e+02
7.280000000000000000e+02
7.560000000000000000e+02
7.060000000000000000e+02
5.530000000000000000e+02
5.160000000000000000e+02
6.760000000000000000e+02
7.786666666666666288e+02
5.430000000000000000e+02
7.480000000000000000e+02
5.950000000000000000e+02
5.306666666666666288e+02
6.270000000000000000e+02
6.210000000000000000e+02
5.350000000000000000e+02
