6.400000000000000000e+02
6.520000000000000000e+02
6.560000000000000000e+02
6.450000000000000000e+02
6.390000000000000000e+02
6.280000000000000000e+02
6.320000000000000000e+02
6.320000000000000000e+02
6.340000000000000000e+02
5.080000000000000000e+02
6.120000000000000000e+02
5.760000000000000000e+02
6.060000000000000000e+02
6.040000000000000000e+02
5.960000000000000000e+02
5.950000000000000000e+02
6.010000000000000000e+02
5.870000000000000000e+02
5.930000000000000000e+02
6.000000000000000000e+02
6.040000000000000000e+02
6.140000000000000000e+02
5.080000000000000000e+02
5.040000000000000000e+02
6.280000000000000000e+02
6.280000000000000000e+02
6.280000000000000000e+02
6.280000000000000000e+02
5.160000000000000000e+02
6.800000000000000000e+02
6.860000000000000000e+02
6.440000000000000000e+02
6.440000000000000000e+02
6.920000000000000000e+02
5.160000000000000000e+02
5.160000000000000000e+02
5.160000000000000000e+02
5.013333333333333144e+02
6.200000000000000000e+02
6.240000000000000000e+02
4.973333333333333144e+02
5.160000000000000000e+02
5.120000000000000000e+02
6.000000000000000000e+02
6.000000000000000000e+02
5.840000000000000000e+02
5.800000000000000000e+02
6.320000000000000000e+02
6.360000000000000000e+02
5.813333333333333712e+02
5.840000000000000000e+02
5.850000000000000000e+02
4.960000000000000000e+02
5.880000000000000000e+02
5.080000000000000000e+02
5.106666666666666856e+02
4.910000000000000000e+02
4.920000000000000000e+02
5.160000000000000000e+02
5.160000000000000000e+02
5.080000000000000000e+02
5.150000000000000000e+02
6.653333333333333712e+02
6.370000000000000000e+02
6.600000000000000000e+02
6.600000000000000000e+02
5.040000000000000000e+02
5.080000000000000000e+02
5.310000000000000000e+02
4.920000000000000000e+02
4.920000000000000000e+02
5.066666666666666856e+02
5.000000000000000000e+02
5.000000000000000000e+02
5.270000000000000000e+02
4.920000000000000000e+02
5.800000000000000000e+02
5.760000000000000000e+02
5.920000000000000000e+02
5.906666666666666288e+02
5.880000000000000000e+02
6.240000000000000000e+02
5.590000000000000000e+02
5.000000000000000000e+02
5.040000000000000000e+02
5.000000000000000000e+02
5.040000000000000000e+02
4.960000000000000000e+02
4.960000000000000000e+02
5.040000000000000000e+02
5.000000000000000000e+02
4.920000000000000000e+02
4.920000000000000000e+02
4.880000000000000000e+02
5.000000000000000000e+02
6.110000000000000000e+02
6.080000000000000000e+02
6.080000000000000000e+02
4.920000000000000000e+02
4.920000000000000000e+02
4.960000000000000000e+02
5.080000000000000000e+02
4.960000000000000000e+02
4.960000000000000000e+02
5.000000000000000000e+02
5.000000000000000000e+02
5.040000000000000000e+02
5.080000000000000000e+02
5.200000000000000000e+02
5.520000000000000000e+02
6.120000000000000000e+02
6.080000000000000000e+02
5.400000000000000000e+02
6.120000000000000000e+02
5.480000000000000000e+02
4.930000000000000000e+02
5.000000000000000000e+02
5.040000000000000000e+02
5.000000000000000000e+02
5.000000000000000000e+02
5.160000000000000000e+02
4.960000000000000000e+02
4.840000000000000000e+02
4.740000000000000000e+02
4.880000000000000000e+02
4.960000000000000000e+02
4.990000000000000000e+02
4.973333333333333144e+02
6.060000000000000000e+02
5.000000000000000000e+02
4.960000000000000000e+02
4.950000000000000000e+02
4.920000000000000000e+02
4.880000000000000000e+02
4.960000000000000000e+02
5.120000000000000000e+02
5.080000000000000000e+02
5.120000000000000000e+02
5.000000000000000000e+02
5.080000000000000000e+02
5.093333333333333144e+02
5.546666666666666288e+02
5.480000000000000000e+02
5.520000000000000000e+02
6.280000000000000000e+02
5.520000000000000000e+02
5.900000000000000000e+02
5.320000000000000000e+02
5.150000000000000000e+02
5.120000000000000000e+02
5.240000000000000000e+02
5.200000000000000000e+02
5.280000000000000000e+02
5.240000000000000000e+02
4.800000000000000000e+02
4.800000000000000000e+02
4.946666666666666856e+02
4.920000000000000000e+02
4.920000000000000000e+02
6.340000000000000000e+02
6.500000000000000000e+02
6.680000000000000000e+02
6.690000000000000000e+02
5.130000000000000000e+02
5.160000000000000000e+02
5.226666666666666288e+02
5.160000000000000000e+02
5.160000000000000000e+02
5.240000000000000000e+02
5.160000000000000000e+02
5.880000000000000000e+02
6.000000000000000000e+02
5.970000000000000000e+02
5.840000000000000000e+02
6.090000000000000000e+02
5.880000000000000000e+02
5.820000000000000000e+02
5.120000000000000000e+02
5.760000000000000000e+02
5.866666666666666288e+02
6.000000000000000000e+02
6.040000000000000000e+02
5.160000000000000000e+02
5.200000000000000000e+02
5.240000000000000000e+02
5.200000000000000000e+02
5.280000000000000000e+02
5.160000000000000000e+02
5.500000000000000000e+02
5.426666666666666288e+02
6.680000000000000000e+02
6.586666666666666288e+02
6.640000000000000000e+02
6.680000000000000000e+02
6.746666666666666288e+02
7.960000000000000000e+02
7.960000000000000000e+02
7.693333333333333712e+02
7.960000000000000000e+02
5.160000000000000000e+02
5.240000000000000000e+02
5.240000000000000000e+02
5.200000000000000000e+02
6.270000000000000000e+02
5.850000000000000000e+02
5.490000000000000000e+02
6.146666666666666288e+02
5.830000000000000000e+02
7.360000000000000000e+02
5.626666666666666288e+02
5.790000000000000000e+02
5.546666666666666288e+02
6.220000000000000000e+02
5.173333333333333712e+02
7.960000000000000000e+02
5.160000000000000000e+02
6.380000000000000000e+02
6.453333333333333712e+02
7.920000000000000000e+02
7.720000000000000000e+02
7.960000000000000000e+02
7.680000000000000000e+02
6.770000000000000000e+02
6.840000000000000000e+02
6.600000000000000000e+02
7.960000000000000000e+02
7.960000000000000000e+02
7.960000000000000000e+02
7.960000000000000000e+02
7.960000000000000000e+02
7.960000000000000000e+02
7.400000000000000000e+02
7.960000000000000000e+02
6.740000000000000000e+02
7.340000000000000000e+02
7.400000000000000000e+02
7.293333333333333712e+02
6.600000000000000000e+02
5.910000000000000000e+02
6.560000000000000000e+02
7.440000000000000000e+02
5.600000000000000000e+02
7.920000000000000000e+02
5.160000000000000000e+02
6.786666666666666288e+02
7.430000000000000000e+02
7.960000000000000000e+02
7.960000000000000000e+02
7.960000000000000000e+02
7.960000000000000000e+02
7.960000000000000000e+02
7.960000000000000000e+02
7.960000000000000000e+02
7.960000000000000000e+02
7.810000000000000000e+02
6.710000000000000000e+02
