4.560000000000000000e+02
4.613333333333333144e+02
4.470000000000000000e+02
6.920000000000000000e+02
4.880000000000000000e+02
4.840000000000000000e+02
4.800000000000000000e+02
4.853333333333333144e+02
4.760000000000000000e+02
4.733333333333333144e+02
4.830000000000000000e+02
4.760000000000000000e+02
4.170000000000000000e+02
4.173333333333333144e+02
6.013333333333333712e+02
4.546666666666666856e+02
6.520000000000000000e+02
4.250000000000000000e+02
4.240000000000000000e+02
4.200000000000000000e+02
4.760000000000000000e+02
4.840000000000000000e+02
4.750000000000000000e+02
4.880000000000000000e+02
4.880000000000000000e+02
4.930000000000000000e+02
4.860000000000000000e+02
4.760000000000000000e+02
4.710000000000000000e+02
4.540000000000000000e+02
4.760000000000000000e+02
4.720000000000000000e+02
4.693333333333333144e+02
4.800000000000000000e+02
7.120000000000000000e+02
4.950000000000000000e+02
4.960000000000000000e+02
4.933333333333333144e+02
4.880000000000000000e+02
4.830000000000000000e+02
4.160000000000000000e+02
4.240000000000000000e+02
4.320000000000000000e+02
3.920000000000000000e+02
4.290000000000000000e+02
4.133333333333333144e+02
3.740000000000000000e+02
4.600000000000000000e+02
4.610000000000000000e+02
3.750000000000000000e+02
3.760000000000000000e+02
4.146666666666666856e+02
3.840000000000000000e+02
4.360000000000000000e+02
4.310000000000000000e+02
3.590000000000000000e+02
3.693333333333333144e+02
3.680000000000000000e+02
3.400000000000000000e+02
3.660000000000000000e+02
3.580000000000000000e+02
4.690000000000000000e+02
4.480000000000000000e+02
5.133333333333333712e+02
4.040000000000000000e+02
3.910000000000000000e+02
3.760000000000000000e+02
3.680000000000000000e+02
3.420000000000000000e+02
3.720000000000000000e+02
3.660000000000000000e+02
3.580000000000000000e+02
3.660000000000000000e+02
4.160000000000000000e+02
4.060000000000000000e+02
3.920000000000000000e+02
3.760000000000000000e+02
4.013333333333333144e+02
4.066666666666666856e+02
4.506666666666666856e+02
3.880000000000000000e+02
3.810000000000000000e+02
4.093333333333333144e+02
3.780000000000000000e+02
3.280000000000000000e+02
3.490000000000000000e+02
3.360000000000000000e+02
3.570000000000000000e+02
3.780000000000000000e+02
3.690000000000000000e+02
3.600000000000000000e+02
3.680000000000000000e+02
3.840000000000000000e+02
4.866666666666666856e+02
3.160000000000000000e+02
4.413333333333333144e+02
3.540000000000000000e+02
3.500000000000000000e+02
3.390000000000000000e+02
3.260000000000000000e+02
3.230000000000000000e+02
4.350000000000000000e+02
3.630000000000000000e+02
3.570000000000000000e+02
3.480000000000000000e+02
3.270000000000000000e+02
3.380000000000000000e+02
3.570000000000000000e+02
3.590000000000000000e+02
3.640000000000000000e+02
3.880000000000000000e+02
3.880000000000000000e+02
3.860000000000000000e+02
3.830000000000000000e+02
3.640000000000000000e+02
3.540000000000000000e+02
3.680000000000000000e+02
3.586666666666666856e+02
3.520000000000000000e+02
3.600000000000000000e+02
3.450000000000000000e+02
3.560000000000000000e+02
3.570000000000000000e+02
3.360000000000000000e+02
3.360000000000000000e+02
3.300000000000000000e+02
4.093333333333333144e+02
3.600000000000000000e+02
3.980000000000000000e+02
3.620000000000000000e+02
3.480000000000000000e+02
3.360000000000000000e+02
3.400000000000000000e+02
3.680000000000000000e+02
4.040000000000000000e+02
3.600000000000000000e+02
3.520000000000000000e+02
3.520000000000000000e+02
3.530000000000000000e+02
3.540000000000000000e+02
3.746666666666666856e+02
4.880000000000000000e+02
3.790000000000000000e+02
3.880000000000000000e+02
4.150000000000000000e+02
3.893333333333333144e+02
3.920000000000000000e+02
3.640000000000000000e+02
3.710000000000000000e+02
3.890000000000000000e+02
3.520000000000000000e+02
3.500000000000000000e+02
3.813333333333333144e+02
3.720000000000000000e+02
4.893333333333333144e+02
3.680000000000000000e+02
3.680000000000000000e+02
3.510000000000000000e+02
3.680000000000000000e+02
3.520000000000000000e+02
3.690000000000000000e+02
3.510000000000000000e+02
3.720000000000000000e+02
3.650000000000000000e+02
3.640000000000000000e+02
3.680000000000000000e+02
3.666666666666666856e+02
3.670000000000000000e+02
3.666666666666666856e+02
3.610000000000000000e+02
3.813333333333333144e+02
4.653333333333333144e+02
5.140000000000000000e+02
4.140000000000000000e+02
4.360000000000000000e+02
4.520000000000000000e+02
4.573333333333333144e+02
4.373333333333333144e+02
4.400000000000000000e+02
4.470000000000000000e+02
4.140000000000000000e+02
4.190000000000000000e+02
4.260000000000000000e+02
4.320000000000000000e+02
3.680000000000000000e+02
3.680000000000000000e+02
3.670000000000000000e+02
3.666666666666666856e+02
5.040000000000000000e+02
3.700000000000000000e+02
3.706666666666666856e+02
3.626666666666666856e+02
5.060000000000000000e+02
4.986666666666666856e+02
4.920000000000000000e+02
3.740000000000000000e+02
4.830000000000000000e+02
4.830000000000000000e+02
4.470000000000000000e+02
4.430000000000000000e+02
4.360000000000000000e+02
4.400000000000000000e+02
4.080000000000000000e+02
4.026666666666666856e+02
4.320000000000000000e+02
4.226666666666666856e+02
5.050000000000000000e+02
5.070000000000000000e+02
5.140000000000000000e+02
5.160000000000000000e+02
4.293333333333333144e+02
4.820000000000000000e+02
4.840000000000000000e+02
4.180000000000000000e+02
4.200000000000000000e+02
4.360000000000000000e+02
4.360000000000000000e+02
4.730000000000000000e+02
4.720000000000000000e+02
4.760000000000000000e+02
4.973333333333333144e+02
4.920000000000000000e+02
4.840000000000000000e+02
4.910000000000000000e+02
4.950000000000000000e+02
5.350000000000000000e+02
4.940000000000000000e+02
4.960000000000000000e+02
4.906666666666666856e+02
4.770000000000000000e+02
4.680000000000000000e+02
4.720000000000000000e+02
4.870000000000000000e+02
4.800000000000000000e+02
5.133333333333333712e+02
7.040000000000000000e+02
4.990000000000000000e+02
3.340000000000000000e+02
5.160000000000000000e+02
4.980000000000000000e+02
4.840000000000000000e+02
5.040000000000000000e+02
4.960000000000000000e+02
4.990000000000000000e+02
4.730000000000000000e+02
4.453333333333333144e+02
5.970000000000000000e+02
5.110000000000000000e+02
5.133333333333333712e+02
5.230000000000000000e+02
4.933333333333333144e+02
5.150000000000000000e+02
6.980000000000000000e+02
6.933333333333333712e+02
5.133333333333333712e+02
5.133333333333333712e+02
