5.190000000000000000e+02
4.960000000000000000e+02
5.260000000000000000e+02
5.170000000000000000e+02
4.800000000000000000e+02
4.510000000000000000e+02
3.670000000000000000e+02
7.380000000000000000e+02
3.306666666666666856e+02
5.640000000000000000e+02
3.450000000000000000e+02
3.450000000000000000e+02
3.370000000000000000e+02
4.510000000000000000e+02
4.410000000000000000e+02
4.360000000000000000e+02
3.620000000000000000e+02
4.400000000000000000e+02
4.373333333333333144e+02
3.940000000000000000e+02
3.586666666666666856e+02
3.400000000000000000e+02
3.380000000000000000e+02
3.510000000000000000e+02
3.693333333333333144e+02
5.370000000000000000e+02
3.826666666666666856e+02
4.053333333333333144e+02
4.680000000000000000e+02
5.330000000000000000e+02
4.640000000000000000e+02
4.680000000000000000e+02
5.300000000000000000e+02
5.540000000000000000e+02
5.280000000000000000e+02
5.500000000000000000e+02
5.540000000000000000e+02
3.920000000000000000e+02
3.920000000000000000e+02
3.693333333333333144e+02
5.173333333333333712e+02
3.440000000000000000e+02
3.480000000000000000e+02
3.790000000000000000e+02
3.626666666666666856e+02
4.150000000000000000e+02
3.810000000000000000e+02
3.740000000000000000e+02
3.740000000000000000e+02
3.760000000000000000e+02
3.480000000000000000e+02
3.986666666666666856e+02
3.480000000000000000e+02
3.440000000000000000e+02
3.480000000000000000e+02
3.740000000000000000e+02
5.253333333333333712e+02
5.500000000000000000e+02
3.800000000000000000e+02
4.013333333333333144e+02
5.480000000000000000e+02
5.600000000000000000e+02
5.610000000000000000e+02
5.360000000000000000e+02
5.590000000000000000e+02
5.533333333333333712e+02
5.420000000000000000e+02
5.600000000000000000e+02
4.733333333333333144e+02
4.140000000000000000e+02
3.586666666666666856e+02
3.500000000000000000e+02
3.626666666666666856e+02
3.640000000000000000e+02
3.580000000000000000e+02
3.510000000000000000e+02
3.470000000000000000e+02
3.480000000000000000e+02
3.920000000000000000e+02
3.890000000000000000e+02
3.720000000000000000e+02
3.600000000000000000e+02
3.550000000000000000e+02
3.506666666666666856e+02
3.550000000000000000e+02
3.520000000000000000e+02
3.520000000000000000e+02
3.500000000000000000e+02
3.450000000000000000e+02
3.480000000000000000e+02
3.670000000000000000e+02
3.640000000000000000e+02
3.600000000000000000e+02
3.800000000000000000e+02
4.030000000000000000e+02
5.080000000000000000e+02
4.990000000000000000e+02
4.990000000000000000e+02
5.180000000000000000e+02
3.680000000000000000e+02
3.680000000000000000e+02
3.640000000000000000e+02
3.520000000000000000e+02
3.480000000000000000e+02
3.890000000000000000e+02
3.800000000000000000e+02
3.600000000000000000e+02
3.620000000000000000e+02
3.550000000000000000e+02
3.540000000000000000e+02
3.610000000000000000e+02
3.666666666666666856e+02
3.580000000000000000e+02
3.613333333333333144e+02
3.586666666666666856e+02
3.510000000000000000e+02
3.560000000000000000e+02
3.500000000000000000e+02
3.800000000000000000e+02
3.840000000000000000e+02
3.880000000000000000e+02
3.893333333333333144e+02
3.680000000000000000e+02
3.690000000000000000e+02
3.746666666666666856e+02
3.826666666666666856e+02
3.820000000000000000e+02
4.700000000000000000e+02
4.330000000000000000e+02
5.070000000000000000e+02
3.880000000000000000e+02
4.253333333333333144e+02
3.400000000000000000e+02
3.720000000000000000e+02
3.870000000000000000e+02
3.440000000000000000e+02
3.520000000000000000e+02
3.840000000000000000e+02
3.800000000000000000e+02
3.680000000000000000e+02
3.630000000000000000e+02
4.920000000000000000e+02
3.740000000000000000e+02
3.720000000000000000e+02
3.720000000000000000e+02
4.626666666666666856e+02
3.690000000000000000e+02
3.706666666666666856e+02
3.750000000000000000e+02
4.050000000000000000e+02
3.960000000000000000e+02
3.920000000000000000e+02
3.880000000000000000e+02
3.840000000000000000e+02
4.650000000000000000e+02
3.880000000000000000e+02
4.293333333333333144e+02
3.960000000000000000e+02
5.240000000000000000e+02
4.970000000000000000e+02
5.160000000000000000e+02
5.130000000000000000e+02
5.940000000000000000e+02
4.013333333333333144e+02
4.000000000000000000e+02
4.040000000000000000e+02
3.880000000000000000e+02
3.880000000000000000e+02
3.840000000000000000e+02
4.260000000000000000e+02
4.000000000000000000e+02
3.880000000000000000e+02
4.093333333333333144e+02
3.866666666666666856e+02
4.173333333333333144e+02
4.580000000000000000e+02
4.280000000000000000e+02
4.560000000000000000e+02
3.600000000000000000e+02
4.690000000000000000e+02
3.920000000000000000e+02
3.866666666666666856e+02
5.000000000000000000e+02
4.040000000000000000e+02
4.893333333333333144e+02
5.053333333333333144e+02
4.480000000000000000e+02
5.890000000000000000e+02
4.180000000000000000e+02
6.100000000000000000e+02
5.413333333333333712e+02
5.790000000000000000e+02
5.820000000000000000e+02
5.426666666666666288e+02
5.870000000000000000e+02
6.100000000000000000e+02
4.910000000000000000e+02
6.346666666666666288e+02
7.960000000000000000e+02
7.780000000000000000e+02
4.880000000000000000e+02
5.140000000000000000e+02
5.080000000000000000e+02
4.740000000000000000e+02
4.670000000000000000e+02
4.720000000000000000e+02
4.590000000000000000e+02
4.590000000000000000e+02
5.730000000000000000e+02
7.866666666666666288e+02
6.910000000000000000e+02
4.466666666666666856e+02
4.786666666666666856e+02
5.110000000000000000e+02
5.170000000000000000e+02
5.000000000000000000e+02
5.293333333333333712e+02
5.560000000000000000e+02
6.093333333333333712e+02
5.826666666666666288e+02
6.026666666666666288e+02
5.740000000000000000e+02
5.933333333333333712e+02
4.880000000000000000e+02
5.870000000000000000e+02
5.600000000000000000e+02
5.880000000000000000e+02
5.586666666666666288e+02
5.280000000000000000e+02
7.590000000000000000e+02
5.640000000000000000e+02
5.173333333333333712e+02
5.146666666666666288e+02
7.670000000000000000e+02
5.080000000000000000e+02
5.010000000000000000e+02
7.730000000000000000e+02
7.290000000000000000e+02
6.570000000000000000e+02
5.610000000000000000e+02
6.570000000000000000e+02
7.000000000000000000e+02
4.946666666666666856e+02
7.680000000000000000e+02
6.380000000000000000e+02
5.933333333333333712e+02
6.320000000000000000e+02
4.880000000000000000e+02
7.140000000000000000e+02
7.200000000000000000e+02
7.090000000000000000e+02
5.560000000000000000e+02
5.306666666666666288e+02
6.280000000000000000e+02
5.910000000000000000e+02
6.180000000000000000e+02
