6.280000000000000000e+02
6.400000000000000000e+02
6.440000000000000000e+02
6.586666666666666288e+02
6.640000000000000000e+02
6.680000000000000000e+02
6.733333333333333712e+02
6.450000000000000000e+02
6.400000000000000000e+02
6.400000000000000000e+02
6.426666666666666288e+02
6.480000000000000000e+02
6.480000000000000000e+02
6.520000000000000000e+02
6.346666666666666288e+02
6.320000000000000000e+02
6.400000000000000000e+02
6.320000000000000000e+02
6.240000000000000000e+02
6.280000000000000000e+02
6.320000000000000000e+02
6.360000000000000000e+02
6.320000000000000000e+02
6.250000000000000000e+02
6.350000000000000000e+02
5.880000000000000000e+02
6.240000000000000000e+02
5.240000000000000000e+02
6.400000000000000000e+02
6.480000000000000000e+02
6.480000000000000000e+02
6.440000000000000000e+02
6.360000000000000000e+02
6.290000000000000000e+02
6.500000000000000000e+02
6.760000000000000000e+02
6.720000000000000000e+02
6.760000000000000000e+02
6.720000000000000000e+02
6.520000000000000000e+02
6.480000000000000000e+02
6.493333333333333712e+02
6.426666666666666288e+02
6.400000000000000000e+02
6.506666666666666288e+02
6.720000000000000000e+02
6.760000000000000000e+02
6.800000000000000000e+02
6.800000000000000000e+02
6.800000000000000000e+02
6.180000000000000000e+02
5.550000000000000000e+02
6.410000000000000000e+02
6.440000000000000000e+02
6.400000000000000000e+02
6.226666666666666288e+02
5.280000000000000000e+02
5.280000000000000000e+02
6.480000000000000000e+02
6.460000000000000000e+02
6.430000000000000000e+02
6.360000000000000000e+02
6.080000000000000000e+02
6.040000000000000000e+02
5.920000000000000000e+02
5.770000000000000000e+02
5.880000000000000000e+02
5.840000000000000000e+02
5.306666666666666288e+02
5.400000000000000000e+02
5.400000000000000000e+02
5.400000000000000000e+02
5.400000000000000000e+02
5.440000000000000000e+02
5.750000000000000000e+02
5.333333333333333712e+02
6.720000000000000000e+02
6.840000000000000000e+02
6.800000000000000000e+02
6.653333333333333712e+02
6.560000000000000000e+02
6.360000000000000000e+02
6.400000000000000000e+02
6.440000000000000000e+02
6.140000000000000000e+02
6.000000000000000000e+02
6.430000000000000000e+02
6.333333333333333712e+02
6.520000000000000000e+02
6.840000000000000000e+02
6.920000000000000000e+02
6.840000000000000000e+02
5.320000000000000000e+02
5.300000000000000000e+02
5.320000000000000000e+02
5.280000000000000000e+02
5.440000000000000000e+02
5.440000000000000000e+02
5.440000000000000000e+02
5.480000000000000000e+02
5.440000000000000000e+02
5.680000000000000000e+02
6.120000000000000000e+02
6.320000000000000000e+02
6.200000000000000000e+02
5.730000000000000000e+02
5.520000000000000000e+02
5.440000000000000000e+02
5.480000000000000000e+02
5.360000000000000000e+02
5.440000000000000000e+02
5.480000000000000000e+02
5.480000000000000000e+02
5.480000000000000000e+02
5.440000000000000000e+02
5.210000000000000000e+02
5.420000000000000000e+02
5.280000000000000000e+02
5.320000000000000000e+02
5.320000000000000000e+02
5.240000000000000000e+02
6.186666666666666288e+02
6.026666666666666288e+02
6.040000000000000000e+02
6.180000000000000000e+02
6.150000000000000000e+02
6.080000000000000000e+02
6.120000000000000000e+02
6.200000000000000000e+02
6.160000000000000000e+02
5.340000000000000000e+02
5.320000000000000000e+02
5.400000000000000000e+02
5.253333333333333712e+02
5.640000000000000000e+02
5.280000000000000000e+02
5.500000000000000000e+02
5.480000000000000000e+02
5.560000000000000000e+02
5.520000000000000000e+02
5.520000000000000000e+02
5.480000000000000000e+02
5.600000000000000000e+02
5.560000000000000000e+02
5.640000000000000000e+02
5.840000000000000000e+02
5.800000000000000000e+02
5.800000000000000000e+02
5.760000000000000000e+02
5.653333333333333712e+02
5.480000000000000000e+02
5.480000000000000000e+02
5.470000000000000000e+02
5.480000000000000000e+02
5.520000000000000000e+02
5.560000000000000000e+02
5.160000000000000000e+02
5.160000000000000000e+02
5.240000000000000000e+02
5.360000000000000000e+02
5.280000000000000000e+02
5.320000000000000000e+02
5.360000000000000000e+02
5.360000000000000000e+02
6.160000000000000000e+02
6.380000000000000000e+02
6.200000000000000000e+02
6.200000000000000000e+02
6.200000000000000000e+02
6.160000000000000000e+02
6.280000000000000000e+02
6.220000000000000000e+02
6.226666666666666288e+02
5.320000000000000000e+02
5.320000000000000000e+02
5.320000000000000000e+02
5.320000000000000000e+02
5.400000000000000000e+02
5.400000000000000000e+02
5.360000000000000000e+02
5.640000000000000000e+02
5.600000000000000000e+02
5.470000000000000000e+02
5.520000000000000000e+02
5.560000000000000000e+02
5.600000000000000000e+02
5.600000000000000000e+02
6.200000000000000000e+02
6.280000000000000000e+02
6.240000000000000000e+02
6.240000000000000000e+02
5.640000000000000000e+02
5.600000000000000000e+02
5.520000000000000000e+02
5.720000000000000000e+02
5.640000000000000000e+02
5.600000000000000000e+02
5.640000000000000000e+02
5.720000000000000000e+02
5.390000000000000000e+02
5.493333333333333712e+02
5.440000000000000000e+02
5.280000000000000000e+02
5.360000000000000000e+02
5.360000000000000000e+02
5.400000000000000000e+02
5.440000000000000000e+02
5.450000000000000000e+02
6.270000000000000000e+02
6.200000000000000000e+02
6.280000000000000000e+02
6.280000000000000000e+02
6.240000000000000000e+02
6.266666666666666288e+02
5.480000000000000000e+02
5.440000000000000000e+02
5.400000000000000000e+02
5.400000000000000000e+02
5.520000000000000000e+02
5.480000000000000000e+02
5.720000000000000000e+02
5.613333333333333712e+02
5.680000000000000000e+02
5.680000000000000000e+02
5.560000000000000000e+02
5.600000000000000000e+02
5.540000000000000000e+02
6.320000000000000000e+02
5.720000000000000000e+02
6.360000000000000000e+02
6.440000000000000000e+02
6.540000000000000000e+02
6.120000000000000000e+02
6.000000000000000000e+02
5.690000000000000000e+02
5.600000000000000000e+02
5.730000000000000000e+02
5.640000000000000000e+02
5.520000000000000000e+02
5.720000000000000000e+02
5.760000000000000000e+02
5.680000000000000000e+02
5.680000000000000000e+02
5.640000000000000000e+02
5.666666666666666288e+02
5.613333333333333712e+02
5.400000000000000000e+02
5.520000000000000000e+02
5.466666666666666288e+02
5.520000000000000000e+02
6.706666666666666288e+02
6.280000000000000000e+02
6.240000000000000000e+02
6.720000000000000000e+02
7.160000000000000000e+02
7.120000000000000000e+02
5.626666666666666288e+02
6.510000000000000000e+02
5.666666666666666288e+02
5.760000000000000000e+02
5.600000000000000000e+02
5.640000000000000000e+02
5.680000000000000000e+02
5.720000000000000000e+02
5.720000000000000000e+02
5.720000000000000000e+02
5.640000000000000000e+02
5.710000000000000000e+02
6.400000000000000000e+02
6.400000000000000000e+02
6.390000000000000000e+02
6.360000000000000000e+02
6.280000000000000000e+02
6.440000000000000000e+02
6.360000000000000000e+02
6.320000000000000000e+02
6.360000000000000000e+02
6.253333333333333712e+02
6.560000000000000000e+02
6.660000000000000000e+02
5.640000000000000000e+02
5.720000000000000000e+02
5.720000000000000000e+02
5.720000000000000000e+02
5.720000000000000000e+02
5.720000000000000000e+02
5.680000000000000000e+02
6.440000000000000000e+02
5.510000000000000000e+02
7.130000000000000000e+02
7.830000000000000000e+02
6.610000000000000000e+02
7.170000000000000000e+02
6.140000000000000000e+02
6.560000000000000000e+02
6.680000000000000000e+02
7.040000000000000000e+02
7.800000000000000000e+02
7.800000000000000000e+02
5.253333333333333712e+02
5.813333333333333712e+02
5.733333333333333712e+02
5.600000000000000000e+02
5.666666666666666288e+02
5.640000000000000000e+02
5.680000000000000000e+02
5.630000000000000000e+02
5.653333333333333712e+02
6.440000000000000000e+02
6.440000000000000000e+02
6.160000000000000000e+02
6.150000000000000000e+02
6.160000000000000000e+02
5.880000000000000000e+02
5.930000000000000000e+02
6.600000000000000000e+02
6.213333333333333712e+02
6.200000000000000000e+02
6.240000000000000000e+02
6.640000000000000000e+02
6.440000000000000000e+02
6.520000000000000000e+02
6.780000000000000000e+02
6.746666666666666288e+02
5.640000000000000000e+02
6.613333333333333712e+02
6.880000000000000000e+02
5.460000000000000000e+02
5.320000000000000000e+02
6.490000000000000000e+02
7.053333333333333712e+02
7.800000000000000000e+02
7.800000000000000000e+02
7.800000000000000000e+02
6.666666666666666288e+02
6.706666666666666288e+02
7.133333333333333712e+02
7.040000000000000000e+02
7.120000000000000000e+02
7.760000000000000000e+02
7.760000000000000000e+02
7.760000000000000000e+02
6.740000000000000000e+02
6.890000000000000000e+02
5.650000000000000000e+02
5.680000000000000000e+02
6.320000000000000000e+02
6.960000000000000000e+02
6.920000000000000000e+02
7.000000000000000000e+02
6.573333333333333712e+02
6.640000000000000000e+02
6.600000000000000000e+02
5.810000000000000000e+02
5.920000000000000000e+02
6.293333333333333712e+02
6.666666666666666288e+02
5.813333333333333712e+02
5.933333333333333712e+02
6.540000000000000000e+02
7.350000000000000000e+02
6.420000000000000000e+02
6.560000000000000000e+02
6.390000000000000000e+02
7.000000000000000000e+02
7.053333333333333712e+02
6.960000000000000000e+02
5.840000000000000000e+02
5.720000000000000000e+02
5.740000000000000000e+02
6.650000000000000000e+02
6.520000000000000000e+02
7.140000000000000000e+02
7.840000000000000000e+02
7.266666666666666288e+02
7.213333333333333712e+02
7.160000000000000000e+02
7.160000000000000000e+02
7.173333333333333712e+02
7.106666666666666288e+02
7.186666666666666288e+02
6.970000000000000000e+02
7.306666666666666288e+02
6.880000000000000000e+02
6.560000000000000000e+02
6.773333333333333712e+02
6.870000000000000000e+02
6.820000000000000000e+02
6.520000000000000000e+02
6.830000000000000000e+02
5.800000000000000000e+02
5.960000000000000000e+02
6.560000000000000000e+02
6.520000000000000000e+02
5.620000000000000000e+02
6.373333333333333712e+02
5.700000000000000000e+02
6.440000000000000000e+02
5.730000000000000000e+02
6.440000000000000000e+02
6.490000000000000000e+02
6.340000000000000000e+02
7.453333333333333712e+02
6.360000000000000000e+02
6.426666666666666288e+02
6.840000000000000000e+02
6.893333333333333712e+02
6.790000000000000000e+02
6.880000000000000000e+02
7.560000000000000000e+02
6.840000000000000000e+02
6.830000000000000000e+02
6.730000000000000000e+02
5.720000000000000000e+02
7.700000000000000000e+02
6.400000000000000000e+02
6.500000000000000000e+02
6.373333333333333712e+02
6.640000000000000000e+02
7.000000000000000000e+02
6.930000000000000000e+02
7.160000000000000000e+02
7.120000000000000000e+02
6.386666666666666288e+02
5.706666666666666288e+02
6.910000000000000000e+02
5.750000000000000000e+02
6.160000000000000000e+02
7.650000000000000000e+02
6.740000000000000000e+02
6.800000000000000000e+02
7.506666666666666288e+02
6.740000000000000000e+02
6.813333333333333712e+02
6.826666666666666288e+02
6.600000000000000000e+02
6.160000000000000000e+02
6.680000000000000000e+02
5.640000000000000000e+02
5.800000000000000000e+02
5.680000000000000000e+02
