6.493333333333333712e+02
6.570000000000000000e+02
6.600000000000000000e+02
6.333333333333333712e+02
6.333333333333333712e+02
6.280000000000000000e+02
6.320000000000000000e+02
6.320000000000000000e+02
5.120000000000000000e+02
5.040000000000000000e+02
6.000000000000000000e+02
5.920000000000000000e+02
6.040000000000000000e+02
6.000000000000000000e+02
6.000000000000000000e+02
6.200000000000000000e+02
6.160000000000000000e+02
5.680000000000000000e+02
5.880000000000000000e+02
5.970000000000000000e+02
6.040000000000000000e+02
5.040000000000000000e+02
5.080000000000000000e+02
5.040000000000000000e+02
5.040000000000000000e+02
6.280000000000000000e+02
6.280000000000000000e+02
6.280000000000000000e+02
5.110000000000000000e+02
6.800000000000000000e+02
6.946666666666666288e+02
6.440000000000000000e+02
6.440000000000000000e+02
6.920000000000000000e+02
5.160000000000000000e+02
5.160000000000000000e+02
5.190000000000000000e+02
6.226666666666666288e+02
6.200000000000000000e+02
6.200000000000000000e+02
4.920000000000000000e+02
5.160000000000000000e+02
5.120000000000000000e+02
6.000000000000000000e+02
5.960000000000000000e+02
5.840000000000000000e+02
5.800000000000000000e+02
5.460000000000000000e+02
6.400000000000000000e+02
5.830000000000000000e+02
5.760000000000000000e+02
5.910000000000000000e+02
4.960000000000000000e+02
5.880000000000000000e+02
5.080000000000000000e+02
5.080000000000000000e+02
4.910000000000000000e+02
4.920000000000000000e+02
5.160000000000000000e+02
5.240000000000000000e+02
5.160000000000000000e+02
6.600000000000000000e+02
6.600000000000000000e+02
6.560000000000000000e+02
6.600000000000000000e+02
6.600000000000000000e+02
5.066666666666666856e+02
5.080000000000000000e+02
5.310000000000000000e+02
4.960000000000000000e+02
5.160000000000000000e+02
5.066666666666666856e+02
5.000000000000000000e+02
5.000000000000000000e+02
4.920000000000000000e+02
4.960000000000000000e+02
5.813333333333333712e+02
5.840000000000000000e+02
6.080000000000000000e+02
5.770000000000000000e+02
5.880000000000000000e+02
6.253333333333333712e+02
5.590000000000000000e+02
5.040000000000000000e+02
5.080000000000000000e+02
5.000000000000000000e+02
5.080000000000000000e+02
4.970000000000000000e+02
4.920000000000000000e+02
4.920000000000000000e+02
5.000000000000000000e+02
4.960000000000000000e+02
4.880000000000000000e+02
4.880000000000000000e+02
6.000000000000000000e+02
5.860000000000000000e+02
6.080000000000000000e+02
4.960000000000000000e+02
5.030000000000000000e+02
4.880000000000000000e+02
4.960000000000000000e+02
5.040000000000000000e+02
5.000000000000000000e+02
5.000000000000000000e+02
5.000000000000000000e+02
5.000000000000000000e+02
5.000000000000000000e+02
5.080000000000000000e+02
5.080000000000000000e+02
5.530000000000000000e+02
6.120000000000000000e+02
6.120000000000000000e+02
6.100000000000000000e+02
6.120000000000000000e+02
5.426666666666666288e+02
5.120000000000000000e+02
5.040000000000000000e+02
5.040000000000000000e+02
5.000000000000000000e+02
5.000000000000000000e+02
5.160000000000000000e+02
5.013333333333333144e+02
4.840000000000000000e+02
4.893333333333333144e+02
4.880000000000000000e+02
4.960000000000000000e+02
5.000000000000000000e+02
5.000000000000000000e+02
5.860000000000000000e+02
5.000000000000000000e+02
4.960000000000000000e+02
4.880000000000000000e+02
4.880000000000000000e+02
4.840000000000000000e+02
4.960000000000000000e+02
5.040000000000000000e+02
5.080000000000000000e+02
5.160000000000000000e+02
5.000000000000000000e+02
5.080000000000000000e+02
5.480000000000000000e+02
5.480000000000000000e+02
5.480000000000000000e+02
5.560000000000000000e+02
5.490000000000000000e+02
5.440000000000000000e+02
5.900000000000000000e+02
5.320000000000000000e+02
5.150000000000000000e+02
5.120000000000000000e+02
5.160000000000000000e+02
5.170000000000000000e+02
5.200000000000000000e+02
5.280000000000000000e+02
4.800000000000000000e+02
4.800000000000000000e+02
4.946666666666666856e+02
4.850000000000000000e+02
4.920000000000000000e+02
6.240000000000000000e+02
6.480000000000000000e+02
6.680000000000000000e+02
5.280000000000000000e+02
5.120000000000000000e+02
5.240000000000000000e+02
5.280000000000000000e+02
5.160000000000000000e+02
5.200000000000000000e+02
5.240000000000000000e+02
5.160000000000000000e+02
5.960000000000000000e+02
6.000000000000000000e+02
5.920000000000000000e+02
5.840000000000000000e+02
5.040000000000000000e+02
5.880000000000000000e+02
5.840000000000000000e+02
5.080000000000000000e+02
5.760000000000000000e+02
5.960000000000000000e+02
6.000000000000000000e+02
6.040000000000000000e+02
5.160000000000000000e+02
5.280000000000000000e+02
5.240000000000000000e+02
5.200000000000000000e+02
5.200000000000000000e+02
5.280000000000000000e+02
5.500000000000000000e+02
5.426666666666666288e+02
6.680000000000000000e+02
6.530000000000000000e+02
6.560000000000000000e+02
6.640000000000000000e+02
6.760000000000000000e+02
7.950000000000000000e+02
7.960000000000000000e+02
7.960000000000000000e+02
6.440000000000000000e+02
5.200000000000000000e+02
5.186666666666666288e+02
5.240000000000000000e+02
5.200000000000000000e+02
6.240000000000000000e+02
5.760000000000000000e+02
5.480000000000000000e+02
5.640000000000000000e+02
5.760000000000000000e+02
7.360000000000000000e+02
5.626666666666666288e+02
5.730000000000000000e+02
5.490000000000000000e+02
5.860000000000000000e+02
5.160000000000000000e+02
7.960000000000000000e+02
6.573333333333333712e+02
6.500000000000000000e+02
6.470000000000000000e+02
7.760000000000000000e+02
7.960000000000000000e+02
7.740000000000000000e+02
7.680000000000000000e+02
6.826666666666666288e+02
6.840000000000000000e+02
6.600000000000000000e+02
7.960000000000000000e+02
7.740000000000000000e+02
7.960000000000000000e+02
7.920000000000000000e+02
7.960000000000000000e+02
7.960000000000000000e+02
7.400000000000000000e+02
7.960000000000000000e+02
6.653333333333333712e+02
7.340000000000000000e+02
5.933333333333333712e+02
7.150000000000000000e+02
6.550000000000000000e+02
6.670000000000000000e+02
6.780000000000000000e+02
6.640000000000000000e+02
6.426666666666666288e+02
5.680000000000000000e+02
5.160000000000000000e+02
6.470000000000000000e+02
7.960000000000000000e+02
7.493333333333333712e+02
7.420000000000000000e+02
7.960000000000000000e+02
7.960000000000000000e+02
7.960000000000000000e+02
7.960000000000000000e+02
7.960000000000000000e+02
7.960000000000000000e+02
7.810000000000000000e+02
7.960000000000000000e+02
