4.560000000000000000e+02
4.613333333333333144e+02
6.800000000000000000e+02
6.920000000000000000e+02
4.880000000000000000e+02
4.840000000000000000e+02
4.800000000000000000e+02
4.880000000000000000e+02
4.760000000000000000e+02
4.733333333333333144e+02
4.760000000000000000e+02
4.760000000000000000e+02
4.720000000000000000e+02
4.200000000000000000e+02
4.640000000000000000e+02
4.480000000000000000e+02
6.160000000000000000e+02
4.340000000000000000e+02
4.270000000000000000e+02
4.120000000000000000e+02
4.110000000000000000e+02
4.840000000000000000e+02
4.590000000000000000e+02
4.890000000000000000e+02
4.910000000000000000e+02
4.930000000000000000e+02
4.813333333333333144e+02
4.760000000000000000e+02
4.710000000000000000e+02
4.670000000000000000e+02
4.760000000000000000e+02
4.720000000000000000e+02
4.720000000000000000e+02
6.840000000000000000e+02
5.280000000000000000e+02
7.610000000000000000e+02
6.030000000000000000e+02
4.910000000000000000e+02
4.946666666666666856e+02
4.830000000000000000e+02
4.850000000000000000e+02
4.226666666666666856e+02
4.280000000000000000e+02
3.920000000000000000e+02
4.310000000000000000e+02
4.130000000000000000e+02
4.706666666666666856e+02
3.780000000000000000e+02
4.610000000000000000e+02
3.786666666666666856e+02
3.560000000000000000e+02
4.146666666666666856e+02
3.840000000000000000e+02
4.320000000000000000e+02
3.880000000000000000e+02
3.620000000000000000e+02
4.190000000000000000e+02
3.750000000000000000e+02
3.680000000000000000e+02
3.660000000000000000e+02
5.400000000000000000e+02
4.690000000000000000e+02
7.350000000000000000e+02
5.170000000000000000e+02
5.000000000000000000e+02
3.910000000000000000e+02
3.680000000000000000e+02
3.650000000000000000e+02
3.420000000000000000e+02
3.700000000000000000e+02
3.690000000000000000e+02
3.640000000000000000e+02
3.500000000000000000e+02
4.160000000000000000e+02
3.680000000000000000e+02
3.800000000000000000e+02
3.760000000000000000e+02
4.013333333333333144e+02
4.800000000000000000e+02
4.653333333333333144e+02
3.880000000000000000e+02
3.890000000000000000e+02
4.360000000000000000e+02
3.780000000000000000e+02
3.600000000000000000e+02
3.520000000000000000e+02
3.530000000000000000e+02
3.390000000000000000e+02
3.780000000000000000e+02
3.680000000000000000e+02
6.670000000000000000e+02
3.680000000000000000e+02
4.750000000000000000e+02
3.130000000000000000e+02
4.186666666666666856e+02
4.413333333333333144e+02
3.520000000000000000e+02
3.500000000000000000e+02
3.390000000000000000e+02
3.300000000000000000e+02
3.860000000000000000e+02
7.426666666666666288e+02
3.630000000000000000e+02
3.490000000000000000e+02
3.460000000000000000e+02
3.430000000000000000e+02
3.380000000000000000e+02
3.250000000000000000e+02
3.900000000000000000e+02
3.680000000000000000e+02
4.293333333333333144e+02
3.600000000000000000e+02
3.740000000000000000e+02
3.880000000000000000e+02
3.640000000000000000e+02
3.560000000000000000e+02
3.680000000000000000e+02
3.480000000000000000e+02
3.480000000000000000e+02
3.490000000000000000e+02
3.450000000000000000e+02
3.560000000000000000e+02
3.560000000000000000e+02
3.360000000000000000e+02
3.320000000000000000e+02
3.330000000000000000e+02
3.600000000000000000e+02
3.600000000000000000e+02
3.600000000000000000e+02
3.600000000000000000e+02
3.480000000000000000e+02
3.410000000000000000e+02
3.426666666666666856e+02
3.720000000000000000e+02
3.610000000000000000e+02
3.570000000000000000e+02
3.520000000000000000e+02
3.520000000000000000e+02
3.540000000000000000e+02
3.580000000000000000e+02
3.680000000000000000e+02
4.880000000000000000e+02
3.790000000000000000e+02
3.880000000000000000e+02
3.890000000000000000e+02
4.050000000000000000e+02
4.800000000000000000e+02
3.620000000000000000e+02
3.710000000000000000e+02
3.306666666666666856e+02
3.520000000000000000e+02
3.480000000000000000e+02
3.770000000000000000e+02
3.720000000000000000e+02
3.680000000000000000e+02
3.640000000000000000e+02
3.640000000000000000e+02
3.480000000000000000e+02
3.650000000000000000e+02
3.620000000000000000e+02
3.730000000000000000e+02
3.710000000000000000e+02
3.720000000000000000e+02
3.690000000000000000e+02
3.650000000000000000e+02
3.680000000000000000e+02
3.640000000000000000e+02
3.650000000000000000e+02
3.670000000000000000e+02
3.400000000000000000e+02
3.620000000000000000e+02
4.980000000000000000e+02
5.050000000000000000e+02
3.640000000000000000e+02
4.390000000000000000e+02
4.530000000000000000e+02
5.020000000000000000e+02
4.400000000000000000e+02
4.540000000000000000e+02
4.700000000000000000e+02
3.140000000000000000e+02
4.940000000000000000e+02
4.180000000000000000e+02
4.330000000000000000e+02
3.680000000000000000e+02
3.666666666666666856e+02
3.710000000000000000e+02
3.733333333333333144e+02
5.040000000000000000e+02
3.870000000000000000e+02
3.706666666666666856e+02
5.240000000000000000e+02
3.700000000000000000e+02
4.950000000000000000e+02
4.920000000000000000e+02
3.780000000000000000e+02
4.870000000000000000e+02
4.830000000000000000e+02
4.470000000000000000e+02
4.430000000000000000e+02
4.400000000000000000e+02
4.400000000000000000e+02
4.080000000000000000e+02
4.133333333333333144e+02
4.570000000000000000e+02
4.666666666666666856e+02
4.900000000000000000e+02
4.940000000000000000e+02
5.140000000000000000e+02
5.090000000000000000e+02
4.910000000000000000e+02
4.800000000000000000e+02
4.830000000000000000e+02
4.160000000000000000e+02
4.200000000000000000e+02
4.450000000000000000e+02
4.360000000000000000e+02
4.730000000000000000e+02
4.710000000000000000e+02
4.760000000000000000e+02
4.973333333333333144e+02
4.920000000000000000e+02
4.840000000000000000e+02
4.910000000000000000e+02
5.010000000000000000e+02
5.350000000000000000e+02
4.940000000000000000e+02
4.973333333333333144e+02
4.906666666666666856e+02
4.750000000000000000e+02
4.720000000000000000e+02
5.106666666666666856e+02
4.700000000000000000e+02
4.800000000000000000e+02
6.940000000000000000e+02
4.980000000000000000e+02
4.800000000000000000e+02
4.920000000000000000e+02
4.173333333333333144e+02
5.060000000000000000e+02
4.840000000000000000e+02
5.080000000000000000e+02
4.960000000000000000e+02
4.840000000000000000e+02
6.186666666666666288e+02
5.030000000000000000e+02
7.190000000000000000e+02
6.906666666666666288e+02
5.133333333333333712e+02
5.180000000000000000e+02
5.293333333333333712e+02
4.500000000000000000e+02
6.960000000000000000e+02
6.933333333333333712e+02
5.130000000000000000e+02
5.120000000000000000e+02
