6.000000000000000000e+02
6.040000000000000000e+02
5.630000000000000000e+02
5.570000000000000000e+02
5.430000000000000000e+02
5.240000000000000000e+02
5.590000000000000000e+02
5.110000000000000000e+02
5.600000000000000000e+02
5.340000000000000000e+02
5.186666666666666288e+02
4.880000000000000000e+02
4.800000000000000000e+02
5.320000000000000000e+02
5.160000000000000000e+02
4.650000000000000000e+02
4.740000000000000000e+02
4.790000000000000000e+02
4.920000000000000000e+02
4.680000000000000000e+02
4.610000000000000000e+02
5.180000000000000000e+02
5.210000000000000000e+02
5.370000000000000000e+02
5.066666666666666856e+02
5.520000000000000000e+02
5.340000000000000000e+02
5.530000000000000000e+02
5.626666666666666288e+02
6.140000000000000000e+02
5.820000000000000000e+02
6.066666666666666288e+02
6.100000000000000000e+02
6.160000000000000000e+02
6.300000000000000000e+02
6.340000000000000000e+02
5.610000000000000000e+02
5.570000000000000000e+02
4.510000000000000000e+02
5.330000000000000000e+02
5.220000000000000000e+02
5.180000000000000000e+02
4.880000000000000000e+02
4.720000000000000000e+02
4.640000000000000000e+02
4.570000000000000000e+02
4.600000000000000000e+02
4.730000000000000000e+02
4.560000000000000000e+02
4.520000000000000000e+02
4.440000000000000000e+02
4.600000000000000000e+02
4.800000000000000000e+02
4.730000000000000000e+02
4.280000000000000000e+02
4.320000000000000000e+02
4.200000000000000000e+02
4.280000000000000000e+02
4.240000000000000000e+02
4.240000000000000000e+02
5.860000000000000000e+02
6.090000000000000000e+02
5.860000000000000000e+02
5.600000000000000000e+02
5.680000000000000000e+02
5.773333333333333712e+02
5.213333333333333712e+02
4.160000000000000000e+02
4.240000000000000000e+02
4.250000000000000000e+02
4.160000000000000000e+02
4.040000000000000000e+02
4.200000000000000000e+02
4.200000000000000000e+02
4.160000000000000000e+02
4.040000000000000000e+02
4.060000000000000000e+02
4.040000000000000000e+02
4.080000000000000000e+02
4.490000000000000000e+02
4.480000000000000000e+02
4.120000000000000000e+02
4.120000000000000000e+02
4.120000000000000000e+02
4.430000000000000000e+02
4.470000000000000000e+02
4.160000000000000000e+02
4.160000000000000000e+02
4.120000000000000000e+02
4.026666666666666856e+02
4.066666666666666856e+02
4.160000000000000000e+02
4.200000000000000000e+02
4.200000000000000000e+02
4.160000000000000000e+02
5.666666666666666288e+02
5.590000000000000000e+02
4.200000000000000000e+02
4.160000000000000000e+02
4.190000000000000000e+02
4.120000000000000000e+02
4.160000000000000000e+02
4.260000000000000000e+02
4.080000000000000000e+02
4.160000000000000000e+02
4.160000000000000000e+02
4.120000000000000000e+02
4.120000000000000000e+02
4.080000000000000000e+02
4.110000000000000000e+02
4.160000000000000000e+02
4.760000000000000000e+02
4.600000000000000000e+02
4.240000000000000000e+02
4.200000000000000000e+02
4.200000000000000000e+02
4.160000000000000000e+02
4.160000000000000000e+02
4.200000000000000000e+02
4.440000000000000000e+02
4.190000000000000000e+02
4.120000000000000000e+02
4.080000000000000000e+02
4.200000000000000000e+02
4.200000000000000000e+02
4.200000000000000000e+02
5.610000000000000000e+02
5.666666666666666288e+02
5.540000000000000000e+02
5.420000000000000000e+02
5.630000000000000000e+02
4.120000000000000000e+02
4.160000000000000000e+02
4.200000000000000000e+02
4.240000000000000000e+02
4.280000000000000000e+02
4.310000000000000000e+02
4.250000000000000000e+02
4.160000000000000000e+02
4.170000000000000000e+02
4.200000000000000000e+02
4.200000000000000000e+02
4.320000000000000000e+02
4.390000000000000000e+02
4.560000000000000000e+02
4.540000000000000000e+02
4.200000000000000000e+02
4.160000000000000000e+02
4.210000000000000000e+02
4.260000000000000000e+02
4.266666666666666856e+02
4.280000000000000000e+02
4.240000000000000000e+02
4.240000000000000000e+02
4.240000000000000000e+02
4.280000000000000000e+02
5.510000000000000000e+02
5.186666666666666288e+02
5.653333333333333712e+02
5.550000000000000000e+02
5.600000000000000000e+02
5.680000000000000000e+02
5.730000000000000000e+02
5.680000000000000000e+02
5.360000000000000000e+02
4.220000000000000000e+02
5.780000000000000000e+02
5.920000000000000000e+02
4.120000000000000000e+02
4.030000000000000000e+02
4.080000000000000000e+02
4.080000000000000000e+02
4.040000000000000000e+02
4.470000000000000000e+02
4.470000000000000000e+02
5.306666666666666288e+02
5.240000000000000000e+02
4.760000000000000000e+02
4.430000000000000000e+02
5.120000000000000000e+02
4.870000000000000000e+02
4.800000000000000000e+02
5.093333333333333144e+02
5.200000000000000000e+02
5.450000000000000000e+02
4.200000000000000000e+02
6.240000000000000000e+02
6.200000000000000000e+02
5.946666666666666288e+02
5.760000000000000000e+02
5.693333333333333712e+02
5.653333333333333712e+02
5.680000000000000000e+02
5.770000000000000000e+02
5.670000000000000000e+02
6.160000000000000000e+02
5.973333333333333712e+02
5.720000000000000000e+02
5.730000000000000000e+02
5.360000000000000000e+02
5.280000000000000000e+02
4.960000000000000000e+02
4.960000000000000000e+02
4.970000000000000000e+02
4.900000000000000000e+02
4.870000000000000000e+02
6.140000000000000000e+02
5.920000000000000000e+02
5.986666666666666288e+02
6.106666666666666288e+02
5.290000000000000000e+02
5.146666666666666288e+02
5.780000000000000000e+02
5.470000000000000000e+02
6.133333333333333712e+02
5.700000000000000000e+02
5.693333333333333712e+02
5.600000000000000000e+02
5.693333333333333712e+02
6.120000000000000000e+02
6.260000000000000000e+02
5.350000000000000000e+02
4.880000000000000000e+02
5.680000000000000000e+02
5.690000000000000000e+02
5.730000000000000000e+02
5.830000000000000000e+02
6.160000000000000000e+02
5.880000000000000000e+02
5.530000000000000000e+02
5.790000000000000000e+02
7.160000000000000000e+02
5.960000000000000000e+02
7.110000000000000000e+02
6.050000000000000000e+02
5.626666666666666288e+02
6.020000000000000000e+02
4.520000000000000000e+02
6.840000000000000000e+02
6.620000000000000000e+02
6.550000000000000000e+02
7.240000000000000000e+02
6.106666666666666288e+02
6.370000000000000000e+02
4.720000000000000000e+02
5.350000000000000000e+02
5.860000000000000000e+02
7.210000000000000000e+02
5.460000000000000000e+02
6.220000000000000000e+02
5.750000000000000000e+02
5.413333333333333712e+02
5.680000000000000000e+02
5.720000000000000000e+02
5.640000000000000000e+02
5.680000000000000000e+02
