5.190000000000000000e+02
5.180000000000000000e+02
5.260000000000000000e+02
5.030000000000000000e+02
4.573333333333333144e+02
5.210000000000000000e+02
3.670000000000000000e+02
5.320000000000000000e+02
3.426666666666666856e+02
5.640000000000000000e+02
3.450000000000000000e+02
3.440000000000000000e+02
3.400000000000000000e+02
4.386666666666666856e+02
4.410000000000000000e+02
4.150000000000000000e+02
4.640000000000000000e+02
4.460000000000000000e+02
4.413333333333333144e+02
4.380000000000000000e+02
3.533333333333333144e+02
3.750000000000000000e+02
3.430000000000000000e+02
3.750000000000000000e+02
3.813333333333333144e+02
5.240000000000000000e+02
6.160000000000000000e+02
4.580000000000000000e+02
5.493333333333333712e+02
5.453333333333333712e+02
5.210000000000000000e+02
4.680000000000000000e+02
5.200000000000000000e+02
5.460000000000000000e+02
4.840000000000000000e+02
5.500000000000000000e+02
5.480000000000000000e+02
3.920000000000000000e+02
3.920000000000000000e+02
3.693333333333333144e+02
3.730000000000000000e+02
6.760000000000000000e+02
3.740000000000000000e+02
3.790000000000000000e+02
4.493333333333333144e+02
4.150000000000000000e+02
3.830000000000000000e+02
3.740000000000000000e+02
3.680000000000000000e+02
3.760000000000000000e+02
3.820000000000000000e+02
3.480000000000000000e+02
3.480000000000000000e+02
3.600000000000000000e+02
3.693333333333333144e+02
3.670000000000000000e+02
3.670000000000000000e+02
5.520000000000000000e+02
3.800000000000000000e+02
3.990000000000000000e+02
5.120000000000000000e+02
5.590000000000000000e+02
5.460000000000000000e+02
5.373333333333333712e+02
5.470000000000000000e+02
5.610000000000000000e+02
3.826666666666666856e+02
4.820000000000000000e+02
3.840000000000000000e+02
3.973333333333333144e+02
3.670000000000000000e+02
3.500000000000000000e+02
3.680000000000000000e+02
3.640000000000000000e+02
3.510000000000000000e+02
3.530000000000000000e+02
3.470000000000000000e+02
3.470000000000000000e+02
3.760000000000000000e+02
3.880000000000000000e+02
3.813333333333333144e+02
3.640000000000000000e+02
3.550000000000000000e+02
3.480000000000000000e+02
3.280000000000000000e+02
3.546666666666666856e+02
3.530000000000000000e+02
3.493333333333333144e+02
3.450000000000000000e+02
3.480000000000000000e+02
3.680000000000000000e+02
3.680000000000000000e+02
3.600000000000000000e+02
4.106666666666666856e+02
4.030000000000000000e+02
5.000000000000000000e+02
4.990000000000000000e+02
5.070000000000000000e+02
4.733333333333333144e+02
3.680000000000000000e+02
3.680000000000000000e+02
3.640000000000000000e+02
3.520000000000000000e+02
3.480000000000000000e+02
3.910000000000000000e+02
3.800000000000000000e+02
3.790000000000000000e+02
3.640000000000000000e+02
3.640000000000000000e+02
3.640000000000000000e+02
3.640000000000000000e+02
3.640000000000000000e+02
3.613333333333333144e+02
3.626666666666666856e+02
3.493333333333333144e+02
3.520000000000000000e+02
3.520000000000000000e+02
3.500000000000000000e+02
3.840000000000000000e+02
3.840000000000000000e+02
3.930000000000000000e+02
3.520000000000000000e+02
3.680000000000000000e+02
3.650000000000000000e+02
3.546666666666666856e+02
3.820000000000000000e+02
3.820000000000000000e+02
5.090000000000000000e+02
4.330000000000000000e+02
5.050000000000000000e+02
3.860000000000000000e+02
3.813333333333333144e+02
3.650000000000000000e+02
3.720000000000000000e+02
3.960000000000000000e+02
3.790000000000000000e+02
3.826666666666666856e+02
3.860000000000000000e+02
3.790000000000000000e+02
3.680000000000000000e+02
3.640000000000000000e+02
3.620000000000000000e+02
3.740000000000000000e+02
3.720000000000000000e+02
4.280000000000000000e+02
4.020000000000000000e+02
3.700000000000000000e+02
3.650000000000000000e+02
3.760000000000000000e+02
3.790000000000000000e+02
3.960000000000000000e+02
3.920000000000000000e+02
3.870000000000000000e+02
3.746666666666666856e+02
4.650000000000000000e+02
3.866666666666666856e+02
5.093333333333333144e+02
4.280000000000000000e+02
5.240000000000000000e+02
5.000000000000000000e+02
5.120000000000000000e+02
5.330000000000000000e+02
5.850000000000000000e+02
4.000000000000000000e+02
4.010000000000000000e+02
3.920000000000000000e+02
4.110000000000000000e+02
3.890000000000000000e+02
4.430000000000000000e+02
3.970000000000000000e+02
4.306666666666666856e+02
3.880000000000000000e+02
4.093333333333333144e+02
3.950000000000000000e+02
4.173333333333333144e+02
4.610000000000000000e+02
4.280000000000000000e+02
4.560000000000000000e+02
3.600000000000000000e+02
4.120000000000000000e+02
4.120000000000000000e+02
5.053333333333333144e+02
5.080000000000000000e+02
4.040000000000000000e+02
4.150000000000000000e+02
5.026666666666666856e+02
5.093333333333333144e+02
5.700000000000000000e+02
4.853333333333333144e+02
6.100000000000000000e+02
5.760000000000000000e+02
5.800000000000000000e+02
5.850000000000000000e+02
5.400000000000000000e+02
5.813333333333333712e+02
5.430000000000000000e+02
6.040000000000000000e+02
6.653333333333333712e+02
7.950000000000000000e+02
4.760000000000000000e+02
5.253333333333333712e+02
5.140000000000000000e+02
5.080000000000000000e+02
4.760000000000000000e+02
4.880000000000000000e+02
4.420000000000000000e+02
4.560000000000000000e+02
4.590000000000000000e+02
4.650000000000000000e+02
4.480000000000000000e+02
4.270000000000000000e+02
6.570000000000000000e+02
4.773333333333333144e+02
4.800000000000000000e+02
5.133333333333333712e+02
5.110000000000000000e+02
5.293333333333333712e+02
5.560000000000000000e+02
5.420000000000000000e+02
5.320000000000000000e+02
4.460000000000000000e+02
5.620000000000000000e+02
5.970000000000000000e+02
4.880000000000000000e+02
6.270000000000000000e+02
5.600000000000000000e+02
6.120000000000000000e+02
4.733333333333333144e+02
6.400000000000000000e+02
5.440000000000000000e+02
7.710000000000000000e+02
5.173333333333333712e+02
5.130000000000000000e+02
7.670000000000000000e+02
5.120000000000000000e+02
4.740000000000000000e+02
7.960000000000000000e+02
7.110000000000000000e+02
7.666666666666666288e+02
4.586666666666666856e+02
6.570000000000000000e+02
7.280000000000000000e+02
7.280000000000000000e+02
6.830000000000000000e+02
6.960000000000000000e+02
7.560000000000000000e+02
5.480000000000000000e+02
4.880000000000000000e+02
5.266666666666666288e+02
5.370000000000000000e+02
6.040000000000000000e+02
5.560000000000000000e+02
5.706666666666666288e+02
6.120000000000000000e+02
6.210000000000000000e+02
6.060000000000000000e+02
