3.280000000000000000e+02
5.180000000000000000e+02
5.170000000000000000e+02
4.870000000000000000e+02
5.270000000000000000e+02
4.510000000000000000e+02
3.960000000000000000e+02
6.920000000000000000e+02
3.400000000000000000e+02
7.030000000000000000e+02
3.440000000000000000e+02
3.440000000000000000e+02
3.400000000000000000e+02
4.380000000000000000e+02
4.410000000000000000e+02
4.360000000000000000e+02
3.680000000000000000e+02
4.460000000000000000e+02
4.413333333333333144e+02
4.380000000000000000e+02
3.586666666666666856e+02
3.400000000000000000e+02
3.380000000000000000e+02
3.610000000000000000e+02
4.010000000000000000e+02
5.240000000000000000e+02
5.360000000000000000e+02
4.080000000000000000e+02
5.493333333333333712e+02
5.310000000000000000e+02
5.210000000000000000e+02
4.680000000000000000e+02
5.140000000000000000e+02
4.960000000000000000e+02
5.380000000000000000e+02
5.640000000000000000e+02
5.453333333333333712e+02
4.213333333333333144e+02
6.620000000000000000e+02
3.590000000000000000e+02
2.720000000000000000e+02
6.760000000000000000e+02
3.480000000000000000e+02
3.790000000000000000e+02
4.480000000000000000e+02
4.100000000000000000e+02
3.830000000000000000e+02
3.820000000000000000e+02
3.660000000000000000e+02
3.710000000000000000e+02
3.453333333333333144e+02
3.510000000000000000e+02
3.480000000000000000e+02
3.520000000000000000e+02
3.550000000000000000e+02
3.670000000000000000e+02
5.253333333333333712e+02
5.140000000000000000e+02
3.800000000000000000e+02
4.040000000000000000e+02
5.450000000000000000e+02
5.270000000000000000e+02
5.300000000000000000e+02
5.320000000000000000e+02
5.470000000000000000e+02
5.533333333333333712e+02
5.600000000000000000e+02
5.586666666666666288e+02
3.730000000000000000e+02
4.140000000000000000e+02
3.670000000000000000e+02
3.630000000000000000e+02
3.693333333333333144e+02
3.640000000000000000e+02
3.580000000000000000e+02
3.480000000000000000e+02
3.470000000000000000e+02
3.480000000000000000e+02
3.760000000000000000e+02
3.866666666666666856e+02
3.813333333333333144e+02
3.600000000000000000e+02
3.500000000000000000e+02
3.480000000000000000e+02
3.480000000000000000e+02
3.550000000000000000e+02
3.520000000000000000e+02
3.500000000000000000e+02
3.400000000000000000e+02
3.480000000000000000e+02
3.670000000000000000e+02
3.640000000000000000e+02
3.613333333333333144e+02
5.550000000000000000e+02
4.040000000000000000e+02
5.080000000000000000e+02
4.990000000000000000e+02
5.070000000000000000e+02
3.866666666666666856e+02
3.706666666666666856e+02
3.680000000000000000e+02
3.650000000000000000e+02
3.430000000000000000e+02
3.450000000000000000e+02
3.426666666666666856e+02
3.840000000000000000e+02
3.790000000000000000e+02
3.640000000000000000e+02
3.620000000000000000e+02
3.550000000000000000e+02
3.640000000000000000e+02
3.640000000000000000e+02
3.626666666666666856e+02
3.613333333333333144e+02
3.520000000000000000e+02
3.560000000000000000e+02
3.560000000000000000e+02
3.500000000000000000e+02
3.830000000000000000e+02
3.866666666666666856e+02
4.093333333333333144e+02
3.893333333333333144e+02
3.780000000000000000e+02
3.650000000000000000e+02
3.546666666666666856e+02
3.826666666666666856e+02
5.170000000000000000e+02
5.040000000000000000e+02
5.120000000000000000e+02
5.050000000000000000e+02
3.880000000000000000e+02
3.800000000000000000e+02
3.650000000000000000e+02
3.746666666666666856e+02
3.960000000000000000e+02
3.790000000000000000e+02
3.840000000000000000e+02
3.880000000000000000e+02
3.800000000000000000e+02
3.653333333333333144e+02
3.640000000000000000e+02
3.610000000000000000e+02
3.653333333333333144e+02
3.720000000000000000e+02
4.386666666666666856e+02
4.626666666666666856e+02
4.020000000000000000e+02
3.820000000000000000e+02
3.750000000000000000e+02
3.790000000000000000e+02
5.020000000000000000e+02
3.920000000000000000e+02
3.900000000000000000e+02
3.880000000000000000e+02
3.840000000000000000e+02
3.910000000000000000e+02
3.840000000000000000e+02
4.280000000000000000e+02
5.180000000000000000e+02
5.010000000000000000e+02
4.733333333333333144e+02
5.240000000000000000e+02
5.420000000000000000e+02
4.013333333333333144e+02
4.020000000000000000e+02
4.040000000000000000e+02
4.110000000000000000e+02
3.880000000000000000e+02
4.430000000000000000e+02
4.260000000000000000e+02
4.306666666666666856e+02
3.930000000000000000e+02
3.770000000000000000e+02
3.960000000000000000e+02
3.910000000000000000e+02
4.580000000000000000e+02
4.453333333333333144e+02
4.560000000000000000e+02
4.590000000000000000e+02
3.880000000000000000e+02
3.920000000000000000e+02
3.880000000000000000e+02
5.050000000000000000e+02
4.310000000000000000e+02
4.866666666666666856e+02
5.180000000000000000e+02
5.820000000000000000e+02
4.720000000000000000e+02
4.853333333333333144e+02
5.920000000000000000e+02
5.720000000000000000e+02
5.306666666666666288e+02
5.820000000000000000e+02
5.400000000000000000e+02
5.813333333333333712e+02
4.960000000000000000e+02
6.140000000000000000e+02
6.653333333333333712e+02
7.960000000000000000e+02
7.880000000000000000e+02
4.940000000000000000e+02
5.140000000000000000e+02
5.080000000000000000e+02
4.740000000000000000e+02
4.810000000000000000e+02
4.450000000000000000e+02
4.530000000000000000e+02
4.560000000000000000e+02
5.730000000000000000e+02
7.340000000000000000e+02
6.910000000000000000e+02
4.466666666666666856e+02
4.430000000000000000e+02
5.110000000000000000e+02
5.170000000000000000e+02
5.090000000000000000e+02
5.580000000000000000e+02
5.560000000000000000e+02
6.093333333333333712e+02
5.320000000000000000e+02
5.190000000000000000e+02
5.800000000000000000e+02
5.970000000000000000e+02
5.940000000000000000e+02
5.720000000000000000e+02
5.770000000000000000e+02
6.020000000000000000e+02
5.830000000000000000e+02
5.280000000000000000e+02
5.440000000000000000e+02
7.710000000000000000e+02
5.173333333333333712e+02
5.146666666666666288e+02
4.980000000000000000e+02
5.120000000000000000e+02
4.986666666666666856e+02
7.960000000000000000e+02
7.110000000000000000e+02
6.570000000000000000e+02
4.586666666666666856e+02
7.613333333333333712e+02
7.090000000000000000e+02
7.280000000000000000e+02
6.830000000000000000e+02
6.960000000000000000e+02
5.530000000000000000e+02
6.880000000000000000e+02
6.760000000000000000e+02
4.860000000000000000e+02
7.200000000000000000e+02
5.600000000000000000e+02
5.950000000000000000e+02
5.706666666666666288e+02
6.230000000000000000e+02
6.260000000000000000e+02
5.350000000000000000e+02
