3.280000000000000000e+02
5.230000000000000000e+02
5.140000000000000000e+02
5.030000000000000000e+02
4.573333333333333144e+02
4.653333333333333144e+02
5.160000000000000000e+02
5.300000000000000000e+02
3.400000000000000000e+02
6.470000000000000000e+02
3.450000000000000000e+02
3.450000000000000000e+02
3.440000000000000000e+02
4.510000000000000000e+02
4.410000000000000000e+02
4.360000000000000000e+02
3.680000000000000000e+02
3.746666666666666856e+02
4.373333333333333144e+02
4.380000000000000000e+02
3.610000000000000000e+02
3.750000000000000000e+02
3.380000000000000000e+02
3.620000000000000000e+02
3.790000000000000000e+02
5.306666666666666288e+02
5.360000000000000000e+02
4.053333333333333144e+02
4.680000000000000000e+02
5.310000000000000000e+02
5.210000000000000000e+02
4.680000000000000000e+02
5.200000000000000000e+02
5.460000000000000000e+02
5.380000000000000000e+02
5.520000000000000000e+02
5.540000000000000000e+02
3.960000000000000000e+02
3.586666666666666856e+02
5.453333333333333712e+02
7.020000000000000000e+02
3.440000000000000000e+02
3.480000000000000000e+02
3.750000000000000000e+02
4.480000000000000000e+02
4.290000000000000000e+02
3.870000000000000000e+02
3.720000000000000000e+02
3.740000000000000000e+02
3.730000000000000000e+02
3.573333333333333144e+02
3.510000000000000000e+02
3.480000000000000000e+02
3.440000000000000000e+02
3.693333333333333144e+02
3.740000000000000000e+02
7.653333333333333712e+02
4.560000000000000000e+02
3.850000000000000000e+02
3.990000000000000000e+02
5.120000000000000000e+02
5.386666666666666288e+02
5.610000000000000000e+02
5.373333333333333712e+02
5.320000000000000000e+02
5.600000000000000000e+02
3.826666666666666856e+02
5.600000000000000000e+02
4.733333333333333144e+02
3.970000000000000000e+02
3.920000000000000000e+02
3.490000000000000000e+02
3.626666666666666856e+02
3.590000000000000000e+02
3.510000000000000000e+02
3.520000000000000000e+02
3.480000000000000000e+02
3.480000000000000000e+02
3.760000000000000000e+02
3.890000000000000000e+02
3.733333333333333144e+02
3.640000000000000000e+02
3.520000000000000000e+02
3.506666666666666856e+02
3.530000000000000000e+02
3.520000000000000000e+02
3.530000000000000000e+02
3.390000000000000000e+02
3.440000000000000000e+02
3.440000000000000000e+02
3.540000000000000000e+02
3.640000000000000000e+02
3.586666666666666856e+02
4.106666666666666856e+02
4.013333333333333144e+02
5.000000000000000000e+02
4.990000000000000000e+02
5.070000000000000000e+02
5.180000000000000000e+02
3.790000000000000000e+02
3.700000000000000000e+02
3.650000000000000000e+02
3.520000000000000000e+02
3.480000000000000000e+02
3.890000000000000000e+02
3.830000000000000000e+02
4.020000000000000000e+02
3.630000000000000000e+02
3.620000000000000000e+02
3.550000000000000000e+02
3.640000000000000000e+02
3.666666666666666856e+02
3.613333333333333144e+02
3.613333333333333144e+02
3.506666666666666856e+02
3.560000000000000000e+02
3.520000000000000000e+02
3.866666666666666856e+02
3.840000000000000000e+02
3.840000000000000000e+02
3.930000000000000000e+02
3.360000000000000000e+02
3.650000000000000000e+02
4.060000000000000000e+02
3.546666666666666856e+02
3.430000000000000000e+02
5.093333333333333144e+02
5.040000000000000000e+02
5.120000000000000000e+02
5.150000000000000000e+02
3.866666666666666856e+02
3.800000000000000000e+02
3.600000000000000000e+02
3.720000000000000000e+02
3.960000000000000000e+02
3.440000000000000000e+02
3.826666666666666856e+02
3.880000000000000000e+02
3.800000000000000000e+02
3.640000000000000000e+02
3.640000000000000000e+02
3.530000000000000000e+02
3.740000000000000000e+02
4.220000000000000000e+02
3.720000000000000000e+02
3.746666666666666856e+02
3.690000000000000000e+02
3.680000000000000000e+02
3.750000000000000000e+02
4.050000000000000000e+02
3.980000000000000000e+02
3.880000000000000000e+02
3.880000000000000000e+02
3.880000000000000000e+02
4.130000000000000000e+02
3.900000000000000000e+02
3.860000000000000000e+02
3.990000000000000000e+02
5.130000000000000000e+02
4.970000000000000000e+02
5.120000000000000000e+02
5.680000000000000000e+02
5.490000000000000000e+02
4.013333333333333144e+02
3.780000000000000000e+02
3.920000000000000000e+02
3.880000000000000000e+02
3.893333333333333144e+02
4.070000000000000000e+02
3.960000000000000000e+02
4.000000000000000000e+02
3.880000000000000000e+02
4.093333333333333144e+02
4.040000000000000000e+02
3.940000000000000000e+02
4.590000000000000000e+02
4.280000000000000000e+02
4.560000000000000000e+02
3.600000000000000000e+02
4.120000000000000000e+02
3.880000000000000000e+02
5.053333333333333144e+02
5.000000000000000000e+02
4.310000000000000000e+02
4.893333333333333144e+02
5.053333333333333144e+02
4.480000000000000000e+02
6.040000000000000000e+02
6.020000000000000000e+02
6.250000000000000000e+02
5.740000000000000000e+02
5.306666666666666288e+02
5.820000000000000000e+02
6.120000000000000000e+02
5.870000000000000000e+02
5.430000000000000000e+02
5.880000000000000000e+02
6.120000000000000000e+02
5.900000000000000000e+02
4.760000000000000000e+02
4.880000000000000000e+02
5.050000000000000000e+02
5.060000000000000000e+02
4.740000000000000000e+02
4.670000000000000000e+02
4.720000000000000000e+02
4.590000000000000000e+02
4.560000000000000000e+02
5.706666666666666288e+02
7.640000000000000000e+02
6.910000000000000000e+02
5.360000000000000000e+02
4.430000000000000000e+02
4.906666666666666856e+02
5.070000000000000000e+02
5.000000000000000000e+02
4.640000000000000000e+02
5.560000000000000000e+02
5.920000000000000000e+02
5.520000000000000000e+02
6.120000000000000000e+02
5.740000000000000000e+02
6.080000000000000000e+02
5.906666666666666288e+02
5.580000000000000000e+02
4.893333333333333144e+02
6.020000000000000000e+02
4.733333333333333144e+02
6.940000000000000000e+02
7.610000000000000000e+02
5.740000000000000000e+02
5.333333333333333712e+02
4.946666666666666856e+02
7.670000000000000000e+02
5.000000000000000000e+02
4.740000000000000000e+02
7.300000000000000000e+02
7.110000000000000000e+02
6.570000000000000000e+02
7.140000000000000000e+02
7.613333333333333712e+02
7.000000000000000000e+02
5.190000000000000000e+02
6.830000000000000000e+02
6.880000000000000000e+02
6.880000000000000000e+02
6.320000000000000000e+02
4.880000000000000000e+02
5.720000000000000000e+02
5.620000000000000000e+02
6.040000000000000000e+02
5.840000000000000000e+02
5.333333333333333712e+02
6.230000000000000000e+02
6.260000000000000000e+02
6.040000000000000000e+02
