3.280000000000000000e+02
5.280000000000000000e+02
5.140000000000000000e+02
5.030000000000000000e+02
4.800000000000000000e+02
5.210000000000000000e+02
3.670000000000000000e+02
5.320000000000000000e+02
3.920000000000000000e+02
5.640000000000000000e+02
3.640000000000000000e+02
3.440000000000000000e+02
3.400000000000000000e+02
4.420000000000000000e+02
4.410000000000000000e+02
4.150000000000000000e+02
3.580000000000000000e+02
3.746666666666666856e+02
4.470000000000000000e+02
4.380000000000000000e+02
3.610000000000000000e+02
3.750000000000000000e+02
3.380000000000000000e+02
3.620000000000000000e+02
3.790000000000000000e+02
5.370000000000000000e+02
3.826666666666666856e+02
4.053333333333333144e+02
5.110000000000000000e+02
5.330000000000000000e+02
5.333333333333333712e+02
5.370000000000000000e+02
5.300000000000000000e+02
4.560000000000000000e+02
5.310000000000000000e+02
5.640000000000000000e+02
5.540000000000000000e+02
5.450000000000000000e+02
3.920000000000000000e+02
3.330000000000000000e+02
3.730000000000000000e+02
3.440000000000000000e+02
3.480000000000000000e+02
3.460000000000000000e+02
4.493333333333333144e+02
4.100000000000000000e+02
3.790000000000000000e+02
3.820000000000000000e+02
3.680000000000000000e+02
3.760000000000000000e+02
3.480000000000000000e+02
3.480000000000000000e+02
3.480000000000000000e+02
3.520000000000000000e+02
3.550000000000000000e+02
3.533333333333333144e+02
6.500000000000000000e+02
4.560000000000000000e+02
3.800000000000000000e+02
4.586666666666666856e+02
5.450000000000000000e+02
5.090000000000000000e+02
5.300000000000000000e+02
5.360000000000000000e+02
5.470000000000000000e+02
5.600000000000000000e+02
5.060000000000000000e+02
4.820000000000000000e+02
4.733333333333333144e+02
3.920000000000000000e+02
3.586666666666666856e+02
3.490000000000000000e+02
3.693333333333333144e+02
3.590000000000000000e+02
3.590000000000000000e+02
3.480000000000000000e+02
3.340000000000000000e+02
3.490000000000000000e+02
3.920000000000000000e+02
3.866666666666666856e+02
3.720000000000000000e+02
3.640000000000000000e+02
3.520000000000000000e+02
3.480000000000000000e+02
3.550000000000000000e+02
3.520000000000000000e+02
3.530000000000000000e+02
3.520000000000000000e+02
3.440000000000000000e+02
3.470000000000000000e+02
3.680000000000000000e+02
3.680000000000000000e+02
3.600000000000000000e+02
3.980000000000000000e+02
5.170000000000000000e+02
5.106666666666666856e+02
5.020000000000000000e+02
4.893333333333333144e+02
4.770000000000000000e+02
3.700000000000000000e+02
3.346666666666666856e+02
3.640000000000000000e+02
3.430000000000000000e+02
3.480000000000000000e+02
3.920000000000000000e+02
3.800000000000000000e+02
3.790000000000000000e+02
3.640000000000000000e+02
3.620000000000000000e+02
3.540000000000000000e+02
3.650000000000000000e+02
3.666666666666666856e+02
3.613333333333333144e+02
3.640000000000000000e+02
3.586666666666666856e+02
3.520000000000000000e+02
3.520000000000000000e+02
3.866666666666666856e+02
3.840000000000000000e+02
3.840000000000000000e+02
3.610000000000000000e+02
3.920000000000000000e+02
3.780000000000000000e+02
3.650000000000000000e+02
3.746666666666666856e+02
3.820000000000000000e+02
5.173333333333333712e+02
5.040000000000000000e+02
5.030000000000000000e+02
5.220000000000000000e+02
3.866666666666666856e+02
3.813333333333333144e+02
3.650000000000000000e+02
3.720000000000000000e+02
3.870000000000000000e+02
3.790000000000000000e+02
3.840000000000000000e+02
3.880000000000000000e+02
3.640000000000000000e+02
3.653333333333333144e+02
3.630000000000000000e+02
3.610000000000000000e+02
3.740000000000000000e+02
4.706666666666666856e+02
4.386666666666666856e+02
4.700000000000000000e+02
4.020000000000000000e+02
3.820000000000000000e+02
3.730000000000000000e+02
4.173333333333333144e+02
3.980000000000000000e+02
3.880000000000000000e+02
3.880000000000000000e+02
3.880000000000000000e+02
4.650000000000000000e+02
3.900000000000000000e+02
3.840000000000000000e+02
3.960000000000000000e+02
4.800000000000000000e+02
4.970000000000000000e+02
5.620000000000000000e+02
5.130000000000000000e+02
5.940000000000000000e+02
4.013333333333333144e+02
4.020000000000000000e+02
3.893333333333333144e+02
4.150000000000000000e+02
3.893333333333333144e+02
4.430000000000000000e+02
3.960000000000000000e+02
4.306666666666666856e+02
3.880000000000000000e+02
3.770000000000000000e+02
3.920000000000000000e+02
4.120000000000000000e+02
4.620000000000000000e+02
4.546666666666666856e+02
4.560000000000000000e+02
4.760000000000000000e+02
4.120000000000000000e+02
3.880000000000000000e+02
3.893333333333333144e+02
5.040000000000000000e+02
4.240000000000000000e+02
4.150000000000000000e+02
5.733333333333333712e+02
4.586666666666666856e+02
6.040000000000000000e+02
6.190000000000000000e+02
5.920000000000000000e+02
5.740000000000000000e+02
5.000000000000000000e+02
5.850000000000000000e+02
5.426666666666666288e+02
5.920000000000000000e+02
6.100000000000000000e+02
6.140000000000000000e+02
6.653333333333333712e+02
7.960000000000000000e+02
7.960000000000000000e+02
4.973333333333333144e+02
5.186666666666666288e+02
4.780000000000000000e+02
4.740000000000000000e+02
4.590000000000000000e+02
4.420000000000000000e+02
4.530000000000000000e+02
4.570000000000000000e+02
5.730000000000000000e+02
4.480000000000000000e+02
6.910000000000000000e+02
4.790000000000000000e+02
4.430000000000000000e+02
4.933333333333333144e+02
5.070000000000000000e+02
5.110000000000000000e+02
5.580000000000000000e+02
5.140000000000000000e+02
5.920000000000000000e+02
5.320000000000000000e+02
6.120000000000000000e+02
5.973333333333333712e+02
6.080000000000000000e+02
5.920000000000000000e+02
5.720000000000000000e+02
5.800000000000000000e+02
6.000000000000000000e+02
5.830000000000000000e+02
6.940000000000000000e+02
5.453333333333333712e+02
7.710000000000000000e+02
5.360000000000000000e+02
5.280000000000000000e+02
6.840000000000000000e+02
5.106666666666666856e+02
5.010000000000000000e+02
7.300000000000000000e+02
7.820000000000000000e+02
6.160000000000000000e+02
6.293333333333333712e+02
7.613333333333333712e+02
7.280000000000000000e+02
5.190000000000000000e+02
6.470000000000000000e+02
6.960000000000000000e+02
6.880000000000000000e+02
6.320000000000000000e+02
6.760000000000000000e+02
7.140000000000000000e+02
7.200000000000000000e+02
7.090000000000000000e+02
5.560000000000000000e+02
5.306666666666666288e+02
6.280000000000000000e+02
5.910000000000000000e+02
6.040000000000000000e+02
