6.170000000000000000e+02
6.230000000000000000e+02
6.173333333333333712e+02
5.920000000000000000e+02
6.110000000000000000e+02
6.960000000000000000e+02
6.346666666666666288e+02
4.800000000000000000e+02
5.426666666666666288e+02
5.813333333333333712e+02
4.780000000000000000e+02
5.860000000000000000e+02
5.733333333333333712e+02
5.590000000000000000e+02
6.306666666666666288e+02
5.840000000000000000e+02
5.790000000000000000e+02
4.700000000000000000e+02
5.650000000000000000e+02
4.813333333333333144e+02
5.600000000000000000e+02
5.960000000000000000e+02
5.920000000000000000e+02
5.660000000000000000e+02
5.600000000000000000e+02
5.680000000000000000e+02
7.000000000000000000e+02
5.840000000000000000e+02
6.320000000000000000e+02
5.080000000000000000e+02
6.290000000000000000e+02
6.160000000000000000e+02
6.160000000000000000e+02
5.240000000000000000e+02
6.386666666666666288e+02
6.370000000000000000e+02
5.306666666666666288e+02
6.130000000000000000e+02
5.533333333333333712e+02
5.820000000000000000e+02
5.746666666666666288e+02
5.950000000000000000e+02
4.840000000000000000e+02
5.680000000000000000e+02
5.790000000000000000e+02
5.860000000000000000e+02
5.906666666666666288e+02
5.800000000000000000e+02
5.973333333333333712e+02
6.070000000000000000e+02
5.870000000000000000e+02
4.720000000000000000e+02
5.670000000000000000e+02
4.880000000000000000e+02
6.000000000000000000e+02
5.773333333333333712e+02
5.640000000000000000e+02
5.680000000000000000e+02
6.400000000000000000e+02
6.240000000000000000e+02
6.000000000000000000e+02
6.140000000000000000e+02
6.240000000000000000e+02
6.060000000000000000e+02
5.420000000000000000e+02
6.200000000000000000e+02
6.320000000000000000e+02
6.320000000000000000e+02
6.310000000000000000e+02
5.560000000000000000e+02
4.840000000000000000e+02
5.800000000000000000e+02
4.880000000000000000e+02
5.850000000000000000e+02
4.880000000000000000e+02
4.910000000000000000e+02
5.040000000000000000e+02
5.800000000000000000e+02
5.520000000000000000e+02
4.680000000000000000e+02
5.250000000000000000e+02
5.230000000000000000e+02
5.130000000000000000e+02
4.840000000000000000e+02
4.810000000000000000e+02
4.800000000000000000e+02
4.810000000000000000e+02
4.810000000000000000e+02
4.610000000000000000e+02
4.840000000000000000e+02
4.790000000000000000e+02
4.860000000000000000e+02
4.880000000000000000e+02
6.360000000000000000e+02
5.920000000000000000e+02
5.760000000000000000e+02
5.800000000000000000e+02
5.550000000000000000e+02
5.750000000000000000e+02
4.860000000000000000e+02
4.920000000000000000e+02
4.840000000000000000e+02
4.840000000000000000e+02
4.880000000000000000e+02
4.880000000000000000e+02
4.920000000000000000e+02
4.960000000000000000e+02
4.900000000000000000e+02
4.960000000000000000e+02
4.920000000000000000e+02
4.880000000000000000e+02
5.573333333333333712e+02
5.270000000000000000e+02
4.870000000000000000e+02
4.906666666666666856e+02
4.893333333333333144e+02
4.920000000000000000e+02
4.920000000000000000e+02
4.960000000000000000e+02
4.840000000000000000e+02
4.880000000000000000e+02
4.870000000000000000e+02
4.930000000000000000e+02
4.800000000000000000e+02
4.880000000000000000e+02
5.720000000000000000e+02
5.820000000000000000e+02
5.810000000000000000e+02
5.560000000000000000e+02
5.830000000000000000e+02
4.890000000000000000e+02
4.880000000000000000e+02
4.870000000000000000e+02
4.800000000000000000e+02
4.840000000000000000e+02
4.880000000000000000e+02
5.030000000000000000e+02
4.840000000000000000e+02
4.960000000000000000e+02
4.840000000000000000e+02
4.840000000000000000e+02
4.860000000000000000e+02
4.850000000000000000e+02
5.080000000000000000e+02
5.320000000000000000e+02
4.840000000000000000e+02
5.000000000000000000e+02
4.880000000000000000e+02
4.790000000000000000e+02
4.840000000000000000e+02
4.840000000000000000e+02
4.893333333333333144e+02
4.840000000000000000e+02
4.660000000000000000e+02
4.920000000000000000e+02
4.920000000000000000e+02
4.960000000000000000e+02
5.786666666666666288e+02
5.870000000000000000e+02
5.870000000000000000e+02
5.880000000000000000e+02
5.900000000000000000e+02
4.813333333333333144e+02
4.910000000000000000e+02
4.980000000000000000e+02
4.900000000000000000e+02
4.880000000000000000e+02
4.960000000000000000e+02
4.853333333333333144e+02
5.040000000000000000e+02
4.880000000000000000e+02
4.880000000000000000e+02
4.800000000000000000e+02
5.270000000000000000e+02
5.280000000000000000e+02
5.550000000000000000e+02
5.600000000000000000e+02
5.453333333333333712e+02
5.280000000000000000e+02
5.450000000000000000e+02
4.813333333333333144e+02
5.790000000000000000e+02
5.026666666666666856e+02
5.080000000000000000e+02
4.820000000000000000e+02
4.960000000000000000e+02
4.960000000000000000e+02
4.890000000000000000e+02
5.920000000000000000e+02
6.170000000000000000e+02
6.600000000000000000e+02
5.960000000000000000e+02
6.240000000000000000e+02
6.020000000000000000e+02
6.130000000000000000e+02
6.240000000000000000e+02
4.720000000000000000e+02
4.720000000000000000e+02
4.650000000000000000e+02
4.746666666666666856e+02
4.853333333333333144e+02
4.810000000000000000e+02
4.613333333333333144e+02
4.720000000000000000e+02
5.600000000000000000e+02
5.480000000000000000e+02
5.600000000000000000e+02
5.360000000000000000e+02
6.640000000000000000e+02
6.786666666666666288e+02
4.910000000000000000e+02
5.520000000000000000e+02
5.530000000000000000e+02
5.380000000000000000e+02
5.480000000000000000e+02
5.480000000000000000e+02
6.030000000000000000e+02
4.760000000000000000e+02
6.820000000000000000e+02
6.170000000000000000e+02
6.220000000000000000e+02
6.066666666666666288e+02
6.040000000000000000e+02
5.360000000000000000e+02
5.890000000000000000e+02
5.920000000000000000e+02
6.040000000000000000e+02
5.960000000000000000e+02
5.990000000000000000e+02
5.866666666666666288e+02
5.900000000000000000e+02
6.020000000000000000e+02
6.360000000000000000e+02
5.570000000000000000e+02
5.740000000000000000e+02
5.660000000000000000e+02
5.720000000000000000e+02
5.960000000000000000e+02
5.930000000000000000e+02
5.580000000000000000e+02
6.893333333333333712e+02
5.440000000000000000e+02
5.430000000000000000e+02
5.880000000000000000e+02
6.000000000000000000e+02
5.986666666666666288e+02
6.240000000000000000e+02
5.780000000000000000e+02
6.080000000000000000e+02
6.000000000000000000e+02
5.660000000000000000e+02
5.973333333333333712e+02
5.810000000000000000e+02
5.970000000000000000e+02
5.946666666666666288e+02
5.973333333333333712e+02
