6.493333333333333712e+02
6.600000000000000000e+02
6.600000000000000000e+02
6.333333333333333712e+02
6.390000000000000000e+02
6.280000000000000000e+02
6.320000000000000000e+02
6.320000000000000000e+02
5.120000000000000000e+02
5.040000000000000000e+02
6.080000000000000000e+02
5.760000000000000000e+02
6.053333333333333712e+02
6.040000000000000000e+02
6.000000000000000000e+02
5.980000000000000000e+02
5.066666666666666856e+02
5.920000000000000000e+02
5.920000000000000000e+02
5.990000000000000000e+02
6.040000000000000000e+02
5.040000000000000000e+02
5.040000000000000000e+02
5.040000000000000000e+02
6.280000000000000000e+02
6.280000000000000000e+02
6.280000000000000000e+02
6.270000000000000000e+02
5.110000000000000000e+02
6.600000000000000000e+02
6.946666666666666288e+02
6.360000000000000000e+02
6.440000000000000000e+02
6.520000000000000000e+02
6.740000000000000000e+02
5.200000000000000000e+02
5.040000000000000000e+02
6.200000000000000000e+02
6.200000000000000000e+02
6.240000000000000000e+02
4.973333333333333144e+02
5.040000000000000000e+02
5.920000000000000000e+02
6.000000000000000000e+02
5.960000000000000000e+02
5.840000000000000000e+02
5.800000000000000000e+02
5.800000000000000000e+02
6.320000000000000000e+02
5.830000000000000000e+02
5.773333333333333712e+02
5.840000000000000000e+02
5.860000000000000000e+02
5.880000000000000000e+02
5.080000000000000000e+02
5.080000000000000000e+02
4.950000000000000000e+02
5.000000000000000000e+02
5.160000000000000000e+02
5.240000000000000000e+02
5.080000000000000000e+02
5.350000000000000000e+02
6.600000000000000000e+02
6.370000000000000000e+02
6.600000000000000000e+02
6.560000000000000000e+02
5.000000000000000000e+02
5.120000000000000000e+02
5.310000000000000000e+02
4.960000000000000000e+02
4.920000000000000000e+02
5.066666666666666856e+02
4.960000000000000000e+02
5.040000000000000000e+02
4.920000000000000000e+02
4.960000000000000000e+02
5.813333333333333712e+02
5.830000000000000000e+02
5.850000000000000000e+02
6.040000000000000000e+02
5.880000000000000000e+02
6.226666666666666288e+02
5.590000000000000000e+02
5.040000000000000000e+02
5.040000000000000000e+02
4.960000000000000000e+02
5.080000000000000000e+02
4.960000000000000000e+02
4.920000000000000000e+02
5.000000000000000000e+02
4.960000000000000000e+02
4.920000000000000000e+02
4.880000000000000000e+02
4.920000000000000000e+02
4.960000000000000000e+02
5.860000000000000000e+02
6.080000000000000000e+02
6.000000000000000000e+02
4.980000000000000000e+02
4.880000000000000000e+02
4.960000000000000000e+02
5.080000000000000000e+02
4.960000000000000000e+02
5.000000000000000000e+02
5.000000000000000000e+02
5.000000000000000000e+02
5.040000000000000000e+02
5.080000000000000000e+02
5.160000000000000000e+02
5.560000000000000000e+02
6.120000000000000000e+02
6.120000000000000000e+02
6.080000000000000000e+02
6.080000000000000000e+02
5.453333333333333712e+02
5.120000000000000000e+02
5.053333333333333144e+02
5.040000000000000000e+02
5.000000000000000000e+02
5.000000000000000000e+02
5.160000000000000000e+02
4.960000000000000000e+02
4.850000000000000000e+02
4.860000000000000000e+02
4.880000000000000000e+02
4.960000000000000000e+02
4.990000000000000000e+02
4.973333333333333144e+02
6.060000000000000000e+02
5.000000000000000000e+02
4.920000000000000000e+02
4.880000000000000000e+02
4.880000000000000000e+02
4.866666666666666856e+02
5.120000000000000000e+02
5.080000000000000000e+02
5.080000000000000000e+02
5.160000000000000000e+02
5.000000000000000000e+02
5.080000000000000000e+02
5.480000000000000000e+02
5.520000000000000000e+02
5.520000000000000000e+02
5.510000000000000000e+02
5.680000000000000000e+02
5.440000000000000000e+02
5.390000000000000000e+02
5.300000000000000000e+02
5.160000000000000000e+02
5.070000000000000000e+02
5.100000000000000000e+02
5.160000000000000000e+02
5.200000000000000000e+02
5.320000000000000000e+02
4.800000000000000000e+02
4.800000000000000000e+02
4.900000000000000000e+02
4.920000000000000000e+02
5.000000000000000000e+02
6.240000000000000000e+02
6.410000000000000000e+02
6.680000000000000000e+02
6.630000000000000000e+02
5.160000000000000000e+02
5.240000000000000000e+02
5.280000000000000000e+02
5.200000000000000000e+02
5.200000000000000000e+02
5.240000000000000000e+02
5.160000000000000000e+02
5.880000000000000000e+02
5.960000000000000000e+02
5.960000000000000000e+02
5.853333333333333712e+02
5.880000000000000000e+02
5.960000000000000000e+02
5.650000000000000000e+02
5.080000000000000000e+02
5.720000000000000000e+02
6.040000000000000000e+02
6.000000000000000000e+02
6.040000000000000000e+02
6.020000000000000000e+02
5.200000000000000000e+02
5.180000000000000000e+02
5.200000000000000000e+02
5.200000000000000000e+02
5.240000000000000000e+02
6.440000000000000000e+02
5.640000000000000000e+02
6.640000000000000000e+02
6.520000000000000000e+02
6.640000000000000000e+02
6.680000000000000000e+02
6.720000000000000000e+02
7.890000000000000000e+02
7.960000000000000000e+02
5.400000000000000000e+02
5.200000000000000000e+02
5.200000000000000000e+02
5.240000000000000000e+02
5.240000000000000000e+02
5.200000000000000000e+02
6.240000000000000000e+02
5.760000000000000000e+02
5.490000000000000000e+02
5.660000000000000000e+02
5.730000000000000000e+02
5.826666666666666288e+02
5.840000000000000000e+02
5.790000000000000000e+02
5.600000000000000000e+02
5.860000000000000000e+02
5.200000000000000000e+02
5.480000000000000000e+02
5.200000000000000000e+02
6.500000000000000000e+02
6.440000000000000000e+02
7.920000000000000000e+02
7.680000000000000000e+02
7.960000000000000000e+02
7.680000000000000000e+02
6.826666666666666288e+02
6.880000000000000000e+02
6.600000000000000000e+02
7.960000000000000000e+02
7.690000000000000000e+02
7.960000000000000000e+02
7.920000000000000000e+02
7.960000000000000000e+02
7.960000000000000000e+02
7.960000000000000000e+02
7.960000000000000000e+02
6.740000000000000000e+02
7.340000000000000000e+02
7.333333333333333712e+02
7.293333333333333712e+02
6.540000000000000000e+02
6.493333333333333712e+02
7.910000000000000000e+02
5.613333333333333712e+02
5.600000000000000000e+02
5.620000000000000000e+02
5.160000000000000000e+02
6.680000000000000000e+02
7.960000000000000000e+02
7.960000000000000000e+02
7.960000000000000000e+02
7.960000000000000000e+02
7.960000000000000000e+02
7.960000000000000000e+02
7.920000000000000000e+02
7.960000000000000000e+02
7.960000000000000000e+02
7.960000000000000000e+02
6.760000000000000000e+02
