7.360000000000000000e+02
7.410000000000000000e+02
7.450000000000000000e+02
7.546666666666666288e+02
4.880000000000000000e+02
6.910000000000000000e+02
4.880000000000000000e+02
6.950000000000000000e+02
6.950000000000000000e+02
6.973333333333333712e+02
6.860000000000000000e+02
7.413333333333333712e+02
7.520000000000000000e+02
7.440000000000000000e+02
7.560000000000000000e+02
5.920000000000000000e+02
7.600000000000000000e+02
7.600000000000000000e+02
5.453333333333333712e+02
7.680000000000000000e+02
7.613333333333333712e+02
5.240000000000000000e+02
7.450000000000000000e+02
7.490000000000000000e+02
7.493333333333333712e+02
7.480000000000000000e+02
7.480000000000000000e+02
7.400000000000000000e+02
7.410000000000000000e+02
7.350000000000000000e+02
6.826666666666666288e+02
4.880000000000000000e+02
7.470000000000000000e+02
7.440000000000000000e+02
7.520000000000000000e+02
7.460000000000000000e+02
7.520000000000000000e+02
4.820000000000000000e+02
4.720000000000000000e+02
4.720000000000000000e+02
4.760000000000000000e+02
4.860000000000000000e+02
5.220000000000000000e+02
7.520000000000000000e+02
7.560000000000000000e+02
5.280000000000000000e+02
7.600000000000000000e+02
7.640000000000000000e+02
7.600000000000000000e+02
7.560000000000000000e+02
7.600000000000000000e+02
7.600000000000000000e+02
7.600000000000000000e+02
7.520000000000000000e+02
4.800000000000000000e+02
4.800000000000000000e+02
4.790000000000000000e+02
5.360000000000000000e+02
7.013333333333333712e+02
6.910000000000000000e+02
4.760000000000000000e+02
4.710000000000000000e+02
7.580000000000000000e+02
7.000000000000000000e+02
6.933333333333333712e+02
7.026666666666666288e+02
4.760000000000000000e+02
7.100000000000000000e+02
4.950000000000000000e+02
5.480000000000000000e+02
5.480000000000000000e+02
7.546666666666666288e+02
5.480000000000000000e+02
5.333333333333333712e+02
5.720000000000000000e+02
7.620000000000000000e+02
5.680000000000000000e+02
7.560000000000000000e+02
7.560000000000000000e+02
7.560000000000000000e+02
7.520000000000000000e+02
7.520000000000000000e+02
7.520000000000000000e+02
7.560000000000000000e+02
5.720000000000000000e+02
5.600000000000000000e+02
5.530000000000000000e+02
5.520000000000000000e+02
5.400000000000000000e+02
5.280000000000000000e+02
5.180000000000000000e+02
5.200000000000000000e+02
5.200000000000000000e+02
7.530000000000000000e+02
7.450000000000000000e+02
4.946666666666666856e+02
5.333333333333333712e+02
5.380000000000000000e+02
4.980000000000000000e+02
5.000000000000000000e+02
5.000000000000000000e+02
5.560000000000000000e+02
5.060000000000000000e+02
5.200000000000000000e+02
5.640000000000000000e+02
5.570000000000000000e+02
5.560000000000000000e+02
5.640000000000000000e+02
5.680000000000000000e+02
7.560000000000000000e+02
7.520000000000000000e+02
7.840000000000000000e+02
7.660000000000000000e+02
7.600000000000000000e+02
7.520000000000000000e+02
5.680000000000000000e+02
5.600000000000000000e+02
5.680000000000000000e+02
5.560000000000000000e+02
5.560000000000000000e+02
4.933333333333333144e+02
5.040000000000000000e+02
5.240000000000000000e+02
5.133333333333333712e+02
5.040000000000000000e+02
5.660000000000000000e+02
4.630000000000000000e+02
4.970000000000000000e+02
6.840000000000000000e+02
7.530000000000000000e+02
5.640000000000000000e+02
5.040000000000000000e+02
5.000000000000000000e+02
5.320000000000000000e+02
5.120000000000000000e+02
4.480000000000000000e+02
4.440000000000000000e+02
4.440000000000000000e+02
4.440000000000000000e+02
4.400000000000000000e+02
5.630000000000000000e+02
4.520000000000000000e+02
7.740000000000000000e+02
7.400000000000000000e+02
4.380000000000000000e+02
4.413333333333333144e+02
4.430000000000000000e+02
4.466666666666666856e+02
4.440000000000000000e+02
4.480000000000000000e+02
4.440000000000000000e+02
4.400000000000000000e+02
4.400000000000000000e+02
4.440000000000000000e+02
5.080000000000000000e+02
4.960000000000000000e+02
5.640000000000000000e+02
5.600000000000000000e+02
4.640000000000000000e+02
4.560000000000000000e+02
4.640000000000000000e+02
4.826666666666666856e+02
4.760000000000000000e+02
4.840000000000000000e+02
4.370000000000000000e+02
4.493333333333333144e+02
4.360000000000000000e+02
4.320000000000000000e+02
4.280000000000000000e+02
4.160000000000000000e+02
4.440000000000000000e+02
4.400000000000000000e+02
4.360000000000000000e+02
4.250000000000000000e+02
4.200000000000000000e+02
5.360000000000000000e+02
4.160000000000000000e+02
4.140000000000000000e+02
4.200000000000000000e+02
4.200000000000000000e+02
4.160000000000000000e+02
4.400000000000000000e+02
4.360000000000000000e+02
4.240000000000000000e+02
4.360000000000000000e+02
4.360000000000000000e+02
4.400000000000000000e+02
4.680000000000000000e+02
5.280000000000000000e+02
5.240000000000000000e+02
5.160000000000000000e+02
5.330000000000000000e+02
4.960000000000000000e+02
4.960000000000000000e+02
5.280000000000000000e+02
5.280000000000000000e+02
4.720000000000000000e+02
4.680000000000000000e+02
4.320000000000000000e+02
4.320000000000000000e+02
4.280000000000000000e+02
4.280000000000000000e+02
4.440000000000000000e+02
4.240000000000000000e+02
4.080000000000000000e+02
4.160000000000000000e+02
4.120000000000000000e+02
4.160000000000000000e+02
4.200000000000000000e+02
4.200000000000000000e+02
4.160000000000000000e+02
4.160000000000000000e+02
4.040000000000000000e+02
4.400000000000000000e+02
4.360000000000000000e+02
4.360000000000000000e+02
4.360000000000000000e+02
4.290000000000000000e+02
4.386666666666666856e+02
4.760000000000000000e+02
5.320000000000000000e+02
4.920000000000000000e+02
4.800000000000000000e+02
5.050000000000000000e+02
5.306666666666666288e+02
5.040000000000000000e+02
4.920000000000000000e+02
4.520000000000000000e+02
5.040000000000000000e+02
5.000000000000000000e+02
4.986666666666666856e+02
4.440000000000000000e+02
4.420000000000000000e+02
4.440000000000000000e+02
4.440000000000000000e+02
4.480000000000000000e+02
4.240000000000000000e+02
4.093333333333333144e+02
4.120000000000000000e+02
4.090000000000000000e+02
4.250000000000000000e+02
4.400000000000000000e+02
4.260000000000000000e+02
4.480000000000000000e+02
4.480000000000000000e+02
4.400000000000000000e+02
4.440000000000000000e+02
4.400000000000000000e+02
4.640000000000000000e+02
5.100000000000000000e+02
5.000000000000000000e+02
5.260000000000000000e+02
5.260000000000000000e+02
4.760000000000000000e+02
6.890000000000000000e+02
7.470000000000000000e+02
4.760000000000000000e+02
4.880000000000000000e+02
4.830000000000000000e+02
5.133333333333333712e+02
5.320000000000000000e+02
4.850000000000000000e+02
5.090000000000000000e+02
5.160000000000000000e+02
4.400000000000000000e+02
5.190000000000000000e+02
5.760000000000000000e+02
5.710000000000000000e+02
5.573333333333333712e+02
7.413333333333333712e+02
7.400000000000000000e+02
7.480000000000000000e+02
7.480000000000000000e+02
7.480000000000000000e+02
7.360000000000000000e+02
5.680000000000000000e+02
5.720000000000000000e+02
5.760000000000000000e+02
5.160000000000000000e+02
5.160000000000000000e+02
5.200000000000000000e+02
5.160000000000000000e+02
5.120000000000000000e+02
4.760000000000000000e+02
4.990000000000000000e+02
7.560000000000000000e+02
5.080000000000000000e+02
7.260000000000000000e+02
5.260000000000000000e+02
4.950000000000000000e+02
7.100000000000000000e+02
4.770000000000000000e+02
5.000000000000000000e+02
7.573333333333333712e+02
4.760000000000000000e+02
5.120000000000000000e+02
5.280000000000000000e+02
7.560000000000000000e+02
5.586666666666666288e+02
5.660000000000000000e+02
7.450000000000000000e+02
7.240000000000000000e+02
7.400000000000000000e+02
7.400000000000000000e+02
7.440000000000000000e+02
7.880000000000000000e+02
7.546666666666666288e+02
7.440000000000000000e+02
4.920000000000000000e+02
7.500000000000000000e+02
4.893333333333333144e+02
7.520000000000000000e+02
7.466666666666666288e+02
7.140000000000000000e+02
4.880000000000000000e+02
5.333333333333333712e+02
5.360000000000000000e+02
5.480000000000000000e+02
5.440000000000000000e+02
7.170000000000000000e+02
5.360000000000000000e+02
5.200000000000000000e+02
5.360000000000000000e+02
5.710000000000000000e+02
7.480000000000000000e+02
4.870000000000000000e+02
4.750000000000000000e+02
4.386666666666666856e+02
7.573333333333333712e+02
5.426666666666666288e+02
5.380000000000000000e+02
7.586666666666666288e+02
7.520000000000000000e+02
7.560000000000000000e+02
7.590000000000000000e+02
7.520000000000000000e+02
