6.400000000000000000e+02
6.640000000000000000e+02
6.600000000000000000e+02
6.370000000000000000e+02
7.680000000000000000e+02
6.330000000000000000e+02
6.320000000000000000e+02
6.320000000000000000e+02
6.340000000000000000e+02
5.040000000000000000e+02
6.080000000000000000e+02
5.760000000000000000e+02
5.960000000000000000e+02
6.060000000000000000e+02
5.930000000000000000e+02
5.950000000000000000e+02
5.066666666666666856e+02
5.870000000000000000e+02
5.960000000000000000e+02
6.000000000000000000e+02
6.040000000000000000e+02
6.186666666666666288e+02
5.040000000000000000e+02
5.040000000000000000e+02
6.280000000000000000e+02
6.250000000000000000e+02
6.240000000000000000e+02
6.280000000000000000e+02
5.250000000000000000e+02
5.320000000000000000e+02
6.860000000000000000e+02
6.400000000000000000e+02
6.380000000000000000e+02
6.920000000000000000e+02
5.160000000000000000e+02
5.200000000000000000e+02
5.160000000000000000e+02
6.213333333333333712e+02
6.200000000000000000e+02
6.200000000000000000e+02
4.920000000000000000e+02
5.000000000000000000e+02
5.120000000000000000e+02
5.960000000000000000e+02
6.000000000000000000e+02
5.920000000000000000e+02
5.760000000000000000e+02
6.310000000000000000e+02
6.320000000000000000e+02
5.830000000000000000e+02
5.800000000000000000e+02
5.800000000000000000e+02
5.000000000000000000e+02
5.013333333333333144e+02
5.120000000000000000e+02
5.106666666666666856e+02
4.950000000000000000e+02
4.920000000000000000e+02
5.160000000000000000e+02
5.280000000000000000e+02
5.080000000000000000e+02
5.150000000000000000e+02
6.520000000000000000e+02
6.560000000000000000e+02
6.626666666666666288e+02
6.560000000000000000e+02
5.000000000000000000e+02
5.080000000000000000e+02
5.310000000000000000e+02
5.146666666666666288e+02
5.200000000000000000e+02
4.960000000000000000e+02
5.000000000000000000e+02
5.000000000000000000e+02
4.920000000000000000e+02
4.920000000000000000e+02
5.760000000000000000e+02
5.830000000000000000e+02
6.080000000000000000e+02
5.780000000000000000e+02
5.786666666666666288e+02
6.240000000000000000e+02
5.260000000000000000e+02
5.040000000000000000e+02
5.120000000000000000e+02
5.000000000000000000e+02
5.080000000000000000e+02
4.960000000000000000e+02
4.960000000000000000e+02
4.960000000000000000e+02
4.960000000000000000e+02
4.960000000000000000e+02
4.920000000000000000e+02
4.880000000000000000e+02
5.000000000000000000e+02
6.110000000000000000e+02
6.080000000000000000e+02
5.000000000000000000e+02
4.960000000000000000e+02
4.920000000000000000e+02
4.960000000000000000e+02
5.040000000000000000e+02
4.960000000000000000e+02
5.000000000000000000e+02
5.000000000000000000e+02
5.000000000000000000e+02
5.000000000000000000e+02
5.080000000000000000e+02
5.200000000000000000e+02
5.560000000000000000e+02
6.160000000000000000e+02
6.120000000000000000e+02
5.400000000000000000e+02
6.120000000000000000e+02
5.440000000000000000e+02
5.120000000000000000e+02
5.040000000000000000e+02
5.000000000000000000e+02
5.000000000000000000e+02
5.000000000000000000e+02
5.120000000000000000e+02
4.960000000000000000e+02
4.890000000000000000e+02
4.740000000000000000e+02
4.880000000000000000e+02
4.960000000000000000e+02
4.990000000000000000e+02
5.000000000000000000e+02
4.960000000000000000e+02
5.000000000000000000e+02
4.960000000000000000e+02
4.880000000000000000e+02
4.880000000000000000e+02
4.920000000000000000e+02
4.960000000000000000e+02
5.040000000000000000e+02
5.080000000000000000e+02
5.160000000000000000e+02
4.960000000000000000e+02
5.120000000000000000e+02
5.093333333333333144e+02
5.520000000000000000e+02
5.480000000000000000e+02
5.520000000000000000e+02
5.600000000000000000e+02
5.880000000000000000e+02
5.320000000000000000e+02
5.300000000000000000e+02
5.040000000000000000e+02
5.070000000000000000e+02
5.160000000000000000e+02
5.200000000000000000e+02
5.280000000000000000e+02
5.280000000000000000e+02
4.800000000000000000e+02
4.790000000000000000e+02
5.373333333333333712e+02
4.920000000000000000e+02
4.960000000000000000e+02
6.240000000000000000e+02
6.440000000000000000e+02
6.720000000000000000e+02
6.690000000000000000e+02
5.160000000000000000e+02
5.080000000000000000e+02
5.280000000000000000e+02
5.240000000000000000e+02
5.240000000000000000e+02
5.200000000000000000e+02
5.160000000000000000e+02
5.960000000000000000e+02
5.960000000000000000e+02
5.960000000000000000e+02
5.840000000000000000e+02
6.090000000000000000e+02
5.880000000000000000e+02
5.820000000000000000e+02
5.920000000000000000e+02
5.770000000000000000e+02
6.040000000000000000e+02
6.000000000000000000e+02
6.040000000000000000e+02
5.160000000000000000e+02
5.280000000000000000e+02
5.240000000000000000e+02
5.213333333333333712e+02
5.280000000000000000e+02
5.173333333333333712e+02
5.333333333333333712e+02
5.610000000000000000e+02
6.640000000000000000e+02
6.530000000000000000e+02
6.560000000000000000e+02
6.640000000000000000e+02
7.960000000000000000e+02
7.853333333333333712e+02
7.960000000000000000e+02
5.400000000000000000e+02
5.200000000000000000e+02
5.190000000000000000e+02
5.200000000000000000e+02
5.240000000000000000e+02
5.200000000000000000e+02
6.240000000000000000e+02
5.720000000000000000e+02
6.200000000000000000e+02
5.660000000000000000e+02
5.830000000000000000e+02
5.970000000000000000e+02
5.626666666666666288e+02
5.800000000000000000e+02
5.773333333333333712e+02
5.860000000000000000e+02
5.173333333333333712e+02
5.190000000000000000e+02
5.200000000000000000e+02
6.500000000000000000e+02
6.453333333333333712e+02
7.786666666666666288e+02
7.960000000000000000e+02
7.720000000000000000e+02
7.680000000000000000e+02
6.840000000000000000e+02
6.840000000000000000e+02
6.600000000000000000e+02
7.960000000000000000e+02
7.730000000000000000e+02
7.960000000000000000e+02
7.960000000000000000e+02
7.960000000000000000e+02
7.960000000000000000e+02
7.960000000000000000e+02
7.960000000000000000e+02
6.653333333333333712e+02
7.960000000000000000e+02
5.933333333333333712e+02
7.950000000000000000e+02
6.540000000000000000e+02
7.880000000000000000e+02
7.940000000000000000e+02
6.640000000000000000e+02
6.426666666666666288e+02
5.680000000000000000e+02
5.120000000000000000e+02
6.786666666666666288e+02
6.480000000000000000e+02
7.450000000000000000e+02
7.960000000000000000e+02
7.960000000000000000e+02
7.960000000000000000e+02
7.960000000000000000e+02
7.960000000000000000e+02
7.960000000000000000e+02
7.960000000000000000e+02
7.960000000000000000e+02
6.710000000000000000e+02
