5.370000000000000000e+02
5.280000000000000000e+02
5.130000000000000000e+02
5.030000000000000000e+02
5.170000000000000000e+02
4.653333333333333144e+02
3.670000000000000000e+02
6.920000000000000000e+02
3.400000000000000000e+02
7.260000000000000000e+02
3.640000000000000000e+02
3.460000000000000000e+02
3.370000000000000000e+02
4.386666666666666856e+02
4.210000000000000000e+02
4.530000000000000000e+02
3.580000000000000000e+02
4.400000000000000000e+02
4.360000000000000000e+02
4.426666666666666856e+02
3.586666666666666856e+02
3.400000000000000000e+02
3.470000000000000000e+02
3.750000000000000000e+02
3.693333333333333144e+02
3.760000000000000000e+02
6.160000000000000000e+02
5.266666666666666288e+02
5.160000000000000000e+02
4.160000000000000000e+02
5.210000000000000000e+02
5.200000000000000000e+02
5.140000000000000000e+02
5.540000000000000000e+02
5.280000000000000000e+02
5.520000000000000000e+02
5.453333333333333712e+02
4.213333333333333144e+02
3.613333333333333144e+02
3.693333333333333144e+02
5.040000000000000000e+02
3.440000000000000000e+02
3.410000000000000000e+02
3.460000000000000000e+02
4.520000000000000000e+02
4.150000000000000000e+02
4.180000000000000000e+02
3.740000000000000000e+02
3.680000000000000000e+02
3.680000000000000000e+02
3.453333333333333144e+02
3.510000000000000000e+02
3.480000000000000000e+02
3.600000000000000000e+02
3.550000000000000000e+02
3.740000000000000000e+02
3.670000000000000000e+02
4.560000000000000000e+02
4.800000000000000000e+02
3.990000000000000000e+02
5.450000000000000000e+02
5.600000000000000000e+02
5.280000000000000000e+02
5.320000000000000000e+02
5.590000000000000000e+02
5.400000000000000000e+02
5.470000000000000000e+02
5.600000000000000000e+02
3.906666666666666856e+02
3.920000000000000000e+02
3.850000000000000000e+02
3.510000000000000000e+02
3.680000000000000000e+02
3.640000000000000000e+02
3.560000000000000000e+02
3.530000000000000000e+02
3.340000000000000000e+02
3.573333333333333144e+02
3.813333333333333144e+02
3.840000000000000000e+02
3.813333333333333144e+02
3.640000000000000000e+02
3.500000000000000000e+02
3.480000000000000000e+02
3.530000000000000000e+02
3.546666666666666856e+02
3.520000000000000000e+02
3.500000000000000000e+02
3.400000000000000000e+02
3.470000000000000000e+02
3.670000000000000000e+02
3.640000000000000000e+02
3.613333333333333144e+02
4.106666666666666856e+02
4.013333333333333144e+02
5.000000000000000000e+02
5.130000000000000000e+02
4.990000000000000000e+02
4.770000000000000000e+02
3.790000000000000000e+02
3.346666666666666856e+02
3.640000000000000000e+02
3.600000000000000000e+02
3.480000000000000000e+02
3.890000000000000000e+02
3.800000000000000000e+02
3.790000000000000000e+02
3.640000000000000000e+02
3.640000000000000000e+02
3.550000000000000000e+02
3.640000000000000000e+02
3.666666666666666856e+02
3.626666666666666856e+02
3.640000000000000000e+02
3.390000000000000000e+02
3.510000000000000000e+02
3.540000000000000000e+02
3.870000000000000000e+02
3.840000000000000000e+02
3.866666666666666856e+02
3.930000000000000000e+02
3.360000000000000000e+02
3.680000000000000000e+02
3.380000000000000000e+02
3.546666666666666856e+02
3.820000000000000000e+02
5.050000000000000000e+02
4.700000000000000000e+02
4.860000000000000000e+02
5.150000000000000000e+02
3.866666666666666856e+02
3.853333333333333144e+02
3.650000000000000000e+02
3.740000000000000000e+02
3.870000000000000000e+02
3.440000000000000000e+02
3.840000000000000000e+02
3.840000000000000000e+02
3.800000000000000000e+02
3.680000000000000000e+02
3.630000000000000000e+02
4.920000000000000000e+02
3.740000000000000000e+02
3.720000000000000000e+02
4.280000000000000000e+02
4.410000000000000000e+02
3.660000000000000000e+02
3.680000000000000000e+02
3.773333333333333144e+02
3.790000000000000000e+02
3.980000000000000000e+02
3.880000000000000000e+02
3.880000000000000000e+02
3.840000000000000000e+02
3.840000000000000000e+02
3.900000000000000000e+02
4.293333333333333144e+02
3.960000000000000000e+02
5.240000000000000000e+02
5.010000000000000000e+02
5.620000000000000000e+02
5.066666666666666856e+02
5.490000000000000000e+02
4.013333333333333144e+02
4.020000000000000000e+02
3.920000000000000000e+02
4.110000000000000000e+02
3.880000000000000000e+02
4.430000000000000000e+02
4.026666666666666856e+02
4.000000000000000000e+02
3.880000000000000000e+02
3.770000000000000000e+02
3.960000000000000000e+02
3.910000000000000000e+02
4.610000000000000000e+02
4.440000000000000000e+02
4.560000000000000000e+02
4.640000000000000000e+02
4.050000000000000000e+02
3.880000000000000000e+02
3.880000000000000000e+02
5.080000000000000000e+02
5.100000000000000000e+02
4.250000000000000000e+02
5.053333333333333144e+02
4.586666666666666856e+02
6.040000000000000000e+02
4.180000000000000000e+02
5.920000000000000000e+02
5.413333333333333712e+02
5.306666666666666288e+02
5.850000000000000000e+02
5.400000000000000000e+02
5.870000000000000000e+02
5.430000000000000000e+02
4.910000000000000000e+02
6.346666666666666288e+02
7.600000000000000000e+02
7.960000000000000000e+02
5.120000000000000000e+02
5.140000000000000000e+02
4.780000000000000000e+02
4.740000000000000000e+02
4.810000000000000000e+02
4.440000000000000000e+02
4.586666666666666856e+02
4.640000000000000000e+02
4.560000000000000000e+02
7.866666666666666288e+02
6.890000000000000000e+02
5.360000000000000000e+02
2.720000000000000000e+02
5.120000000000000000e+02
5.170000000000000000e+02
5.000000000000000000e+02
5.030000000000000000e+02
7.690000000000000000e+02
6.093333333333333712e+02
6.133333333333333712e+02
6.120000000000000000e+02
5.973333333333333712e+02
5.970000000000000000e+02
5.740000000000000000e+02
5.580000000000000000e+02
5.600000000000000000e+02
5.880000000000000000e+02
6.000000000000000000e+02
6.400000000000000000e+02
5.453333333333333712e+02
5.740000000000000000e+02
5.173333333333333712e+02
5.280000000000000000e+02
4.980000000000000000e+02
5.000000000000000000e+02
7.800000000000000000e+02
7.150000000000000000e+02
7.290000000000000000e+02
6.160000000000000000e+02
7.760000000000000000e+02
7.613333333333333712e+02
7.530000000000000000e+02
5.190000000000000000e+02
7.680000000000000000e+02
6.960000000000000000e+02
6.880000000000000000e+02
6.320000000000000000e+02
5.500000000000000000e+02
5.266666666666666288e+02
5.430000000000000000e+02
7.090000000000000000e+02
5.950000000000000000e+02
5.333333333333333712e+02
6.230000000000000000e+02
5.850000000000000000e+02
5.706666666666666288e+02
