5.100000000000000000e+02
4.720000000000000000e+02
5.130000000000000000e+02
5.170000000000000000e+02
5.270000000000000000e+02
5.210000000000000000e+02
3.960000000000000000e+02
5.320000000000000000e+02
3.400000000000000000e+02
7.030000000000000000e+02
3.450000000000000000e+02
3.450000000000000000e+02
3.370000000000000000e+02
4.510000000000000000e+02
4.410000000000000000e+02
4.530000000000000000e+02
3.680000000000000000e+02
4.440000000000000000e+02
4.373333333333333144e+02
4.360000000000000000e+02
3.610000000000000000e+02
3.590000000000000000e+02
3.380000000000000000e+02
3.510000000000000000e+02
3.790000000000000000e+02
5.470000000000000000e+02
5.360000000000000000e+02
4.580000000000000000e+02
5.493333333333333712e+02
4.160000000000000000e+02
5.410000000000000000e+02
5.200000000000000000e+02
5.140000000000000000e+02
5.480000000000000000e+02
5.220000000000000000e+02
5.500000000000000000e+02
5.370000000000000000e+02
3.920000000000000000e+02
3.613333333333333144e+02
3.590000000000000000e+02
5.040000000000000000e+02
3.180000000000000000e+02
3.740000000000000000e+02
3.440000000000000000e+02
4.480000000000000000e+02
4.290000000000000000e+02
4.180000000000000000e+02
3.820000000000000000e+02
3.660000000000000000e+02
3.680000000000000000e+02
3.453333333333333144e+02
3.510000000000000000e+02
3.500000000000000000e+02
3.600000000000000000e+02
3.550000000000000000e+02
3.210000000000000000e+02
7.653333333333333712e+02
5.520000000000000000e+02
4.800000000000000000e+02
4.586666666666666856e+02
5.050000000000000000e+02
5.386666666666666288e+02
5.230000000000000000e+02
5.350000000000000000e+02
5.590000000000000000e+02
5.440000000000000000e+02
5.470000000000000000e+02
4.820000000000000000e+02
3.660000000000000000e+02
3.973333333333333144e+02
3.920000000000000000e+02
3.510000000000000000e+02
3.680000000000000000e+02
3.510000000000000000e+02
3.580000000000000000e+02
3.530000000000000000e+02
3.470000000000000000e+02
3.480000000000000000e+02
3.920000000000000000e+02
3.840000000000000000e+02
3.800000000000000000e+02
3.620000000000000000e+02
3.550000000000000000e+02
3.480000000000000000e+02
3.550000000000000000e+02
3.520000000000000000e+02
3.520000000000000000e+02
3.520000000000000000e+02
3.440000000000000000e+02
3.480000000000000000e+02
3.650000000000000000e+02
3.680000000000000000e+02
3.613333333333333144e+02
4.106666666666666856e+02
4.013333333333333144e+02
5.120000000000000000e+02
4.990000000000000000e+02
4.293333333333333144e+02
4.733333333333333144e+02
3.680000000000000000e+02
3.680000000000000000e+02
3.650000000000000000e+02
3.430000000000000000e+02
3.450000000000000000e+02
3.426666666666666856e+02
3.840000000000000000e+02
3.950000000000000000e+02
3.640000000000000000e+02
3.620000000000000000e+02
3.550000000000000000e+02
3.640000000000000000e+02
3.640000000000000000e+02
3.626666666666666856e+02
3.613333333333333144e+02
3.390000000000000000e+02
3.540000000000000000e+02
3.520000000000000000e+02
3.746666666666666856e+02
3.840000000000000000e+02
3.866666666666666856e+02
3.930000000000000000e+02
3.360000000000000000e+02
3.680000000000000000e+02
4.060000000000000000e+02
3.546666666666666856e+02
3.430000000000000000e+02
5.173333333333333712e+02
5.090000000000000000e+02
4.860000000000000000e+02
5.160000000000000000e+02
3.880000000000000000e+02
3.853333333333333144e+02
3.400000000000000000e+02
3.720000000000000000e+02
3.840000000000000000e+02
3.440000000000000000e+02
3.840000000000000000e+02
3.880000000000000000e+02
3.706666666666666856e+02
3.680000000000000000e+02
3.640000000000000000e+02
3.620000000000000000e+02
3.740000000000000000e+02
4.706666666666666856e+02
4.386666666666666856e+02
3.746666666666666856e+02
3.860000000000000000e+02
3.640000000000000000e+02
3.760000000000000000e+02
4.050000000000000000e+02
3.970000000000000000e+02
3.880000000000000000e+02
3.900000000000000000e+02
3.880000000000000000e+02
3.840000000000000000e+02
3.880000000000000000e+02
3.840000000000000000e+02
5.510000000000000000e+02
5.130000000000000000e+02
5.180000000000000000e+02
4.733333333333333144e+02
5.680000000000000000e+02
5.160000000000000000e+02
6.040000000000000000e+02
4.010000000000000000e+02
3.920000000000000000e+02
3.880000000000000000e+02
3.880000000000000000e+02
3.840000000000000000e+02
3.960000000000000000e+02
4.000000000000000000e+02
3.880000000000000000e+02
4.093333333333333144e+02
3.950000000000000000e+02
4.120000000000000000e+02
4.610000000000000000e+02
4.546666666666666856e+02
4.560000000000000000e+02
4.760000000000000000e+02
4.690000000000000000e+02
3.920000000000000000e+02
3.880000000000000000e+02
5.040000000000000000e+02
4.480000000000000000e+02
4.866666666666666856e+02
5.060000000000000000e+02
5.820000000000000000e+02
6.040000000000000000e+02
6.020000000000000000e+02
5.920000000000000000e+02
5.760000000000000000e+02
5.800000000000000000e+02
5.853333333333333712e+02
6.120000000000000000e+02
5.860000000000000000e+02
4.960000000000000000e+02
6.140000000000000000e+02
7.960000000000000000e+02
5.900000000000000000e+02
4.800000000000000000e+02
5.120000000000000000e+02
5.186666666666666288e+02
5.093333333333333144e+02
4.740000000000000000e+02
4.590000000000000000e+02
4.450000000000000000e+02
4.530000000000000000e+02
4.560000000000000000e+02
5.706666666666666288e+02
7.866666666666666288e+02
4.270000000000000000e+02
4.906666666666666856e+02
4.773333333333333144e+02
5.120000000000000000e+02
5.120000000000000000e+02
5.020000000000000000e+02
5.293333333333333712e+02
5.460000000000000000e+02
5.920000000000000000e+02
5.826666666666666288e+02
6.026666666666666288e+02
5.973333333333333712e+02
6.010000000000000000e+02
5.940000000000000000e+02
5.870000000000000000e+02
6.000000000000000000e+02
5.720000000000000000e+02
4.733333333333333144e+02
6.810000000000000000e+02
7.610000000000000000e+02
5.640000000000000000e+02
5.173333333333333712e+02
5.280000000000000000e+02
6.840000000000000000e+02
5.000000000000000000e+02
4.740000000000000000e+02
7.730000000000000000e+02
7.000000000000000000e+02
6.160000000000000000e+02
7.140000000000000000e+02
6.320000000000000000e+02
7.000000000000000000e+02
5.190000000000000000e+02
7.560000000000000000e+02
6.880000000000000000e+02
7.560000000000000000e+02
6.980000000000000000e+02
7.560000000000000000e+02
7.140000000000000000e+02
5.370000000000000000e+02
6.040000000000000000e+02
5.813333333333333712e+02
5.333333333333333712e+02
6.280000000000000000e+02
6.210000000000000000e+02
6.180000000000000000e+02
