6.400000000000000000e+02
6.600000000000000000e+02
6.600000000000000000e+02
6.450000000000000000e+02
6.280000000000000000e+02
6.280000000000000000e+02
6.320000000000000000e+02
6.320000000000000000e+02
6.340000000000000000e+02
5.080000000000000000e+02
6.080000000000000000e+02
5.760000000000000000e+02
5.960000000000000000e+02
6.060000000000000000e+02
6.000000000000000000e+02
5.980000000000000000e+02
6.160000000000000000e+02
5.770000000000000000e+02
5.960000000000000000e+02
6.000000000000000000e+02
6.040000000000000000e+02
5.040000000000000000e+02
5.080000000000000000e+02
5.040000000000000000e+02
6.240000000000000000e+02
6.250000000000000000e+02
6.240000000000000000e+02
6.280000000000000000e+02
5.120000000000000000e+02
5.320000000000000000e+02
6.360000000000000000e+02
6.360000000000000000e+02
6.380000000000000000e+02
6.440000000000000000e+02
6.400000000000000000e+02
5.160000000000000000e+02
5.160000000000000000e+02
5.013333333333333144e+02
6.200000000000000000e+02
6.240000000000000000e+02
4.920000000000000000e+02
5.160000000000000000e+02
5.920000000000000000e+02
6.000000000000000000e+02
5.960000000000000000e+02
5.840000000000000000e+02
5.800000000000000000e+02
5.800000000000000000e+02
5.800000000000000000e+02
5.830000000000000000e+02
5.770000000000000000e+02
5.910000000000000000e+02
5.000000000000000000e+02
5.013333333333333144e+02
5.080000000000000000e+02
5.080000000000000000e+02
4.813333333333333144e+02
5.000000000000000000e+02
5.160000000000000000e+02
5.280000000000000000e+02
5.080000000000000000e+02
5.133333333333333712e+02
6.600000000000000000e+02
6.560000000000000000e+02
6.413333333333333712e+02
6.600000000000000000e+02
5.000000000000000000e+02
5.040000000000000000e+02
5.280000000000000000e+02
4.960000000000000000e+02
4.920000000000000000e+02
5.040000000000000000e+02
5.000000000000000000e+02
5.000000000000000000e+02
4.920000000000000000e+02
4.920000000000000000e+02
5.800000000000000000e+02
5.830000000000000000e+02
5.850000000000000000e+02
5.906666666666666288e+02
5.773333333333333712e+02
6.226666666666666288e+02
5.600000000000000000e+02
5.000000000000000000e+02
5.120000000000000000e+02
5.000000000000000000e+02
5.080000000000000000e+02
4.960000000000000000e+02
4.920000000000000000e+02
5.000000000000000000e+02
4.960000000000000000e+02
4.920000000000000000e+02
4.880000000000000000e+02
4.880000000000000000e+02
5.000000000000000000e+02
6.090000000000000000e+02
6.100000000000000000e+02
6.106666666666666288e+02
4.980000000000000000e+02
4.880000000000000000e+02
4.960000000000000000e+02
5.040000000000000000e+02
4.960000000000000000e+02
5.000000000000000000e+02
5.000000000000000000e+02
5.000000000000000000e+02
5.000000000000000000e+02
5.080000000000000000e+02
5.160000000000000000e+02
5.560000000000000000e+02
6.120000000000000000e+02
6.080000000000000000e+02
5.400000000000000000e+02
6.120000000000000000e+02
5.426666666666666288e+02
5.060000000000000000e+02
5.053333333333333144e+02
5.040000000000000000e+02
5.000000000000000000e+02
5.000000000000000000e+02
5.160000000000000000e+02
4.960000000000000000e+02
4.880000000000000000e+02
4.840000000000000000e+02
4.880000000000000000e+02
4.960000000000000000e+02
4.990000000000000000e+02
5.000000000000000000e+02
4.960000000000000000e+02
5.000000000000000000e+02
4.960000000000000000e+02
4.880000000000000000e+02
4.880000000000000000e+02
4.880000000000000000e+02
5.120000000000000000e+02
5.050000000000000000e+02
5.080000000000000000e+02
5.160000000000000000e+02
5.000000000000000000e+02
5.080000000000000000e+02
5.093333333333333144e+02
5.546666666666666288e+02
5.480000000000000000e+02
5.510000000000000000e+02
5.680000000000000000e+02
5.880000000000000000e+02
5.320000000000000000e+02
5.320000000000000000e+02
5.040000000000000000e+02
5.070000000000000000e+02
5.130000000000000000e+02
5.200000000000000000e+02
5.280000000000000000e+02
5.280000000000000000e+02
4.800000000000000000e+02
4.960000000000000000e+02
4.946666666666666856e+02
4.920000000000000000e+02
4.960000000000000000e+02
5.040000000000000000e+02
6.440000000000000000e+02
6.470000000000000000e+02
6.630000000000000000e+02
5.170000000000000000e+02
5.160000000000000000e+02
5.280000000000000000e+02
5.200000000000000000e+02
5.200000000000000000e+02
5.280000000000000000e+02
5.200000000000000000e+02
5.093333333333333144e+02
6.040000000000000000e+02
6.000000000000000000e+02
5.880000000000000000e+02
5.000000000000000000e+02
5.920000000000000000e+02
5.840000000000000000e+02
5.920000000000000000e+02
5.770000000000000000e+02
5.866666666666666288e+02
6.010000000000000000e+02
6.040000000000000000e+02
6.020000000000000000e+02
5.240000000000000000e+02
5.180000000000000000e+02
5.200000000000000000e+02
5.200000000000000000e+02
5.280000000000000000e+02
5.500000000000000000e+02
5.440000000000000000e+02
6.680000000000000000e+02
6.520000000000000000e+02
6.640000000000000000e+02
6.640000000000000000e+02
7.960000000000000000e+02
7.950000000000000000e+02
7.920000000000000000e+02
7.960000000000000000e+02
7.960000000000000000e+02
5.160000000000000000e+02
5.240000000000000000e+02
5.240000000000000000e+02
5.240000000000000000e+02
6.240000000000000000e+02
5.760000000000000000e+02
6.200000000000000000e+02
5.640000000000000000e+02
5.760000000000000000e+02
7.360000000000000000e+02
5.840000000000000000e+02
5.640000000000000000e+02
5.773333333333333712e+02
6.120000000000000000e+02
5.173333333333333712e+02
5.280000000000000000e+02
5.200000000000000000e+02
6.380000000000000000e+02
7.960000000000000000e+02
7.960000000000000000e+02
7.960000000000000000e+02
7.960000000000000000e+02
7.960000000000000000e+02
6.826666666666666288e+02
6.880000000000000000e+02
6.640000000000000000e+02
7.960000000000000000e+02
7.690000000000000000e+02
7.960000000000000000e+02
7.920000000000000000e+02
7.960000000000000000e+02
7.960000000000000000e+02
7.460000000000000000e+02
7.960000000000000000e+02
6.740000000000000000e+02
5.210000000000000000e+02
5.933333333333333712e+02
7.150000000000000000e+02
6.550000000000000000e+02
6.493333333333333712e+02
6.560000000000000000e+02
7.440000000000000000e+02
5.520000000000000000e+02
5.680000000000000000e+02
5.420000000000000000e+02
6.680000000000000000e+02
7.960000000000000000e+02
7.960000000000000000e+02
7.960000000000000000e+02
7.960000000000000000e+02
7.960000000000000000e+02
7.960000000000000000e+02
7.960000000000000000e+02
7.960000000000000000e+02
7.960000000000000000e+02
7.960000000000000000e+02
7.960000000000000000e+02
