5.370000000000000000e+02
4.960000000000000000e+02
5.260000000000000000e+02
4.870000000000000000e+02
5.270000000000000000e+02
5.210000000000000000e+02
3.960000000000000000e+02
5.320000000000000000e+02
3.730000000000000000e+02
7.030000000000000000e+02
3.640000000000000000e+02
3.450000000000000000e+02
3.400000000000000000e+02
4.510000000000000000e+02
4.410000000000000000e+02
4.360000000000000000e+02
4.190000000000000000e+02
4.100000000000000000e+02
4.373333333333333144e+02
4.380000000000000000e+02
3.510000000000000000e+02
3.750000000000000000e+02
3.380000000000000000e+02
3.620000000000000000e+02
3.790000000000000000e+02
5.470000000000000000e+02
6.160000000000000000e+02
5.266666666666666288e+02
4.680000000000000000e+02
5.310000000000000000e+02
5.410000000000000000e+02
4.680000000000000000e+02
5.280000000000000000e+02
5.460000000000000000e+02
5.220000000000000000e+02
5.500000000000000000e+02
5.480000000000000000e+02
4.450000000000000000e+02
3.613333333333333144e+02
3.330000000000000000e+02
3.730000000000000000e+02
3.180000000000000000e+02
3.480000000000000000e+02
3.790000000000000000e+02
3.626666666666666856e+02
4.150000000000000000e+02
3.790000000000000000e+02
3.820000000000000000e+02
3.660000000000000000e+02
3.720000000000000000e+02
3.480000000000000000e+02
3.480000000000000000e+02
3.480000000000000000e+02
3.520000000000000000e+02
3.480000000000000000e+02
3.210000000000000000e+02
5.253333333333333712e+02
5.500000000000000000e+02
4.800000000000000000e+02
4.586666666666666856e+02
5.050000000000000000e+02
5.590000000000000000e+02
5.610000000000000000e+02
5.320000000000000000e+02
5.320000000000000000e+02
5.400000000000000000e+02
3.826666666666666856e+02
4.820000000000000000e+02
3.660000000000000000e+02
3.920000000000000000e+02
3.690000000000000000e+02
3.500000000000000000e+02
3.693333333333333144e+02
3.640000000000000000e+02
3.590000000000000000e+02
3.520000000000000000e+02
3.480000000000000000e+02
3.573333333333333144e+02
3.920000000000000000e+02
3.840000000000000000e+02
3.893333333333333144e+02
3.600000000000000000e+02
3.550000000000000000e+02
3.480000000000000000e+02
3.280000000000000000e+02
3.520000000000000000e+02
3.520000000000000000e+02
3.390000000000000000e+02
3.440000000000000000e+02
3.460000000000000000e+02
3.680000000000000000e+02
3.640000000000000000e+02
3.780000000000000000e+02
3.980000000000000000e+02
4.013333333333333144e+02
5.120000000000000000e+02
5.020000000000000000e+02
5.000000000000000000e+02
4.770000000000000000e+02
3.790000000000000000e+02
3.680000000000000000e+02
3.640000000000000000e+02
3.520000000000000000e+02
3.480000000000000000e+02
3.890000000000000000e+02
3.840000000000000000e+02
3.620000000000000000e+02
3.640000000000000000e+02
3.640000000000000000e+02
3.640000000000000000e+02
3.640000000000000000e+02
3.666666666666666856e+02
3.580000000000000000e+02
3.613333333333333144e+02
3.586666666666666856e+02
3.540000000000000000e+02
3.520000000000000000e+02
3.866666666666666856e+02
3.840000000000000000e+02
3.840000000000000000e+02
3.880000000000000000e+02
3.360000000000000000e+02
3.680000000000000000e+02
3.650000000000000000e+02
3.800000000000000000e+02
3.826666666666666856e+02
3.820000000000000000e+02
5.040000000000000000e+02
5.120000000000000000e+02
5.220000000000000000e+02
3.860000000000000000e+02
3.813333333333333144e+02
3.650000000000000000e+02
3.720000000000000000e+02
3.870000000000000000e+02
3.790000000000000000e+02
3.840000000000000000e+02
3.860000000000000000e+02
3.706666666666666856e+02
3.653333333333333144e+02
3.626666666666666856e+02
3.530000000000000000e+02
3.740000000000000000e+02
3.706666666666666856e+02
3.720000000000000000e+02
4.410000000000000000e+02
3.660000000000000000e+02
3.640000000000000000e+02
3.730000000000000000e+02
4.050000000000000000e+02
3.960000000000000000e+02
3.920000000000000000e+02
3.880000000000000000e+02
3.840000000000000000e+02
4.650000000000000000e+02
3.910000000000000000e+02
5.093333333333333144e+02
4.280000000000000000e+02
5.130000000000000000e+02
5.130000000000000000e+02
5.120000000000000000e+02
5.066666666666666856e+02
5.940000000000000000e+02
4.000000000000000000e+02
4.010000000000000000e+02
3.920000000000000000e+02
3.900000000000000000e+02
3.880000000000000000e+02
3.840000000000000000e+02
4.260000000000000000e+02
4.306666666666666856e+02
3.880000000000000000e+02
3.770000000000000000e+02
3.950000000000000000e+02
4.173333333333333144e+02
4.580000000000000000e+02
4.280000000000000000e+02
4.560000000000000000e+02
4.640000000000000000e+02
3.880000000000000000e+02
3.880000000000000000e+02
3.880000000000000000e+02
5.000000000000000000e+02
4.240000000000000000e+02
4.893333333333333144e+02
5.733333333333333712e+02
4.480000000000000000e+02
5.890000000000000000e+02
4.853333333333333144e+02
6.250000000000000000e+02
5.740000000000000000e+02
5.306666666666666288e+02
5.813333333333333712e+02
5.426666666666666288e+02
5.860000000000000000e+02
6.080000000000000000e+02
5.880000000000000000e+02
7.310000000000000000e+02
7.600000000000000000e+02
4.800000000000000000e+02
5.120000000000000000e+02
5.140000000000000000e+02
5.573333333333333712e+02
4.740000000000000000e+02
4.810000000000000000e+02
4.400000000000000000e+02
4.560000000000000000e+02
4.590000000000000000e+02
4.560000000000000000e+02
5.320000000000000000e+02
4.270000000000000000e+02
4.790000000000000000e+02
4.773333333333333144e+02
5.110000000000000000e+02
5.120000000000000000e+02
5.040000000000000000e+02
4.640000000000000000e+02
5.560000000000000000e+02
7.830000000000000000e+02
5.866666666666666288e+02
6.120000000000000000e+02
5.973333333333333712e+02
6.080000000000000000e+02
5.906666666666666288e+02
5.720000000000000000e+02
5.770000000000000000e+02
5.880000000000000000e+02
5.830000000000000000e+02
5.280000000000000000e+02
5.453333333333333712e+02
5.740000000000000000e+02
5.333333333333333712e+02
5.213333333333333712e+02
6.840000000000000000e+02
5.106666666666666856e+02
5.920000000000000000e+02
7.300000000000000000e+02
7.290000000000000000e+02
7.666666666666666288e+02
6.293333333333333712e+02
7.310000000000000000e+02
7.000000000000000000e+02
7.270000000000000000e+02
6.470000000000000000e+02
6.960000000000000000e+02
7.546666666666666288e+02
6.980000000000000000e+02
5.500000000000000000e+02
7.786666666666666288e+02
5.370000000000000000e+02
7.090000000000000000e+02
5.813333333333333712e+02
5.706666666666666288e+02
6.270000000000000000e+02
6.200000000000000000e+02
6.060000000000000000e+02
