5.000000000000000000e+02
5.180000000000000000e+02
5.130000000000000000e+02
4.870000000000000000e+02
4.573333333333333144e+02
4.653333333333333144e+02
5.160000000000000000e+02
7.380000000000000000e+02
3.920000000000000000e+02
3.410000000000000000e+02
3.640000000000000000e+02
3.460000000000000000e+02
3.370000000000000000e+02
4.386666666666666856e+02
4.210000000000000000e+02
4.520000000000000000e+02
4.640000000000000000e+02
4.100000000000000000e+02
4.413333333333333144e+02
4.360000000000000000e+02
3.600000000000000000e+02
3.560000000000000000e+02
3.700000000000000000e+02
3.610000000000000000e+02
3.760000000000000000e+02
5.470000000000000000e+02
6.160000000000000000e+02
4.573333333333333144e+02
4.680000000000000000e+02
5.453333333333333712e+02
5.410000000000000000e+02
4.680000000000000000e+02
5.280000000000000000e+02
5.480000000000000000e+02
5.310000000000000000e+02
5.640000000000000000e+02
5.540000000000000000e+02
4.450000000000000000e+02
3.613333333333333144e+02
3.710000000000000000e+02
2.720000000000000000e+02
3.400000000000000000e+02
3.740000000000000000e+02
3.460000000000000000e+02
4.660000000000000000e+02
4.290000000000000000e+02
4.180000000000000000e+02
3.760000000000000000e+02
3.660000000000000000e+02
3.760000000000000000e+02
3.453333333333333144e+02
3.510000000000000000e+02
3.520000000000000000e+02
3.440000000000000000e+02
3.550000000000000000e+02
3.740000000000000000e+02
3.670000000000000000e+02
5.140000000000000000e+02
4.800000000000000000e+02
3.990000000000000000e+02
5.480000000000000000e+02
5.270000000000000000e+02
5.300000000000000000e+02
4.500000000000000000e+02
5.470000000000000000e+02
5.533333333333333712e+02
5.600000000000000000e+02
5.586666666666666288e+02
3.840000000000000000e+02
3.970000000000000000e+02
3.850000000000000000e+02
3.630000000000000000e+02
3.626666666666666856e+02
3.640000000000000000e+02
3.560000000000000000e+02
3.480000000000000000e+02
3.470000000000000000e+02
3.480000000000000000e+02
3.920000000000000000e+02
4.200000000000000000e+02
3.893333333333333144e+02
3.600000000000000000e+02
3.550000000000000000e+02
3.480000000000000000e+02
3.480000000000000000e+02
3.520000000000000000e+02
3.530000000000000000e+02
3.500000000000000000e+02
3.450000000000000000e+02
3.480000000000000000e+02
3.540000000000000000e+02
3.640000000000000000e+02
3.613333333333333144e+02
5.790000000000000000e+02
4.040000000000000000e+02
5.000000000000000000e+02
5.026666666666666856e+02
5.070000000000000000e+02
3.910000000000000000e+02
3.700000000000000000e+02
3.680000000000000000e+02
3.640000000000000000e+02
3.600000000000000000e+02
3.450000000000000000e+02
3.160000000000000000e+02
3.800000000000000000e+02
3.600000000000000000e+02
3.630000000000000000e+02
3.640000000000000000e+02
3.540000000000000000e+02
3.610000000000000000e+02
3.970000000000000000e+02
3.580000000000000000e+02
3.613333333333333144e+02
3.493333333333333144e+02
3.560000000000000000e+02
3.560000000000000000e+02
3.870000000000000000e+02
3.840000000000000000e+02
3.840000000000000000e+02
3.610000000000000000e+02
3.520000000000000000e+02
3.680000000000000000e+02
3.380000000000000000e+02
3.786666666666666856e+02
3.826666666666666856e+02
3.820000000000000000e+02
4.700000000000000000e+02
4.330000000000000000e+02
5.160000000000000000e+02
3.880000000000000000e+02
3.853333333333333144e+02
3.400000000000000000e+02
3.720000000000000000e+02
3.840000000000000000e+02
3.810000000000000000e+02
3.840000000000000000e+02
3.880000000000000000e+02
3.800000000000000000e+02
3.680000000000000000e+02
3.626666666666666856e+02
3.620000000000000000e+02
3.653333333333333144e+02
4.220000000000000000e+02
4.280000000000000000e+02
4.020000000000000000e+02
3.660000000000000000e+02
3.706666666666666856e+02
3.730000000000000000e+02
4.026666666666666856e+02
3.970000000000000000e+02
3.880000000000000000e+02
3.840000000000000000e+02
3.880000000000000000e+02
3.840000000000000000e+02
3.880000000000000000e+02
5.093333333333333144e+02
4.280000000000000000e+02
5.240000000000000000e+02
5.180000000000000000e+02
5.160000000000000000e+02
5.240000000000000000e+02
5.160000000000000000e+02
4.000000000000000000e+02
4.000000000000000000e+02
3.890000000000000000e+02
4.110000000000000000e+02
3.890000000000000000e+02
3.840000000000000000e+02
4.260000000000000000e+02
4.000000000000000000e+02
3.880000000000000000e+02
3.840000000000000000e+02
3.920000000000000000e+02
3.910000000000000000e+02
4.580000000000000000e+02
4.453333333333333144e+02
4.530000000000000000e+02
3.600000000000000000e+02
3.880000000000000000e+02
3.880000000000000000e+02
3.880000000000000000e+02
5.000000000000000000e+02
4.310000000000000000e+02
4.150000000000000000e+02
5.060000000000000000e+02
5.820000000000000000e+02
6.040000000000000000e+02
4.853333333333333144e+02
5.920000000000000000e+02
5.880000000000000000e+02
5.800000000000000000e+02
5.870000000000000000e+02
5.426666666666666288e+02
5.860000000000000000e+02
6.100000000000000000e+02
6.080000000000000000e+02
6.653333333333333712e+02
7.950000000000000000e+02
7.780000000000000000e+02
5.120000000000000000e+02
5.050000000000000000e+02
5.060000000000000000e+02
4.740000000000000000e+02
4.880000000000000000e+02
4.720000000000000000e+02
4.530000000000000000e+02
4.590000000000000000e+02
5.390000000000000000e+02
7.640000000000000000e+02
4.760000000000000000e+02
6.570000000000000000e+02
4.786666666666666856e+02
4.800000000000000000e+02
5.070000000000000000e+02
5.020000000000000000e+02
5.293333333333333712e+02
5.460000000000000000e+02
7.830000000000000000e+02
5.320000000000000000e+02
6.050000000000000000e+02
5.880000000000000000e+02
5.813333333333333712e+02
5.940000000000000000e+02
5.720000000000000000e+02
4.893333333333333144e+02
6.000000000000000000e+02
5.586666666666666288e+02
6.940000000000000000e+02
7.480000000000000000e+02
5.480000000000000000e+02
5.360000000000000000e+02
5.280000000000000000e+02
4.980000000000000000e+02
5.080000000000000000e+02
4.740000000000000000e+02
5.920000000000000000e+02
7.820000000000000000e+02
6.570000000000000000e+02
7.760000000000000000e+02
7.613333333333333712e+02
7.090000000000000000e+02
4.946666666666666856e+02
6.470000000000000000e+02
7.060000000000000000e+02
6.880000000000000000e+02
5.480000000000000000e+02
6.760000000000000000e+02
5.266666666666666288e+02
5.600000000000000000e+02
6.040000000000000000e+02
5.080000000000000000e+02
6.000000000000000000e+02
6.230000000000000000e+02
5.910000000000000000e+02
6.060000000000000000e+02
