5.370000000000000000e+02
5.180000000000000000e+02
5.140000000000000000e+02
5.210000000000000000e+02
4.800000000000000000e+02
4.653333333333333144e+02
5.160000000000000000e+02
5.320000000000000000e+02
3.426666666666666856e+02
7.260000000000000000e+02
3.410000000000000000e+02
3.450000000000000000e+02
3.440000000000000000e+02
4.420000000000000000e+02
4.210000000000000000e+02
4.520000000000000000e+02
3.680000000000000000e+02
4.400000000000000000e+02
4.373333333333333144e+02
3.940000000000000000e+02
3.533333333333333144e+02
3.750000000000000000e+02
3.380000000000000000e+02
3.750000000000000000e+02
3.813333333333333144e+02
5.470000000000000000e+02
3.826666666666666856e+02
4.573333333333333144e+02
5.493333333333333712e+02
5.470000000000000000e+02
5.210000000000000000e+02
5.440000000000000000e+02
5.140000000000000000e+02
4.960000000000000000e+02
5.380000000000000000e+02
5.500000000000000000e+02
5.453333333333333712e+02
3.960000000000000000e+02
3.490000000000000000e+02
5.453333333333333712e+02
5.040000000000000000e+02
3.400000000000000000e+02
3.470000000000000000e+02
3.550000000000000000e+02
4.480000000000000000e+02
4.150000000000000000e+02
3.790000000000000000e+02
3.770000000000000000e+02
3.680000000000000000e+02
3.710000000000000000e+02
3.480000000000000000e+02
3.480000000000000000e+02
3.480000000000000000e+02
3.590000000000000000e+02
3.666666666666666856e+02
3.670000000000000000e+02
6.500000000000000000e+02
5.520000000000000000e+02
3.800000000000000000e+02
4.040000000000000000e+02
5.480000000000000000e+02
5.600000000000000000e+02
5.280000000000000000e+02
5.350000000000000000e+02
4.980000000000000000e+02
5.600000000000000000e+02
5.470000000000000000e+02
5.586666666666666288e+02
3.660000000000000000e+02
3.970000000000000000e+02
3.670000000000000000e+02
3.510000000000000000e+02
3.640000000000000000e+02
3.510000000000000000e+02
3.590000000000000000e+02
3.510000000000000000e+02
3.480000000000000000e+02
3.573333333333333144e+02
3.920000000000000000e+02
4.200000000000000000e+02
3.800000000000000000e+02
3.680000000000000000e+02
3.520000000000000000e+02
3.506666666666666856e+02
3.550000000000000000e+02
3.520000000000000000e+02
3.530000000000000000e+02
3.493333333333333144e+02
3.450000000000000000e+02
3.440000000000000000e+02
3.540000000000000000e+02
3.640000000000000000e+02
3.600000000000000000e+02
3.800000000000000000e+02
4.030000000000000000e+02
5.120000000000000000e+02
4.990000000000000000e+02
5.000000000000000000e+02
4.733333333333333144e+02
3.790000000000000000e+02
3.680000000000000000e+02
3.640000000000000000e+02
3.600000000000000000e+02
3.480000000000000000e+02
3.160000000000000000e+02
3.800000000000000000e+02
4.020000000000000000e+02
3.640000000000000000e+02
3.640000000000000000e+02
3.540000000000000000e+02
3.680000000000000000e+02
3.720000000000000000e+02
3.626666666666666856e+02
3.640000000000000000e+02
3.506666666666666856e+02
3.530000000000000000e+02
3.520000000000000000e+02
3.746666666666666856e+02
3.840000000000000000e+02
3.840000000000000000e+02
3.920000000000000000e+02
3.360000000000000000e+02
3.650000000000000000e+02
3.380000000000000000e+02
3.546666666666666856e+02
2.930000000000000000e+02
3.820000000000000000e+02
4.770000000000000000e+02
5.120000000000000000e+02
5.220000000000000000e+02
3.866666666666666856e+02
3.800000000000000000e+02
3.626666666666666856e+02
3.640000000000000000e+02
3.960000000000000000e+02
3.810000000000000000e+02
3.520000000000000000e+02
3.840000000000000000e+02
3.640000000000000000e+02
3.653333333333333144e+02
3.630000000000000000e+02
4.920000000000000000e+02
3.640000000000000000e+02
3.720000000000000000e+02
4.400000000000000000e+02
4.626666666666666856e+02
3.690000000000000000e+02
3.820000000000000000e+02
3.730000000000000000e+02
4.026666666666666856e+02
3.960000000000000000e+02
3.880000000000000000e+02
3.840000000000000000e+02
3.880000000000000000e+02
4.650000000000000000e+02
3.910000000000000000e+02
5.600000000000000000e+02
5.510000000000000000e+02
5.130000000000000000e+02
4.970000000000000000e+02
4.733333333333333144e+02
5.130000000000000000e+02
5.160000000000000000e+02
4.040000000000000000e+02
3.780000000000000000e+02
3.893333333333333144e+02
3.800000000000000000e+02
3.893333333333333144e+02
3.840000000000000000e+02
4.026666666666666856e+02
4.306666666666666856e+02
3.880000000000000000e+02
3.760000000000000000e+02
3.866666666666666856e+02
3.910000000000000000e+02
4.610000000000000000e+02
4.453333333333333144e+02
4.530000000000000000e+02
3.600000000000000000e+02
3.866666666666666856e+02
3.880000000000000000e+02
5.053333333333333144e+02
5.080000000000000000e+02
4.240000000000000000e+02
4.866666666666666856e+02
5.180000000000000000e+02
4.586666666666666856e+02
5.890000000000000000e+02
6.190000000000000000e+02
6.140000000000000000e+02
5.720000000000000000e+02
5.000000000000000000e+02
5.813333333333333712e+02
5.400000000000000000e+02
5.920000000000000000e+02
6.080000000000000000e+02
5.880000000000000000e+02
6.653333333333333712e+02
5.900000000000000000e+02
7.960000000000000000e+02
4.880000000000000000e+02
4.790000000000000000e+02
4.780000000000000000e+02
4.740000000000000000e+02
4.670000000000000000e+02
4.440000000000000000e+02
4.590000000000000000e+02
4.570000000000000000e+02
5.390000000000000000e+02
4.480000000000000000e+02
7.560000000000000000e+02
4.466666666666666856e+02
4.773333333333333144e+02
4.800000000000000000e+02
5.070000000000000000e+02
5.020000000000000000e+02
5.580000000000000000e+02
7.733333333333333712e+02
5.420000000000000000e+02
5.866666666666666288e+02
6.026666666666666288e+02
5.973333333333333712e+02
5.813333333333333712e+02
5.906666666666666288e+02
5.870000000000000000e+02
6.000000000000000000e+02
5.720000000000000000e+02
4.820000000000000000e+02
7.640000000000000000e+02
7.480000000000000000e+02
5.640000000000000000e+02
4.946666666666666856e+02
5.146666666666666288e+02
6.840000000000000000e+02
5.160000000000000000e+02
5.920000000000000000e+02
7.730000000000000000e+02
7.110000000000000000e+02
6.570000000000000000e+02
7.760000000000000000e+02
7.310000000000000000e+02
7.000000000000000000e+02
7.270000000000000000e+02
7.680000000000000000e+02
6.380000000000000000e+02
5.933333333333333712e+02
6.980000000000000000e+02
6.760000000000000000e+02
4.860000000000000000e+02
5.430000000000000000e+02
6.146666666666666288e+02
5.813333333333333712e+02
5.306666666666666288e+02
6.280000000000000000e+02
5.910000000000000000e+02
5.706666666666666288e+02
