5.880000000000000000e+02
5.430000000000000000e+02
5.920000000000000000e+02
6.190000000000000000e+02
6.300000000000000000e+02
5.980000000000000000e+02
5.620000000000000000e+02
5.500000000000000000e+02
5.570000000000000000e+02
5.370000000000000000e+02
5.330000000000000000e+02
5.760000000000000000e+02
5.300000000000000000e+02
4.040000000000000000e+02
4.580000000000000000e+02
4.530000000000000000e+02
5.613333333333333712e+02
4.440000000000000000e+02
4.770000000000000000e+02
4.960000000000000000e+02
4.910000000000000000e+02
5.106666666666666856e+02
5.160000000000000000e+02
5.810000000000000000e+02
5.730000000000000000e+02
5.650000000000000000e+02
4.906666666666666856e+02
5.950000000000000000e+02
5.990000000000000000e+02
6.000000000000000000e+02
6.000000000000000000e+02
4.720000000000000000e+02
5.720000000000000000e+02
5.933333333333333712e+02
5.853333333333333712e+02
6.020000000000000000e+02
4.813333333333333144e+02
4.800000000000000000e+02
5.040000000000000000e+02
4.910000000000000000e+02
5.230000000000000000e+02
5.040000000000000000e+02
4.860000000000000000e+02
5.106666666666666856e+02
4.960000000000000000e+02
4.940000000000000000e+02
4.680000000000000000e+02
4.830000000000000000e+02
4.750000000000000000e+02
4.400000000000000000e+02
4.306666666666666856e+02
4.430000000000000000e+02
4.410000000000000000e+02
5.020000000000000000e+02
5.140000000000000000e+02
5.160000000000000000e+02
5.000000000000000000e+02
5.020000000000000000e+02
4.760000000000000000e+02
4.700000000000000000e+02
4.720000000000000000e+02
4.773333333333333144e+02
4.880000000000000000e+02
5.760000000000000000e+02
4.773333333333333144e+02
5.700000000000000000e+02
4.853333333333333144e+02
4.730000000000000000e+02
4.730000000000000000e+02
4.720000000000000000e+02
4.790000000000000000e+02
4.860000000000000000e+02
4.440000000000000000e+02
5.080000000000000000e+02
4.920000000000000000e+02
4.730000000000000000e+02
4.310000000000000000e+02
4.320000000000000000e+02
4.760000000000000000e+02
4.640000000000000000e+02
4.320000000000000000e+02
4.240000000000000000e+02
4.240000000000000000e+02
4.293333333333333144e+02
3.960000000000000000e+02
3.960000000000000000e+02
4.080000000000000000e+02
4.190000000000000000e+02
4.200000000000000000e+02
4.180000000000000000e+02
4.700000000000000000e+02
4.640000000000000000e+02
4.760000000000000000e+02
4.610000000000000000e+02
4.710000000000000000e+02
4.800000000000000000e+02
4.720000000000000000e+02
4.740000000000000000e+02
4.580000000000000000e+02
4.310000000000000000e+02
3.840000000000000000e+02
3.920000000000000000e+02
3.910000000000000000e+02
4.920000000000000000e+02
4.220000000000000000e+02
4.000000000000000000e+02
4.080000000000000000e+02
4.080000000000000000e+02
4.013333333333333144e+02
4.000000000000000000e+02
4.333333333333333144e+02
4.360000000000000000e+02
4.160000000000000000e+02
4.020000000000000000e+02
4.030000000000000000e+02
4.013333333333333144e+02
4.020000000000000000e+02
4.000000000000000000e+02
4.060000000000000000e+02
4.090000000000000000e+02
4.330000000000000000e+02
4.000000000000000000e+02
4.000000000000000000e+02
3.970000000000000000e+02
4.040000000000000000e+02
4.480000000000000000e+02
4.310000000000000000e+02
5.600000000000000000e+02
5.550000000000000000e+02
5.080000000000000000e+02
4.210000000000000000e+02
4.170000000000000000e+02
4.120000000000000000e+02
4.280000000000000000e+02
4.010000000000000000e+02
4.120000000000000000e+02
4.160000000000000000e+02
3.310000000000000000e+02
4.040000000000000000e+02
4.080000000000000000e+02
4.150000000000000000e+02
4.200000000000000000e+02
4.210000000000000000e+02
3.910000000000000000e+02
4.240000000000000000e+02
4.200000000000000000e+02
4.210000000000000000e+02
3.860000000000000000e+02
4.120000000000000000e+02
4.140000000000000000e+02
4.360000000000000000e+02
4.293333333333333144e+02
4.320000000000000000e+02
4.386666666666666856e+02
4.213333333333333144e+02
4.493333333333333144e+02
4.350000000000000000e+02
4.840000000000000000e+02
5.533333333333333712e+02
5.410000000000000000e+02
5.210000000000000000e+02
5.573333333333333712e+02
4.573333333333333144e+02
4.810000000000000000e+02
3.860000000000000000e+02
4.240000000000000000e+02
4.220000000000000000e+02
4.290000000000000000e+02
4.330000000000000000e+02
4.350000000000000000e+02
4.320000000000000000e+02
5.050000000000000000e+02
4.160000000000000000e+02
4.160000000000000000e+02
4.413333333333333144e+02
4.400000000000000000e+02
4.240000000000000000e+02
4.840000000000000000e+02
4.960000000000000000e+02
4.880000000000000000e+02
4.190000000000000000e+02
5.106666666666666856e+02
5.320000000000000000e+02
5.306666666666666288e+02
5.000000000000000000e+02
4.960000000000000000e+02
6.133333333333333712e+02
6.080000000000000000e+02
4.853333333333333144e+02
5.970000000000000000e+02
5.810000000000000000e+02
5.880000000000000000e+02
5.320000000000000000e+02
5.866666666666666288e+02
5.960000000000000000e+02
4.880000000000000000e+02
6.066666666666666288e+02
6.110000000000000000e+02
4.933333333333333144e+02
5.290000000000000000e+02
5.333333333333333712e+02
5.350000000000000000e+02
5.453333333333333712e+02
4.930000000000000000e+02
5.300000000000000000e+02
4.500000000000000000e+02
4.450000000000000000e+02
4.350000000000000000e+02
4.973333333333333144e+02
4.920000000000000000e+02
4.970000000000000000e+02
5.340000000000000000e+02
5.560000000000000000e+02
5.320000000000000000e+02
5.150000000000000000e+02
5.700000000000000000e+02
5.490000000000000000e+02
5.910000000000000000e+02
5.140000000000000000e+02
5.880000000000000000e+02
5.920000000000000000e+02
6.080000000000000000e+02
4.880000000000000000e+02
5.910000000000000000e+02
5.660000000000000000e+02
5.620000000000000000e+02
5.480000000000000000e+02
5.880000000000000000e+02
5.160000000000000000e+02
6.026666666666666288e+02
4.266666666666666856e+02
5.560000000000000000e+02
5.506666666666666288e+02
5.840000000000000000e+02
5.100000000000000000e+02
5.170000000000000000e+02
4.293333333333333144e+02
4.820000000000000000e+02
4.930000000000000000e+02
4.990000000000000000e+02
4.850000000000000000e+02
6.650000000000000000e+02
5.133333333333333712e+02
5.240000000000000000e+02
5.030000000000000000e+02
4.960000000000000000e+02
5.130000000000000000e+02
5.266666666666666288e+02
5.040000000000000000e+02
5.746666666666666288e+02
6.030000000000000000e+02
5.890000000000000000e+02
4.826666666666666856e+02
5.866666666666666288e+02
5.920000000000000000e+02
5.880000000000000000e+02
