5.880000000000000000e+02
5.910000000000000000e+02
5.910000000000000000e+02
6.190000000000000000e+02
5.910000000000000000e+02
4.746666666666666856e+02
5.230000000000000000e+02
5.500000000000000000e+02
5.613333333333333712e+02
5.370000000000000000e+02
5.370000000000000000e+02
5.530000000000000000e+02
5.300000000000000000e+02
4.360000000000000000e+02
4.380000000000000000e+02
4.600000000000000000e+02
4.333333333333333144e+02
4.440000000000000000e+02
5.040000000000000000e+02
4.960000000000000000e+02
4.940000000000000000e+02
5.520000000000000000e+02
5.840000000000000000e+02
5.693333333333333712e+02
5.290000000000000000e+02
5.640000000000000000e+02
4.900000000000000000e+02
5.973333333333333712e+02
5.990000000000000000e+02
5.690000000000000000e+02
5.710000000000000000e+02
5.320000000000000000e+02
6.060000000000000000e+02
5.780000000000000000e+02
5.853333333333333712e+02
6.026666666666666288e+02
5.210000000000000000e+02
4.680000000000000000e+02
4.860000000000000000e+02
5.210000000000000000e+02
5.200000000000000000e+02
5.090000000000000000e+02
4.860000000000000000e+02
5.070000000000000000e+02
4.960000000000000000e+02
4.160000000000000000e+02
4.413333333333333144e+02
4.880000000000000000e+02
4.880000000000000000e+02
4.390000000000000000e+02
4.320000000000000000e+02
4.430000000000000000e+02
4.410000000000000000e+02
5.040000000000000000e+02
5.130000000000000000e+02
5.090000000000000000e+02
5.010000000000000000e+02
5.020000000000000000e+02
4.780000000000000000e+02
4.680000000000000000e+02
4.706666666666666856e+02
5.840000000000000000e+02
5.906666666666666288e+02
5.790000000000000000e+02
5.480000000000000000e+02
5.290000000000000000e+02
4.853333333333333144e+02
4.640000000000000000e+02
4.730000000000000000e+02
4.720000000000000000e+02
4.780000000000000000e+02
4.940000000000000000e+02
5.133333333333333712e+02
5.020000000000000000e+02
4.840000000000000000e+02
4.210000000000000000e+02
4.293333333333333144e+02
3.680000000000000000e+02
4.730000000000000000e+02
4.710000000000000000e+02
4.320000000000000000e+02
4.240000000000000000e+02
4.240000000000000000e+02
3.920000000000000000e+02
4.080000000000000000e+02
3.960000000000000000e+02
4.070000000000000000e+02
4.200000000000000000e+02
4.200000000000000000e+02
4.120000000000000000e+02
4.720000000000000000e+02
4.650000000000000000e+02
4.760000000000000000e+02
4.680000000000000000e+02
4.660000000000000000e+02
4.800000000000000000e+02
4.733333333333333144e+02
4.720000000000000000e+02
4.580000000000000000e+02
4.080000000000000000e+02
3.850000000000000000e+02
3.910000000000000000e+02
4.330000000000000000e+02
4.920000000000000000e+02
4.213333333333333144e+02
4.020000000000000000e+02
4.030000000000000000e+02
4.053333333333333144e+02
4.000000000000000000e+02
4.000000000000000000e+02
4.333333333333333144e+02
4.080000000000000000e+02
4.200000000000000000e+02
4.020000000000000000e+02
4.040000000000000000e+02
4.013333333333333144e+02
4.040000000000000000e+02
3.640000000000000000e+02
4.306666666666666856e+02
4.080000000000000000e+02
4.250000000000000000e+02
4.050000000000000000e+02
4.000000000000000000e+02
4.000000000000000000e+02
4.310000000000000000e+02
4.040000000000000000e+02
4.450000000000000000e+02
5.560000000000000000e+02
4.760000000000000000e+02
4.630000000000000000e+02
3.680000000000000000e+02
4.160000000000000000e+02
4.120000000000000000e+02
4.080000000000000000e+02
4.010000000000000000e+02
4.120000000000000000e+02
4.160000000000000000e+02
4.120000000000000000e+02
4.040000000000000000e+02
4.080000000000000000e+02
4.200000000000000000e+02
4.200000000000000000e+02
4.210000000000000000e+02
4.310000000000000000e+02
4.240000000000000000e+02
4.200000000000000000e+02
4.200000000000000000e+02
4.610000000000000000e+02
4.110000000000000000e+02
4.120000000000000000e+02
4.360000000000000000e+02
4.293333333333333144e+02
4.460000000000000000e+02
4.450000000000000000e+02
4.330000000000000000e+02
4.360000000000000000e+02
4.240000000000000000e+02
4.840000000000000000e+02
5.540000000000000000e+02
5.410000000000000000e+02
5.390000000000000000e+02
5.573333333333333712e+02
4.666666666666666856e+02
4.770000000000000000e+02
3.860000000000000000e+02
4.240000000000000000e+02
6.160000000000000000e+02
4.740000000000000000e+02
4.320000000000000000e+02
4.520000000000000000e+02
4.330000000000000000e+02
5.050000000000000000e+02
4.160000000000000000e+02
4.080000000000000000e+02
4.413333333333333144e+02
4.346666666666666856e+02
4.240000000000000000e+02
4.840000000000000000e+02
4.960000000000000000e+02
4.900000000000000000e+02
4.190000000000000000e+02
5.390000000000000000e+02
5.293333333333333712e+02
5.250000000000000000e+02
5.000000000000000000e+02
4.920000000000000000e+02
5.720000000000000000e+02
6.080000000000000000e+02
6.060000000000000000e+02
5.090000000000000000e+02
5.600000000000000000e+02
5.600000000000000000e+02
5.320000000000000000e+02
5.610000000000000000e+02
5.866666666666666288e+02
4.910000000000000000e+02
4.860000000000000000e+02
6.170000000000000000e+02
4.933333333333333144e+02
5.000000000000000000e+02
5.660000000000000000e+02
5.330000000000000000e+02
5.380000000000000000e+02
4.930000000000000000e+02
4.760000000000000000e+02
4.533333333333333144e+02
4.440000000000000000e+02
4.030000000000000000e+02
4.940000000000000000e+02
4.860000000000000000e+02
4.970000000000000000e+02
4.813333333333333144e+02
5.500000000000000000e+02
5.310000000000000000e+02
5.613333333333333712e+02
5.700000000000000000e+02
5.470000000000000000e+02
5.080000000000000000e+02
6.170000000000000000e+02
5.900000000000000000e+02
5.780000000000000000e+02
6.080000000000000000e+02
5.340000000000000000e+02
5.620000000000000000e+02
5.400000000000000000e+02
4.380000000000000000e+02
5.480000000000000000e+02
5.880000000000000000e+02
5.880000000000000000e+02
6.080000000000000000e+02
5.693333333333333712e+02
5.653333333333333712e+02
5.540000000000000000e+02
5.866666666666666288e+02
5.100000000000000000e+02
5.080000000000000000e+02
5.410000000000000000e+02
4.900000000000000000e+02
4.930000000000000000e+02
4.860000000000000000e+02
4.826666666666666856e+02
4.760000000000000000e+02
5.080000000000000000e+02
5.480000000000000000e+02
5.030000000000000000e+02
5.120000000000000000e+02
5.226666666666666288e+02
5.240000000000000000e+02
5.040000000000000000e+02
5.770000000000000000e+02
5.920000000000000000e+02
5.893333333333333712e+02
4.826666666666666856e+02
5.280000000000000000e+02
5.900000000000000000e+02
5.920000000000000000e+02
