6.080000000000000000e+02
6.040000000000000000e+02
4.640000000000000000e+02
6.090000000000000000e+02
5.573333333333333712e+02
5.240000000000000000e+02
4.360000000000000000e+02
5.600000000000000000e+02
5.700000000000000000e+02
5.506666666666666288e+02
5.186666666666666288e+02
4.880000000000000000e+02
4.820000000000000000e+02
5.320000000000000000e+02
5.290000000000000000e+02
4.813333333333333144e+02
4.730000000000000000e+02
4.866666666666666856e+02
4.920000000000000000e+02
4.773333333333333144e+02
4.610000000000000000e+02
5.070000000000000000e+02
5.320000000000000000e+02
5.370000000000000000e+02
5.133333333333333712e+02
5.790000000000000000e+02
5.550000000000000000e+02
5.540000000000000000e+02
5.590000000000000000e+02
6.220000000000000000e+02
6.200000000000000000e+02
5.980000000000000000e+02
5.740000000000000000e+02
6.080000000000000000e+02
6.290000000000000000e+02
5.570000000000000000e+02
5.610000000000000000e+02
5.570000000000000000e+02
5.480000000000000000e+02
5.490000000000000000e+02
5.220000000000000000e+02
5.440000000000000000e+02
4.880000000000000000e+02
4.720000000000000000e+02
4.640000000000000000e+02
4.600000000000000000e+02
4.580000000000000000e+02
4.600000000000000000e+02
4.560000000000000000e+02
4.520000000000000000e+02
4.450000000000000000e+02
4.620000000000000000e+02
4.800000000000000000e+02
4.730000000000000000e+02
4.250000000000000000e+02
4.573333333333333144e+02
4.210000000000000000e+02
4.200000000000000000e+02
4.240000000000000000e+02
4.200000000000000000e+02
6.080000000000000000e+02
6.120000000000000000e+02
5.390000000000000000e+02
5.620000000000000000e+02
5.550000000000000000e+02
5.830000000000000000e+02
4.760000000000000000e+02
4.160000000000000000e+02
4.240000000000000000e+02
4.160000000000000000e+02
4.240000000000000000e+02
4.173333333333333144e+02
4.200000000000000000e+02
4.200000000000000000e+02
4.240000000000000000e+02
4.013333333333333144e+02
4.660000000000000000e+02
4.040000000000000000e+02
4.310000000000000000e+02
4.480000000000000000e+02
4.520000000000000000e+02
4.080000000000000000e+02
4.090000000000000000e+02
4.090000000000000000e+02
3.890000000000000000e+02
4.470000000000000000e+02
4.160000000000000000e+02
4.200000000000000000e+02
4.190000000000000000e+02
4.030000000000000000e+02
4.160000000000000000e+02
4.160000000000000000e+02
4.200000000000000000e+02
4.200000000000000000e+02
4.330000000000000000e+02
5.400000000000000000e+02
5.590000000000000000e+02
4.173333333333333144e+02
4.200000000000000000e+02
4.250000000000000000e+02
4.120000000000000000e+02
4.200000000000000000e+02
4.093333333333333144e+02
4.000000000000000000e+02
4.110000000000000000e+02
4.160000000000000000e+02
4.160000000000000000e+02
4.080000000000000000e+02
4.080000000000000000e+02
4.210000000000000000e+02
4.160000000000000000e+02
4.580000000000000000e+02
4.480000000000000000e+02
4.560000000000000000e+02
4.200000000000000000e+02
4.200000000000000000e+02
4.160000000000000000e+02
4.180000000000000000e+02
4.200000000000000000e+02
4.440000000000000000e+02
4.190000000000000000e+02
4.120000000000000000e+02
4.080000000000000000e+02
4.200000000000000000e+02
4.186666666666666856e+02
4.160000000000000000e+02
4.186666666666666856e+02
5.430000000000000000e+02
5.540000000000000000e+02
5.586666666666666288e+02
5.630000000000000000e+02
5.420000000000000000e+02
4.160000000000000000e+02
4.160000000000000000e+02
4.440000000000000000e+02
4.280000000000000000e+02
4.160000000000000000e+02
4.250000000000000000e+02
4.170000000000000000e+02
4.170000000000000000e+02
4.220000000000000000e+02
4.200000000000000000e+02
4.340000000000000000e+02
4.520000000000000000e+02
4.510000000000000000e+02
4.546666666666666856e+02
4.200000000000000000e+02
4.226666666666666856e+02
4.210000000000000000e+02
3.870000000000000000e+02
4.280000000000000000e+02
4.240000000000000000e+02
4.270000000000000000e+02
4.280000000000000000e+02
4.240000000000000000e+02
4.200000000000000000e+02
5.510000000000000000e+02
5.186666666666666288e+02
5.410000000000000000e+02
5.530000000000000000e+02
5.780000000000000000e+02
5.680000000000000000e+02
5.740000000000000000e+02
5.660000000000000000e+02
5.773333333333333712e+02
4.240000000000000000e+02
5.720000000000000000e+02
4.120000000000000000e+02
4.120000000000000000e+02
4.170000000000000000e+02
4.080000000000000000e+02
4.760000000000000000e+02
4.080000000000000000e+02
4.560000000000000000e+02
4.460000000000000000e+02
4.320000000000000000e+02
5.240000000000000000e+02
4.280000000000000000e+02
4.600000000000000000e+02
5.093333333333333144e+02
4.880000000000000000e+02
4.800000000000000000e+02
5.040000000000000000e+02
5.200000000000000000e+02
5.520000000000000000e+02
5.820000000000000000e+02
6.240000000000000000e+02
6.200000000000000000e+02
6.013333333333333712e+02
6.040000000000000000e+02
5.820000000000000000e+02
5.570000000000000000e+02
5.680000000000000000e+02
5.680000000000000000e+02
5.840000000000000000e+02
6.080000000000000000e+02
6.240000000000000000e+02
5.600000000000000000e+02
5.670000000000000000e+02
5.600000000000000000e+02
5.280000000000000000e+02
4.960000000000000000e+02
4.970000000000000000e+02
4.960000000000000000e+02
4.840000000000000000e+02
4.900000000000000000e+02
6.140000000000000000e+02
5.430000000000000000e+02
5.986666666666666288e+02
6.146666666666666288e+02
5.290000000000000000e+02
4.746666666666666856e+02
5.780000000000000000e+02
5.240000000000000000e+02
5.840000000000000000e+02
5.610000000000000000e+02
5.693333333333333712e+02
5.720000000000000000e+02
5.600000000000000000e+02
6.170000000000000000e+02
5.960000000000000000e+02
5.350000000000000000e+02
5.853333333333333712e+02
5.680000000000000000e+02
5.680000000000000000e+02
5.670000000000000000e+02
5.830000000000000000e+02
5.840000000000000000e+02
5.880000000000000000e+02
6.160000000000000000e+02
5.760000000000000000e+02
5.670000000000000000e+02
6.830000000000000000e+02
7.110000000000000000e+02
5.220000000000000000e+02
6.093333333333333712e+02
5.180000000000000000e+02
5.990000000000000000e+02
6.580000000000000000e+02
6.360000000000000000e+02
6.760000000000000000e+02
7.240000000000000000e+02
6.106666666666666288e+02
6.120000000000000000e+02
6.240000000000000000e+02
5.760000000000000000e+02
5.960000000000000000e+02
7.210000000000000000e+02
5.460000000000000000e+02
5.640000000000000000e+02
5.746666666666666288e+02
5.720000000000000000e+02
5.293333333333333712e+02
5.690000000000000000e+02
5.680000000000000000e+02
5.680000000000000000e+02
