5.100000000000000000e+02
5.230000000000000000e+02
5.170000000000000000e+02
5.030000000000000000e+02
4.800000000000000000e+02
5.200000000000000000e+02
3.670000000000000000e+02
5.300000000000000000e+02
3.426666666666666856e+02
7.030000000000000000e+02
3.410000000000000000e+02
3.440000000000000000e+02
3.400000000000000000e+02
4.386666666666666856e+02
4.410000000000000000e+02
4.530000000000000000e+02
4.640000000000000000e+02
4.460000000000000000e+02
4.373333333333333144e+02
4.426666666666666856e+02
3.533333333333333144e+02
3.750000000000000000e+02
3.470000000000000000e+02
3.720000000000000000e+02
3.693333333333333144e+02
5.306666666666666288e+02
3.880000000000000000e+02
4.053333333333333144e+02
5.110000000000000000e+02
5.453333333333333712e+02
5.333333333333333712e+02
5.200000000000000000e+02
5.346666666666666288e+02
4.560000000000000000e+02
5.380000000000000000e+02
5.520000000000000000e+02
5.370000000000000000e+02
4.213333333333333144e+02
3.613333333333333144e+02
3.330000000000000000e+02
2.720000000000000000e+02
3.400000000000000000e+02
3.410000000000000000e+02
3.750000000000000000e+02
4.493333333333333144e+02
4.150000000000000000e+02
3.810000000000000000e+02
3.740000000000000000e+02
3.740000000000000000e+02
3.760000000000000000e+02
3.453333333333333144e+02
3.480000000000000000e+02
3.520000000000000000e+02
3.580000000000000000e+02
3.693333333333333144e+02
3.670000000000000000e+02
6.500000000000000000e+02
5.140000000000000000e+02
3.986666666666666856e+02
3.990000000000000000e+02
5.120000000000000000e+02
5.386666666666666288e+02
5.460000000000000000e+02
5.373333333333333712e+02
5.470000000000000000e+02
5.600000000000000000e+02
3.826666666666666856e+02
5.600000000000000000e+02
3.660000000000000000e+02
3.970000000000000000e+02
3.690000000000000000e+02
3.510000000000000000e+02
3.640000000000000000e+02
3.640000000000000000e+02
3.510000000000000000e+02
3.480000000000000000e+02
3.480000000000000000e+02
3.470000000000000000e+02
3.380000000000000000e+02
3.890000000000000000e+02
3.733333333333333144e+02
3.680000000000000000e+02
3.550000000000000000e+02
3.493333333333333144e+02
3.280000000000000000e+02
3.520000000000000000e+02
3.520000000000000000e+02
3.390000000000000000e+02
3.440000000000000000e+02
3.480000000000000000e+02
3.670000000000000000e+02
3.640000000000000000e+02
3.600000000000000000e+02
5.790000000000000000e+02
4.030000000000000000e+02
5.120000000000000000e+02
4.990000000000000000e+02
4.293333333333333144e+02
5.180000000000000000e+02
3.790000000000000000e+02
3.680000000000000000e+02
3.640000000000000000e+02
3.520000000000000000e+02
3.480000000000000000e+02
3.910000000000000000e+02
3.830000000000000000e+02
4.020000000000000000e+02
3.620000000000000000e+02
3.640000000000000000e+02
3.540000000000000000e+02
3.610000000000000000e+02
3.666666666666666856e+02
3.626666666666666856e+02
3.610000000000000000e+02
3.506666666666666856e+02
3.520000000000000000e+02
3.520000000000000000e+02
3.880000000000000000e+02
3.840000000000000000e+02
3.853333333333333144e+02
3.930000000000000000e+02
3.520000000000000000e+02
3.780000000000000000e+02
3.380000000000000000e+02
3.720000000000000000e+02
3.820000000000000000e+02
5.173333333333333712e+02
5.180000000000000000e+02
4.330000000000000000e+02
5.220000000000000000e+02
3.880000000000000000e+02
3.800000000000000000e+02
3.400000000000000000e+02
3.740000000000000000e+02
3.960000000000000000e+02
3.790000000000000000e+02
3.826666666666666856e+02
3.880000000000000000e+02
3.706666666666666856e+02
3.680000000000000000e+02
3.640000000000000000e+02
3.530000000000000000e+02
3.740000000000000000e+02
4.706666666666666856e+02
3.720000000000000000e+02
4.626666666666666856e+02
3.860000000000000000e+02
3.706666666666666856e+02
3.750000000000000000e+02
4.050000000000000000e+02
5.020000000000000000e+02
3.920000000000000000e+02
3.880000000000000000e+02
3.880000000000000000e+02
3.860000000000000000e+02
3.866666666666666856e+02
3.860000000000000000e+02
3.960000000000000000e+02
5.240000000000000000e+02
5.130000000000000000e+02
5.120000000000000000e+02
5.066666666666666856e+02
5.490000000000000000e+02
6.040000000000000000e+02
4.000000000000000000e+02
4.040000000000000000e+02
4.110000000000000000e+02
3.880000000000000000e+02
4.430000000000000000e+02
4.026666666666666856e+02
4.000000000000000000e+02
3.880000000000000000e+02
3.760000000000000000e+02
3.950000000000000000e+02
4.680000000000000000e+02
4.590000000000000000e+02
4.440000000000000000e+02
4.560000000000000000e+02
4.700000000000000000e+02
4.120000000000000000e+02
3.920000000000000000e+02
3.880000000000000000e+02
5.000000000000000000e+02
4.040000000000000000e+02
4.150000000000000000e+02
5.026666666666666856e+02
4.480000000000000000e+02
5.700000000000000000e+02
4.180000000000000000e+02
6.053333333333333712e+02
5.760000000000000000e+02
5.000000000000000000e+02
5.870000000000000000e+02
5.426666666666666288e+02
5.920000000000000000e+02
5.960000000000000000e+02
6.140000000000000000e+02
7.960000000000000000e+02
7.190000000000000000e+02
7.880000000000000000e+02
4.940000000000000000e+02
5.186666666666666288e+02
4.780000000000000000e+02
4.740000000000000000e+02
4.880000000000000000e+02
4.440000000000000000e+02
4.586666666666666856e+02
4.640000000000000000e+02
5.706666666666666288e+02
7.866666666666666288e+02
4.760000000000000000e+02
4.466666666666666856e+02
4.773333333333333144e+02
4.933333333333333144e+02
5.170000000000000000e+02
5.110000000000000000e+02
5.030000000000000000e+02
5.460000000000000000e+02
7.830000000000000000e+02
6.133333333333333712e+02
6.026666666666666288e+02
5.880000000000000000e+02
5.933333333333333712e+02
5.920000000000000000e+02
5.870000000000000000e+02
5.800000000000000000e+02
5.720000000000000000e+02
5.830000000000000000e+02
7.640000000000000000e+02
5.440000000000000000e+02
5.880000000000000000e+02
5.360000000000000000e+02
4.946666666666666856e+02
6.840000000000000000e+02
5.120000000000000000e+02
4.986666666666666856e+02
5.920000000000000000e+02
7.820000000000000000e+02
6.453333333333333712e+02
4.586666666666666856e+02
6.570000000000000000e+02
7.090000000000000000e+02
7.280000000000000000e+02
6.470000000000000000e+02
7.706666666666666288e+02
5.933333333333333712e+02
6.320000000000000000e+02
7.560000000000000000e+02
7.140000000000000000e+02
5.620000000000000000e+02
6.146666666666666288e+02
5.080000000000000000e+02
6.000000000000000000e+02
6.280000000000000000e+02
6.210000000000000000e+02
6.040000000000000000e+02
