7.360000000000000000e+02
7.420000000000000000e+02
7.450000000000000000e+02
7.510000000000000000e+02
7.480000000000000000e+02
6.900000000000000000e+02
4.880000000000000000e+02
4.830000000000000000e+02
4.960000000000000000e+02
4.880000000000000000e+02
5.280000000000000000e+02
5.293333333333333712e+02
7.520000000000000000e+02
7.386666666666666288e+02
7.690000000000000000e+02
7.720000000000000000e+02
7.626666666666666288e+02
7.560000000000000000e+02
7.590000000000000000e+02
7.680000000000000000e+02
7.620000000000000000e+02
5.240000000000000000e+02
5.066666666666666856e+02
7.490000000000000000e+02
7.440000000000000000e+02
7.440000000000000000e+02
7.440000000000000000e+02
7.400000000000000000e+02
4.760000000000000000e+02
6.720000000000000000e+02
7.400000000000000000e+02
4.880000000000000000e+02
7.440000000000000000e+02
7.440000000000000000e+02
7.590000000000000000e+02
7.460000000000000000e+02
7.520000000000000000e+02
4.820000000000000000e+02
4.760000000000000000e+02
4.750000000000000000e+02
7.493333333333333712e+02
7.480000000000000000e+02
7.420000000000000000e+02
7.520000000000000000e+02
7.520000000000000000e+02
5.220000000000000000e+02
7.600000000000000000e+02
7.600000000000000000e+02
7.600000000000000000e+02
7.600000000000000000e+02
7.600000000000000000e+02
7.546666666666666288e+02
7.560000000000000000e+02
5.450000000000000000e+02
7.470000000000000000e+02
4.760000000000000000e+02
4.760000000000000000e+02
5.360000000000000000e+02
4.613333333333333144e+02
6.910000000000000000e+02
4.820000000000000000e+02
4.710000000000000000e+02
6.906666666666666288e+02
7.546666666666666288e+02
7.040000000000000000e+02
7.180000000000000000e+02
4.720000000000000000e+02
4.600000000000000000e+02
5.000000000000000000e+02
5.480000000000000000e+02
5.520000000000000000e+02
7.533333333333333712e+02
5.520000000000000000e+02
5.333333333333333712e+02
5.780000000000000000e+02
5.780000000000000000e+02
5.720000000000000000e+02
7.560000000000000000e+02
7.560000000000000000e+02
7.560000000000000000e+02
7.520000000000000000e+02
7.560000000000000000e+02
7.520000000000000000e+02
5.640000000000000000e+02
5.720000000000000000e+02
5.640000000000000000e+02
5.440000000000000000e+02
5.480000000000000000e+02
5.400000000000000000e+02
5.320000000000000000e+02
5.080000000000000000e+02
5.173333333333333712e+02
5.200000000000000000e+02
7.420000000000000000e+02
5.253333333333333712e+02
5.253333333333333712e+02
5.040000000000000000e+02
5.380000000000000000e+02
5.090000000000000000e+02
4.980000000000000000e+02
5.000000000000000000e+02
5.000000000000000000e+02
5.293333333333333712e+02
5.200000000000000000e+02
5.640000000000000000e+02
5.560000000000000000e+02
5.560000000000000000e+02
5.640000000000000000e+02
5.640000000000000000e+02
7.560000000000000000e+02
7.520000000000000000e+02
7.840000000000000000e+02
7.660000000000000000e+02
7.600000000000000000e+02
7.550000000000000000e+02
5.680000000000000000e+02
5.640000000000000000e+02
5.670000000000000000e+02
5.560000000000000000e+02
5.560000000000000000e+02
4.933333333333333144e+02
5.040000000000000000e+02
5.240000000000000000e+02
5.120000000000000000e+02
5.000000000000000000e+02
4.980000000000000000e+02
5.590000000000000000e+02
7.453333333333333712e+02
4.820000000000000000e+02
7.506666666666666288e+02
5.600000000000000000e+02
5.040000000000000000e+02
5.000000000000000000e+02
5.320000000000000000e+02
5.120000000000000000e+02
4.480000000000000000e+02
4.400000000000000000e+02
4.440000000000000000e+02
4.440000000000000000e+02
4.346666666666666856e+02
5.540000000000000000e+02
4.480000000000000000e+02
4.420000000000000000e+02
7.400000000000000000e+02
4.320000000000000000e+02
4.400000000000000000e+02
5.180000000000000000e+02
4.466666666666666856e+02
4.440000000000000000e+02
4.480000000000000000e+02
4.440000000000000000e+02
4.440000000000000000e+02
4.400000000000000000e+02
4.400000000000000000e+02
5.200000000000000000e+02
5.080000000000000000e+02
5.666666666666666288e+02
5.600000000000000000e+02
4.640000000000000000e+02
4.650000000000000000e+02
4.640000000000000000e+02
6.860000000000000000e+02
4.720000000000000000e+02
4.800000000000000000e+02
4.480000000000000000e+02
4.670000000000000000e+02
4.360000000000000000e+02
4.320000000000000000e+02
4.360000000000000000e+02
4.360000000000000000e+02
4.440000000000000000e+02
4.480000000000000000e+02
4.260000000000000000e+02
4.280000000000000000e+02
4.120000000000000000e+02
5.426666666666666288e+02
4.200000000000000000e+02
4.140000000000000000e+02
4.240000000000000000e+02
4.200000000000000000e+02
4.120000000000000000e+02
4.440000000000000000e+02
4.360000000000000000e+02
4.280000000000000000e+02
4.320000000000000000e+02
4.360000000000000000e+02
4.440000000000000000e+02
4.706666666666666856e+02
4.653333333333333144e+02
5.280000000000000000e+02
5.170000000000000000e+02
5.330000000000000000e+02
5.380000000000000000e+02
5.260000000000000000e+02
5.280000000000000000e+02
5.280000000000000000e+02
4.720000000000000000e+02
4.680000000000000000e+02
4.320000000000000000e+02
4.320000000000000000e+02
4.280000000000000000e+02
4.240000000000000000e+02
4.440000000000000000e+02
4.120000000000000000e+02
4.120000000000000000e+02
4.160000000000000000e+02
4.120000000000000000e+02
4.200000000000000000e+02
4.200000000000000000e+02
4.200000000000000000e+02
4.160000000000000000e+02
4.160000000000000000e+02
4.150000000000000000e+02
4.440000000000000000e+02
4.360000000000000000e+02
4.400000000000000000e+02
4.320000000000000000e+02
4.280000000000000000e+02
4.440000000000000000e+02
4.760000000000000000e+02
5.360000000000000000e+02
5.020000000000000000e+02
5.080000000000000000e+02
5.080000000000000000e+02
5.306666666666666288e+02
5.040000000000000000e+02
4.920000000000000000e+02
4.466666666666666856e+02
5.040000000000000000e+02
5.040000000000000000e+02
4.440000000000000000e+02
4.440000000000000000e+02
4.440000000000000000e+02
4.360000000000000000e+02
4.440000000000000000e+02
4.480000000000000000e+02
4.240000000000000000e+02
4.093333333333333144e+02
4.213333333333333144e+02
4.160000000000000000e+02
4.240000000000000000e+02
4.360000000000000000e+02
4.260000000000000000e+02
4.480000000000000000e+02
4.440000000000000000e+02
4.400000000000000000e+02
4.400000000000000000e+02
4.360000000000000000e+02
4.480000000000000000e+02
5.100000000000000000e+02
5.040000000000000000e+02
5.260000000000000000e+02
5.260000000000000000e+02
5.266666666666666288e+02
4.780000000000000000e+02
7.470000000000000000e+02
4.760000000000000000e+02
4.880000000000000000e+02
4.830000000000000000e+02
5.280000000000000000e+02
5.320000000000000000e+02
4.800000000000000000e+02
5.120000000000000000e+02
5.120000000000000000e+02
4.400000000000000000e+02
4.453333333333333144e+02
4.400000000000000000e+02
5.746666666666666288e+02
7.490000000000000000e+02
7.360000000000000000e+02
7.440000000000000000e+02
7.520000000000000000e+02
7.480000000000000000e+02
7.440000000000000000e+02
7.400000000000000000e+02
5.720000000000000000e+02
5.720000000000000000e+02
5.760000000000000000e+02
5.200000000000000000e+02
6.600000000000000000e+02
5.200000000000000000e+02
5.200000000000000000e+02
5.020000000000000000e+02
5.140000000000000000e+02
4.990000000000000000e+02
5.000000000000000000e+02
5.080000000000000000e+02
7.440000000000000000e+02
5.280000000000000000e+02
7.450000000000000000e+02
7.100000000000000000e+02
5.360000000000000000e+02
5.150000000000000000e+02
4.970000000000000000e+02
4.960000000000000000e+02
5.120000000000000000e+02
5.280000000000000000e+02
5.560000000000000000e+02
5.586666666666666288e+02
5.660000000000000000e+02
7.450000000000000000e+02
7.290000000000000000e+02
7.400000000000000000e+02
7.440000000000000000e+02
7.400000000000000000e+02
7.840000000000000000e+02
7.600000000000000000e+02
7.510000000000000000e+02
6.850000000000000000e+02
7.266666666666666288e+02
4.893333333333333144e+02
7.480000000000000000e+02
7.460000000000000000e+02
4.740000000000000000e+02
5.480000000000000000e+02
5.760000000000000000e+02
6.840000000000000000e+02
5.480000000000000000e+02
6.986666666666666288e+02
5.390000000000000000e+02
5.280000000000000000e+02
7.560000000000000000e+02
5.293333333333333712e+02
5.710000000000000000e+02
7.480000000000000000e+02
4.960000000000000000e+02
4.750000000000000000e+02
7.410000000000000000e+02
7.573333333333333712e+02
5.380000000000000000e+02
5.380000000000000000e+02
7.586666666666666288e+02
7.480000000000000000e+02
7.560000000000000000e+02
7.560000000000000000e+02
7.520000000000000000e+02
