6.000000000000000000e+02
6.100000000000000000e+02
5.613333333333333712e+02
5.706666666666666288e+02
5.430000000000000000e+02
5.660000000000000000e+02
5.560000000000000000e+02
5.490000000000000000e+02
5.600000000000000000e+02
5.493333333333333712e+02
5.570000000000000000e+02
5.500000000000000000e+02
4.760000000000000000e+02
5.330000000000000000e+02
5.160000000000000000e+02
5.630000000000000000e+02
4.730000000000000000e+02
4.920000000000000000e+02
4.920000000000000000e+02
4.773333333333333144e+02
4.640000000000000000e+02
4.700000000000000000e+02
5.320000000000000000e+02
5.340000000000000000e+02
5.066666666666666856e+02
5.190000000000000000e+02
5.550000000000000000e+02
5.540000000000000000e+02
5.280000000000000000e+02
6.220000000000000000e+02
5.880000000000000000e+02
6.066666666666666288e+02
5.600000000000000000e+02
6.080000000000000000e+02
5.560000000000000000e+02
6.340000000000000000e+02
5.560000000000000000e+02
5.570000000000000000e+02
5.480000000000000000e+02
4.640000000000000000e+02
5.260000000000000000e+02
5.493333333333333712e+02
4.920000000000000000e+02
4.720000000000000000e+02
4.640000000000000000e+02
4.560000000000000000e+02
4.560000000000000000e+02
4.600000000000000000e+02
4.560000000000000000e+02
4.520000000000000000e+02
4.470000000000000000e+02
4.506666666666666856e+02
4.800000000000000000e+02
4.173333333333333144e+02
4.280000000000000000e+02
4.573333333333333144e+02
4.240000000000000000e+02
4.240000000000000000e+02
4.260000000000000000e+02
4.240000000000000000e+02
5.860000000000000000e+02
6.120000000000000000e+02
5.390000000000000000e+02
5.620000000000000000e+02
5.640000000000000000e+02
5.830000000000000000e+02
5.213333333333333712e+02
4.080000000000000000e+02
4.240000000000000000e+02
4.200000000000000000e+02
4.240000000000000000e+02
4.173333333333333144e+02
4.120000000000000000e+02
4.160000000000000000e+02
4.160000000000000000e+02
4.030000000000000000e+02
4.660000000000000000e+02
4.080000000000000000e+02
4.280000000000000000e+02
4.360000000000000000e+02
4.540000000000000000e+02
4.106666666666666856e+02
4.120000000000000000e+02
4.080000000000000000e+02
4.160000000000000000e+02
4.200000000000000000e+02
4.160000000000000000e+02
4.200000000000000000e+02
4.310000000000000000e+02
4.120000000000000000e+02
4.160000000000000000e+02
4.160000000000000000e+02
4.200000000000000000e+02
4.200000000000000000e+02
4.160000000000000000e+02
5.760000000000000000e+02
5.560000000000000000e+02
4.200000000000000000e+02
4.240000000000000000e+02
4.160000000000000000e+02
4.160000000000000000e+02
4.150000000000000000e+02
4.093333333333333144e+02
4.080000000000000000e+02
4.146666666666666856e+02
4.160000000000000000e+02
4.160000000000000000e+02
4.160000000000000000e+02
4.110000000000000000e+02
4.110000000000000000e+02
4.160000000000000000e+02
4.760000000000000000e+02
4.480000000000000000e+02
4.240000000000000000e+02
4.200000000000000000e+02
4.170000000000000000e+02
4.160000000000000000e+02
4.160000000000000000e+02
4.200000000000000000e+02
4.140000000000000000e+02
4.020000000000000000e+02
4.120000000000000000e+02
4.090000000000000000e+02
4.200000000000000000e+02
4.170000000000000000e+02
4.160000000000000000e+02
5.610000000000000000e+02
4.980000000000000000e+02
5.540000000000000000e+02
5.300000000000000000e+02
4.980000000000000000e+02
5.586666666666666288e+02
4.160000000000000000e+02
4.190000000000000000e+02
4.240000000000000000e+02
4.280000000000000000e+02
4.310000000000000000e+02
4.240000000000000000e+02
4.200000000000000000e+02
4.160000000000000000e+02
4.200000000000000000e+02
4.200000000000000000e+02
4.200000000000000000e+02
4.520000000000000000e+02
4.510000000000000000e+02
4.540000000000000000e+02
4.200000000000000000e+02
4.173333333333333144e+02
4.220000000000000000e+02
3.870000000000000000e+02
4.280000000000000000e+02
4.270000000000000000e+02
4.240000000000000000e+02
4.280000000000000000e+02
4.240000000000000000e+02
4.280000000000000000e+02
5.840000000000000000e+02
4.760000000000000000e+02
5.590000000000000000e+02
5.540000000000000000e+02
5.630000000000000000e+02
5.680000000000000000e+02
5.773333333333333712e+02
5.680000000000000000e+02
5.773333333333333712e+02
5.630000000000000000e+02
5.780000000000000000e+02
4.120000000000000000e+02
4.120000000000000000e+02
4.040000000000000000e+02
4.080000000000000000e+02
4.760000000000000000e+02
4.080000000000000000e+02
4.560000000000000000e+02
4.470000000000000000e+02
4.810000000000000000e+02
5.220000000000000000e+02
4.266666666666666856e+02
4.600000000000000000e+02
5.080000000000000000e+02
4.880000000000000000e+02
4.860000000000000000e+02
5.160000000000000000e+02
5.250000000000000000e+02
5.520000000000000000e+02
5.660000000000000000e+02
6.150000000000000000e+02
5.893333333333333712e+02
5.973333333333333712e+02
5.760000000000000000e+02
5.586666666666666288e+02
5.570000000000000000e+02
5.700000000000000000e+02
5.740000000000000000e+02
5.670000000000000000e+02
6.080000000000000000e+02
5.973333333333333712e+02
5.626666666666666288e+02
5.580000000000000000e+02
5.680000000000000000e+02
5.280000000000000000e+02
4.880000000000000000e+02
4.910000000000000000e+02
5.020000000000000000e+02
4.850000000000000000e+02
4.840000000000000000e+02
5.413333333333333712e+02
5.373333333333333712e+02
6.790000000000000000e+02
5.890000000000000000e+02
4.940000000000000000e+02
5.146666666666666288e+02
5.780000000000000000e+02
5.270000000000000000e+02
5.520000000000000000e+02
5.700000000000000000e+02
5.710000000000000000e+02
5.510000000000000000e+02
6.060000000000000000e+02
6.160000000000000000e+02
6.240000000000000000e+02
5.670000000000000000e+02
5.610000000000000000e+02
5.720000000000000000e+02
5.653333333333333712e+02
5.720000000000000000e+02
5.550000000000000000e+02
6.200000000000000000e+02
6.190000000000000000e+02
6.160000000000000000e+02
6.020000000000000000e+02
5.670000000000000000e+02
5.470000000000000000e+02
6.100000000000000000e+02
5.220000000000000000e+02
5.626666666666666288e+02
6.020000000000000000e+02
5.333333333333333712e+02
5.880000000000000000e+02
5.293333333333333712e+02
6.760000000000000000e+02
6.573333333333333712e+02
6.106666666666666288e+02
6.290000000000000000e+02
7.213333333333333712e+02
5.350000000000000000e+02
5.960000000000000000e+02
6.920000000000000000e+02
5.630000000000000000e+02
7.400000000000000000e+02
5.613333333333333712e+02
6.690000000000000000e+02
5.293333333333333712e+02
5.720000000000000000e+02
5.640000000000000000e+02
5.680000000000000000e+02
