6.000000000000000000e+02
6.040000000000000000e+02
5.630000000000000000e+02
5.600000000000000000e+02
5.573333333333333712e+02
4.480000000000000000e+02
5.560000000000000000e+02
5.110000000000000000e+02
5.700000000000000000e+02
5.340000000000000000e+02
5.660000000000000000e+02
4.880000000000000000e+02
4.820000000000000000e+02
5.330000000000000000e+02
5.160000000000000000e+02
4.650000000000000000e+02
4.730000000000000000e+02
4.960000000000000000e+02
5.020000000000000000e+02
4.820000000000000000e+02
4.610000000000000000e+02
5.070000000000000000e+02
5.310000000000000000e+02
5.160000000000000000e+02
5.330000000000000000e+02
5.520000000000000000e+02
5.550000000000000000e+02
5.590000000000000000e+02
5.280000000000000000e+02
6.220000000000000000e+02
6.030000000000000000e+02
5.860000000000000000e+02
5.600000000000000000e+02
5.786666666666666288e+02
5.850000000000000000e+02
6.340000000000000000e+02
5.550000000000000000e+02
5.560000000000000000e+02
5.480000000000000000e+02
5.226666666666666288e+02
5.260000000000000000e+02
5.460000000000000000e+02
4.880000000000000000e+02
4.760000000000000000e+02
4.680000000000000000e+02
4.560000000000000000e+02
4.580000000000000000e+02
4.600000000000000000e+02
4.600000000000000000e+02
4.520000000000000000e+02
4.450000000000000000e+02
4.506666666666666856e+02
4.710000000000000000e+02
4.190000000000000000e+02
4.480000000000000000e+02
4.310000000000000000e+02
4.210000000000000000e+02
4.200000000000000000e+02
4.240000000000000000e+02
4.666666666666666856e+02
6.106666666666666288e+02
6.090000000000000000e+02
5.390000000000000000e+02
5.620000000000000000e+02
5.586666666666666288e+02
5.830000000000000000e+02
4.760000000000000000e+02
4.080000000000000000e+02
4.240000000000000000e+02
4.250000000000000000e+02
4.200000000000000000e+02
4.170000000000000000e+02
4.120000000000000000e+02
4.170000000000000000e+02
4.240000000000000000e+02
4.013333333333333144e+02
4.040000000000000000e+02
4.080000000000000000e+02
4.280000000000000000e+02
4.480000000000000000e+02
4.580000000000000000e+02
4.120000000000000000e+02
4.090000000000000000e+02
4.120000000000000000e+02
4.430000000000000000e+02
4.200000000000000000e+02
4.160000000000000000e+02
4.160000000000000000e+02
4.040000000000000000e+02
4.026666666666666856e+02
4.160000000000000000e+02
4.200000000000000000e+02
4.170000000000000000e+02
4.200000000000000000e+02
4.900000000000000000e+02
5.666666666666666288e+02
5.290000000000000000e+02
4.200000000000000000e+02
4.160000000000000000e+02
4.200000000000000000e+02
4.120000000000000000e+02
4.150000000000000000e+02
4.093333333333333144e+02
4.080000000000000000e+02
4.160000000000000000e+02
4.170000000000000000e+02
4.160000000000000000e+02
4.160000000000000000e+02
4.080000000000000000e+02
4.240000000000000000e+02
4.093333333333333144e+02
4.580000000000000000e+02
4.480000000000000000e+02
4.560000000000000000e+02
4.200000000000000000e+02
4.200000000000000000e+02
4.180000000000000000e+02
4.160000000000000000e+02
4.250000000000000000e+02
3.960000000000000000e+02
4.050000000000000000e+02
4.120000000000000000e+02
4.020000000000000000e+02
4.160000000000000000e+02
4.200000000000000000e+02
4.160000000000000000e+02
5.600000000000000000e+02
5.666666666666666288e+02
5.560000000000000000e+02
5.300000000000000000e+02
5.140000000000000000e+02
5.693333333333333712e+02
4.160000000000000000e+02
4.160000000000000000e+02
4.200000000000000000e+02
4.240000000000000000e+02
4.310000000000000000e+02
4.240000000000000000e+02
4.250000000000000000e+02
4.160000000000000000e+02
4.200000000000000000e+02
4.200000000000000000e+02
4.200000000000000000e+02
4.560000000000000000e+02
4.520000000000000000e+02
4.180000000000000000e+02
4.500000000000000000e+02
4.240000000000000000e+02
4.200000000000000000e+02
4.240000000000000000e+02
4.280000000000000000e+02
4.240000000000000000e+02
4.270000000000000000e+02
4.240000000000000000e+02
4.240000000000000000e+02
4.200000000000000000e+02
5.770000000000000000e+02
5.186666666666666288e+02
5.660000000000000000e+02
5.530000000000000000e+02
5.630000000000000000e+02
5.880000000000000000e+02
5.740000000000000000e+02
5.700000000000000000e+02
5.720000000000000000e+02
4.180000000000000000e+02
4.260000000000000000e+02
5.320000000000000000e+02
4.160000000000000000e+02
4.093333333333333144e+02
4.040000000000000000e+02
4.910000000000000000e+02
4.080000000000000000e+02
4.560000000000000000e+02
4.470000000000000000e+02
5.306666666666666288e+02
5.210000000000000000e+02
5.200000000000000000e+02
4.600000000000000000e+02
5.120000000000000000e+02
4.870000000000000000e+02
4.800000000000000000e+02
5.040000000000000000e+02
5.170000000000000000e+02
5.400000000000000000e+02
5.700000000000000000e+02
6.150000000000000000e+02
6.210000000000000000e+02
6.013333333333333712e+02
6.040000000000000000e+02
5.586666666666666288e+02
5.570000000000000000e+02
5.680000000000000000e+02
5.680000000000000000e+02
5.770000000000000000e+02
6.080000000000000000e+02
6.140000000000000000e+02
5.670000000000000000e+02
5.670000000000000000e+02
5.360000000000000000e+02
5.840000000000000000e+02
4.960000000000000000e+02
4.910000000000000000e+02
4.960000000000000000e+02
4.800000000000000000e+02
4.820000000000000000e+02
6.140000000000000000e+02
5.460000000000000000e+02
5.540000000000000000e+02
6.146666666666666288e+02
4.940000000000000000e+02
5.400000000000000000e+02
5.780000000000000000e+02
5.260000000000000000e+02
7.240000000000000000e+02
6.520000000000000000e+02
5.480000000000000000e+02
5.510000000000000000e+02
5.650000000000000000e+02
6.170000000000000000e+02
6.320000000000000000e+02
5.630000000000000000e+02
5.733333333333333712e+02
5.693333333333333712e+02
5.670000000000000000e+02
5.730000000000000000e+02
5.550000000000000000e+02
5.840000000000000000e+02
6.190000000000000000e+02
5.640000000000000000e+02
5.946666666666666288e+02
5.670000000000000000e+02
5.960000000000000000e+02
6.600000000000000000e+02
7.060000000000000000e+02
5.173333333333333712e+02
7.050000000000000000e+02
5.333333333333333712e+02
6.880000000000000000e+02
6.620000000000000000e+02
6.040000000000000000e+02
6.820000000000000000e+02
6.693333333333333712e+02
5.860000000000000000e+02
5.720000000000000000e+02
5.760000000000000000e+02
6.020000000000000000e+02
7.210000000000000000e+02
5.666666666666666288e+02
6.940000000000000000e+02
5.746666666666666288e+02
6.690000000000000000e+02
5.293333333333333712e+02
5.460000000000000000e+02
5.640000000000000000e+02
5.680000000000000000e+02
