5.333333333333333712e+02
5.360000000000000000e+02
5.400000000000000000e+02
5.010000000000000000e+02
5.060000000000000000e+02
5.210000000000000000e+02
5.150000000000000000e+02
4.946666666666666856e+02
5.020000000000000000e+02
5.020000000000000000e+02
4.840000000000000000e+02
5.386666666666666288e+02
4.293333333333333144e+02
4.870000000000000000e+02
5.090000000000000000e+02
5.880000000000000000e+02
7.346666666666666288e+02
6.600000000000000000e+02
6.733333333333333712e+02
4.780000000000000000e+02
4.880000000000000000e+02
5.133333333333333712e+02
5.170000000000000000e+02
4.780000000000000000e+02
4.920000000000000000e+02
4.890000000000000000e+02
5.460000000000000000e+02
5.000000000000000000e+02
5.070000000000000000e+02
5.440000000000000000e+02
5.450000000000000000e+02
5.350000000000000000e+02
5.200000000000000000e+02
5.560000000000000000e+02
5.493333333333333712e+02
5.470000000000000000e+02
5.340000000000000000e+02
5.000000000000000000e+02
5.120000000000000000e+02
5.270000000000000000e+02
5.186666666666666288e+02
5.260000000000000000e+02
5.090000000000000000e+02
5.053333333333333144e+02
4.890000000000000000e+02
5.546666666666666288e+02
5.040000000000000000e+02
5.266666666666666288e+02
4.910000000000000000e+02
5.270000000000000000e+02
4.800000000000000000e+02
5.520000000000000000e+02
5.360000000000000000e+02
4.910000000000000000e+02
4.860000000000000000e+02
4.900000000000000000e+02
4.990000000000000000e+02
5.370000000000000000e+02
5.090000000000000000e+02
5.340000000000000000e+02
5.580000000000000000e+02
5.230000000000000000e+02
5.260000000000000000e+02
5.480000000000000000e+02
4.920000000000000000e+02
5.230000000000000000e+02
5.210000000000000000e+02
5.306666666666666288e+02
5.660000000000000000e+02
5.150000000000000000e+02
5.000000000000000000e+02
5.200000000000000000e+02
5.200000000000000000e+02
5.293333333333333712e+02
5.380000000000000000e+02
5.013333333333333144e+02
5.106666666666666856e+02
4.920000000000000000e+02
5.080000000000000000e+02
5.030000000000000000e+02
4.700000000000000000e+02
5.040000000000000000e+02
5.053333333333333144e+02
5.040000000000000000e+02
5.020000000000000000e+02
5.600000000000000000e+02
5.560000000000000000e+02
5.570000000000000000e+02
5.460000000000000000e+02
5.500000000000000000e+02
5.500000000000000000e+02
5.350000000000000000e+02
5.590000000000000000e+02
5.660000000000000000e+02
5.570000000000000000e+02
5.293333333333333712e+02
5.460000000000000000e+02
5.610000000000000000e+02
5.480000000000000000e+02
5.640000000000000000e+02
5.180000000000000000e+02
5.090000000000000000e+02
4.280000000000000000e+02
4.220000000000000000e+02
4.200000000000000000e+02
4.120000000000000000e+02
4.360000000000000000e+02
4.710000000000000000e+02
4.270000000000000000e+02
5.440000000000000000e+02
5.040000000000000000e+02
5.000000000000000000e+02
5.400000000000000000e+02
5.190000000000000000e+02
4.350000000000000000e+02
4.330000000000000000e+02
4.346666666666666856e+02
3.950000000000000000e+02
4.133333333333333144e+02
4.240000000000000000e+02
4.280000000000000000e+02
4.210000000000000000e+02
4.240000000000000000e+02
4.240000000000000000e+02
4.230000000000000000e+02
4.260000000000000000e+02
5.480000000000000000e+02
4.893333333333333144e+02
5.250000000000000000e+02
5.306666666666666288e+02
4.080000000000000000e+02
4.200000000000000000e+02
4.240000000000000000e+02
4.320000000000000000e+02
4.280000000000000000e+02
4.210000000000000000e+02
4.240000000000000000e+02
4.360000000000000000e+02
4.400000000000000000e+02
4.430000000000000000e+02
4.300000000000000000e+02
4.250000000000000000e+02
4.320000000000000000e+02
4.610000000000000000e+02
4.440000000000000000e+02
4.530000000000000000e+02
4.440000000000000000e+02
3.780000000000000000e+02
4.370000000000000000e+02
3.200000000000000000e+02
4.280000000000000000e+02
4.280000000000000000e+02
4.320000000000000000e+02
4.240000000000000000e+02
4.170000000000000000e+02
4.250000000000000000e+02
3.813333333333333144e+02
4.280000000000000000e+02
5.200000000000000000e+02
5.053333333333333144e+02
4.930000000000000000e+02
5.080000000000000000e+02
4.470000000000000000e+02
4.290000000000000000e+02
4.280000000000000000e+02
4.240000000000000000e+02
4.240000000000000000e+02
4.240000000000000000e+02
4.210000000000000000e+02
4.226666666666666856e+02
4.530000000000000000e+02
4.600000000000000000e+02
4.540000000000000000e+02
4.480000000000000000e+02
4.540000000000000000e+02
4.650000000000000000e+02
5.380000000000000000e+02
5.560000000000000000e+02
4.506666666666666856e+02
4.480000000000000000e+02
4.570000000000000000e+02
4.533333333333333144e+02
4.470000000000000000e+02
4.500000000000000000e+02
4.400000000000000000e+02
4.410000000000000000e+02
4.680000000000000000e+02
4.360000000000000000e+02
4.360000000000000000e+02
4.530000000000000000e+02
4.750000000000000000e+02
4.613333333333333144e+02
4.850000000000000000e+02
5.010000000000000000e+02
4.053333333333333144e+02
4.410000000000000000e+02
4.680000000000000000e+02
4.410000000000000000e+02
4.400000000000000000e+02
4.430000000000000000e+02
4.400000000000000000e+02
4.390000000000000000e+02
4.790000000000000000e+02
4.560000000000000000e+02
4.053333333333333144e+02
4.570000000000000000e+02
4.493333333333333144e+02
5.500000000000000000e+02
5.370000000000000000e+02
5.270000000000000000e+02
5.720000000000000000e+02
5.160000000000000000e+02
5.146666666666666288e+02
5.020000000000000000e+02
5.470000000000000000e+02
4.413333333333333144e+02
4.450000000000000000e+02
4.580000000000000000e+02
4.660000000000000000e+02
6.010000000000000000e+02
5.740000000000000000e+02
5.650000000000000000e+02
5.440000000000000000e+02
5.540000000000000000e+02
5.460000000000000000e+02
5.746666666666666288e+02
5.190000000000000000e+02
5.293333333333333712e+02
5.590000000000000000e+02
4.930000000000000000e+02
5.773333333333333712e+02
4.440000000000000000e+02
4.740000000000000000e+02
5.700000000000000000e+02
5.200000000000000000e+02
4.180000000000000000e+02
5.420000000000000000e+02
4.640000000000000000e+02
5.600000000000000000e+02
5.626666666666666288e+02
5.630000000000000000e+02
5.170000000000000000e+02
5.820000000000000000e+02
5.870000000000000000e+02
5.460000000000000000e+02
5.546666666666666288e+02
5.770000000000000000e+02
5.493333333333333712e+02
5.800000000000000000e+02
5.800000000000000000e+02
5.770000000000000000e+02
5.800000000000000000e+02
5.900000000000000000e+02
5.340000000000000000e+02
5.810000000000000000e+02
5.680000000000000000e+02
