6.000000000000000000e+02
6.110000000000000000e+02
5.410000000000000000e+02
6.090000000000000000e+02
4.480000000000000000e+02
5.660000000000000000e+02
4.360000000000000000e+02
5.600000000000000000e+02
5.720000000000000000e+02
5.340000000000000000e+02
5.186666666666666288e+02
4.880000000000000000e+02
4.800000000000000000e+02
5.330000000000000000e+02
5.290000000000000000e+02
5.240000000000000000e+02
4.640000000000000000e+02
4.960000000000000000e+02
5.020000000000000000e+02
4.773333333333333144e+02
4.640000000000000000e+02
5.010000000000000000e+02
5.330000000000000000e+02
5.360000000000000000e+02
5.330000000000000000e+02
5.790000000000000000e+02
5.340000000000000000e+02
5.590000000000000000e+02
5.590000000000000000e+02
5.226666666666666288e+02
5.880000000000000000e+02
6.110000000000000000e+02
6.053333333333333712e+02
6.160000000000000000e+02
6.300000000000000000e+02
4.960000000000000000e+02
5.600000000000000000e+02
5.680000000000000000e+02
5.320000000000000000e+02
5.330000000000000000e+02
5.400000000000000000e+02
5.460000000000000000e+02
4.870000000000000000e+02
4.720000000000000000e+02
4.640000000000000000e+02
4.600000000000000000e+02
4.600000000000000000e+02
4.600000000000000000e+02
4.600000000000000000e+02
4.520000000000000000e+02
4.450000000000000000e+02
4.600000000000000000e+02
4.590000000000000000e+02
4.730000000000000000e+02
4.250000000000000000e+02
4.320000000000000000e+02
4.210000000000000000e+02
4.280000000000000000e+02
4.240000000000000000e+02
4.200000000000000000e+02
6.106666666666666288e+02
6.210000000000000000e+02
5.293333333333333712e+02
5.600000000000000000e+02
5.620000000000000000e+02
4.893333333333333144e+02
4.180000000000000000e+02
4.160000000000000000e+02
4.200000000000000000e+02
4.200000000000000000e+02
4.160000000000000000e+02
4.040000000000000000e+02
4.120000000000000000e+02
4.160000000000000000e+02
4.160000000000000000e+02
4.040000000000000000e+02
4.040000000000000000e+02
4.500000000000000000e+02
4.080000000000000000e+02
4.480000000000000000e+02
4.480000000000000000e+02
4.070000000000000000e+02
4.090000000000000000e+02
4.120000000000000000e+02
4.160000000000000000e+02
4.200000000000000000e+02
4.190000000000000000e+02
4.160000000000000000e+02
4.040000000000000000e+02
4.030000000000000000e+02
4.120000000000000000e+02
4.160000000000000000e+02
4.170000000000000000e+02
4.200000000000000000e+02
4.240000000000000000e+02
5.580000000000000000e+02
5.630000000000000000e+02
5.600000000000000000e+02
4.160000000000000000e+02
4.250000000000000000e+02
4.120000000000000000e+02
4.150000000000000000e+02
4.260000000000000000e+02
4.000000000000000000e+02
4.160000000000000000e+02
4.160000000000000000e+02
4.120000000000000000e+02
4.120000000000000000e+02
4.120000000000000000e+02
4.210000000000000000e+02
4.160000000000000000e+02
4.260000000000000000e+02
4.386666666666666856e+02
4.240000000000000000e+02
4.200000000000000000e+02
4.200000000000000000e+02
4.160000000000000000e+02
4.180000000000000000e+02
4.200000000000000000e+02
4.140000000000000000e+02
4.100000000000000000e+02
4.120000000000000000e+02
4.080000000000000000e+02
4.200000000000000000e+02
4.190000000000000000e+02
4.170000000000000000e+02
4.186666666666666856e+02
4.980000000000000000e+02
5.570000000000000000e+02
5.586666666666666288e+02
5.620000000000000000e+02
5.586666666666666288e+02
4.190000000000000000e+02
4.200000000000000000e+02
4.200000000000000000e+02
4.300000000000000000e+02
4.320000000000000000e+02
4.200000000000000000e+02
4.160000000000000000e+02
4.160000000000000000e+02
4.200000000000000000e+02
4.210000000000000000e+02
4.320000000000000000e+02
4.390000000000000000e+02
4.520000000000000000e+02
4.560000000000000000e+02
4.200000000000000000e+02
4.160000000000000000e+02
4.210000000000000000e+02
3.870000000000000000e+02
4.240000000000000000e+02
4.240000000000000000e+02
4.240000000000000000e+02
4.280000000000000000e+02
3.800000000000000000e+02
4.280000000000000000e+02
5.510000000000000000e+02
4.840000000000000000e+02
5.590000000000000000e+02
5.530000000000000000e+02
5.630000000000000000e+02
5.680000000000000000e+02
5.740000000000000000e+02
5.700000000000000000e+02
5.360000000000000000e+02
4.180000000000000000e+02
4.260000000000000000e+02
4.120000000000000000e+02
4.120000000000000000e+02
4.030000000000000000e+02
4.040000000000000000e+02
4.760000000000000000e+02
4.080000000000000000e+02
4.630000000000000000e+02
4.470000000000000000e+02
5.306666666666666288e+02
5.220000000000000000e+02
4.200000000000000000e+02
4.640000000000000000e+02
5.093333333333333144e+02
4.880000000000000000e+02
4.860000000000000000e+02
4.860000000000000000e+02
5.200000000000000000e+02
5.520000000000000000e+02
5.820000000000000000e+02
6.150000000000000000e+02
6.010000000000000000e+02
6.040000000000000000e+02
5.760000000000000000e+02
5.820000000000000000e+02
5.680000000000000000e+02
5.500000000000000000e+02
5.710000000000000000e+02
5.680000000000000000e+02
6.080000000000000000e+02
6.186666666666666288e+02
5.660000000000000000e+02
5.040000000000000000e+02
5.360000000000000000e+02
5.690000000000000000e+02
4.960000000000000000e+02
4.960000000000000000e+02
4.960000000000000000e+02
4.850000000000000000e+02
4.900000000000000000e+02
5.413333333333333712e+02
5.460000000000000000e+02
5.540000000000000000e+02
5.080000000000000000e+02
5.290000000000000000e+02
5.400000000000000000e+02
5.710000000000000000e+02
5.270000000000000000e+02
7.240000000000000000e+02
6.520000000000000000e+02
5.770000000000000000e+02
5.600000000000000000e+02
6.060000000000000000e+02
6.170000000000000000e+02
5.960000000000000000e+02
5.630000000000000000e+02
5.610000000000000000e+02
5.693333333333333712e+02
5.653333333333333712e+02
5.730000000000000000e+02
5.750000000000000000e+02
6.200000000000000000e+02
6.190000000000000000e+02
5.750000000000000000e+02
5.760000000000000000e+02
7.160000000000000000e+02
5.960000000000000000e+02
6.600000000000000000e+02
5.950000000000000000e+02
6.093333333333333712e+02
5.180000000000000000e+02
4.970000000000000000e+02
6.840000000000000000e+02
6.360000000000000000e+02
6.906666666666666288e+02
7.120000000000000000e+02
5.813333333333333712e+02
5.860000000000000000e+02
5.200000000000000000e+02
6.053333333333333712e+02
5.860000000000000000e+02
5.906666666666666288e+02
5.666666666666666288e+02
6.940000000000000000e+02
5.746666666666666288e+02
5.413333333333333712e+02
5.700000000000000000e+02
5.690000000000000000e+02
5.640000000000000000e+02
5.680000000000000000e+02
