4.620000000000000000e+02
4.613333333333333144e+02
4.570000000000000000e+02
5.280000000000000000e+02
4.880000000000000000e+02
4.840000000000000000e+02
4.800000000000000000e+02
4.800000000000000000e+02
4.760000000000000000e+02
4.760000000000000000e+02
4.840000000000000000e+02
4.760000000000000000e+02
4.280000000000000000e+02
4.160000000000000000e+02
4.640000000000000000e+02
4.400000000000000000e+02
6.520000000000000000e+02
4.250000000000000000e+02
4.220000000000000000e+02
4.180000000000000000e+02
4.080000000000000000e+02
4.840000000000000000e+02
4.853333333333333144e+02
4.900000000000000000e+02
4.870000000000000000e+02
4.930000000000000000e+02
4.860000000000000000e+02
4.760000000000000000e+02
4.853333333333333144e+02
4.600000000000000000e+02
4.760000000000000000e+02
4.770000000000000000e+02
4.573333333333333144e+02
6.840000000000000000e+02
7.120000000000000000e+02
7.610000000000000000e+02
4.830000000000000000e+02
4.933333333333333144e+02
4.450000000000000000e+02
4.830000000000000000e+02
3.733333333333333144e+02
4.253333333333333144e+02
4.320000000000000000e+02
4.640000000000000000e+02
4.310000000000000000e+02
4.130000000000000000e+02
4.560000000000000000e+02
4.580000000000000000e+02
4.600000000000000000e+02
3.770000000000000000e+02
3.560000000000000000e+02
3.780000000000000000e+02
3.810000000000000000e+02
4.400000000000000000e+02
3.880000000000000000e+02
3.590000000000000000e+02
4.190000000000000000e+02
4.000000000000000000e+02
3.660000000000000000e+02
3.690000000000000000e+02
3.580000000000000000e+02
4.810000000000000000e+02
5.370000000000000000e+02
4.700000000000000000e+02
3.930000000000000000e+02
3.910000000000000000e+02
3.710000000000000000e+02
3.666666666666666856e+02
3.680000000000000000e+02
3.700000000000000000e+02
3.640000000000000000e+02
3.640000000000000000e+02
3.660000000000000000e+02
3.560000000000000000e+02
3.680000000000000000e+02
3.800000000000000000e+02
3.746666666666666856e+02
4.130000000000000000e+02
4.800000000000000000e+02
3.840000000000000000e+02
3.920000000000000000e+02
3.910000000000000000e+02
4.360000000000000000e+02
3.850000000000000000e+02
3.510000000000000000e+02
4.120000000000000000e+02
3.530000000000000000e+02
3.390000000000000000e+02
3.780000000000000000e+02
3.680000000000000000e+02
4.360000000000000000e+02
3.720000000000000000e+02
4.786666666666666856e+02
4.493333333333333144e+02
4.186666666666666856e+02
3.666666666666666856e+02
3.560000000000000000e+02
3.500000000000000000e+02
3.346666666666666856e+02
4.050000000000000000e+02
4.746666666666666856e+02
5.900000000000000000e+02
3.600000000000000000e+02
3.500000000000000000e+02
3.320000000000000000e+02
3.430000000000000000e+02
3.400000000000000000e+02
3.480000000000000000e+02
3.640000000000000000e+02
3.680000000000000000e+02
4.150000000000000000e+02
3.870000000000000000e+02
3.740000000000000000e+02
3.880000000000000000e+02
3.640000000000000000e+02
3.560000000000000000e+02
3.640000000000000000e+02
3.480000000000000000e+02
3.520000000000000000e+02
3.460000000000000000e+02
3.450000000000000000e+02
3.560000000000000000e+02
3.560000000000000000e+02
3.380000000000000000e+02
3.340000000000000000e+02
3.330000000000000000e+02
3.640000000000000000e+02
3.600000000000000000e+02
3.980000000000000000e+02
3.600000000000000000e+02
3.500000000000000000e+02
3.400000000000000000e+02
3.760000000000000000e+02
3.460000000000000000e+02
3.760000000000000000e+02
3.560000000000000000e+02
3.520000000000000000e+02
3.560000000000000000e+02
3.520000000000000000e+02
3.550000000000000000e+02
3.680000000000000000e+02
3.720000000000000000e+02
3.853333333333333144e+02
3.890000000000000000e+02
4.150000000000000000e+02
3.880000000000000000e+02
3.920000000000000000e+02
3.720000000000000000e+02
3.640000000000000000e+02
3.890000000000000000e+02
3.400000000000000000e+02
3.480000000000000000e+02
3.813333333333333144e+02
3.790000000000000000e+02
3.790000000000000000e+02
3.640000000000000000e+02
3.660000000000000000e+02
3.560000000000000000e+02
3.580000000000000000e+02
3.620000000000000000e+02
3.730000000000000000e+02
3.640000000000000000e+02
4.900000000000000000e+02
3.690000000000000000e+02
3.620000000000000000e+02
3.420000000000000000e+02
4.020000000000000000e+02
3.660000000000000000e+02
3.670000000000000000e+02
3.570000000000000000e+02
3.620000000000000000e+02
3.440000000000000000e+02
5.010000000000000000e+02
3.640000000000000000e+02
4.720000000000000000e+02
4.520000000000000000e+02
4.760000000000000000e+02
4.400000000000000000e+02
4.370000000000000000e+02
4.386666666666666856e+02
4.140000000000000000e+02
4.190000000000000000e+02
4.200000000000000000e+02
4.130000000000000000e+02
3.640000000000000000e+02
3.680000000000000000e+02
3.710000000000000000e+02
3.680000000000000000e+02
3.680000000000000000e+02
3.600000000000000000e+02
3.690000000000000000e+02
4.790000000000000000e+02
3.700000000000000000e+02
4.890000000000000000e+02
5.100000000000000000e+02
3.750000000000000000e+02
3.760000000000000000e+02
4.830000000000000000e+02
3.670000000000000000e+02
4.600000000000000000e+02
3.906666666666666856e+02
4.330000000000000000e+02
3.830000000000000000e+02
4.026666666666666856e+02
4.440000000000000000e+02
4.893333333333333144e+02
5.130000000000000000e+02
5.040000000000000000e+02
5.150000000000000000e+02
5.100000000000000000e+02
4.186666666666666856e+02
4.773333333333333144e+02
4.820000000000000000e+02
4.180000000000000000e+02
4.493333333333333144e+02
3.986666666666666856e+02
4.820000000000000000e+02
4.750000000000000000e+02
4.730000000000000000e+02
4.760000000000000000e+02
4.973333333333333144e+02
4.920000000000000000e+02
4.960000000000000000e+02
4.970000000000000000e+02
4.973333333333333144e+02
5.160000000000000000e+02
4.990000000000000000e+02
4.973333333333333144e+02
4.830000000000000000e+02
4.420000000000000000e+02
4.720000000000000000e+02
4.720000000000000000e+02
4.870000000000000000e+02
4.813333333333333144e+02
4.270000000000000000e+02
7.040000000000000000e+02
4.840000000000000000e+02
4.920000000000000000e+02
5.093333333333333144e+02
5.240000000000000000e+02
4.893333333333333144e+02
5.040000000000000000e+02
4.866666666666666856e+02
5.640000000000000000e+02
4.730000000000000000e+02
4.453333333333333144e+02
4.906666666666666856e+02
6.906666666666666288e+02
5.010000000000000000e+02
5.130000000000000000e+02
5.293333333333333712e+02
5.110000000000000000e+02
6.960000000000000000e+02
6.933333333333333712e+02
5.520000000000000000e+02
5.000000000000000000e+02
