5.000000000000000000e+02
5.230000000000000000e+02
5.260000000000000000e+02
5.170000000000000000e+02
5.100000000000000000e+02
5.200000000000000000e+02
5.160000000000000000e+02
5.320000000000000000e+02
3.306666666666666856e+02
3.410000000000000000e+02
3.440000000000000000e+02
3.440000000000000000e+02
3.400000000000000000e+02
4.386666666666666856e+02
4.410000000000000000e+02
4.530000000000000000e+02
4.640000000000000000e+02
4.460000000000000000e+02
4.373333333333333144e+02
4.360000000000000000e+02
3.610000000000000000e+02
3.750000000000000000e+02
3.380000000000000000e+02
3.620000000000000000e+02
3.790000000000000000e+02
5.470000000000000000e+02
6.160000000000000000e+02
4.573333333333333144e+02
4.680000000000000000e+02
5.470000000000000000e+02
5.293333333333333712e+02
5.370000000000000000e+02
5.280000000000000000e+02
5.460000000000000000e+02
5.380000000000000000e+02
5.500000000000000000e+02
5.453333333333333712e+02
4.450000000000000000e+02
3.613333333333333144e+02
3.693333333333333144e+02
3.730000000000000000e+02
3.440000000000000000e+02
3.480000000000000000e+02
3.440000000000000000e+02
4.493333333333333144e+02
4.100000000000000000e+02
4.180000000000000000e+02
3.820000000000000000e+02
3.660000000000000000e+02
3.680000000000000000e+02
3.820000000000000000e+02
3.510000000000000000e+02
3.480000000000000000e+02
3.590000000000000000e+02
3.693333333333333144e+02
3.493333333333333144e+02
3.670000000000000000e+02
5.500000000000000000e+02
3.800000000000000000e+02
4.013333333333333144e+02
5.120000000000000000e+02
5.600000000000000000e+02
5.610000000000000000e+02
5.350000000000000000e+02
5.320000000000000000e+02
5.600000000000000000e+02
3.826666666666666856e+02
5.586666666666666288e+02
3.730000000000000000e+02
3.973333333333333144e+02
3.690000000000000000e+02
3.510000000000000000e+02
3.626666666666666856e+02
3.640000000000000000e+02
3.580000000000000000e+02
3.530000000000000000e+02
3.470000000000000000e+02
3.573333333333333144e+02
3.760000000000000000e+02
4.200000000000000000e+02
3.893333333333333144e+02
3.640000000000000000e+02
3.500000000000000000e+02
3.520000000000000000e+02
3.550000000000000000e+02
3.520000000000000000e+02
3.530000000000000000e+02
3.520000000000000000e+02
3.440000000000000000e+02
3.440000000000000000e+02
3.670000000000000000e+02
3.640000000000000000e+02
3.586666666666666856e+02
3.800000000000000000e+02
4.000000000000000000e+02
4.800000000000000000e+02
5.020000000000000000e+02
4.893333333333333144e+02
4.733333333333333144e+02
3.680000000000000000e+02
3.680000000000000000e+02
3.650000000000000000e+02
3.520000000000000000e+02
3.480000000000000000e+02
3.920000000000000000e+02
3.840000000000000000e+02
4.020000000000000000e+02
3.640000000000000000e+02
3.550000000000000000e+02
4.180000000000000000e+02
3.640000000000000000e+02
3.970000000000000000e+02
3.580000000000000000e+02
3.613333333333333144e+02
3.520000000000000000e+02
3.510000000000000000e+02
3.520000000000000000e+02
3.870000000000000000e+02
3.830000000000000000e+02
3.840000000000000000e+02
3.930000000000000000e+02
3.920000000000000000e+02
3.680000000000000000e+02
3.380000000000000000e+02
3.546666666666666856e+02
3.820000000000000000e+02
5.050000000000000000e+02
4.770000000000000000e+02
5.030000000000000000e+02
5.050000000000000000e+02
3.860000000000000000e+02
3.800000000000000000e+02
3.600000000000000000e+02
3.720000000000000000e+02
3.820000000000000000e+02
3.790000000000000000e+02
3.830000000000000000e+02
3.840000000000000000e+02
3.790000000000000000e+02
3.640000000000000000e+02
3.630000000000000000e+02
3.610000000000000000e+02
3.640000000000000000e+02
4.706666666666666856e+02
4.293333333333333144e+02
3.746666666666666856e+02
3.690000000000000000e+02
3.640000000000000000e+02
3.730000000000000000e+02
4.000000000000000000e+02
3.960000000000000000e+02
3.920000000000000000e+02
3.880000000000000000e+02
3.880000000000000000e+02
3.860000000000000000e+02
3.880000000000000000e+02
5.093333333333333144e+02
4.280000000000000000e+02
5.130000000000000000e+02
5.010000000000000000e+02
5.200000000000000000e+02
5.240000000000000000e+02
5.490000000000000000e+02
4.013333333333333144e+02
4.000000000000000000e+02
3.880000000000000000e+02
4.150000000000000000e+02
3.880000000000000000e+02
4.430000000000000000e+02
3.830000000000000000e+02
4.000000000000000000e+02
3.880000000000000000e+02
3.840000000000000000e+02
3.920000000000000000e+02
4.120000000000000000e+02
4.620000000000000000e+02
4.280000000000000000e+02
4.560000000000000000e+02
4.700000000000000000e+02
3.880000000000000000e+02
3.880000000000000000e+02
3.880000000000000000e+02
5.050000000000000000e+02
5.100000000000000000e+02
4.150000000000000000e+02
5.026666666666666856e+02
5.360000000000000000e+02
5.890000000000000000e+02
4.180000000000000000e+02
6.140000000000000000e+02
5.760000000000000000e+02
5.000000000000000000e+02
5.813333333333333712e+02
5.400000000000000000e+02
5.813333333333333712e+02
5.430000000000000000e+02
6.080000000000000000e+02
7.310000000000000000e+02
5.900000000000000000e+02
4.800000000000000000e+02
4.940000000000000000e+02
5.140000000000000000e+02
5.093333333333333144e+02
4.740000000000000000e+02
4.810000000000000000e+02
4.400000000000000000e+02
4.540000000000000000e+02
4.590000000000000000e+02
5.730000000000000000e+02
7.640000000000000000e+02
4.270000000000000000e+02
4.790000000000000000e+02
4.430000000000000000e+02
5.110000000000000000e+02
5.133333333333333712e+02
5.000000000000000000e+02
5.580000000000000000e+02
7.690000000000000000e+02
5.920000000000000000e+02
5.866666666666666288e+02
6.026666666666666288e+02
5.880000000000000000e+02
5.933333333333333712e+02
5.920000000000000000e+02
5.980000000000000000e+02
6.000000000000000000e+02
5.880000000000000000e+02
4.733333333333333144e+02
6.940000000000000000e+02
7.590000000000000000e+02
5.880000000000000000e+02
4.946666666666666856e+02
5.213333333333333712e+02
4.980000000000000000e+02
5.160000000000000000e+02
4.740000000000000000e+02
7.730000000000000000e+02
7.820000000000000000e+02
7.666666666666666288e+02
6.293333333333333712e+02
6.320000000000000000e+02
7.280000000000000000e+02
5.960000000000000000e+02
6.470000000000000000e+02
6.880000000000000000e+02
5.933333333333333712e+02
6.880000000000000000e+02
7.560000000000000000e+02
5.266666666666666288e+02
5.600000000000000000e+02
5.600000000000000000e+02
5.813333333333333712e+02
6.050000000000000000e+02
6.130000000000000000e+02
6.210000000000000000e+02
6.060000000000000000e+02
