6.440000000000000000e+02
6.640000000000000000e+02
6.600000000000000000e+02
6.520000000000000000e+02
6.333333333333333712e+02
6.280000000000000000e+02
6.320000000000000000e+02
6.320000000000000000e+02
5.120000000000000000e+02
6.293333333333333712e+02
6.000000000000000000e+02
5.910000000000000000e+02
5.960000000000000000e+02
6.040000000000000000e+02
5.960000000000000000e+02
5.986666666666666288e+02
5.840000000000000000e+02
5.770000000000000000e+02
5.830000000000000000e+02
6.000000000000000000e+02
6.200000000000000000e+02
5.040000000000000000e+02
5.080000000000000000e+02
5.040000000000000000e+02
6.280000000000000000e+02
6.240000000000000000e+02
6.280000000000000000e+02
6.280000000000000000e+02
5.120000000000000000e+02
6.600000000000000000e+02
6.940000000000000000e+02
6.400000000000000000e+02
6.440000000000000000e+02
6.340000000000000000e+02
5.180000000000000000e+02
5.160000000000000000e+02
5.190000000000000000e+02
5.000000000000000000e+02
6.200000000000000000e+02
6.200000000000000000e+02
4.920000000000000000e+02
5.000000000000000000e+02
5.920000000000000000e+02
5.960000000000000000e+02
6.000000000000000000e+02
5.840000000000000000e+02
5.760000000000000000e+02
6.320000000000000000e+02
5.800000000000000000e+02
5.820000000000000000e+02
5.773333333333333712e+02
5.910000000000000000e+02
5.860000000000000000e+02
5.880000000000000000e+02
5.080000000000000000e+02
5.080000000000000000e+02
5.320000000000000000e+02
5.000000000000000000e+02
5.160000000000000000e+02
5.240000000000000000e+02
5.050000000000000000e+02
6.600000000000000000e+02
6.480000000000000000e+02
6.560000000000000000e+02
6.600000000000000000e+02
6.620000000000000000e+02
5.040000000000000000e+02
5.120000000000000000e+02
5.280000000000000000e+02
5.000000000000000000e+02
5.130000000000000000e+02
4.960000000000000000e+02
5.000000000000000000e+02
5.040000000000000000e+02
4.960000000000000000e+02
4.920000000000000000e+02
5.800000000000000000e+02
5.800000000000000000e+02
5.850000000000000000e+02
5.770000000000000000e+02
5.880000000000000000e+02
6.240000000000000000e+02
5.590000000000000000e+02
5.040000000000000000e+02
5.080000000000000000e+02
5.000000000000000000e+02
5.040000000000000000e+02
4.970000000000000000e+02
4.920000000000000000e+02
4.930000000000000000e+02
4.960000000000000000e+02
4.920000000000000000e+02
4.880000000000000000e+02
4.880000000000000000e+02
5.000000000000000000e+02
6.110000000000000000e+02
6.100000000000000000e+02
6.106666666666666288e+02
4.960000000000000000e+02
4.920000000000000000e+02
4.920000000000000000e+02
5.040000000000000000e+02
4.960000000000000000e+02
5.000000000000000000e+02
5.000000000000000000e+02
5.000000000000000000e+02
5.000000000000000000e+02
5.080000000000000000e+02
5.120000000000000000e+02
5.560000000000000000e+02
6.120000000000000000e+02
6.080000000000000000e+02
5.400000000000000000e+02
6.040000000000000000e+02
5.440000000000000000e+02
5.120000000000000000e+02
5.040000000000000000e+02
5.040000000000000000e+02
5.000000000000000000e+02
5.000000000000000000e+02
5.150000000000000000e+02
4.960000000000000000e+02
4.840000000000000000e+02
4.840000000000000000e+02
4.880000000000000000e+02
4.920000000000000000e+02
5.000000000000000000e+02
5.000000000000000000e+02
4.973333333333333144e+02
5.000000000000000000e+02
4.920000000000000000e+02
4.920000000000000000e+02
4.920000000000000000e+02
4.880000000000000000e+02
4.960000000000000000e+02
5.020000000000000000e+02
5.080000000000000000e+02
5.160000000000000000e+02
5.000000000000000000e+02
5.020000000000000000e+02
5.480000000000000000e+02
5.520000000000000000e+02
5.480000000000000000e+02
5.510000000000000000e+02
6.280000000000000000e+02
5.520000000000000000e+02
5.840000000000000000e+02
5.320000000000000000e+02
5.120000000000000000e+02
5.070000000000000000e+02
5.100000000000000000e+02
5.200000000000000000e+02
5.280000000000000000e+02
5.280000000000000000e+02
4.800000000000000000e+02
5.080000000000000000e+02
4.900000000000000000e+02
4.920000000000000000e+02
5.000000000000000000e+02
6.340000000000000000e+02
6.360000000000000000e+02
6.680000000000000000e+02
6.760000000000000000e+02
5.120000000000000000e+02
5.066666666666666856e+02
5.226666666666666288e+02
5.160000000000000000e+02
5.200000000000000000e+02
5.200000000000000000e+02
5.200000000000000000e+02
5.880000000000000000e+02
5.960000000000000000e+02
5.920000000000000000e+02
5.840000000000000000e+02
6.090000000000000000e+02
5.920000000000000000e+02
5.840000000000000000e+02
5.080000000000000000e+02
5.770000000000000000e+02
5.866666666666666288e+02
6.000000000000000000e+02
6.040000000000000000e+02
5.160000000000000000e+02
5.200000000000000000e+02
5.240000000000000000e+02
5.200000000000000000e+02
5.320000000000000000e+02
5.160000000000000000e+02
5.500000000000000000e+02
5.440000000000000000e+02
6.540000000000000000e+02
6.520000000000000000e+02
6.560000000000000000e+02
6.720000000000000000e+02
6.800000000000000000e+02
6.670000000000000000e+02
7.920000000000000000e+02
5.400000000000000000e+02
7.960000000000000000e+02
5.190000000000000000e+02
5.240000000000000000e+02
5.200000000000000000e+02
5.240000000000000000e+02
6.240000000000000000e+02
5.720000000000000000e+02
5.540000000000000000e+02
6.080000000000000000e+02
5.840000000000000000e+02
7.293333333333333712e+02
5.840000000000000000e+02
5.800000000000000000e+02
5.600000000000000000e+02
6.220000000000000000e+02
5.173333333333333712e+02
5.280000000000000000e+02
5.200000000000000000e+02
6.400000000000000000e+02
7.960000000000000000e+02
6.430000000000000000e+02
7.960000000000000000e+02
7.720000000000000000e+02
7.960000000000000000e+02
6.840000000000000000e+02
6.840000000000000000e+02
6.640000000000000000e+02
7.960000000000000000e+02
7.740000000000000000e+02
7.960000000000000000e+02
7.920000000000000000e+02
7.960000000000000000e+02
7.960000000000000000e+02
7.960000000000000000e+02
7.960000000000000000e+02
6.653333333333333712e+02
7.340000000000000000e+02
5.360000000000000000e+02
7.150000000000000000e+02
6.550000000000000000e+02
6.493333333333333712e+02
6.780000000000000000e+02
6.640000000000000000e+02
6.426666666666666288e+02
7.920000000000000000e+02
5.120000000000000000e+02
6.470000000000000000e+02
7.960000000000000000e+02
7.480000000000000000e+02
7.960000000000000000e+02
7.960000000000000000e+02
7.960000000000000000e+02
7.960000000000000000e+02
7.960000000000000000e+02
7.960000000000000000e+02
7.960000000000000000e+02
7.960000000000000000e+02
6.760000000000000000e+02
