5.840000000000000000e+02
5.580000000000000000e+02
5.670000000000000000e+02
5.990000000000000000e+02
5.840000000000000000e+02
5.980000000000000000e+02
5.620000000000000000e+02
5.760000000000000000e+02
5.330000000000000000e+02
5.653333333333333712e+02
5.506666666666666288e+02
5.333333333333333712e+02
5.300000000000000000e+02
4.360000000000000000e+02
4.430000000000000000e+02
4.440000000000000000e+02
4.506666666666666856e+02
4.580000000000000000e+02
5.040000000000000000e+02
4.960000000000000000e+02
4.900000000000000000e+02
4.790000000000000000e+02
5.310000000000000000e+02
5.250000000000000000e+02
5.730000000000000000e+02
5.640000000000000000e+02
4.440000000000000000e+02
5.950000000000000000e+02
5.720000000000000000e+02
6.000000000000000000e+02
6.000000000000000000e+02
6.000000000000000000e+02
5.320000000000000000e+02
4.786666666666666856e+02
6.000000000000000000e+02
4.790000000000000000e+02
4.733333333333333144e+02
4.720000000000000000e+02
5.130000000000000000e+02
5.186666666666666288e+02
5.060000000000000000e+02
5.000000000000000000e+02
4.880000000000000000e+02
4.960000000000000000e+02
4.940000000000000000e+02
4.680000000000000000e+02
4.413333333333333144e+02
4.830000000000000000e+02
4.750000000000000000e+02
4.390000000000000000e+02
4.306666666666666856e+02
4.260000000000000000e+02
5.050000000000000000e+02
5.050000000000000000e+02
5.140000000000000000e+02
5.090000000000000000e+02
5.030000000000000000e+02
5.020000000000000000e+02
4.780000000000000000e+02
4.680000000000000000e+02
4.706666666666666856e+02
4.773333333333333144e+02
4.880000000000000000e+02
5.860000000000000000e+02
4.760000000000000000e+02
6.050000000000000000e+02
4.840000000000000000e+02
4.730000000000000000e+02
4.740000000000000000e+02
4.720000000000000000e+02
4.880000000000000000e+02
4.940000000000000000e+02
4.440000000000000000e+02
5.080000000000000000e+02
4.840000000000000000e+02
4.346666666666666856e+02
4.293333333333333144e+02
3.680000000000000000e+02
4.760000000000000000e+02
4.380000000000000000e+02
4.280000000000000000e+02
4.240000000000000000e+02
4.200000000000000000e+02
3.920000000000000000e+02
4.080000000000000000e+02
3.900000000000000000e+02
4.070000000000000000e+02
4.170000000000000000e+02
4.230000000000000000e+02
4.120000000000000000e+02
4.740000000000000000e+02
4.650000000000000000e+02
4.230000000000000000e+02
4.640000000000000000e+02
4.710000000000000000e+02
4.990000000000000000e+02
4.720000000000000000e+02
4.720000000000000000e+02
4.950000000000000000e+02
4.090000000000000000e+02
3.850000000000000000e+02
3.920000000000000000e+02
4.330000000000000000e+02
4.160000000000000000e+02
4.200000000000000000e+02
4.020000000000000000e+02
4.080000000000000000e+02
4.130000000000000000e+02
4.226666666666666856e+02
4.000000000000000000e+02
4.010000000000000000e+02
4.213333333333333144e+02
4.200000000000000000e+02
4.020000000000000000e+02
4.040000000000000000e+02
4.020000000000000000e+02
4.020000000000000000e+02
4.010000000000000000e+02
4.360000000000000000e+02
4.110000000000000000e+02
4.310000000000000000e+02
4.040000000000000000e+02
4.010000000000000000e+02
3.960000000000000000e+02
4.060000000000000000e+02
4.290000000000000000e+02
4.480000000000000000e+02
5.600000000000000000e+02
5.550000000000000000e+02
5.480000000000000000e+02
4.640000000000000000e+02
4.160000000000000000e+02
4.170000000000000000e+02
4.000000000000000000e+02
3.990000000000000000e+02
4.320000000000000000e+02
4.160000000000000000e+02
4.130000000000000000e+02
4.040000000000000000e+02
4.120000000000000000e+02
4.200000000000000000e+02
4.200000000000000000e+02
4.213333333333333144e+02
4.310000000000000000e+02
4.293333333333333144e+02
4.200000000000000000e+02
4.200000000000000000e+02
4.160000000000000000e+02
4.053333333333333144e+02
4.120000000000000000e+02
4.360000000000000000e+02
4.450000000000000000e+02
4.460000000000000000e+02
4.550000000000000000e+02
4.330000000000000000e+02
4.320000000000000000e+02
4.240000000000000000e+02
4.890000000000000000e+02
5.540000000000000000e+02
5.546666666666666288e+02
5.210000000000000000e+02
5.010000000000000000e+02
4.760000000000000000e+02
4.810000000000000000e+02
4.320000000000000000e+02
4.230000000000000000e+02
6.160000000000000000e+02
4.306666666666666856e+02
4.320000000000000000e+02
4.350000000000000000e+02
4.490000000000000000e+02
5.050000000000000000e+02
4.160000000000000000e+02
4.140000000000000000e+02
4.270000000000000000e+02
4.346666666666666856e+02
4.660000000000000000e+02
4.840000000000000000e+02
4.920000000000000000e+02
4.880000000000000000e+02
4.190000000000000000e+02
5.106666666666666856e+02
5.170000000000000000e+02
4.240000000000000000e+02
5.000000000000000000e+02
4.600000000000000000e+02
6.133333333333333712e+02
6.010000000000000000e+02
5.380000000000000000e+02
5.970000000000000000e+02
5.600000000000000000e+02
5.880000000000000000e+02
5.880000000000000000e+02
5.610000000000000000e+02
5.890000000000000000e+02
4.910000000000000000e+02
6.110000000000000000e+02
6.133333333333333712e+02
4.960000000000000000e+02
5.000000000000000000e+02
5.333333333333333712e+02
4.986666666666666856e+02
5.453333333333333712e+02
5.250000000000000000e+02
4.740000000000000000e+02
4.530000000000000000e+02
4.440000000000000000e+02
4.350000000000000000e+02
4.320000000000000000e+02
4.640000000000000000e+02
5.000000000000000000e+02
4.813333333333333144e+02
5.560000000000000000e+02
5.760000000000000000e+02
5.613333333333333712e+02
5.640000000000000000e+02
5.490000000000000000e+02
5.910000000000000000e+02
5.140000000000000000e+02
5.900000000000000000e+02
5.920000000000000000e+02
5.160000000000000000e+02
4.880000000000000000e+02
5.910000000000000000e+02
5.900000000000000000e+02
5.650000000000000000e+02
5.900000000000000000e+02
5.880000000000000000e+02
5.610000000000000000e+02
6.080000000000000000e+02
5.693333333333333712e+02
5.560000000000000000e+02
5.540000000000000000e+02
5.840000000000000000e+02
5.290000000000000000e+02
5.280000000000000000e+02
4.293333333333333144e+02
4.900000000000000000e+02
4.930000000000000000e+02
4.910000000000000000e+02
4.680000000000000000e+02
4.760000000000000000e+02
5.133333333333333712e+02
5.480000000000000000e+02
5.210000000000000000e+02
5.160000000000000000e+02
5.240000000000000000e+02
5.000000000000000000e+02
5.413333333333333712e+02
5.690000000000000000e+02
5.560000000000000000e+02
5.890000000000000000e+02
5.900000000000000000e+02
5.280000000000000000e+02
5.670000000000000000e+02
5.610000000000000000e+02
