5.000000000000000000e+02
4.720000000000000000e+02
5.220000000000000000e+02
5.210000000000000000e+02
4.800000000000000000e+02
5.200000000000000000e+02
4.333333333333333144e+02
5.300000000000000000e+02
3.426666666666666856e+02
3.410000000000000000e+02
3.450000000000000000e+02
3.440000000000000000e+02
3.440000000000000000e+02
4.420000000000000000e+02
4.410000000000000000e+02
4.360000000000000000e+02
3.620000000000000000e+02
4.400000000000000000e+02
4.470000000000000000e+02
4.380000000000000000e+02
3.600000000000000000e+02
3.750000000000000000e+02
3.470000000000000000e+02
3.750000000000000000e+02
3.813333333333333144e+02
5.370000000000000000e+02
6.160000000000000000e+02
4.053333333333333144e+02
5.160000000000000000e+02
5.310000000000000000e+02
4.640000000000000000e+02
5.440000000000000000e+02
5.280000000000000000e+02
4.960000000000000000e+02
4.840000000000000000e+02
5.480000000000000000e+02
5.540000000000000000e+02
4.213333333333333144e+02
6.620000000000000000e+02
3.330000000000000000e+02
5.040000000000000000e+02
3.440000000000000000e+02
3.480000000000000000e+02
3.790000000000000000e+02
4.493333333333333144e+02
4.290000000000000000e+02
4.180000000000000000e+02
3.720000000000000000e+02
3.740000000000000000e+02
3.710000000000000000e+02
3.453333333333333144e+02
3.480000000000000000e+02
3.480000000000000000e+02
3.520000000000000000e+02
3.480000000000000000e+02
3.533333333333333144e+02
6.500000000000000000e+02
4.560000000000000000e+02
3.800000000000000000e+02
4.013333333333333144e+02
5.120000000000000000e+02
5.600000000000000000e+02
5.230000000000000000e+02
5.320000000000000000e+02
5.470000000000000000e+02
5.440000000000000000e+02
5.470000000000000000e+02
5.380000000000000000e+02
3.906666666666666856e+02
3.973333333333333144e+02
3.850000000000000000e+02
3.490000000000000000e+02
3.680000000000000000e+02
3.590000000000000000e+02
3.580000000000000000e+02
3.530000000000000000e+02
3.340000000000000000e+02
3.480000000000000000e+02
3.880000000000000000e+02
3.840000000000000000e+02
3.813333333333333144e+02
3.640000000000000000e+02
3.520000000000000000e+02
3.520000000000000000e+02
3.550000000000000000e+02
3.520000000000000000e+02
3.520000000000000000e+02
3.390000000000000000e+02
3.440000000000000000e+02
3.480000000000000000e+02
3.540000000000000000e+02
3.640000000000000000e+02
3.780000000000000000e+02
4.106666666666666856e+02
4.013333333333333144e+02
5.106666666666666856e+02
5.130000000000000000e+02
4.893333333333333144e+02
4.733333333333333144e+02
3.680000000000000000e+02
3.680000000000000000e+02
3.640000000000000000e+02
3.520000000000000000e+02
3.480000000000000000e+02
3.910000000000000000e+02
3.800000000000000000e+02
4.020000000000000000e+02
3.640000000000000000e+02
3.620000000000000000e+02
3.640000000000000000e+02
3.640000000000000000e+02
3.666666666666666856e+02
3.626666666666666856e+02
3.613333333333333144e+02
3.520000000000000000e+02
3.540000000000000000e+02
3.540000000000000000e+02
3.880000000000000000e+02
3.840000000000000000e+02
3.840000000000000000e+02
3.920000000000000000e+02
3.360000000000000000e+02
3.680000000000000000e+02
4.060000000000000000e+02
3.546666666666666856e+02
3.820000000000000000e+02
5.050000000000000000e+02
4.770000000000000000e+02
4.330000000000000000e+02
5.050000000000000000e+02
3.860000000000000000e+02
3.800000000000000000e+02
3.626666666666666856e+02
3.720000000000000000e+02
3.840000000000000000e+02
3.800000000000000000e+02
3.826666666666666856e+02
3.880000000000000000e+02
3.790000000000000000e+02
3.653333333333333144e+02
3.640000000000000000e+02
3.530000000000000000e+02
3.640000000000000000e+02
3.720000000000000000e+02
4.386666666666666856e+02
4.410000000000000000e+02
3.690000000000000000e+02
3.706666666666666856e+02
3.730000000000000000e+02
4.173333333333333144e+02
3.970000000000000000e+02
3.920000000000000000e+02
3.880000000000000000e+02
3.746666666666666856e+02
3.870000000000000000e+02
3.900000000000000000e+02
3.860000000000000000e+02
4.280000000000000000e+02
5.240000000000000000e+02
5.130000000000000000e+02
5.120000000000000000e+02
5.330000000000000000e+02
5.490000000000000000e+02
6.040000000000000000e+02
4.000000000000000000e+02
3.920000000000000000e+02
3.800000000000000000e+02
3.880000000000000000e+02
4.070000000000000000e+02
3.970000000000000000e+02
4.306666666666666856e+02
3.930000000000000000e+02
3.840000000000000000e+02
4.040000000000000000e+02
3.910000000000000000e+02
4.580000000000000000e+02
4.280000000000000000e+02
4.560000000000000000e+02
3.600000000000000000e+02
4.120000000000000000e+02
3.880000000000000000e+02
3.893333333333333144e+02
5.080000000000000000e+02
5.100000000000000000e+02
4.250000000000000000e+02
5.026666666666666856e+02
4.586666666666666856e+02
5.890000000000000000e+02
4.180000000000000000e+02
6.140000000000000000e+02
5.760000000000000000e+02
5.306666666666666288e+02
5.850000000000000000e+02
5.400000000000000000e+02
5.860000000000000000e+02
6.100000000000000000e+02
5.880000000000000000e+02
6.346666666666666288e+02
7.950000000000000000e+02
7.960000000000000000e+02
4.880000000000000000e+02
5.140000000000000000e+02
5.060000000000000000e+02
4.760000000000000000e+02
4.880000000000000000e+02
4.420000000000000000e+02
4.530000000000000000e+02
4.590000000000000000e+02
5.390000000000000000e+02
4.480000000000000000e+02
7.560000000000000000e+02
4.906666666666666856e+02
4.430000000000000000e+02
4.933333333333333144e+02
5.170000000000000000e+02
5.110000000000000000e+02
5.293333333333333712e+02
5.140000000000000000e+02
5.920000000000000000e+02
5.826666666666666288e+02
6.050000000000000000e+02
5.740000000000000000e+02
5.933333333333333712e+02
5.940000000000000000e+02
6.270000000000000000e+02
6.000000000000000000e+02
5.880000000000000000e+02
5.830000000000000000e+02
6.940000000000000000e+02
7.480000000000000000e+02
7.710000000000000000e+02
5.173333333333333712e+02
5.146666666666666288e+02
7.746666666666666288e+02
5.106666666666666856e+02
5.920000000000000000e+02
5.920000000000000000e+02
7.000000000000000000e+02
6.453333333333333712e+02
4.586666666666666856e+02
7.613333333333333712e+02
6.790000000000000000e+02
5.960000000000000000e+02
5.960000000000000000e+02
6.960000000000000000e+02
7.560000000000000000e+02
6.880000000000000000e+02
5.500000000000000000e+02
7.786666666666666288e+02
7.200000000000000000e+02
7.480000000000000000e+02
5.560000000000000000e+02
6.050000000000000000e+02
6.120000000000000000e+02
5.850000000000000000e+02
5.706666666666666288e+02
