5.100000000000000000e+02
4.720000000000000000e+02
5.220000000000000000e+02
5.210000000000000000e+02
5.170000000000000000e+02
4.653333333333333144e+02
3.960000000000000000e+02
5.320000000000000000e+02
3.920000000000000000e+02
6.470000000000000000e+02
3.410000000000000000e+02
3.440000000000000000e+02
3.440000000000000000e+02
4.380000000000000000e+02
4.410000000000000000e+02
4.520000000000000000e+02
4.190000000000000000e+02
4.460000000000000000e+02
4.440000000000000000e+02
4.380000000000000000e+02
3.600000000000000000e+02
3.700000000000000000e+02
3.700000000000000000e+02
3.750000000000000000e+02
3.693333333333333144e+02
3.760000000000000000e+02
3.826666666666666856e+02
4.053333333333333144e+02
4.680000000000000000e+02
5.453333333333333712e+02
5.293333333333333712e+02
4.680000000000000000e+02
5.280000000000000000e+02
5.460000000000000000e+02
5.280000000000000000e+02
5.500000000000000000e+02
5.540000000000000000e+02
4.213333333333333144e+02
6.620000000000000000e+02
3.590000000000000000e+02
7.020000000000000000e+02
6.760000000000000000e+02
3.440000000000000000e+02
3.440000000000000000e+02
4.660000000000000000e+02
4.050000000000000000e+02
3.870000000000000000e+02
3.820000000000000000e+02
3.680000000000000000e+02
3.680000000000000000e+02
3.453333333333333144e+02
3.500000000000000000e+02
3.500000000000000000e+02
3.580000000000000000e+02
3.630000000000000000e+02
3.210000000000000000e+02
5.253333333333333712e+02
4.560000000000000000e+02
3.800000000000000000e+02
4.040000000000000000e+02
5.480000000000000000e+02
5.600000000000000000e+02
5.610000000000000000e+02
5.360000000000000000e+02
5.120000000000000000e+02
5.610000000000000000e+02
5.600000000000000000e+02
5.380000000000000000e+02
3.906666666666666856e+02
4.140000000000000000e+02
3.690000000000000000e+02
4.506666666666666856e+02
3.680000000000000000e+02
3.640000000000000000e+02
3.580000000000000000e+02
3.480000000000000000e+02
3.480000000000000000e+02
3.470000000000000000e+02
3.920000000000000000e+02
4.200000000000000000e+02
3.733333333333333144e+02
3.640000000000000000e+02
3.520000000000000000e+02
3.493333333333333144e+02
3.530000000000000000e+02
3.520000000000000000e+02
3.520000000000000000e+02
3.493333333333333144e+02
3.440000000000000000e+02
3.480000000000000000e+02
3.670000000000000000e+02
3.680000000000000000e+02
3.586666666666666856e+02
3.980000000000000000e+02
4.013333333333333144e+02
4.800000000000000000e+02
5.026666666666666856e+02
4.293333333333333144e+02
4.733333333333333144e+02
3.700000000000000000e+02
3.346666666666666856e+02
3.640000000000000000e+02
3.430000000000000000e+02
3.450000000000000000e+02
3.426666666666666856e+02
3.830000000000000000e+02
3.620000000000000000e+02
3.640000000000000000e+02
3.550000000000000000e+02
3.550000000000000000e+02
3.640000000000000000e+02
3.720000000000000000e+02
3.580000000000000000e+02
3.640000000000000000e+02
3.390000000000000000e+02
3.540000000000000000e+02
3.520000000000000000e+02
3.746666666666666856e+02
3.840000000000000000e+02
3.866666666666666856e+02
3.880000000000000000e+02
3.893333333333333144e+02
3.650000000000000000e+02
3.380000000000000000e+02
3.786666666666666856e+02
3.826666666666666856e+02
5.173333333333333712e+02
5.090000000000000000e+02
4.860000000000000000e+02
5.220000000000000000e+02
5.090000000000000000e+02
3.853333333333333144e+02
3.600000000000000000e+02
3.740000000000000000e+02
3.960000000000000000e+02
3.440000000000000000e+02
3.826666666666666856e+02
3.840000000000000000e+02
3.640000000000000000e+02
3.653333333333333144e+02
3.630000000000000000e+02
3.610000000000000000e+02
3.640000000000000000e+02
4.706666666666666856e+02
4.400000000000000000e+02
3.746666666666666856e+02
3.700000000000000000e+02
3.680000000000000000e+02
3.730000000000000000e+02
4.173333333333333144e+02
3.960000000000000000e+02
3.880000000000000000e+02
3.840000000000000000e+02
3.880000000000000000e+02
4.650000000000000000e+02
3.866666666666666856e+02
3.860000000000000000e+02
4.280000000000000000e+02
5.130000000000000000e+02
5.180000000000000000e+02
5.200000000000000000e+02
5.330000000000000000e+02
5.940000000000000000e+02
4.040000000000000000e+02
4.020000000000000000e+02
3.920000000000000000e+02
3.900000000000000000e+02
3.880000000000000000e+02
4.430000000000000000e+02
3.830000000000000000e+02
4.306666666666666856e+02
3.880000000000000000e+02
3.770000000000000000e+02
3.950000000000000000e+02
3.940000000000000000e+02
4.610000000000000000e+02
4.280000000000000000e+02
4.560000000000000000e+02
4.640000000000000000e+02
4.120000000000000000e+02
3.920000000000000000e+02
3.880000000000000000e+02
5.040000000000000000e+02
4.240000000000000000e+02
4.250000000000000000e+02
5.180000000000000000e+02
5.360000000000000000e+02
6.040000000000000000e+02
4.180000000000000000e+02
5.920000000000000000e+02
5.760000000000000000e+02
5.680000000000000000e+02
5.820000000000000000e+02
5.426666666666666288e+02
5.920000000000000000e+02
5.430000000000000000e+02
5.880000000000000000e+02
7.960000000000000000e+02
7.600000000000000000e+02
7.880000000000000000e+02
4.973333333333333144e+02
5.186666666666666288e+02
5.093333333333333144e+02
4.970000000000000000e+02
4.590000000000000000e+02
4.450000000000000000e+02
4.586666666666666856e+02
4.590000000000000000e+02
5.730000000000000000e+02
4.480000000000000000e+02
4.760000000000000000e+02
4.466666666666666856e+02
4.786666666666666856e+02
4.800000000000000000e+02
5.170000000000000000e+02
5.040000000000000000e+02
4.280000000000000000e+02
5.140000000000000000e+02
7.830000000000000000e+02
5.826666666666666288e+02
5.190000000000000000e+02
5.800000000000000000e+02
6.010000000000000000e+02
4.880000000000000000e+02
6.270000000000000000e+02
5.800000000000000000e+02
6.000000000000000000e+02
4.820000000000000000e+02
7.640000000000000000e+02
7.480000000000000000e+02
7.710000000000000000e+02
5.150000000000000000e+02
5.213333333333333712e+02
7.746666666666666288e+02
5.106666666666666856e+02
5.920000000000000000e+02
7.730000000000000000e+02
7.110000000000000000e+02
7.666666666666666288e+02
4.586666666666666856e+02
6.570000000000000000e+02
7.530000000000000000e+02
7.280000000000000000e+02
5.960000000000000000e+02
7.706666666666666288e+02
7.560000000000000000e+02
5.160000000000000000e+02
5.500000000000000000e+02
4.860000000000000000e+02
5.370000000000000000e+02
7.090000000000000000e+02
5.080000000000000000e+02
5.706666666666666288e+02
6.230000000000000000e+02
6.210000000000000000e+02
6.060000000000000000e+02
