7.360000000000000000e+02
7.410000000000000000e+02
7.440000000000000000e+02
7.546666666666666288e+02
7.480000000000000000e+02
6.910000000000000000e+02
4.880000000000000000e+02
4.830000000000000000e+02
7.230000000000000000e+02
4.650000000000000000e+02
6.860000000000000000e+02
7.413333333333333712e+02
7.520000000000000000e+02
7.453333333333333712e+02
7.690000000000000000e+02
5.920000000000000000e+02
7.600000000000000000e+02
7.560000000000000000e+02
5.760000000000000000e+02
7.680000000000000000e+02
7.640000000000000000e+02
6.920000000000000000e+02
6.826666666666666288e+02
6.840000000000000000e+02
7.480000000000000000e+02
7.440000000000000000e+02
7.480000000000000000e+02
7.440000000000000000e+02
4.760000000000000000e+02
7.400000000000000000e+02
7.080000000000000000e+02
4.906666666666666856e+02
7.440000000000000000e+02
7.440000000000000000e+02
7.460000000000000000e+02
7.460000000000000000e+02
6.360000000000000000e+02
4.740000000000000000e+02
4.720000000000000000e+02
4.750000000000000000e+02
7.493333333333333712e+02
4.860000000000000000e+02
5.220000000000000000e+02
7.520000000000000000e+02
7.560000000000000000e+02
5.280000000000000000e+02
7.613333333333333712e+02
7.600000000000000000e+02
7.600000000000000000e+02
7.600000000000000000e+02
7.600000000000000000e+02
7.600000000000000000e+02
7.600000000000000000e+02
7.490000000000000000e+02
4.500000000000000000e+02
4.800000000000000000e+02
4.680000000000000000e+02
4.706666666666666856e+02
7.013333333333333712e+02
7.220000000000000000e+02
4.910000000000000000e+02
6.940000000000000000e+02
7.666666666666666288e+02
7.546666666666666288e+02
7.030000000000000000e+02
6.973333333333333712e+02
4.840000000000000000e+02
7.100000000000000000e+02
4.950000000000000000e+02
5.440000000000000000e+02
5.340000000000000000e+02
7.490000000000000000e+02
5.520000000000000000e+02
5.450000000000000000e+02
5.720000000000000000e+02
5.773333333333333712e+02
5.720000000000000000e+02
7.560000000000000000e+02
7.600000000000000000e+02
7.560000000000000000e+02
7.560000000000000000e+02
7.520000000000000000e+02
7.520000000000000000e+02
5.680000000000000000e+02
5.680000000000000000e+02
5.640000000000000000e+02
5.530000000000000000e+02
5.480000000000000000e+02
5.400000000000000000e+02
5.280000000000000000e+02
5.080000000000000000e+02
5.200000000000000000e+02
5.173333333333333712e+02
5.200000000000000000e+02
5.400000000000000000e+02
5.160000000000000000e+02
5.330000000000000000e+02
7.550000000000000000e+02
5.090000000000000000e+02
5.000000000000000000e+02
5.040000000000000000e+02
5.000000000000000000e+02
5.060000000000000000e+02
5.200000000000000000e+02
5.600000000000000000e+02
5.570000000000000000e+02
5.560000000000000000e+02
5.640000000000000000e+02
5.640000000000000000e+02
7.520000000000000000e+02
7.520000000000000000e+02
7.613333333333333712e+02
7.560000000000000000e+02
7.560000000000000000e+02
7.480000000000000000e+02
5.620000000000000000e+02
5.640000000000000000e+02
5.680000000000000000e+02
5.560000000000000000e+02
5.560000000000000000e+02
4.933333333333333144e+02
5.040000000000000000e+02
5.240000000000000000e+02
5.120000000000000000e+02
5.000000000000000000e+02
5.706666666666666288e+02
4.630000000000000000e+02
7.140000000000000000e+02
6.840000000000000000e+02
7.506666666666666288e+02
5.640000000000000000e+02
5.026666666666666856e+02
5.000000000000000000e+02
5.280000000000000000e+02
5.050000000000000000e+02
4.480000000000000000e+02
4.440000000000000000e+02
4.410000000000000000e+02
4.440000000000000000e+02
4.360000000000000000e+02
5.630000000000000000e+02
4.520000000000000000e+02
7.680000000000000000e+02
7.640000000000000000e+02
7.490000000000000000e+02
5.653333333333333712e+02
4.440000000000000000e+02
4.560000000000000000e+02
4.440000000000000000e+02
4.480000000000000000e+02
4.400000000000000000e+02
4.400000000000000000e+02
4.400000000000000000e+02
4.400000000000000000e+02
5.110000000000000000e+02
5.120000000000000000e+02
5.640000000000000000e+02
5.610000000000000000e+02
4.600000000000000000e+02
4.650000000000000000e+02
5.173333333333333712e+02
5.100000000000000000e+02
4.760000000000000000e+02
4.830000000000000000e+02
4.480000000000000000e+02
4.720000000000000000e+02
4.360000000000000000e+02
4.360000000000000000e+02
4.360000000000000000e+02
4.360000000000000000e+02
4.440000000000000000e+02
4.480000000000000000e+02
4.260000000000000000e+02
4.280000000000000000e+02
4.470000000000000000e+02
5.320000000000000000e+02
4.120000000000000000e+02
4.040000000000000000e+02
4.200000000000000000e+02
4.200000000000000000e+02
4.120000000000000000e+02
4.400000000000000000e+02
4.240000000000000000e+02
4.280000000000000000e+02
4.320000000000000000e+02
4.360000000000000000e+02
4.440000000000000000e+02
4.706666666666666856e+02
4.653333333333333144e+02
5.240000000000000000e+02
5.170000000000000000e+02
5.170000000000000000e+02
4.960000000000000000e+02
5.080000000000000000e+02
5.280000000000000000e+02
5.280000000000000000e+02
4.720000000000000000e+02
4.650000000000000000e+02
4.320000000000000000e+02
4.320000000000000000e+02
4.320000000000000000e+02
4.240000000000000000e+02
4.440000000000000000e+02
4.000000000000000000e+02
4.120000000000000000e+02
4.120000000000000000e+02
4.120000000000000000e+02
4.200000000000000000e+02
4.200000000000000000e+02
4.200000000000000000e+02
4.160000000000000000e+02
4.160000000000000000e+02
4.150000000000000000e+02
4.440000000000000000e+02
4.360000000000000000e+02
4.400000000000000000e+02
4.320000000000000000e+02
4.280000000000000000e+02
4.440000000000000000e+02
4.573333333333333144e+02
5.400000000000000000e+02
4.920000000000000000e+02
4.800000000000000000e+02
5.050000000000000000e+02
5.120000000000000000e+02
5.040000000000000000e+02
4.920000000000000000e+02
4.480000000000000000e+02
5.053333333333333144e+02
5.000000000000000000e+02
4.400000000000000000e+02
4.440000000000000000e+02
4.440000000000000000e+02
4.440000000000000000e+02
4.440000000000000000e+02
4.440000000000000000e+02
4.240000000000000000e+02
4.093333333333333144e+02
4.550000000000000000e+02
4.120000000000000000e+02
4.250000000000000000e+02
4.360000000000000000e+02
4.240000000000000000e+02
4.480000000000000000e+02
4.440000000000000000e+02
4.400000000000000000e+02
4.440000000000000000e+02
4.400000000000000000e+02
4.653333333333333144e+02
4.950000000000000000e+02
5.000000000000000000e+02
5.240000000000000000e+02
5.330000000000000000e+02
5.320000000000000000e+02
7.520000000000000000e+02
5.040000000000000000e+02
4.800000000000000000e+02
4.880000000000000000e+02
4.830000000000000000e+02
5.200000000000000000e+02
5.290000000000000000e+02
4.800000000000000000e+02
5.000000000000000000e+02
5.160000000000000000e+02
5.133333333333333712e+02
4.453333333333333144e+02
4.360000000000000000e+02
5.720000000000000000e+02
5.720000000000000000e+02
7.400000000000000000e+02
7.440000000000000000e+02
7.480000000000000000e+02
7.480000000000000000e+02
7.480000000000000000e+02
7.360000000000000000e+02
5.680000000000000000e+02
5.680000000000000000e+02
5.770000000000000000e+02
5.200000000000000000e+02
5.160000000000000000e+02
5.200000000000000000e+02
5.160000000000000000e+02
5.100000000000000000e+02
4.760000000000000000e+02
4.906666666666666856e+02
5.000000000000000000e+02
4.990000000000000000e+02
7.480000000000000000e+02
7.440000000000000000e+02
4.950000000000000000e+02
7.100000000000000000e+02
5.220000000000000000e+02
5.420000000000000000e+02
4.920000000000000000e+02
5.093333333333333144e+02
4.960000000000000000e+02
5.280000000000000000e+02
5.460000000000000000e+02
5.666666666666666288e+02
5.680000000000000000e+02
7.450000000000000000e+02
7.240000000000000000e+02
7.440000000000000000e+02
7.440000000000000000e+02
7.440000000000000000e+02
7.840000000000000000e+02
7.750000000000000000e+02
7.560000000000000000e+02
4.920000000000000000e+02
7.610000000000000000e+02
4.893333333333333144e+02
7.520000000000000000e+02
6.810000000000000000e+02
4.853333333333333144e+02
4.880000000000000000e+02
5.760000000000000000e+02
7.190000000000000000e+02
5.500000000000000000e+02
6.986666666666666288e+02
5.413333333333333712e+02
5.146666666666666288e+02
5.400000000000000000e+02
5.360000000000000000e+02
5.330000000000000000e+02
7.480000000000000000e+02
5.840000000000000000e+02
4.750000000000000000e+02
4.520000000000000000e+02
4.466666666666666856e+02
7.450000000000000000e+02
5.350000000000000000e+02
7.586666666666666288e+02
7.520000000000000000e+02
7.560000000000000000e+02
7.560000000000000000e+02
7.520000000000000000e+02
