6.080000000000000000e+02
6.100000000000000000e+02
4.640000000000000000e+02
6.120000000000000000e+02
5.430000000000000000e+02
5.500000000000000000e+02
4.360000000000000000e+02
5.610000000000000000e+02
5.720000000000000000e+02
5.520000000000000000e+02
5.570000000000000000e+02
4.880000000000000000e+02
4.820000000000000000e+02
4.666666666666666856e+02
5.160000000000000000e+02
4.830000000000000000e+02
4.740000000000000000e+02
4.960000000000000000e+02
5.080000000000000000e+02
4.680000000000000000e+02
4.740000000000000000e+02
4.700000000000000000e+02
5.330000000000000000e+02
5.360000000000000000e+02
5.380000000000000000e+02
5.520000000000000000e+02
5.620000000000000000e+02
5.590000000000000000e+02
5.626666666666666288e+02
6.220000000000000000e+02
6.030000000000000000e+02
6.066666666666666288e+02
6.053333333333333712e+02
6.293333333333333712e+02
6.290000000000000000e+02
6.340000000000000000e+02
5.610000000000000000e+02
5.560000000000000000e+02
5.320000000000000000e+02
4.333333333333333144e+02
5.360000000000000000e+02
5.180000000000000000e+02
4.910000000000000000e+02
4.720000000000000000e+02
4.640000000000000000e+02
4.586666666666666856e+02
4.560000000000000000e+02
4.600000000000000000e+02
4.600000000000000000e+02
4.520000000000000000e+02
4.470000000000000000e+02
4.600000000000000000e+02
4.710000000000000000e+02
4.730000000000000000e+02
4.480000000000000000e+02
4.280000000000000000e+02
4.240000000000000000e+02
4.200000000000000000e+02
4.240000000000000000e+02
4.200000000000000000e+02
6.000000000000000000e+02
6.120000000000000000e+02
5.640000000000000000e+02
5.680000000000000000e+02
5.640000000000000000e+02
5.830000000000000000e+02
5.213333333333333712e+02
4.160000000000000000e+02
4.240000000000000000e+02
4.200000000000000000e+02
4.200000000000000000e+02
4.173333333333333144e+02
4.120000000000000000e+02
4.160000000000000000e+02
4.160000000000000000e+02
4.070000000000000000e+02
4.040000000000000000e+02
4.080000000000000000e+02
4.280000000000000000e+02
4.490000000000000000e+02
4.480000000000000000e+02
4.120000000000000000e+02
4.120000000000000000e+02
4.080000000000000000e+02
4.160000000000000000e+02
4.200000000000000000e+02
4.160000000000000000e+02
4.160000000000000000e+02
4.120000000000000000e+02
4.026666666666666856e+02
4.160000000000000000e+02
4.170000000000000000e+02
4.170000000000000000e+02
4.200000000000000000e+02
4.160000000000000000e+02
5.580000000000000000e+02
5.630000000000000000e+02
5.270000000000000000e+02
4.200000000000000000e+02
4.120000000000000000e+02
4.120000000000000000e+02
4.150000000000000000e+02
4.050000000000000000e+02
4.080000000000000000e+02
4.200000000000000000e+02
4.160000000000000000e+02
4.160000000000000000e+02
4.160000000000000000e+02
4.093333333333333144e+02
4.110000000000000000e+02
4.093333333333333144e+02
4.260000000000000000e+02
4.386666666666666856e+02
4.280000000000000000e+02
4.190000000000000000e+02
4.170000000000000000e+02
4.160000000000000000e+02
4.160000000000000000e+02
4.210000000000000000e+02
4.200000000000000000e+02
4.026666666666666856e+02
4.120000000000000000e+02
4.080000000000000000e+02
4.200000000000000000e+02
4.186666666666666856e+02
4.130000000000000000e+02
4.186666666666666856e+02
5.430000000000000000e+02
5.560000000000000000e+02
5.570000000000000000e+02
5.140000000000000000e+02
5.420000000000000000e+02
4.540000000000000000e+02
4.200000000000000000e+02
4.200000000000000000e+02
4.240000000000000000e+02
4.320000000000000000e+02
4.200000000000000000e+02
4.170000000000000000e+02
4.160000000000000000e+02
4.200000000000000000e+02
4.210000000000000000e+02
4.340000000000000000e+02
4.560000000000000000e+02
4.560000000000000000e+02
4.560000000000000000e+02
4.500000000000000000e+02
4.240000000000000000e+02
4.210000000000000000e+02
4.260000000000000000e+02
4.266666666666666856e+02
4.240000000000000000e+02
4.270000000000000000e+02
4.260000000000000000e+02
4.240000000000000000e+02
5.760000000000000000e+02
5.510000000000000000e+02
5.570000000000000000e+02
5.660000000000000000e+02
5.550000000000000000e+02
5.600000000000000000e+02
5.880000000000000000e+02
5.730000000000000000e+02
5.660000000000000000e+02
5.750000000000000000e+02
4.180000000000000000e+02
4.786666666666666856e+02
4.340000000000000000e+02
4.140000000000000000e+02
4.270000000000000000e+02
4.080000000000000000e+02
4.760000000000000000e+02
4.080000000000000000e+02
4.470000000000000000e+02
4.520000000000000000e+02
5.306666666666666288e+02
5.240000000000000000e+02
4.200000000000000000e+02
4.430000000000000000e+02
5.010000000000000000e+02
4.870000000000000000e+02
4.760000000000000000e+02
4.860000000000000000e+02
5.170000000000000000e+02
5.520000000000000000e+02
5.700000000000000000e+02
6.150000000000000000e+02
5.893333333333333712e+02
5.946666666666666288e+02
5.800000000000000000e+02
5.720000000000000000e+02
5.680000000000000000e+02
5.680000000000000000e+02
5.680000000000000000e+02
5.680000000000000000e+02
5.426666666666666288e+02
6.140000000000000000e+02
5.670000000000000000e+02
5.040000000000000000e+02
5.826666666666666288e+02
5.690000000000000000e+02
4.880000000000000000e+02
4.960000000000000000e+02
4.960000000000000000e+02
4.800000000000000000e+02
4.820000000000000000e+02
6.140000000000000000e+02
5.430000000000000000e+02
6.840000000000000000e+02
6.106666666666666288e+02
5.250000000000000000e+02
5.146666666666666288e+02
5.390000000000000000e+02
5.260000000000000000e+02
5.520000000000000000e+02
5.700000000000000000e+02
5.770000000000000000e+02
5.600000000000000000e+02
5.693333333333333712e+02
6.230000000000000000e+02
6.320000000000000000e+02
5.350000000000000000e+02
6.030000000000000000e+02
5.693333333333333712e+02
5.690000000000000000e+02
5.720000000000000000e+02
5.550000000000000000e+02
6.160000000000000000e+02
5.813333333333333712e+02
5.750000000000000000e+02
5.790000000000000000e+02
5.730000000000000000e+02
6.830000000000000000e+02
7.110000000000000000e+02
5.220000000000000000e+02
5.626666666666666288e+02
7.050000000000000000e+02
4.520000000000000000e+02
5.066666666666666856e+02
6.920000000000000000e+02
6.040000000000000000e+02
6.820000000000000000e+02
6.106666666666666288e+02
5.960000000000000000e+02
4.720000000000000000e+02
5.760000000000000000e+02
5.400000000000000000e+02
6.920000000000000000e+02
5.710000000000000000e+02
5.920000000000000000e+02
5.750000000000000000e+02
5.826666666666666288e+02
5.680000000000000000e+02
5.720000000000000000e+02
5.660000000000000000e+02
5.670000000000000000e+02
