3.280000000000000000e+02
5.230000000000000000e+02
5.220000000000000000e+02
5.030000000000000000e+02
4.573333333333333144e+02
5.200000000000000000e+02
3.670000000000000000e+02
7.380000000000000000e+02
3.306666666666666856e+02
7.030000000000000000e+02
3.450000000000000000e+02
3.460000000000000000e+02
3.400000000000000000e+02
4.380000000000000000e+02
4.210000000000000000e+02
4.150000000000000000e+02
3.620000000000000000e+02
4.100000000000000000e+02
4.360000000000000000e+02
4.380000000000000000e+02
3.533333333333333144e+02
3.400000000000000000e+02
3.380000000000000000e+02
3.610000000000000000e+02
3.813333333333333144e+02
5.370000000000000000e+02
3.880000000000000000e+02
4.053333333333333144e+02
4.400000000000000000e+02
4.160000000000000000e+02
4.640000000000000000e+02
5.370000000000000000e+02
5.140000000000000000e+02
5.540000000000000000e+02
5.380000000000000000e+02
5.520000000000000000e+02
5.453333333333333712e+02
5.450000000000000000e+02
6.620000000000000000e+02
3.693333333333333144e+02
5.040000000000000000e+02
3.440000000000000000e+02
3.740000000000000000e+02
3.460000000000000000e+02
4.520000000000000000e+02
4.050000000000000000e+02
3.790000000000000000e+02
3.820000000000000000e+02
3.740000000000000000e+02
3.710000000000000000e+02
3.820000000000000000e+02
3.500000000000000000e+02
3.480000000000000000e+02
3.520000000000000000e+02
3.666666666666666856e+02
3.493333333333333144e+02
6.500000000000000000e+02
5.140000000000000000e+02
3.800000000000000000e+02
4.013333333333333144e+02
5.450000000000000000e+02
5.600000000000000000e+02
5.280000000000000000e+02
5.350000000000000000e+02
5.320000000000000000e+02
5.610000000000000000e+02
5.600000000000000000e+02
4.820000000000000000e+02
3.730000000000000000e+02
3.626666666666666856e+02
3.690000000000000000e+02
3.490000000000000000e+02
3.680000000000000000e+02
3.590000000000000000e+02
3.590000000000000000e+02
3.470000000000000000e+02
3.340000000000000000e+02
3.480000000000000000e+02
3.380000000000000000e+02
3.866666666666666856e+02
3.720000000000000000e+02
3.620000000000000000e+02
3.620000000000000000e+02
3.480000000000000000e+02
3.530000000000000000e+02
3.550000000000000000e+02
3.530000000000000000e+02
3.500000000000000000e+02
3.440000000000000000e+02
3.480000000000000000e+02
3.670000000000000000e+02
3.680000000000000000e+02
3.780000000000000000e+02
3.800000000000000000e+02
4.040000000000000000e+02
5.000000000000000000e+02
5.050000000000000000e+02
4.990000000000000000e+02
4.770000000000000000e+02
3.706666666666666856e+02
3.346666666666666856e+02
3.650000000000000000e+02
3.520000000000000000e+02
3.480000000000000000e+02
3.160000000000000000e+02
3.800000000000000000e+02
3.620000000000000000e+02
3.630000000000000000e+02
3.550000000000000000e+02
4.180000000000000000e+02
3.650000000000000000e+02
3.640000000000000000e+02
3.600000000000000000e+02
3.613333333333333144e+02
3.493333333333333144e+02
3.530000000000000000e+02
3.520000000000000000e+02
3.880000000000000000e+02
3.840000000000000000e+02
3.853333333333333144e+02
3.930000000000000000e+02
3.360000000000000000e+02
3.680000000000000000e+02
3.680000000000000000e+02
3.546666666666666856e+02
3.820000000000000000e+02
3.820000000000000000e+02
5.040000000000000000e+02
4.330000000000000000e+02
5.160000000000000000e+02
3.820000000000000000e+02
3.853333333333333144e+02
3.400000000000000000e+02
3.720000000000000000e+02
3.870000000000000000e+02
3.810000000000000000e+02
3.840000000000000000e+02
3.880000000000000000e+02
3.706666666666666856e+02
3.680000000000000000e+02
3.626666666666666856e+02
3.610000000000000000e+02
3.740000000000000000e+02
4.706666666666666856e+02
4.400000000000000000e+02
4.410000000000000000e+02
3.660000000000000000e+02
3.680000000000000000e+02
3.730000000000000000e+02
3.790000000000000000e+02
3.960000000000000000e+02
3.880000000000000000e+02
3.840000000000000000e+02
3.840000000000000000e+02
3.860000000000000000e+02
3.866666666666666856e+02
3.860000000000000000e+02
3.960000000000000000e+02
5.240000000000000000e+02
5.010000000000000000e+02
4.733333333333333144e+02
5.680000000000000000e+02
5.420000000000000000e+02
6.040000000000000000e+02
4.000000000000000000e+02
3.920000000000000000e+02
3.900000000000000000e+02
3.880000000000000000e+02
4.430000000000000000e+02
3.830000000000000000e+02
4.000000000000000000e+02
3.880000000000000000e+02
3.760000000000000000e+02
4.040000000000000000e+02
4.680000000000000000e+02
4.590000000000000000e+02
4.453333333333333144e+02
4.530000000000000000e+02
4.700000000000000000e+02
3.866666666666666856e+02
3.920000000000000000e+02
5.053333333333333144e+02
5.080000000000000000e+02
4.040000000000000000e+02
4.893333333333333144e+02
5.060000000000000000e+02
5.093333333333333144e+02
5.746666666666666288e+02
4.740000000000000000e+02
6.100000000000000000e+02
5.413333333333333712e+02
5.800000000000000000e+02
5.870000000000000000e+02
5.426666666666666288e+02
5.813333333333333712e+02
6.100000000000000000e+02
6.140000000000000000e+02
6.653333333333333712e+02
7.600000000000000000e+02
7.960000000000000000e+02
5.253333333333333712e+02
5.140000000000000000e+02
5.060000000000000000e+02
4.740000000000000000e+02
4.810000000000000000e+02
4.720000000000000000e+02
4.590000000000000000e+02
4.640000000000000000e+02
5.706666666666666288e+02
7.640000000000000000e+02
6.910000000000000000e+02
6.570000000000000000e+02
4.820000000000000000e+02
4.906666666666666856e+02
5.133333333333333712e+02
5.090000000000000000e+02
4.280000000000000000e+02
7.690000000000000000e+02
6.510000000000000000e+02
5.520000000000000000e+02
5.190000000000000000e+02
5.880000000000000000e+02
5.933333333333333712e+02
5.940000000000000000e+02
6.270000000000000000e+02
6.000000000000000000e+02
5.880000000000000000e+02
6.000000000000000000e+02
6.810000000000000000e+02
5.453333333333333712e+02
5.480000000000000000e+02
4.946666666666666856e+02
4.946666666666666856e+02
4.980000000000000000e+02
5.120000000000000000e+02
7.800000000000000000e+02
5.920000000000000000e+02
7.290000000000000000e+02
6.570000000000000000e+02
7.760000000000000000e+02
6.320000000000000000e+02
7.090000000000000000e+02
5.190000000000000000e+02
6.470000000000000000e+02
7.706666666666666288e+02
6.880000000000000000e+02
5.480000000000000000e+02
7.560000000000000000e+02
5.720000000000000000e+02
5.600000000000000000e+02
5.600000000000000000e+02
5.813333333333333712e+02
5.306666666666666288e+02
6.270000000000000000e+02
5.910000000000000000e+02
5.706666666666666288e+02
