5.000000000000000000e+02
5.230000000000000000e+02
5.220000000000000000e+02
5.170000000000000000e+02
5.170000000000000000e+02
5.210000000000000000e+02
5.160000000000000000e+02
5.320000000000000000e+02
3.920000000000000000e+02
7.260000000000000000e+02
3.410000000000000000e+02
3.440000000000000000e+02
3.400000000000000000e+02
3.746666666666666856e+02
4.410000000000000000e+02
4.520000000000000000e+02
3.680000000000000000e+02
4.100000000000000000e+02
4.360000000000000000e+02
4.380000000000000000e+02
3.533333333333333144e+02
3.750000000000000000e+02
3.700000000000000000e+02
3.720000000000000000e+02
3.760000000000000000e+02
3.760000000000000000e+02
3.880000000000000000e+02
4.573333333333333144e+02
4.400000000000000000e+02
5.470000000000000000e+02
5.410000000000000000e+02
5.440000000000000000e+02
5.346666666666666288e+02
5.460000000000000000e+02
5.220000000000000000e+02
5.500000000000000000e+02
5.070000000000000000e+02
3.920000000000000000e+02
6.620000000000000000e+02
3.590000000000000000e+02
5.040000000000000000e+02
6.760000000000000000e+02
3.740000000000000000e+02
3.750000000000000000e+02
4.493333333333333144e+02
4.050000000000000000e+02
3.790000000000000000e+02
3.820000000000000000e+02
3.660000000000000000e+02
3.680000000000000000e+02
3.820000000000000000e+02
3.480000000000000000e+02
3.480000000000000000e+02
3.590000000000000000e+02
3.666666666666666856e+02
3.210000000000000000e+02
6.500000000000000000e+02
5.500000000000000000e+02
4.800000000000000000e+02
4.013333333333333144e+02
5.480000000000000000e+02
5.600000000000000000e+02
5.230000000000000000e+02
5.350000000000000000e+02
4.980000000000000000e+02
5.610000000000000000e+02
5.060000000000000000e+02
5.600000000000000000e+02
4.733333333333333144e+02
4.140000000000000000e+02
3.690000000000000000e+02
3.630000000000000000e+02
3.640000000000000000e+02
3.640000000000000000e+02
3.560000000000000000e+02
3.510000000000000000e+02
3.470000000000000000e+02
3.480000000000000000e+02
3.920000000000000000e+02
3.840000000000000000e+02
3.720000000000000000e+02
3.640000000000000000e+02
4.200000000000000000e+02
3.480000000000000000e+02
3.480000000000000000e+02
3.546666666666666856e+02
3.520000000000000000e+02
3.520000000000000000e+02
3.440000000000000000e+02
3.440000000000000000e+02
3.670000000000000000e+02
3.640000000000000000e+02
3.600000000000000000e+02
4.106666666666666856e+02
4.040000000000000000e+02
4.800000000000000000e+02
5.050000000000000000e+02
4.893333333333333144e+02
4.733333333333333144e+02
3.700000000000000000e+02
3.346666666666666856e+02
3.650000000000000000e+02
3.520000000000000000e+02
3.450000000000000000e+02
3.890000000000000000e+02
3.800000000000000000e+02
3.950000000000000000e+02
3.640000000000000000e+02
3.550000000000000000e+02
3.550000000000000000e+02
3.680000000000000000e+02
3.640000000000000000e+02
3.626666666666666856e+02
3.613333333333333144e+02
3.390000000000000000e+02
3.560000000000000000e+02
3.520000000000000000e+02
3.880000000000000000e+02
3.800000000000000000e+02
3.840000000000000000e+02
3.880000000000000000e+02
3.360000000000000000e+02
3.680000000000000000e+02
3.650000000000000000e+02
3.746666666666666856e+02
3.820000000000000000e+02
5.093333333333333144e+02
4.770000000000000000e+02
4.860000000000000000e+02
5.220000000000000000e+02
3.860000000000000000e+02
3.800000000000000000e+02
3.400000000000000000e+02
3.720000000000000000e+02
3.870000000000000000e+02
3.790000000000000000e+02
3.826666666666666856e+02
3.880000000000000000e+02
3.706666666666666856e+02
3.653333333333333144e+02
3.640000000000000000e+02
3.640000000000000000e+02
3.653333333333333144e+02
4.706666666666666856e+02
3.720000000000000000e+02
3.746666666666666856e+02
3.860000000000000000e+02
3.820000000000000000e+02
3.760000000000000000e+02
4.026666666666666856e+02
3.960000000000000000e+02
3.920000000000000000e+02
3.870000000000000000e+02
3.870000000000000000e+02
4.130000000000000000e+02
3.880000000000000000e+02
3.840000000000000000e+02
3.960000000000000000e+02
5.130000000000000000e+02
5.010000000000000000e+02
5.200000000000000000e+02
5.066666666666666856e+02
5.490000000000000000e+02
4.060000000000000000e+02
4.010000000000000000e+02
4.040000000000000000e+02
4.110000000000000000e+02
3.890000000000000000e+02
4.070000000000000000e+02
4.026666666666666856e+02
4.306666666666666856e+02
3.930000000000000000e+02
3.760000000000000000e+02
3.866666666666666856e+02
3.910000000000000000e+02
4.580000000000000000e+02
4.480000000000000000e+02
4.560000000000000000e+02
4.640000000000000000e+02
3.866666666666666856e+02
3.880000000000000000e+02
3.880000000000000000e+02
4.980000000000000000e+02
4.040000000000000000e+02
4.250000000000000000e+02
5.053333333333333144e+02
5.093333333333333144e+02
5.700000000000000000e+02
4.180000000000000000e+02
6.140000000000000000e+02
5.880000000000000000e+02
5.790000000000000000e+02
5.813333333333333712e+02
5.826666666666666288e+02
4.520000000000000000e+02
6.100000000000000000e+02
5.880000000000000000e+02
6.346666666666666288e+02
7.950000000000000000e+02
4.800000000000000000e+02
5.253333333333333712e+02
5.186666666666666288e+02
5.060000000000000000e+02
4.740000000000000000e+02
4.810000000000000000e+02
4.420000000000000000e+02
4.560000000000000000e+02
4.640000000000000000e+02
4.650000000000000000e+02
7.640000000000000000e+02
7.560000000000000000e+02
5.360000000000000000e+02
2.720000000000000000e+02
4.906666666666666856e+02
5.170000000000000000e+02
5.110000000000000000e+02
4.280000000000000000e+02
5.560000000000000000e+02
5.920000000000000000e+02
5.520000000000000000e+02
4.460000000000000000e+02
5.880000000000000000e+02
5.813333333333333712e+02
5.920000000000000000e+02
5.980000000000000000e+02
4.893333333333333144e+02
6.120000000000000000e+02
4.733333333333333144e+02
6.810000000000000000e+02
7.610000000000000000e+02
7.710000000000000000e+02
5.360000000000000000e+02
5.280000000000000000e+02
7.670000000000000000e+02
5.000000000000000000e+02
7.800000000000000000e+02
7.960000000000000000e+02
4.460000000000000000e+02
7.666666666666666288e+02
5.610000000000000000e+02
7.310000000000000000e+02
7.280000000000000000e+02
7.280000000000000000e+02
6.470000000000000000e+02
6.960000000000000000e+02
6.880000000000000000e+02
5.480000000000000000e+02
5.500000000000000000e+02
4.860000000000000000e+02
5.620000000000000000e+02
7.480000000000000000e+02
5.950000000000000000e+02
6.050000000000000000e+02
6.280000000000000000e+02
6.200000000000000000e+02
5.350000000000000000e+02
