5.000000000000000000e+02
4.720000000000000000e+02
5.140000000000000000e+02
5.210000000000000000e+02
4.573333333333333144e+02
5.200000000000000000e+02
3.670000000000000000e+02
5.320000000000000000e+02
3.426666666666666856e+02
5.640000000000000000e+02
3.450000000000000000e+02
3.440000000000000000e+02
3.400000000000000000e+02
4.380000000000000000e+02
4.410000000000000000e+02
4.150000000000000000e+02
3.680000000000000000e+02
4.400000000000000000e+02
4.413333333333333144e+02
3.940000000000000000e+02
3.510000000000000000e+02
3.590000000000000000e+02
3.700000000000000000e+02
3.750000000000000000e+02
3.790000000000000000e+02
5.306666666666666288e+02
3.880000000000000000e+02
4.053333333333333144e+02
4.400000000000000000e+02
5.330000000000000000e+02
4.640000000000000000e+02
5.370000000000000000e+02
5.346666666666666288e+02
5.480000000000000000e+02
5.220000000000000000e+02
5.330000000000000000e+02
5.370000000000000000e+02
5.450000000000000000e+02
6.620000000000000000e+02
5.453333333333333712e+02
7.020000000000000000e+02
3.180000000000000000e+02
3.410000000000000000e+02
3.440000000000000000e+02
4.520000000000000000e+02
4.150000000000000000e+02
3.790000000000000000e+02
3.740000000000000000e+02
3.680000000000000000e+02
3.720000000000000000e+02
3.820000000000000000e+02
3.986666666666666856e+02
3.480000000000000000e+02
3.590000000000000000e+02
3.693333333333333144e+02
3.210000000000000000e+02
6.500000000000000000e+02
5.520000000000000000e+02
3.986666666666666856e+02
3.990000000000000000e+02
5.480000000000000000e+02
5.270000000000000000e+02
5.610000000000000000e+02
4.500000000000000000e+02
5.590000000000000000e+02
5.533333333333333712e+02
5.420000000000000000e+02
5.380000000000000000e+02
3.840000000000000000e+02
3.920000000000000000e+02
3.670000000000000000e+02
3.500000000000000000e+02
3.680000000000000000e+02
3.640000000000000000e+02
3.580000000000000000e+02
3.530000000000000000e+02
3.470000000000000000e+02
3.573333333333333144e+02
3.760000000000000000e+02
3.880000000000000000e+02
3.800000000000000000e+02
3.640000000000000000e+02
4.200000000000000000e+02
3.480000000000000000e+02
3.550000000000000000e+02
3.520000000000000000e+02
3.530000000000000000e+02
3.390000000000000000e+02
3.440000000000000000e+02
3.460000000000000000e+02
3.670000000000000000e+02
3.680000000000000000e+02
3.600000000000000000e+02
5.550000000000000000e+02
5.170000000000000000e+02
5.106666666666666856e+02
5.050000000000000000e+02
5.000000000000000000e+02
4.733333333333333144e+02
3.790000000000000000e+02
3.700000000000000000e+02
3.650000000000000000e+02
3.520000000000000000e+02
3.480000000000000000e+02
3.890000000000000000e+02
3.830000000000000000e+02
3.790000000000000000e+02
3.640000000000000000e+02
3.620000000000000000e+02
3.550000000000000000e+02
3.610000000000000000e+02
3.970000000000000000e+02
3.600000000000000000e+02
3.640000000000000000e+02
3.586666666666666856e+02
3.510000000000000000e+02
3.520000000000000000e+02
3.866666666666666856e+02
3.840000000000000000e+02
3.840000000000000000e+02
3.930000000000000000e+02
3.360000000000000000e+02
3.650000000000000000e+02
3.380000000000000000e+02
3.546666666666666856e+02
3.430000000000000000e+02
5.050000000000000000e+02
5.090000000000000000e+02
5.030000000000000000e+02
5.070000000000000000e+02
3.820000000000000000e+02
3.800000000000000000e+02
3.400000000000000000e+02
3.740000000000000000e+02
3.870000000000000000e+02
3.790000000000000000e+02
3.840000000000000000e+02
3.880000000000000000e+02
3.800000000000000000e+02
3.653333333333333144e+02
3.640000000000000000e+02
3.620000000000000000e+02
3.720000000000000000e+02
3.720000000000000000e+02
4.386666666666666856e+02
4.626666666666666856e+02
3.690000000000000000e+02
3.680000000000000000e+02
3.730000000000000000e+02
3.790000000000000000e+02
3.960000000000000000e+02
3.880000000000000000e+02
3.840000000000000000e+02
3.840000000000000000e+02
3.840000000000000000e+02
3.866666666666666856e+02
5.600000000000000000e+02
3.960000000000000000e+02
4.800000000000000000e+02
5.000000000000000000e+02
5.200000000000000000e+02
5.330000000000000000e+02
5.850000000000000000e+02
6.040000000000000000e+02
4.000000000000000000e+02
3.893333333333333144e+02
4.150000000000000000e+02
3.880000000000000000e+02
3.900000000000000000e+02
4.026666666666666856e+02
4.000000000000000000e+02
3.880000000000000000e+02
3.770000000000000000e+02
3.960000000000000000e+02
3.910000000000000000e+02
4.580000000000000000e+02
4.440000000000000000e+02
4.560000000000000000e+02
4.760000000000000000e+02
4.050000000000000000e+02
3.920000000000000000e+02
3.866666666666666856e+02
5.000000000000000000e+02
4.310000000000000000e+02
4.700000000000000000e+02
5.053333333333333144e+02
4.586666666666666856e+02
4.720000000000000000e+02
6.020000000000000000e+02
6.053333333333333712e+02
5.760000000000000000e+02
5.800000000000000000e+02
5.853333333333333712e+02
5.826666666666666288e+02
5.860000000000000000e+02
4.960000000000000000e+02
4.910000000000000000e+02
7.310000000000000000e+02
7.190000000000000000e+02
4.760000000000000000e+02
4.973333333333333144e+02
5.186666666666666288e+02
5.573333333333333712e+02
4.740000000000000000e+02
4.590000000000000000e+02
4.420000000000000000e+02
4.540000000000000000e+02
4.640000000000000000e+02
5.730000000000000000e+02
7.340000000000000000e+02
4.760000000000000000e+02
4.466666666666666856e+02
4.786666666666666856e+02
4.800000000000000000e+02
5.170000000000000000e+02
5.020000000000000000e+02
4.640000000000000000e+02
5.140000000000000000e+02
6.093333333333333712e+02
5.320000000000000000e+02
6.120000000000000000e+02
5.740000000000000000e+02
5.933333333333333712e+02
5.920000000000000000e+02
6.270000000000000000e+02
4.893333333333333144e+02
5.880000000000000000e+02
5.830000000000000000e+02
6.400000000000000000e+02
5.453333333333333712e+02
5.480000000000000000e+02
5.173333333333333712e+02
5.280000000000000000e+02
7.746666666666666288e+02
5.120000000000000000e+02
4.986666666666666856e+02
7.150000000000000000e+02
7.820000000000000000e+02
6.180000000000000000e+02
7.140000000000000000e+02
6.570000000000000000e+02
7.530000000000000000e+02
7.280000000000000000e+02
5.960000000000000000e+02
7.706666666666666288e+02
6.880000000000000000e+02
6.880000000000000000e+02
4.880000000000000000e+02
5.266666666666666288e+02
5.430000000000000000e+02
7.480000000000000000e+02
5.813333333333333712e+02
6.000000000000000000e+02
6.130000000000000000e+02
6.210000000000000000e+02
6.060000000000000000e+02
