3.280000000000000000e+02
4.720000000000000000e+02
5.140000000000000000e+02
5.210000000000000000e+02
4.573333333333333144e+02
4.653333333333333144e+02
3.880000000000000000e+02
5.320000000000000000e+02
3.426666666666666856e+02
7.260000000000000000e+02
3.410000000000000000e+02
3.440000000000000000e+02
3.400000000000000000e+02
4.420000000000000000e+02
4.410000000000000000e+02
4.150000000000000000e+02
4.640000000000000000e+02
4.400000000000000000e+02
4.440000000000000000e+02
4.426666666666666856e+02
3.586666666666666856e+02
3.590000000000000000e+02
3.470000000000000000e+02
3.720000000000000000e+02
3.813333333333333144e+02
5.240000000000000000e+02
3.826666666666666856e+02
4.573333333333333144e+02
4.680000000000000000e+02
5.470000000000000000e+02
4.640000000000000000e+02
5.200000000000000000e+02
5.280000000000000000e+02
4.960000000000000000e+02
5.310000000000000000e+02
5.640000000000000000e+02
5.540000000000000000e+02
3.920000000000000000e+02
3.920000000000000000e+02
3.590000000000000000e+02
5.040000000000000000e+02
6.760000000000000000e+02
3.480000000000000000e+02
3.460000000000000000e+02
4.520000000000000000e+02
4.050000000000000000e+02
3.830000000000000000e+02
3.740000000000000000e+02
3.740000000000000000e+02
3.730000000000000000e+02
3.480000000000000000e+02
3.986666666666666856e+02
3.480000000000000000e+02
3.600000000000000000e+02
3.693333333333333144e+02
3.533333333333333144e+02
3.670000000000000000e+02
5.520000000000000000e+02
4.800000000000000000e+02
3.990000000000000000e+02
5.480000000000000000e+02
5.270000000000000000e+02
5.230000000000000000e+02
5.350000000000000000e+02
5.120000000000000000e+02
5.533333333333333712e+02
5.420000000000000000e+02
5.586666666666666288e+02
3.906666666666666856e+02
3.626666666666666856e+02
3.670000000000000000e+02
3.510000000000000000e+02
3.626666666666666856e+02
3.510000000000000000e+02
3.580000000000000000e+02
3.530000000000000000e+02
3.470000000000000000e+02
3.470000000000000000e+02
3.813333333333333144e+02
3.840000000000000000e+02
3.893333333333333144e+02
3.640000000000000000e+02
3.550000000000000000e+02
3.480000000000000000e+02
3.530000000000000000e+02
3.520000000000000000e+02
3.520000000000000000e+02
3.493333333333333144e+02
3.450000000000000000e+02
3.460000000000000000e+02
3.650000000000000000e+02
3.640000000000000000e+02
3.780000000000000000e+02
5.790000000000000000e+02
5.170000000000000000e+02
4.800000000000000000e+02
5.026666666666666856e+02
4.293333333333333144e+02
4.733333333333333144e+02
3.706666666666666856e+02
3.680000000000000000e+02
3.640000000000000000e+02
3.520000000000000000e+02
3.480000000000000000e+02
3.890000000000000000e+02
3.840000000000000000e+02
3.950000000000000000e+02
3.640000000000000000e+02
3.640000000000000000e+02
3.550000000000000000e+02
3.680000000000000000e+02
4.690000000000000000e+02
3.660000000000000000e+02
3.613333333333333144e+02
3.520000000000000000e+02
3.540000000000000000e+02
3.540000000000000000e+02
3.870000000000000000e+02
3.840000000000000000e+02
3.866666666666666856e+02
3.920000000000000000e+02
3.520000000000000000e+02
3.780000000000000000e+02
3.690000000000000000e+02
3.720000000000000000e+02
3.826666666666666856e+02
5.170000000000000000e+02
4.700000000000000000e+02
4.330000000000000000e+02
5.050000000000000000e+02
3.880000000000000000e+02
3.853333333333333144e+02
3.626666666666666856e+02
3.740000000000000000e+02
3.870000000000000000e+02
3.810000000000000000e+02
3.840000000000000000e+02
3.880000000000000000e+02
3.640000000000000000e+02
3.660000000000000000e+02
3.640000000000000000e+02
4.920000000000000000e+02
3.720000000000000000e+02
3.720000000000000000e+02
4.280000000000000000e+02
4.626666666666666856e+02
3.700000000000000000e+02
3.680000000000000000e+02
3.760000000000000000e+02
3.790000000000000000e+02
3.980000000000000000e+02
3.880000000000000000e+02
3.880000000000000000e+02
3.840000000000000000e+02
3.860000000000000000e+02
3.880000000000000000e+02
3.840000000000000000e+02
3.960000000000000000e+02
5.240000000000000000e+02
5.130000000000000000e+02
5.160000000000000000e+02
5.330000000000000000e+02
5.420000000000000000e+02
4.060000000000000000e+02
3.780000000000000000e+02
3.920000000000000000e+02
4.150000000000000000e+02
3.893333333333333144e+02
3.840000000000000000e+02
4.260000000000000000e+02
4.000000000000000000e+02
3.880000000000000000e+02
3.770000000000000000e+02
3.960000000000000000e+02
3.910000000000000000e+02
4.580000000000000000e+02
4.480000000000000000e+02
4.560000000000000000e+02
4.700000000000000000e+02
4.690000000000000000e+02
4.120000000000000000e+02
3.866666666666666856e+02
4.980000000000000000e+02
4.310000000000000000e+02
4.893333333333333144e+02
5.053333333333333144e+02
5.093333333333333144e+02
6.040000000000000000e+02
4.853333333333333144e+02
6.100000000000000000e+02
5.720000000000000000e+02
5.680000000000000000e+02
5.813333333333333712e+02
5.826666666666666288e+02
5.860000000000000000e+02
5.430000000000000000e+02
6.140000000000000000e+02
7.960000000000000000e+02
7.600000000000000000e+02
7.880000000000000000e+02
4.940000000000000000e+02
4.790000000000000000e+02
5.060000000000000000e+02
4.740000000000000000e+02
4.810000000000000000e+02
4.440000000000000000e+02
4.530000000000000000e+02
4.570000000000000000e+02
4.650000000000000000e+02
5.320000000000000000e+02
4.270000000000000000e+02
5.360000000000000000e+02
2.720000000000000000e+02
4.800000000000000000e+02
5.120000000000000000e+02
5.020000000000000000e+02
4.640000000000000000e+02
7.690000000000000000e+02
6.510000000000000000e+02
5.826666666666666288e+02
6.050000000000000000e+02
5.620000000000000000e+02
5.813333333333333712e+02
5.920000000000000000e+02
6.270000000000000000e+02
5.600000000000000000e+02
6.000000000000000000e+02
4.820000000000000000e+02
7.640000000000000000e+02
7.590000000000000000e+02
5.480000000000000000e+02
5.173333333333333712e+02
5.130000000000000000e+02
7.670000000000000000e+02
5.106666666666666856e+02
5.010000000000000000e+02
7.300000000000000000e+02
7.000000000000000000e+02
6.180000000000000000e+02
4.586666666666666856e+02
4.160000000000000000e+02
6.790000000000000000e+02
4.946666666666666856e+02
7.560000000000000000e+02
6.960000000000000000e+02
5.530000000000000000e+02
6.880000000000000000e+02
7.560000000000000000e+02
7.786666666666666288e+02
7.200000000000000000e+02
7.090000000000000000e+02
5.950000000000000000e+02
5.306666666666666288e+02
6.230000000000000000e+02
6.210000000000000000e+02
5.706666666666666288e+02
