6.013333333333333712e+02
6.110000000000000000e+02
5.630000000000000000e+02
6.090000000000000000e+02
5.430000000000000000e+02
5.660000000000000000e+02
5.630000000000000000e+02
5.600000000000000000e+02
5.720000000000000000e+02
5.340000000000000000e+02
5.570000000000000000e+02
4.730000000000000000e+02
4.760000000000000000e+02
5.026666666666666856e+02
5.200000000000000000e+02
4.830000000000000000e+02
4.740000000000000000e+02
4.920000000000000000e+02
4.920000000000000000e+02
4.773333333333333144e+02
4.680000000000000000e+02
5.070000000000000000e+02
5.210000000000000000e+02
5.400000000000000000e+02
5.330000000000000000e+02
5.790000000000000000e+02
5.390000000000000000e+02
5.530000000000000000e+02
5.370000000000000000e+02
6.220000000000000000e+02
6.030000000000000000e+02
6.110000000000000000e+02
5.600000000000000000e+02
5.580000000000000000e+02
5.850000000000000000e+02
5.570000000000000000e+02
5.560000000000000000e+02
5.600000000000000000e+02
4.440000000000000000e+02
4.640000000000000000e+02
5.360000000000000000e+02
5.440000000000000000e+02
4.870000000000000000e+02
4.760000000000000000e+02
4.640000000000000000e+02
4.570000000000000000e+02
4.560000000000000000e+02
4.600000000000000000e+02
4.600000000000000000e+02
4.520000000000000000e+02
4.470000000000000000e+02
4.600000000000000000e+02
4.720000000000000000e+02
4.666666666666666856e+02
4.280000000000000000e+02
4.320000000000000000e+02
4.240000000000000000e+02
4.200000000000000000e+02
4.260000000000000000e+02
4.666666666666666856e+02
6.000000000000000000e+02
6.090000000000000000e+02
5.860000000000000000e+02
5.660000000000000000e+02
5.680000000000000000e+02
5.670000000000000000e+02
5.620000000000000000e+02
4.160000000000000000e+02
4.240000000000000000e+02
4.250000000000000000e+02
4.200000000000000000e+02
4.170000000000000000e+02
4.200000000000000000e+02
4.170000000000000000e+02
4.140000000000000000e+02
4.040000000000000000e+02
4.660000000000000000e+02
4.500000000000000000e+02
4.080000000000000000e+02
4.480000000000000000e+02
4.480000000000000000e+02
4.106666666666666856e+02
4.373333333333333144e+02
4.120000000000000000e+02
4.430000000000000000e+02
4.200000000000000000e+02
4.160000000000000000e+02
4.200000000000000000e+02
4.310000000000000000e+02
4.120000000000000000e+02
4.120000000000000000e+02
4.200000000000000000e+02
4.160000000000000000e+02
4.180000000000000000e+02
4.240000000000000000e+02
5.630000000000000000e+02
5.630000000000000000e+02
4.173333333333333144e+02
4.220000000000000000e+02
4.190000000000000000e+02
4.120000000000000000e+02
4.200000000000000000e+02
4.050000000000000000e+02
4.080000000000000000e+02
4.160000000000000000e+02
4.160000000000000000e+02
4.120000000000000000e+02
4.160000000000000000e+02
4.080000000000000000e+02
4.120000000000000000e+02
4.160000000000000000e+02
4.720000000000000000e+02
4.386666666666666856e+02
4.200000000000000000e+02
4.200000000000000000e+02
4.170000000000000000e+02
4.180000000000000000e+02
4.160000000000000000e+02
4.200000000000000000e+02
4.140000000000000000e+02
4.026666666666666856e+02
4.120000000000000000e+02
4.090000000000000000e+02
4.200000000000000000e+02
4.170000000000000000e+02
4.160000000000000000e+02
5.550000000000000000e+02
5.600000000000000000e+02
5.540000000000000000e+02
5.570000000000000000e+02
5.620000000000000000e+02
5.693333333333333712e+02
4.190000000000000000e+02
4.160000000000000000e+02
4.200000000000000000e+02
4.280000000000000000e+02
4.160000000000000000e+02
4.250000000000000000e+02
4.160000000000000000e+02
4.160000000000000000e+02
4.200000000000000000e+02
4.100000000000000000e+02
4.320000000000000000e+02
4.390000000000000000e+02
4.520000000000000000e+02
4.560000000000000000e+02
4.220000000000000000e+02
4.240000000000000000e+02
4.200000000000000000e+02
4.250000000000000000e+02
4.280000000000000000e+02
4.240000000000000000e+02
4.240000000000000000e+02
4.280000000000000000e+02
3.800000000000000000e+02
5.760000000000000000e+02
5.770000000000000000e+02
5.570000000000000000e+02
5.590000000000000000e+02
5.540000000000000000e+02
5.630000000000000000e+02
5.690000000000000000e+02
5.740000000000000000e+02
5.660000000000000000e+02
5.360000000000000000e+02
5.630000000000000000e+02
5.780000000000000000e+02
5.320000000000000000e+02
4.160000000000000000e+02
4.040000000000000000e+02
4.080000000000000000e+02
4.960000000000000000e+02
4.040000000000000000e+02
4.560000000000000000e+02
4.460000000000000000e+02
5.080000000000000000e+02
5.240000000000000000e+02
5.200000000000000000e+02
4.600000000000000000e+02
4.853333333333333144e+02
4.880000000000000000e+02
4.760000000000000000e+02
5.040000000000000000e+02
5.170000000000000000e+02
5.530000000000000000e+02
5.660000000000000000e+02
5.710000000000000000e+02
6.200000000000000000e+02
5.670000000000000000e+02
5.800000000000000000e+02
5.820000000000000000e+02
5.653333333333333712e+02
5.680000000000000000e+02
5.740000000000000000e+02
5.840000000000000000e+02
6.160000000000000000e+02
5.973333333333333712e+02
5.626666666666666288e+02
5.613333333333333712e+02
5.680000000000000000e+02
5.280000000000000000e+02
4.880000000000000000e+02
4.960000000000000000e+02
5.020000000000000000e+02
4.900000000000000000e+02
4.870000000000000000e+02
5.573333333333333712e+02
5.373333333333333712e+02
6.790000000000000000e+02
5.080000000000000000e+02
5.300000000000000000e+02
4.746666666666666856e+02
5.710000000000000000e+02
5.260000000000000000e+02
7.240000000000000000e+02
5.700000000000000000e+02
5.710000000000000000e+02
5.600000000000000000e+02
5.560000000000000000e+02
6.120000000000000000e+02
5.960000000000000000e+02
5.920000000000000000e+02
6.030000000000000000e+02
5.720000000000000000e+02
5.653333333333333712e+02
5.670000000000000000e+02
5.550000000000000000e+02
6.200000000000000000e+02
6.230000000000000000e+02
6.160000000000000000e+02
5.790000000000000000e+02
5.730000000000000000e+02
5.960000000000000000e+02
7.210000000000000000e+02
6.050000000000000000e+02
5.626666666666666288e+02
6.020000000000000000e+02
5.333333333333333712e+02
5.880000000000000000e+02
6.360000000000000000e+02
6.906666666666666288e+02
7.240000000000000000e+02
6.106666666666666288e+02
6.120000000000000000e+02
5.200000000000000000e+02
5.760000000000000000e+02
5.960000000000000000e+02
6.893333333333333712e+02
5.710000000000000000e+02
6.220000000000000000e+02
5.746666666666666288e+02
5.900000000000000000e+02
5.700000000000000000e+02
5.690000000000000000e+02
5.660000000000000000e+02
5.670000000000000000e+02
