5.346666666666666288e+02
5.360000000000000000e+02
5.190000000000000000e+02
5.140000000000000000e+02
5.333333333333333712e+02
5.210000000000000000e+02
5.360000000000000000e+02
5.106666666666666856e+02
5.146666666666666288e+02
4.970000000000000000e+02
5.020000000000000000e+02
6.250000000000000000e+02
5.120000000000000000e+02
5.090000000000000000e+02
5.090000000000000000e+02
5.880000000000000000e+02
7.346666666666666288e+02
6.960000000000000000e+02
4.840000000000000000e+02
5.340000000000000000e+02
4.920000000000000000e+02
5.150000000000000000e+02
5.170000000000000000e+02
4.780000000000000000e+02
4.920000000000000000e+02
5.180000000000000000e+02
5.266666666666666288e+02
4.970000000000000000e+02
5.240000000000000000e+02
5.420000000000000000e+02
5.100000000000000000e+02
5.000000000000000000e+02
5.380000000000000000e+02
5.240000000000000000e+02
5.493333333333333712e+02
5.470000000000000000e+02
5.340000000000000000e+02
5.000000000000000000e+02
5.290000000000000000e+02
5.173333333333333712e+02
4.720000000000000000e+02
4.610000000000000000e+02
5.120000000000000000e+02
5.430000000000000000e+02
4.990000000000000000e+02
5.010000000000000000e+02
6.320000000000000000e+02
6.306666666666666288e+02
4.746666666666666856e+02
5.133333333333333712e+02
4.893333333333333144e+02
5.090000000000000000e+02
5.360000000000000000e+02
4.990000000000000000e+02
5.220000000000000000e+02
4.826666666666666856e+02
4.280000000000000000e+02
5.130000000000000000e+02
5.360000000000000000e+02
5.430000000000000000e+02
5.480000000000000000e+02
5.530000000000000000e+02
5.260000000000000000e+02
5.173333333333333712e+02
5.426666666666666288e+02
5.070000000000000000e+02
4.610000000000000000e+02
5.520000000000000000e+02
5.350000000000000000e+02
5.140000000000000000e+02
5.100000000000000000e+02
5.320000000000000000e+02
5.066666666666666856e+02
5.293333333333333712e+02
5.380000000000000000e+02
5.013333333333333144e+02
5.160000000000000000e+02
4.920000000000000000e+02
4.950000000000000000e+02
5.130000000000000000e+02
5.306666666666666288e+02
5.040000000000000000e+02
5.130000000000000000e+02
5.030000000000000000e+02
5.040000000000000000e+02
5.540000000000000000e+02
5.500000000000000000e+02
4.973333333333333144e+02
5.506666666666666288e+02
5.330000000000000000e+02
5.210000000000000000e+02
4.500000000000000000e+02
4.160000000000000000e+02
5.660000000000000000e+02
5.053333333333333144e+02
5.380000000000000000e+02
5.470000000000000000e+02
5.510000000000000000e+02
4.580000000000000000e+02
5.160000000000000000e+02
5.180000000000000000e+02
3.800000000000000000e+02
4.280000000000000000e+02
4.220000000000000000e+02
4.200000000000000000e+02
4.120000000000000000e+02
4.370000000000000000e+02
4.340000000000000000e+02
4.280000000000000000e+02
5.280000000000000000e+02
4.990000000000000000e+02
4.870000000000000000e+02
5.440000000000000000e+02
4.293333333333333144e+02
4.360000000000000000e+02
4.250000000000000000e+02
4.080000000000000000e+02
4.360000000000000000e+02
4.133333333333333144e+02
4.240000000000000000e+02
4.240000000000000000e+02
4.200000000000000000e+02
4.240000000000000000e+02
4.266666666666666856e+02
4.266666666666666856e+02
5.520000000000000000e+02
5.546666666666666288e+02
5.280000000000000000e+02
5.120000000000000000e+02
5.280000000000000000e+02
4.240000000000000000e+02
4.210000000000000000e+02
4.240000000000000000e+02
4.290000000000000000e+02
4.430000000000000000e+02
4.430000000000000000e+02
4.280000000000000000e+02
4.270000000000000000e+02
4.400000000000000000e+02
4.400000000000000000e+02
4.213333333333333144e+02
4.250000000000000000e+02
4.280000000000000000e+02
4.610000000000000000e+02
4.440000000000000000e+02
4.620000000000000000e+02
4.440000000000000000e+02
3.780000000000000000e+02
4.453333333333333144e+02
4.350000000000000000e+02
4.440000000000000000e+02
4.400000000000000000e+02
4.280000000000000000e+02
4.260000000000000000e+02
4.200000000000000000e+02
4.250000000000000000e+02
3.813333333333333144e+02
4.053333333333333144e+02
5.210000000000000000e+02
5.030000000000000000e+02
5.080000000000000000e+02
5.240000000000000000e+02
4.310000000000000000e+02
4.320000000000000000e+02
4.280000000000000000e+02
4.260000000000000000e+02
4.090000000000000000e+02
4.240000000000000000e+02
4.253333333333333144e+02
4.180000000000000000e+02
4.330000000000000000e+02
4.590000000000000000e+02
4.410000000000000000e+02
4.480000000000000000e+02
4.540000000000000000e+02
4.660000000000000000e+02
5.586666666666666288e+02
4.660000000000000000e+02
4.506666666666666856e+02
4.520000000000000000e+02
4.520000000000000000e+02
4.520000000000000000e+02
4.170000000000000000e+02
4.480000000000000000e+02
4.450000000000000000e+02
4.360000000000000000e+02
4.320000000000000000e+02
4.380000000000000000e+02
3.920000000000000000e+02
4.400000000000000000e+02
4.680000000000000000e+02
5.320000000000000000e+02
4.940000000000000000e+02
4.826666666666666856e+02
5.310000000000000000e+02
4.410000000000000000e+02
4.160000000000000000e+02
4.410000000000000000e+02
4.440000000000000000e+02
4.786666666666666856e+02
4.400000000000000000e+02
4.460000000000000000e+02
4.600000000000000000e+02
4.560000000000000000e+02
4.580000000000000000e+02
3.620000000000000000e+02
4.493333333333333144e+02
5.500000000000000000e+02
5.520000000000000000e+02
5.040000000000000000e+02
5.720000000000000000e+02
4.920000000000000000e+02
4.680000000000000000e+02
5.020000000000000000e+02
5.650000000000000000e+02
5.650000000000000000e+02
4.420000000000000000e+02
4.580000000000000000e+02
4.560000000000000000e+02
5.660000000000000000e+02
5.740000000000000000e+02
5.830000000000000000e+02
5.570000000000000000e+02
5.590000000000000000e+02
5.410000000000000000e+02
5.310000000000000000e+02
5.190000000000000000e+02
5.710000000000000000e+02
5.660000000000000000e+02
5.706666666666666288e+02
4.400000000000000000e+02
4.440000000000000000e+02
5.720000000000000000e+02
4.940000000000000000e+02
5.200000000000000000e+02
5.420000000000000000e+02
5.420000000000000000e+02
5.720000000000000000e+02
5.626666666666666288e+02
5.600000000000000000e+02
5.630000000000000000e+02
5.170000000000000000e+02
5.750000000000000000e+02
5.520000000000000000e+02
4.573333333333333144e+02
4.040000000000000000e+02
5.750000000000000000e+02
5.480000000000000000e+02
5.680000000000000000e+02
5.813333333333333712e+02
5.770000000000000000e+02
5.330000000000000000e+02
5.930000000000000000e+02
5.670000000000000000e+02
5.410000000000000000e+02
5.786666666666666288e+02
