6.000000000000000000e+02
6.040000000000000000e+02
6.220000000000000000e+02
5.830000000000000000e+02
5.990000000000000000e+02
6.100000000000000000e+02
5.580000000000000000e+02
5.540000000000000000e+02
5.840000000000000000e+02
5.813333333333333712e+02
4.653333333333333144e+02
5.386666666666666288e+02
5.670000000000000000e+02
5.790000000000000000e+02
6.680000000000000000e+02
5.800000000000000000e+02
5.590000000000000000e+02
5.480000000000000000e+02
5.170000000000000000e+02
4.880000000000000000e+02
5.330000000000000000e+02
5.350000000000000000e+02
5.580000000000000000e+02
5.746666666666666288e+02
5.530000000000000000e+02
4.626666666666666856e+02
5.910000000000000000e+02
5.940000000000000000e+02
5.640000000000000000e+02
6.240000000000000000e+02
6.120000000000000000e+02
6.080000000000000000e+02
6.100000000000000000e+02
6.380000000000000000e+02
6.290000000000000000e+02
6.100000000000000000e+02
6.680000000000000000e+02
5.426666666666666288e+02
4.680000000000000000e+02
5.600000000000000000e+02
5.810000000000000000e+02
5.680000000000000000e+02
5.586666666666666288e+02
4.920000000000000000e+02
5.590000000000000000e+02
5.500000000000000000e+02
5.520000000000000000e+02
5.900000000000000000e+02
5.690000000000000000e+02
5.460000000000000000e+02
5.330000000000000000e+02
5.450000000000000000e+02
4.660000000000000000e+02
4.690000000000000000e+02
4.720000000000000000e+02
4.560000000000000000e+02
4.680000000000000000e+02
4.680000000000000000e+02
4.740000000000000000e+02
6.560000000000000000e+02
6.333333333333333712e+02
6.310000000000000000e+02
6.186666666666666288e+02
6.020000000000000000e+02
5.530000000000000000e+02
5.710000000000000000e+02
6.400000000000000000e+02
5.220000000000000000e+02
4.770000000000000000e+02
4.800000000000000000e+02
4.720000000000000000e+02
4.720000000000000000e+02
4.760000000000000000e+02
4.780000000000000000e+02
4.760000000000000000e+02
4.780000000000000000e+02
4.800000000000000000e+02
5.300000000000000000e+02
5.666666666666666288e+02
5.630000000000000000e+02
5.480000000000000000e+02
4.680000000000000000e+02
4.800000000000000000e+02
4.440000000000000000e+02
4.700000000000000000e+02
4.770000000000000000e+02
4.720000000000000000e+02
4.680000000000000000e+02
4.720000000000000000e+02
4.760000000000000000e+02
4.760000000000000000e+02
4.840000000000000000e+02
4.840000000000000000e+02
4.840000000000000000e+02
4.880000000000000000e+02
5.813333333333333712e+02
5.680000000000000000e+02
5.560000000000000000e+02
4.800000000000000000e+02
4.840000000000000000e+02
4.880000000000000000e+02
4.866666666666666856e+02
4.840000000000000000e+02
4.850000000000000000e+02
4.840000000000000000e+02
4.746666666666666856e+02
4.680000000000000000e+02
4.800000000000000000e+02
4.770000000000000000e+02
4.720000000000000000e+02
4.810000000000000000e+02
5.120000000000000000e+02
4.493333333333333144e+02
4.800000000000000000e+02
4.840000000000000000e+02
4.790000000000000000e+02
4.840000000000000000e+02
4.840000000000000000e+02
4.880000000000000000e+02
4.880000000000000000e+02
4.680000000000000000e+02
4.800000000000000000e+02
4.840000000000000000e+02
4.720000000000000000e+02
4.760000000000000000e+02
4.460000000000000000e+02
5.666666666666666288e+02
5.750000000000000000e+02
5.740000000000000000e+02
5.820000000000000000e+02
4.800000000000000000e+02
4.840000000000000000e+02
4.710000000000000000e+02
4.720000000000000000e+02
4.740000000000000000e+02
4.920000000000000000e+02
4.960000000000000000e+02
4.730000000000000000e+02
4.740000000000000000e+02
4.760000000000000000e+02
5.013333333333333144e+02
4.786666666666666856e+02
4.760000000000000000e+02
5.173333333333333712e+02
5.960000000000000000e+02
5.880000000000000000e+02
5.600000000000000000e+02
5.106666666666666856e+02
4.830000000000000000e+02
4.800000000000000000e+02
5.000000000000000000e+02
4.970000000000000000e+02
5.000000000000000000e+02
4.900000000000000000e+02
4.853333333333333144e+02
4.840000000000000000e+02
4.760000000000000000e+02
4.780000000000000000e+02
5.786666666666666288e+02
5.860000000000000000e+02
5.800000000000000000e+02
5.680000000000000000e+02
6.090000000000000000e+02
4.960000000000000000e+02
4.866666666666666856e+02
4.760000000000000000e+02
4.840000000000000000e+02
4.850000000000000000e+02
4.920000000000000000e+02
4.920000000000000000e+02
4.720000000000000000e+02
4.790000000000000000e+02
4.960000000000000000e+02
4.960000000000000000e+02
5.110000000000000000e+02
5.933333333333333712e+02
5.440000000000000000e+02
5.580000000000000000e+02
5.550000000000000000e+02
5.590000000000000000e+02
5.213333333333333712e+02
4.990000000000000000e+02
4.960000000000000000e+02
4.850000000000000000e+02
4.720000000000000000e+02
4.640000000000000000e+02
4.800000000000000000e+02
4.810000000000000000e+02
4.840000000000000000e+02
6.080000000000000000e+02
6.120000000000000000e+02
6.133333333333333712e+02
5.730000000000000000e+02
6.000000000000000000e+02
5.770000000000000000e+02
4.960000000000000000e+02
6.030000000000000000e+02
4.760000000000000000e+02
4.750000000000000000e+02
4.880000000000000000e+02
5.040000000000000000e+02
4.780000000000000000e+02
4.690000000000000000e+02
5.610000000000000000e+02
5.450000000000000000e+02
7.013333333333333712e+02
5.453333333333333712e+02
5.750000000000000000e+02
6.120000000000000000e+02
5.820000000000000000e+02
6.010000000000000000e+02
5.000000000000000000e+02
5.773333333333333712e+02
5.340000000000000000e+02
4.770000000000000000e+02
5.450000000000000000e+02
4.840000000000000000e+02
5.930000000000000000e+02
6.160000000000000000e+02
5.813333333333333712e+02
6.140000000000000000e+02
5.990000000000000000e+02
6.260000000000000000e+02
6.290000000000000000e+02
6.180000000000000000e+02
6.380000000000000000e+02
6.340000000000000000e+02
6.440000000000000000e+02
4.853333333333333144e+02
4.720000000000000000e+02
4.853333333333333144e+02
4.850000000000000000e+02
5.013333333333333144e+02
5.620000000000000000e+02
5.600000000000000000e+02
5.670000000000000000e+02
5.670000000000000000e+02
4.620000000000000000e+02
5.880000000000000000e+02
5.660000000000000000e+02
7.120000000000000000e+02
6.346666666666666288e+02
5.573333333333333712e+02
5.600000000000000000e+02
5.580000000000000000e+02
5.470000000000000000e+02
4.880000000000000000e+02
5.980000000000000000e+02
5.930000000000000000e+02
5.333333333333333712e+02
6.013333333333333712e+02
6.480000000000000000e+02
6.610000000000000000e+02
6.306666666666666288e+02
6.460000000000000000e+02
6.200000000000000000e+02
