5.100000000000000000e+02
5.230000000000000000e+02
5.170000000000000000e+02
5.170000000000000000e+02
4.573333333333333144e+02
4.653333333333333144e+02
3.670000000000000000e+02
5.320000000000000000e+02
3.426666666666666856e+02
3.410000000000000000e+02
3.440000000000000000e+02
3.450000000000000000e+02
3.400000000000000000e+02
4.420000000000000000e+02
4.210000000000000000e+02
4.150000000000000000e+02
3.620000000000000000e+02
4.460000000000000000e+02
4.373333333333333144e+02
4.426666666666666856e+02
3.533333333333333144e+02
3.700000000000000000e+02
3.700000000000000000e+02
3.510000000000000000e+02
3.760000000000000000e+02
5.370000000000000000e+02
6.160000000000000000e+02
4.573333333333333144e+02
5.493333333333333712e+02
4.160000000000000000e+02
5.333333333333333712e+02
5.370000000000000000e+02
5.200000000000000000e+02
5.460000000000000000e+02
5.380000000000000000e+02
5.500000000000000000e+02
5.480000000000000000e+02
4.450000000000000000e+02
3.490000000000000000e+02
3.590000000000000000e+02
3.730000000000000000e+02
3.440000000000000000e+02
3.410000000000000000e+02
3.790000000000000000e+02
4.493333333333333144e+02
4.050000000000000000e+02
3.830000000000000000e+02
3.770000000000000000e+02
3.680000000000000000e+02
3.710000000000000000e+02
3.820000000000000000e+02
3.480000000000000000e+02
3.500000000000000000e+02
3.600000000000000000e+02
3.666666666666666856e+02
3.740000000000000000e+02
3.670000000000000000e+02
5.520000000000000000e+02
4.800000000000000000e+02
4.586666666666666856e+02
5.050000000000000000e+02
5.270000000000000000e+02
5.280000000000000000e+02
5.350000000000000000e+02
5.590000000000000000e+02
5.610000000000000000e+02
5.060000000000000000e+02
5.600000000000000000e+02
3.660000000000000000e+02
3.626666666666666856e+02
3.920000000000000000e+02
3.510000000000000000e+02
3.680000000000000000e+02
3.510000000000000000e+02
3.580000000000000000e+02
3.470000000000000000e+02
3.470000000000000000e+02
3.480000000000000000e+02
3.880000000000000000e+02
3.840000000000000000e+02
3.720000000000000000e+02
3.640000000000000000e+02
3.620000000000000000e+02
3.520000000000000000e+02
3.530000000000000000e+02
3.520000000000000000e+02
3.520000000000000000e+02
3.520000000000000000e+02
3.440000000000000000e+02
3.480000000000000000e+02
3.540000000000000000e+02
3.640000000000000000e+02
3.600000000000000000e+02
5.550000000000000000e+02
4.030000000000000000e+02
5.080000000000000000e+02
5.020000000000000000e+02
4.990000000000000000e+02
4.733333333333333144e+02
3.790000000000000000e+02
3.346666666666666856e+02
3.640000000000000000e+02
3.600000000000000000e+02
3.480000000000000000e+02
3.920000000000000000e+02
3.800000000000000000e+02
3.790000000000000000e+02
3.640000000000000000e+02
3.550000000000000000e+02
3.550000000000000000e+02
3.610000000000000000e+02
3.666666666666666856e+02
3.660000000000000000e+02
3.640000000000000000e+02
3.586666666666666856e+02
3.530000000000000000e+02
3.520000000000000000e+02
3.880000000000000000e+02
3.840000000000000000e+02
3.853333333333333144e+02
3.610000000000000000e+02
3.520000000000000000e+02
3.780000000000000000e+02
4.060000000000000000e+02
3.720000000000000000e+02
3.820000000000000000e+02
3.820000000000000000e+02
5.090000000000000000e+02
5.070000000000000000e+02
5.220000000000000000e+02
3.866666666666666856e+02
3.813333333333333144e+02
3.680000000000000000e+02
3.720000000000000000e+02
3.960000000000000000e+02
3.790000000000000000e+02
3.520000000000000000e+02
3.880000000000000000e+02
3.800000000000000000e+02
3.653333333333333144e+02
3.640000000000000000e+02
3.620000000000000000e+02
3.640000000000000000e+02
3.706666666666666856e+02
4.386666666666666856e+02
4.626666666666666856e+02
3.860000000000000000e+02
3.680000000000000000e+02
3.730000000000000000e+02
4.050000000000000000e+02
3.980000000000000000e+02
3.920000000000000000e+02
3.880000000000000000e+02
3.880000000000000000e+02
4.650000000000000000e+02
3.900000000000000000e+02
5.600000000000000000e+02
4.280000000000000000e+02
5.180000000000000000e+02
5.010000000000000000e+02
5.160000000000000000e+02
5.240000000000000000e+02
5.850000000000000000e+02
4.013333333333333144e+02
4.000000000000000000e+02
3.920000000000000000e+02
3.900000000000000000e+02
3.880000000000000000e+02
3.900000000000000000e+02
3.960000000000000000e+02
4.306666666666666856e+02
3.880000000000000000e+02
3.770000000000000000e+02
4.040000000000000000e+02
4.120000000000000000e+02
4.550000000000000000e+02
4.546666666666666856e+02
4.530000000000000000e+02
4.760000000000000000e+02
4.050000000000000000e+02
3.880000000000000000e+02
3.880000000000000000e+02
4.980000000000000000e+02
5.100000000000000000e+02
4.866666666666666856e+02
5.733333333333333712e+02
4.586666666666666856e+02
5.746666666666666288e+02
6.020000000000000000e+02
6.140000000000000000e+02
5.760000000000000000e+02
5.306666666666666288e+02
5.820000000000000000e+02
5.826666666666666288e+02
5.860000000000000000e+02
5.960000000000000000e+02
4.910000000000000000e+02
6.120000000000000000e+02
7.600000000000000000e+02
7.880000000000000000e+02
5.253333333333333712e+02
5.186666666666666288e+02
5.080000000000000000e+02
4.740000000000000000e+02
4.670000000000000000e+02
4.420000000000000000e+02
4.560000000000000000e+02
4.590000000000000000e+02
5.390000000000000000e+02
7.340000000000000000e+02
6.890000000000000000e+02
4.466666666666666856e+02
4.430000000000000000e+02
4.933333333333333144e+02
5.120000000000000000e+02
5.040000000000000000e+02
5.580000000000000000e+02
5.560000000000000000e+02
6.510000000000000000e+02
5.520000000000000000e+02
6.050000000000000000e+02
5.880000000000000000e+02
5.970000000000000000e+02
5.906666666666666288e+02
6.270000000000000000e+02
5.600000000000000000e+02
5.720000000000000000e+02
4.820000000000000000e+02
7.640000000000000000e+02
7.480000000000000000e+02
7.710000000000000000e+02
5.173333333333333712e+02
5.213333333333333712e+02
7.746666666666666288e+02
5.120000000000000000e+02
4.740000000000000000e+02
5.920000000000000000e+02
7.820000000000000000e+02
6.160000000000000000e+02
5.610000000000000000e+02
6.320000000000000000e+02
7.000000000000000000e+02
7.270000000000000000e+02
6.830000000000000000e+02
6.380000000000000000e+02
5.530000000000000000e+02
6.880000000000000000e+02
6.760000000000000000e+02
5.266666666666666288e+02
5.620000000000000000e+02
7.090000000000000000e+02
5.560000000000000000e+02
5.333333333333333712e+02
6.280000000000000000e+02
5.850000000000000000e+02
6.180000000000000000e+02
