5.190000000000000000e+02
4.960000000000000000e+02
5.220000000000000000e+02
5.210000000000000000e+02
4.573333333333333144e+02
4.510000000000000000e+02
5.160000000000000000e+02
7.380000000000000000e+02
3.426666666666666856e+02
7.030000000000000000e+02
3.440000000000000000e+02
3.460000000000000000e+02
3.400000000000000000e+02
4.386666666666666856e+02
4.210000000000000000e+02
4.520000000000000000e+02
4.640000000000000000e+02
4.100000000000000000e+02
4.470000000000000000e+02
4.426666666666666856e+02
3.586666666666666856e+02
3.590000000000000000e+02
3.430000000000000000e+02
3.510000000000000000e+02
3.760000000000000000e+02
5.470000000000000000e+02
5.360000000000000000e+02
5.266666666666666288e+02
5.160000000000000000e+02
5.470000000000000000e+02
5.210000000000000000e+02
4.680000000000000000e+02
5.346666666666666288e+02
5.480000000000000000e+02
5.280000000000000000e+02
5.480000000000000000e+02
5.070000000000000000e+02
3.920000000000000000e+02
3.613333333333333144e+02
3.590000000000000000e+02
5.173333333333333712e+02
3.440000000000000000e+02
3.480000000000000000e+02
3.460000000000000000e+02
3.626666666666666856e+02
4.050000000000000000e+02
3.870000000000000000e+02
3.720000000000000000e+02
3.740000000000000000e+02
3.720000000000000000e+02
3.820000000000000000e+02
3.480000000000000000e+02
3.480000000000000000e+02
3.590000000000000000e+02
3.550000000000000000e+02
3.493333333333333144e+02
6.500000000000000000e+02
4.560000000000000000e+02
3.800000000000000000e+02
4.013333333333333144e+02
5.120000000000000000e+02
5.386666666666666288e+02
5.230000000000000000e+02
5.350000000000000000e+02
5.120000000000000000e+02
5.533333333333333712e+02
5.600000000000000000e+02
5.600000000000000000e+02
3.840000000000000000e+02
3.973333333333333144e+02
3.670000000000000000e+02
3.510000000000000000e+02
3.626666666666666856e+02
3.640000000000000000e+02
3.510000000000000000e+02
3.480000000000000000e+02
3.470000000000000000e+02
3.470000000000000000e+02
3.813333333333333144e+02
3.890000000000000000e+02
3.813333333333333144e+02
3.640000000000000000e+02
3.550000000000000000e+02
3.520000000000000000e+02
3.530000000000000000e+02
3.520000000000000000e+02
3.520000000000000000e+02
3.520000000000000000e+02
3.440000000000000000e+02
3.440000000000000000e+02
3.670000000000000000e+02
3.640000000000000000e+02
3.586666666666666856e+02
3.980000000000000000e+02
5.170000000000000000e+02
4.800000000000000000e+02
5.130000000000000000e+02
5.000000000000000000e+02
4.770000000000000000e+02
3.706666666666666856e+02
3.680000000000000000e+02
3.650000000000000000e+02
3.430000000000000000e+02
3.480000000000000000e+02
3.910000000000000000e+02
3.830000000000000000e+02
3.620000000000000000e+02
3.640000000000000000e+02
3.550000000000000000e+02
3.640000000000000000e+02
3.610000000000000000e+02
3.640000000000000000e+02
3.626666666666666856e+02
3.626666666666666856e+02
3.390000000000000000e+02
3.520000000000000000e+02
3.520000000000000000e+02
3.746666666666666856e+02
3.840000000000000000e+02
3.840000000000000000e+02
3.610000000000000000e+02
3.360000000000000000e+02
3.680000000000000000e+02
3.680000000000000000e+02
3.546666666666666856e+02
3.430000000000000000e+02
5.170000000000000000e+02
5.040000000000000000e+02
5.070000000000000000e+02
5.050000000000000000e+02
3.880000000000000000e+02
3.853333333333333144e+02
3.680000000000000000e+02
3.746666666666666856e+02
3.960000000000000000e+02
3.790000000000000000e+02
3.826666666666666856e+02
3.880000000000000000e+02
3.640000000000000000e+02
3.653333333333333144e+02
3.640000000000000000e+02
3.640000000000000000e+02
3.640000000000000000e+02
3.720000000000000000e+02
4.293333333333333144e+02
4.626666666666666856e+02
3.860000000000000000e+02
3.706666666666666856e+02
3.750000000000000000e+02
4.173333333333333144e+02
3.980000000000000000e+02
3.880000000000000000e+02
3.900000000000000000e+02
3.840000000000000000e+02
4.130000000000000000e+02
3.866666666666666856e+02
5.093333333333333144e+02
4.000000000000000000e+02
5.130000000000000000e+02
5.000000000000000000e+02
5.620000000000000000e+02
5.130000000000000000e+02
5.420000000000000000e+02
6.040000000000000000e+02
4.020000000000000000e+02
4.040000000000000000e+02
3.800000000000000000e+02
3.893333333333333144e+02
3.900000000000000000e+02
3.960000000000000000e+02
4.000000000000000000e+02
3.880000000000000000e+02
3.770000000000000000e+02
3.920000000000000000e+02
4.680000000000000000e+02
4.550000000000000000e+02
4.280000000000000000e+02
4.530000000000000000e+02
4.760000000000000000e+02
3.880000000000000000e+02
3.880000000000000000e+02
3.866666666666666856e+02
5.000000000000000000e+02
4.310000000000000000e+02
4.150000000000000000e+02
5.053333333333333144e+02
5.093333333333333144e+02
5.746666666666666288e+02
4.740000000000000000e+02
6.140000000000000000e+02
5.760000000000000000e+02
5.680000000000000000e+02
5.853333333333333712e+02
5.426666666666666288e+02
5.870000000000000000e+02
5.960000000000000000e+02
6.040000000000000000e+02
6.120000000000000000e+02
7.190000000000000000e+02
4.760000000000000000e+02
5.120000000000000000e+02
5.140000000000000000e+02
5.080000000000000000e+02
4.740000000000000000e+02
4.810000000000000000e+02
4.440000000000000000e+02
4.530000000000000000e+02
4.590000000000000000e+02
5.730000000000000000e+02
4.480000000000000000e+02
6.890000000000000000e+02
4.466666666666666856e+02
4.430000000000000000e+02
5.120000000000000000e+02
5.170000000000000000e+02
5.040000000000000000e+02
4.280000000000000000e+02
5.560000000000000000e+02
5.420000000000000000e+02
5.826666666666666288e+02
6.120000000000000000e+02
5.800000000000000000e+02
5.933333333333333712e+02
5.906666666666666288e+02
5.980000000000000000e+02
6.000000000000000000e+02
5.880000000000000000e+02
5.830000000000000000e+02
5.280000000000000000e+02
7.480000000000000000e+02
5.480000000000000000e+02
5.333333333333333712e+02
5.213333333333333712e+02
4.980000000000000000e+02
5.080000000000000000e+02
4.986666666666666856e+02
7.150000000000000000e+02
7.290000000000000000e+02
6.453333333333333712e+02
5.610000000000000000e+02
6.320000000000000000e+02
6.790000000000000000e+02
5.190000000000000000e+02
6.830000000000000000e+02
6.880000000000000000e+02
5.933333333333333712e+02
6.320000000000000000e+02
5.500000000000000000e+02
4.860000000000000000e+02
5.600000000000000000e+02
5.600000000000000000e+02
5.950000000000000000e+02
6.000000000000000000e+02
6.130000000000000000e+02
5.850000000000000000e+02
5.350000000000000000e+02
