5.190000000000000000e+02
5.180000000000000000e+02
5.170000000000000000e+02
5.210000000000000000e+02
5.100000000000000000e+02
5.210000000000000000e+02
4.333333333333333144e+02
5.320000000000000000e+02
3.426666666666666856e+02
3.410000000000000000e+02
3.440000000000000000e+02
3.450000000000000000e+02
3.546666666666666856e+02
3.746666666666666856e+02
4.410000000000000000e+02
4.520000000000000000e+02
3.580000000000000000e+02
4.400000000000000000e+02
4.360000000000000000e+02
4.426666666666666856e+02
3.510000000000000000e+02
3.560000000000000000e+02
3.380000000000000000e+02
3.620000000000000000e+02
4.010000000000000000e+02
5.240000000000000000e+02
5.360000000000000000e+02
5.266666666666666288e+02
4.400000000000000000e+02
5.310000000000000000e+02
5.293333333333333712e+02
5.200000000000000000e+02
5.280000000000000000e+02
5.460000000000000000e+02
5.220000000000000000e+02
5.500000000000000000e+02
5.540000000000000000e+02
4.213333333333333144e+02
6.620000000000000000e+02
5.453333333333333712e+02
3.730000000000000000e+02
6.760000000000000000e+02
3.410000000000000000e+02
3.750000000000000000e+02
3.626666666666666856e+02
4.120000000000000000e+02
3.810000000000000000e+02
3.720000000000000000e+02
3.740000000000000000e+02
3.680000000000000000e+02
3.820000000000000000e+02
3.500000000000000000e+02
3.500000000000000000e+02
3.520000000000000000e+02
3.480000000000000000e+02
3.493333333333333144e+02
6.500000000000000000e+02
5.520000000000000000e+02
3.800000000000000000e+02
4.013333333333333144e+02
5.120000000000000000e+02
5.386666666666666288e+02
5.610000000000000000e+02
5.350000000000000000e+02
4.980000000000000000e+02
5.533333333333333712e+02
3.826666666666666856e+02
5.600000000000000000e+02
3.840000000000000000e+02
3.626666666666666856e+02
3.586666666666666856e+02
3.510000000000000000e+02
3.626666666666666856e+02
3.590000000000000000e+02
3.580000000000000000e+02
3.510000000000000000e+02
3.480000000000000000e+02
3.480000000000000000e+02
3.920000000000000000e+02
3.890000000000000000e+02
3.813333333333333144e+02
3.620000000000000000e+02
3.520000000000000000e+02
3.480000000000000000e+02
3.530000000000000000e+02
3.520000000000000000e+02
3.520000000000000000e+02
3.520000000000000000e+02
3.450000000000000000e+02
3.480000000000000000e+02
3.670000000000000000e+02
3.640000000000000000e+02
3.600000000000000000e+02
4.106666666666666856e+02
4.030000000000000000e+02
5.106666666666666856e+02
4.990000000000000000e+02
4.293333333333333144e+02
5.180000000000000000e+02
3.680000000000000000e+02
3.346666666666666856e+02
3.640000000000000000e+02
3.520000000000000000e+02
3.480000000000000000e+02
3.890000000000000000e+02
3.800000000000000000e+02
3.950000000000000000e+02
3.640000000000000000e+02
3.620000000000000000e+02
3.640000000000000000e+02
3.610000000000000000e+02
3.640000000000000000e+02
3.613333333333333144e+02
3.613333333333333144e+02
3.520000000000000000e+02
3.530000000000000000e+02
3.520000000000000000e+02
3.866666666666666856e+02
3.840000000000000000e+02
3.840000000000000000e+02
3.610000000000000000e+02
3.893333333333333144e+02
3.650000000000000000e+02
3.380000000000000000e+02
3.786666666666666856e+02
2.930000000000000000e+02
5.093333333333333144e+02
4.700000000000000000e+02
4.330000000000000000e+02
5.160000000000000000e+02
3.880000000000000000e+02
3.800000000000000000e+02
3.400000000000000000e+02
3.746666666666666856e+02
3.840000000000000000e+02
3.440000000000000000e+02
3.840000000000000000e+02
3.860000000000000000e+02
3.706666666666666856e+02
3.640000000000000000e+02
3.640000000000000000e+02
3.640000000000000000e+02
3.740000000000000000e+02
3.706666666666666856e+02
4.293333333333333144e+02
4.410000000000000000e+02
3.860000000000000000e+02
3.680000000000000000e+02
3.750000000000000000e+02
4.026666666666666856e+02
3.980000000000000000e+02
3.880000000000000000e+02
3.870000000000000000e+02
3.880000000000000000e+02
3.860000000000000000e+02
3.900000000000000000e+02
3.840000000000000000e+02
4.000000000000000000e+02
5.240000000000000000e+02
5.010000000000000000e+02
5.160000000000000000e+02
5.680000000000000000e+02
5.160000000000000000e+02
4.040000000000000000e+02
3.780000000000000000e+02
3.893333333333333144e+02
3.880000000000000000e+02
3.880000000000000000e+02
3.800000000000000000e+02
3.960000000000000000e+02
4.000000000000000000e+02
3.930000000000000000e+02
3.770000000000000000e+02
3.866666666666666856e+02
4.173333333333333144e+02
4.580000000000000000e+02
4.453333333333333144e+02
4.560000000000000000e+02
4.640000000000000000e+02
4.690000000000000000e+02
3.920000000000000000e+02
3.880000000000000000e+02
5.040000000000000000e+02
5.100000000000000000e+02
4.250000000000000000e+02
5.733333333333333712e+02
5.093333333333333144e+02
6.040000000000000000e+02
4.740000000000000000e+02
5.920000000000000000e+02
5.413333333333333712e+02
5.800000000000000000e+02
5.813333333333333712e+02
6.120000000000000000e+02
5.813333333333333712e+02
6.100000000000000000e+02
4.910000000000000000e+02
7.310000000000000000e+02
7.960000000000000000e+02
4.800000000000000000e+02
4.973333333333333144e+02
5.140000000000000000e+02
4.780000000000000000e+02
4.740000000000000000e+02
4.590000000000000000e+02
4.400000000000000000e+02
4.590000000000000000e+02
4.590000000000000000e+02
5.730000000000000000e+02
7.866666666666666288e+02
4.760000000000000000e+02
4.906666666666666856e+02
2.720000000000000000e+02
5.120000000000000000e+02
5.070000000000000000e+02
5.110000000000000000e+02
5.293333333333333712e+02
5.460000000000000000e+02
7.830000000000000000e+02
6.133333333333333712e+02
4.460000000000000000e+02
5.880000000000000000e+02
6.080000000000000000e+02
5.940000000000000000e+02
5.580000000000000000e+02
4.893333333333333144e+02
6.020000000000000000e+02
4.733333333333333144e+02
5.280000000000000000e+02
7.590000000000000000e+02
5.480000000000000000e+02
4.946666666666666856e+02
5.130000000000000000e+02
6.840000000000000000e+02
5.080000000000000000e+02
4.986666666666666856e+02
7.300000000000000000e+02
7.820000000000000000e+02
6.453333333333333712e+02
7.140000000000000000e+02
7.310000000000000000e+02
7.000000000000000000e+02
7.280000000000000000e+02
7.560000000000000000e+02
6.960000000000000000e+02
7.560000000000000000e+02
6.980000000000000000e+02
7.560000000000000000e+02
5.266666666666666288e+02
5.600000000000000000e+02
6.146666666666666288e+02
5.840000000000000000e+02
5.306666666666666288e+02
6.130000000000000000e+02
6.210000000000000000e+02
5.350000000000000000e+02
