6.440000000000000000e+02
6.570000000000000000e+02
6.600000000000000000e+02
6.370000000000000000e+02
7.680000000000000000e+02
6.280000000000000000e+02
6.320000000000000000e+02
6.360000000000000000e+02
7.720000000000000000e+02
5.040000000000000000e+02
6.120000000000000000e+02
5.910000000000000000e+02
5.960000000000000000e+02
6.040000000000000000e+02
5.960000000000000000e+02
5.980000000000000000e+02
6.160000000000000000e+02
5.720000000000000000e+02
5.920000000000000000e+02
6.000000000000000000e+02
6.040000000000000000e+02
6.186666666666666288e+02
5.080000000000000000e+02
5.040000000000000000e+02
6.280000000000000000e+02
6.280000000000000000e+02
6.240000000000000000e+02
6.270000000000000000e+02
5.160000000000000000e+02
6.600000000000000000e+02
6.360000000000000000e+02
6.440000000000000000e+02
6.440000000000000000e+02
6.920000000000000000e+02
6.400000000000000000e+02
5.160000000000000000e+02
5.230000000000000000e+02
6.226666666666666288e+02
6.200000000000000000e+02
6.240000000000000000e+02
4.973333333333333144e+02
5.000000000000000000e+02
5.920000000000000000e+02
6.040000000000000000e+02
5.960000000000000000e+02
5.840000000000000000e+02
5.760000000000000000e+02
6.320000000000000000e+02
6.320000000000000000e+02
5.820000000000000000e+02
5.760000000000000000e+02
5.800000000000000000e+02
5.960000000000000000e+02
5.840000000000000000e+02
5.120000000000000000e+02
5.106666666666666856e+02
4.950000000000000000e+02
4.960000000000000000e+02
5.080000000000000000e+02
5.270000000000000000e+02
5.040000000000000000e+02
5.150000000000000000e+02
6.600000000000000000e+02
6.560000000000000000e+02
6.626666666666666288e+02
6.600000000000000000e+02
5.066666666666666856e+02
5.120000000000000000e+02
5.310000000000000000e+02
4.960000000000000000e+02
4.920000000000000000e+02
5.066666666666666856e+02
5.000000000000000000e+02
5.000000000000000000e+02
4.960000000000000000e+02
4.920000000000000000e+02
5.786666666666666288e+02
5.800000000000000000e+02
5.946666666666666288e+02
5.906666666666666288e+02
5.786666666666666288e+02
6.200000000000000000e+02
6.230000000000000000e+02
5.040000000000000000e+02
5.040000000000000000e+02
5.000000000000000000e+02
5.040000000000000000e+02
4.960000000000000000e+02
4.960000000000000000e+02
5.000000000000000000e+02
5.000000000000000000e+02
4.920000000000000000e+02
4.880000000000000000e+02
4.880000000000000000e+02
5.920000000000000000e+02
5.860000000000000000e+02
6.080000000000000000e+02
5.000000000000000000e+02
5.030000000000000000e+02
4.920000000000000000e+02
4.920000000000000000e+02
5.040000000000000000e+02
4.960000000000000000e+02
4.960000000000000000e+02
5.000000000000000000e+02
5.000000000000000000e+02
5.000000000000000000e+02
5.080000000000000000e+02
5.080000000000000000e+02
5.520000000000000000e+02
6.120000000000000000e+02
6.120000000000000000e+02
5.400000000000000000e+02
6.080000000000000000e+02
5.453333333333333712e+02
5.120000000000000000e+02
5.000000000000000000e+02
5.040000000000000000e+02
5.000000000000000000e+02
5.000000000000000000e+02
5.160000000000000000e+02
4.960000000000000000e+02
4.850000000000000000e+02
4.840000000000000000e+02
4.880000000000000000e+02
4.920000000000000000e+02
5.040000000000000000e+02
5.000000000000000000e+02
6.060000000000000000e+02
5.000000000000000000e+02
4.960000000000000000e+02
4.880000000000000000e+02
4.880000000000000000e+02
4.760000000000000000e+02
4.880000000000000000e+02
5.120000000000000000e+02
5.070000000000000000e+02
5.120000000000000000e+02
4.960000000000000000e+02
5.120000000000000000e+02
5.480000000000000000e+02
5.480000000000000000e+02
5.480000000000000000e+02
5.560000000000000000e+02
5.490000000000000000e+02
5.880000000000000000e+02
5.840000000000000000e+02
5.320000000000000000e+02
5.160000000000000000e+02
5.120000000000000000e+02
5.240000000000000000e+02
5.170000000000000000e+02
5.280000000000000000e+02
5.280000000000000000e+02
4.900000000000000000e+02
4.790000000000000000e+02
5.373333333333333712e+02
4.850000000000000000e+02
4.960000000000000000e+02
5.040000000000000000e+02
6.440000000000000000e+02
6.680000000000000000e+02
6.630000000000000000e+02
5.170000000000000000e+02
5.240000000000000000e+02
5.240000000000000000e+02
5.160000000000000000e+02
5.160000000000000000e+02
5.280000000000000000e+02
5.160000000000000000e+02
5.920000000000000000e+02
5.960000000000000000e+02
6.000000000000000000e+02
5.880000000000000000e+02
5.880000000000000000e+02
5.920000000000000000e+02
5.650000000000000000e+02
5.880000000000000000e+02
5.770000000000000000e+02
5.866666666666666288e+02
6.000000000000000000e+02
6.040000000000000000e+02
6.020000000000000000e+02
5.280000000000000000e+02
6.226666666666666288e+02
5.240000000000000000e+02
5.200000000000000000e+02
5.240000000000000000e+02
5.500000000000000000e+02
5.440000000000000000e+02
6.640000000000000000e+02
6.520000000000000000e+02
6.640000000000000000e+02
6.680000000000000000e+02
6.746666666666666288e+02
7.950000000000000000e+02
7.960000000000000000e+02
6.480000000000000000e+02
7.960000000000000000e+02
5.200000000000000000e+02
5.186666666666666288e+02
5.240000000000000000e+02
5.200000000000000000e+02
6.240000000000000000e+02
5.760000000000000000e+02
5.540000000000000000e+02
5.640000000000000000e+02
5.730000000000000000e+02
7.293333333333333712e+02
5.680000000000000000e+02
5.733333333333333712e+02
5.490000000000000000e+02
5.860000000000000000e+02
5.160000000000000000e+02
5.480000000000000000e+02
6.573333333333333712e+02
6.453333333333333712e+02
6.453333333333333712e+02
6.430000000000000000e+02
7.960000000000000000e+02
7.960000000000000000e+02
7.680000000000000000e+02
6.770000000000000000e+02
6.880000000000000000e+02
6.710000000000000000e+02
7.960000000000000000e+02
7.960000000000000000e+02
7.960000000000000000e+02
7.960000000000000000e+02
7.960000000000000000e+02
7.960000000000000000e+02
7.960000000000000000e+02
7.960000000000000000e+02
6.740000000000000000e+02
7.350000000000000000e+02
7.400000000000000000e+02
7.950000000000000000e+02
6.640000000000000000e+02
6.493333333333333712e+02
7.910000000000000000e+02
6.740000000000000000e+02
6.493333333333333712e+02
5.740000000000000000e+02
5.420000000000000000e+02
6.680000000000000000e+02
6.480000000000000000e+02
7.960000000000000000e+02
7.960000000000000000e+02
7.960000000000000000e+02
7.960000000000000000e+02
7.960000000000000000e+02
7.960000000000000000e+02
7.960000000000000000e+02
7.960000000000000000e+02
7.960000000000000000e+02
6.773333333333333712e+02
