5.100000000000000000e+02
5.180000000000000000e+02
5.130000000000000000e+02
4.870000000000000000e+02
5.170000000000000000e+02
5.200000000000000000e+02
3.880000000000000000e+02
5.320000000000000000e+02
3.730000000000000000e+02
6.470000000000000000e+02
3.450000000000000000e+02
3.440000000000000000e+02
3.400000000000000000e+02
4.380000000000000000e+02
4.410000000000000000e+02
4.150000000000000000e+02
4.640000000000000000e+02
3.746666666666666856e+02
4.470000000000000000e+02
3.940000000000000000e+02
3.610000000000000000e+02
3.560000000000000000e+02
3.700000000000000000e+02
3.720000000000000000e+02
3.760000000000000000e+02
5.306666666666666288e+02
3.880000000000000000e+02
4.573333333333333144e+02
4.400000000000000000e+02
5.330000000000000000e+02
5.210000000000000000e+02
4.680000000000000000e+02
5.200000000000000000e+02
4.960000000000000000e+02
5.220000000000000000e+02
5.500000000000000000e+02
5.070000000000000000e+02
3.920000000000000000e+02
6.620000000000000000e+02
3.330000000000000000e+02
2.720000000000000000e+02
3.180000000000000000e+02
3.410000000000000000e+02
3.750000000000000000e+02
4.660000000000000000e+02
4.120000000000000000e+02
3.830000000000000000e+02
3.770000000000000000e+02
3.660000000000000000e+02
3.720000000000000000e+02
3.573333333333333144e+02
3.480000000000000000e+02
3.500000000000000000e+02
3.580000000000000000e+02
3.550000000000000000e+02
3.210000000000000000e+02
5.253333333333333712e+02
5.140000000000000000e+02
3.800000000000000000e+02
3.990000000000000000e+02
5.050000000000000000e+02
5.386666666666666288e+02
5.610000000000000000e+02
5.373333333333333712e+02
5.590000000000000000e+02
5.440000000000000000e+02
5.420000000000000000e+02
4.820000000000000000e+02
3.906666666666666856e+02
4.140000000000000000e+02
3.586666666666666856e+02
4.506666666666666856e+02
3.640000000000000000e+02
3.640000000000000000e+02
3.560000000000000000e+02
3.480000000000000000e+02
3.340000000000000000e+02
3.470000000000000000e+02
3.380000000000000000e+02
3.890000000000000000e+02
3.720000000000000000e+02
3.640000000000000000e+02
3.520000000000000000e+02
3.506666666666666856e+02
3.530000000000000000e+02
3.520000000000000000e+02
3.520000000000000000e+02
3.390000000000000000e+02
3.440000000000000000e+02
3.480000000000000000e+02
3.650000000000000000e+02
3.680000000000000000e+02
3.780000000000000000e+02
3.800000000000000000e+02
5.170000000000000000e+02
5.120000000000000000e+02
5.026666666666666856e+02
4.893333333333333144e+02
5.180000000000000000e+02
3.790000000000000000e+02
3.680000000000000000e+02
3.640000000000000000e+02
3.520000000000000000e+02
3.480000000000000000e+02
3.426666666666666856e+02
3.800000000000000000e+02
3.620000000000000000e+02
3.630000000000000000e+02
3.640000000000000000e+02
3.540000000000000000e+02
3.640000000000000000e+02
3.720000000000000000e+02
3.660000000000000000e+02
3.610000000000000000e+02
3.390000000000000000e+02
3.560000000000000000e+02
3.520000000000000000e+02
3.746666666666666856e+02
3.800000000000000000e+02
3.853333333333333144e+02
3.930000000000000000e+02
3.920000000000000000e+02
3.780000000000000000e+02
3.380000000000000000e+02
3.720000000000000000e+02
3.430000000000000000e+02
3.820000000000000000e+02
5.180000000000000000e+02
5.030000000000000000e+02
5.150000000000000000e+02
3.860000000000000000e+02
3.813333333333333144e+02
3.600000000000000000e+02
3.746666666666666856e+02
3.870000000000000000e+02
3.810000000000000000e+02
3.840000000000000000e+02
3.880000000000000000e+02
3.790000000000000000e+02
3.653333333333333144e+02
3.640000000000000000e+02
3.530000000000000000e+02
3.720000000000000000e+02
3.706666666666666856e+02
4.400000000000000000e+02
4.626666666666666856e+02
4.020000000000000000e+02
3.650000000000000000e+02
3.760000000000000000e+02
4.000000000000000000e+02
5.020000000000000000e+02
3.920000000000000000e+02
3.870000000000000000e+02
3.880000000000000000e+02
3.870000000000000000e+02
3.900000000000000000e+02
5.093333333333333144e+02
3.960000000000000000e+02
5.180000000000000000e+02
5.000000000000000000e+02
5.200000000000000000e+02
5.330000000000000000e+02
5.940000000000000000e+02
4.060000000000000000e+02
4.010000000000000000e+02
3.920000000000000000e+02
4.150000000000000000e+02
3.890000000000000000e+02
3.840000000000000000e+02
3.830000000000000000e+02
4.000000000000000000e+02
3.880000000000000000e+02
3.770000000000000000e+02
4.040000000000000000e+02
3.910000000000000000e+02
4.590000000000000000e+02
4.440000000000000000e+02
4.560000000000000000e+02
3.600000000000000000e+02
4.690000000000000000e+02
3.920000000000000000e+02
3.893333333333333144e+02
4.980000000000000000e+02
4.480000000000000000e+02
4.150000000000000000e+02
5.053333333333333144e+02
5.820000000000000000e+02
5.890000000000000000e+02
4.740000000000000000e+02
5.920000000000000000e+02
5.760000000000000000e+02
5.790000000000000000e+02
5.870000000000000000e+02
6.120000000000000000e+02
5.920000000000000000e+02
4.960000000000000000e+02
6.080000000000000000e+02
6.120000000000000000e+02
7.600000000000000000e+02
7.780000000000000000e+02
4.940000000000000000e+02
5.140000000000000000e+02
5.060000000000000000e+02
4.740000000000000000e+02
4.810000000000000000e+02
4.400000000000000000e+02
4.530000000000000000e+02
4.590000000000000000e+02
4.560000000000000000e+02
4.480000000000000000e+02
4.760000000000000000e+02
4.466666666666666856e+02
4.786666666666666856e+02
4.906666666666666856e+02
5.170000000000000000e+02
5.040000000000000000e+02
4.280000000000000000e+02
5.460000000000000000e+02
5.920000000000000000e+02
5.320000000000000000e+02
5.190000000000000000e+02
5.800000000000000000e+02
6.080000000000000000e+02
4.880000000000000000e+02
5.580000000000000000e+02
6.000000000000000000e+02
5.720000000000000000e+02
4.733333333333333144e+02
5.280000000000000000e+02
7.610000000000000000e+02
5.480000000000000000e+02
5.173333333333333712e+02
5.130000000000000000e+02
7.746666666666666288e+02
5.106666666666666856e+02
7.800000000000000000e+02
7.150000000000000000e+02
7.290000000000000000e+02
6.453333333333333712e+02
7.140000000000000000e+02
6.320000000000000000e+02
7.090000000000000000e+02
5.190000000000000000e+02
5.960000000000000000e+02
6.960000000000000000e+02
7.546666666666666288e+02
6.980000000000000000e+02
4.880000000000000000e+02
7.786666666666666288e+02
5.370000000000000000e+02
6.146666666666666288e+02
5.840000000000000000e+02
6.050000000000000000e+02
6.230000000000000000e+02
5.910000000000000000e+02
5.350000000000000000e+02
