6.000000000000000000e+02
6.040000000000000000e+02
5.880000000000000000e+02
5.570000000000000000e+02
5.430000000000000000e+02
4.480000000000000000e+02
5.560000000000000000e+02
5.610000000000000000e+02
5.600000000000000000e+02
5.520000000000000000e+02
5.400000000000000000e+02
5.350000000000000000e+02
4.800000000000000000e+02
5.320000000000000000e+02
5.290000000000000000e+02
5.630000000000000000e+02
4.640000000000000000e+02
4.866666666666666856e+02
4.920000000000000000e+02
4.710000000000000000e+02
4.640000000000000000e+02
5.180000000000000000e+02
5.310000000000000000e+02
5.400000000000000000e+02
5.330000000000000000e+02
5.400000000000000000e+02
5.390000000000000000e+02
5.590000000000000000e+02
5.370000000000000000e+02
6.200000000000000000e+02
6.200000000000000000e+02
6.066666666666666288e+02
6.053333333333333712e+02
5.786666666666666288e+02
5.550000000000000000e+02
6.340000000000000000e+02
5.600000000000000000e+02
5.600000000000000000e+02
4.510000000000000000e+02
4.333333333333333144e+02
5.360000000000000000e+02
5.180000000000000000e+02
4.880000000000000000e+02
4.720000000000000000e+02
4.640000000000000000e+02
4.610000000000000000e+02
4.560000000000000000e+02
4.600000000000000000e+02
4.600000000000000000e+02
4.520000000000000000e+02
4.470000000000000000e+02
4.620000000000000000e+02
4.590000000000000000e+02
4.653333333333333144e+02
4.600000000000000000e+02
4.573333333333333144e+02
4.240000000000000000e+02
4.240000000000000000e+02
4.200000000000000000e+02
4.240000000000000000e+02
5.860000000000000000e+02
6.090000000000000000e+02
5.390000000000000000e+02
5.600000000000000000e+02
5.550000000000000000e+02
5.773333333333333712e+02
5.620000000000000000e+02
4.160000000000000000e+02
4.200000000000000000e+02
4.200000000000000000e+02
4.200000000000000000e+02
4.170000000000000000e+02
4.120000000000000000e+02
4.200000000000000000e+02
4.160000000000000000e+02
4.040000000000000000e+02
4.660000000000000000e+02
4.080000000000000000e+02
4.280000000000000000e+02
4.360000000000000000e+02
4.480000000000000000e+02
4.080000000000000000e+02
4.120000000000000000e+02
4.120000000000000000e+02
4.160000000000000000e+02
4.200000000000000000e+02
4.160000000000000000e+02
4.200000000000000000e+02
4.120000000000000000e+02
4.120000000000000000e+02
4.140000000000000000e+02
4.160000000000000000e+02
4.200000000000000000e+02
4.200000000000000000e+02
4.330000000000000000e+02
5.760000000000000000e+02
5.290000000000000000e+02
4.200000000000000000e+02
4.200000000000000000e+02
4.160000000000000000e+02
4.120000000000000000e+02
4.200000000000000000e+02
4.260000000000000000e+02
4.080000000000000000e+02
4.200000000000000000e+02
4.160000000000000000e+02
4.120000000000000000e+02
4.120000000000000000e+02
4.093333333333333144e+02
4.110000000000000000e+02
4.160000000000000000e+02
4.760000000000000000e+02
4.600000000000000000e+02
4.200000000000000000e+02
4.200000000000000000e+02
4.200000000000000000e+02
4.160000000000000000e+02
4.160000000000000000e+02
4.200000000000000000e+02
3.960000000000000000e+02
4.100000000000000000e+02
4.020000000000000000e+02
4.090000000000000000e+02
4.150000000000000000e+02
4.200000000000000000e+02
4.160000000000000000e+02
5.540000000000000000e+02
5.430000000000000000e+02
5.570000000000000000e+02
5.420000000000000000e+02
5.140000000000000000e+02
5.693333333333333712e+02
4.170000000000000000e+02
4.200000000000000000e+02
4.240000000000000000e+02
4.300000000000000000e+02
4.320000000000000000e+02
4.250000000000000000e+02
4.250000000000000000e+02
4.170000000000000000e+02
4.200000000000000000e+02
4.200000000000000000e+02
4.320000000000000000e+02
4.560000000000000000e+02
4.520000000000000000e+02
4.540000000000000000e+02
4.200000000000000000e+02
4.240000000000000000e+02
4.370000000000000000e+02
4.260000000000000000e+02
4.280000000000000000e+02
4.240000000000000000e+02
4.240000000000000000e+02
4.280000000000000000e+02
4.240000000000000000e+02
4.200000000000000000e+02
5.380000000000000000e+02
5.310000000000000000e+02
5.590000000000000000e+02
5.550000000000000000e+02
5.600000000000000000e+02
5.880000000000000000e+02
5.773333333333333712e+02
5.660000000000000000e+02
5.360000000000000000e+02
5.630000000000000000e+02
5.780000000000000000e+02
5.320000000000000000e+02
4.150000000000000000e+02
4.040000000000000000e+02
4.080000000000000000e+02
4.760000000000000000e+02
4.040000000000000000e+02
4.560000000000000000e+02
4.450000000000000000e+02
5.306666666666666288e+02
5.240000000000000000e+02
4.266666666666666856e+02
4.620000000000000000e+02
5.120000000000000000e+02
4.880000000000000000e+02
4.800000000000000000e+02
5.093333333333333144e+02
5.170000000000000000e+02
5.400000000000000000e+02
4.200000000000000000e+02
5.940000000000000000e+02
6.010000000000000000e+02
5.670000000000000000e+02
5.990000000000000000e+02
5.693333333333333712e+02
5.680000000000000000e+02
5.680000000000000000e+02
5.770000000000000000e+02
5.770000000000000000e+02
6.080000000000000000e+02
5.973333333333333712e+02
5.670000000000000000e+02
5.040000000000000000e+02
5.680000000000000000e+02
5.280000000000000000e+02
4.960000000000000000e+02
5.000000000000000000e+02
4.970000000000000000e+02
4.850000000000000000e+02
4.880000000000000000e+02
4.880000000000000000e+02
5.920000000000000000e+02
5.540000000000000000e+02
6.146666666666666288e+02
5.290000000000000000e+02
5.340000000000000000e+02
5.710000000000000000e+02
5.240000000000000000e+02
5.520000000000000000e+02
5.610000000000000000e+02
5.770000000000000000e+02
5.720000000000000000e+02
5.560000000000000000e+02
6.213333333333333712e+02
6.240000000000000000e+02
5.350000000000000000e+02
5.610000000000000000e+02
5.690000000000000000e+02
5.660000000000000000e+02
5.720000000000000000e+02
5.550000000000000000e+02
5.790000000000000000e+02
5.813333333333333712e+02
5.530000000000000000e+02
5.760000000000000000e+02
6.533333333333333712e+02
5.470000000000000000e+02
6.100000000000000000e+02
7.060000000000000000e+02
6.093333333333333712e+02
6.020000000000000000e+02
5.990000000000000000e+02
5.066666666666666856e+02
5.293333333333333712e+02
7.573333333333333712e+02
6.573333333333333712e+02
6.650000000000000000e+02
6.120000000000000000e+02
5.200000000000000000e+02
6.066666666666666288e+02
5.640000000000000000e+02
6.893333333333333712e+02
5.460000000000000000e+02
7.400000000000000000e+02
5.810000000000000000e+02
5.720000000000000000e+02
5.610000000000000000e+02
5.460000000000000000e+02
5.660000000000000000e+02
5.670000000000000000e+02
