5.000000000000000000e+02
4.720000000000000000e+02
5.130000000000000000e+02
5.210000000000000000e+02
5.100000000000000000e+02
5.200000000000000000e+02
5.160000000000000000e+02
5.320000000000000000e+02
3.306666666666666856e+02
7.260000000000000000e+02
3.640000000000000000e+02
3.440000000000000000e+02
3.400000000000000000e+02
4.386666666666666856e+02
4.410000000000000000e+02
4.150000000000000000e+02
3.680000000000000000e+02
3.746666666666666856e+02
4.360000000000000000e+02
4.380000000000000000e+02
3.610000000000000000e+02
3.700000000000000000e+02
3.380000000000000000e+02
3.620000000000000000e+02
3.813333333333333144e+02
5.240000000000000000e+02
6.160000000000000000e+02
4.580000000000000000e+02
4.680000000000000000e+02
5.330000000000000000e+02
5.410000000000000000e+02
5.200000000000000000e+02
5.300000000000000000e+02
4.960000000000000000e+02
5.220000000000000000e+02
5.330000000000000000e+02
5.540000000000000000e+02
5.450000000000000000e+02
3.613333333333333144e+02
5.453333333333333712e+02
5.040000000000000000e+02
3.400000000000000000e+02
3.440000000000000000e+02
3.550000000000000000e+02
4.493333333333333144e+02
4.050000000000000000e+02
3.870000000000000000e+02
3.740000000000000000e+02
3.660000000000000000e+02
3.730000000000000000e+02
3.453333333333333144e+02
3.480000000000000000e+02
3.480000000000000000e+02
3.600000000000000000e+02
3.480000000000000000e+02
3.493333333333333144e+02
3.670000000000000000e+02
5.520000000000000000e+02
3.800000000000000000e+02
4.586666666666666856e+02
5.450000000000000000e+02
5.590000000000000000e+02
5.610000000000000000e+02
5.320000000000000000e+02
5.320000000000000000e+02
5.610000000000000000e+02
5.060000000000000000e+02
5.600000000000000000e+02
3.660000000000000000e+02
3.920000000000000000e+02
3.920000000000000000e+02
3.510000000000000000e+02
3.693333333333333144e+02
3.640000000000000000e+02
3.580000000000000000e+02
3.470000000000000000e+02
3.480000000000000000e+02
3.573333333333333144e+02
3.813333333333333144e+02
3.880000000000000000e+02
3.813333333333333144e+02
3.640000000000000000e+02
3.520000000000000000e+02
3.480000000000000000e+02
3.280000000000000000e+02
3.520000000000000000e+02
3.530000000000000000e+02
3.493333333333333144e+02
3.440000000000000000e+02
3.480000000000000000e+02
3.670000000000000000e+02
3.640000000000000000e+02
3.600000000000000000e+02
3.980000000000000000e+02
4.040000000000000000e+02
5.000000000000000000e+02
4.990000000000000000e+02
5.070000000000000000e+02
3.910000000000000000e+02
3.700000000000000000e+02
3.700000000000000000e+02
3.650000000000000000e+02
3.520000000000000000e+02
3.480000000000000000e+02
3.910000000000000000e+02
3.830000000000000000e+02
4.020000000000000000e+02
3.640000000000000000e+02
3.620000000000000000e+02
3.540000000000000000e+02
3.640000000000000000e+02
3.640000000000000000e+02
3.580000000000000000e+02
3.626666666666666856e+02
3.390000000000000000e+02
3.560000000000000000e+02
3.520000000000000000e+02
3.866666666666666856e+02
3.840000000000000000e+02
3.853333333333333144e+02
3.920000000000000000e+02
3.360000000000000000e+02
3.650000000000000000e+02
3.380000000000000000e+02
3.720000000000000000e+02
3.820000000000000000e+02
5.173333333333333712e+02
4.770000000000000000e+02
4.330000000000000000e+02
5.070000000000000000e+02
5.090000000000000000e+02
3.853333333333333144e+02
3.400000000000000000e+02
3.740000000000000000e+02
3.840000000000000000e+02
3.800000000000000000e+02
3.826666666666666856e+02
3.880000000000000000e+02
3.760000000000000000e+02
3.653333333333333144e+02
3.626666666666666856e+02
3.640000000000000000e+02
3.640000000000000000e+02
4.706666666666666856e+02
4.386666666666666856e+02
4.410000000000000000e+02
3.660000000000000000e+02
3.680000000000000000e+02
3.750000000000000000e+02
4.173333333333333144e+02
3.960000000000000000e+02
3.880000000000000000e+02
3.840000000000000000e+02
3.870000000000000000e+02
3.840000000000000000e+02
3.910000000000000000e+02
5.093333333333333144e+02
4.000000000000000000e+02
5.180000000000000000e+02
5.130000000000000000e+02
5.200000000000000000e+02
5.240000000000000000e+02
5.420000000000000000e+02
4.060000000000000000e+02
4.010000000000000000e+02
3.890000000000000000e+02
4.110000000000000000e+02
3.880000000000000000e+02
3.900000000000000000e+02
3.970000000000000000e+02
4.306666666666666856e+02
3.880000000000000000e+02
3.760000000000000000e+02
4.040000000000000000e+02
4.680000000000000000e+02
4.620000000000000000e+02
4.440000000000000000e+02
4.560000000000000000e+02
3.600000000000000000e+02
4.690000000000000000e+02
3.880000000000000000e+02
3.893333333333333144e+02
5.040000000000000000e+02
4.240000000000000000e+02
4.150000000000000000e+02
5.180000000000000000e+02
4.586666666666666856e+02
6.040000000000000000e+02
6.020000000000000000e+02
6.250000000000000000e+02
5.740000000000000000e+02
5.790000000000000000e+02
5.850000000000000000e+02
5.826666666666666288e+02
5.870000000000000000e+02
5.430000000000000000e+02
6.080000000000000000e+02
6.346666666666666288e+02
7.950000000000000000e+02
7.780000000000000000e+02
4.973333333333333144e+02
4.790000000000000000e+02
4.780000000000000000e+02
4.740000000000000000e+02
4.810000000000000000e+02
4.450000000000000000e+02
4.530000000000000000e+02
4.570000000000000000e+02
5.730000000000000000e+02
7.640000000000000000e+02
6.910000000000000000e+02
5.360000000000000000e+02
4.820000000000000000e+02
5.120000000000000000e+02
5.170000000000000000e+02
5.020000000000000000e+02
5.580000000000000000e+02
7.690000000000000000e+02
6.093333333333333712e+02
6.133333333333333712e+02
6.026666666666666288e+02
5.620000000000000000e+02
6.010000000000000000e+02
5.940000000000000000e+02
5.870000000000000000e+02
6.000000000000000000e+02
6.120000000000000000e+02
4.820000000000000000e+02
6.810000000000000000e+02
7.610000000000000000e+02
7.710000000000000000e+02
5.360000000000000000e+02
5.130000000000000000e+02
4.980000000000000000e+02
5.120000000000000000e+02
4.740000000000000000e+02
7.150000000000000000e+02
7.820000000000000000e+02
6.180000000000000000e+02
6.293333333333333712e+02
4.160000000000000000e+02
7.000000000000000000e+02
5.190000000000000000e+02
5.960000000000000000e+02
6.880000000000000000e+02
7.560000000000000000e+02
5.480000000000000000e+02
5.500000000000000000e+02
4.860000000000000000e+02
7.200000000000000000e+02
6.146666666666666288e+02
5.950000000000000000e+02
5.706666666666666288e+02
6.230000000000000000e+02
6.200000000000000000e+02
6.060000000000000000e+02
