6.480000000000000000e+02
6.570000000000000000e+02
6.600000000000000000e+02
6.370000000000000000e+02
6.390000000000000000e+02
6.280000000000000000e+02
6.320000000000000000e+02
6.320000000000000000e+02
7.720000000000000000e+02
5.040000000000000000e+02
6.080000000000000000e+02
5.920000000000000000e+02
5.960000000000000000e+02
6.060000000000000000e+02
6.000000000000000000e+02
5.920000000000000000e+02
6.010000000000000000e+02
5.870000000000000000e+02
5.880000000000000000e+02
6.000000000000000000e+02
6.040000000000000000e+02
6.186666666666666288e+02
5.040000000000000000e+02
5.040000000000000000e+02
5.040000000000000000e+02
6.250000000000000000e+02
6.280000000000000000e+02
6.270000000000000000e+02
5.160000000000000000e+02
6.600000000000000000e+02
6.940000000000000000e+02
6.400000000000000000e+02
6.380000000000000000e+02
6.440000000000000000e+02
5.160000000000000000e+02
5.160000000000000000e+02
5.040000000000000000e+02
5.000000000000000000e+02
6.200000000000000000e+02
6.240000000000000000e+02
4.946666666666666856e+02
5.000000000000000000e+02
5.920000000000000000e+02
6.040000000000000000e+02
6.000000000000000000e+02
5.840000000000000000e+02
5.800000000000000000e+02
6.320000000000000000e+02
6.400000000000000000e+02
5.813333333333333712e+02
5.773333333333333712e+02
5.840000000000000000e+02
4.960000000000000000e+02
5.840000000000000000e+02
5.080000000000000000e+02
5.106666666666666856e+02
4.860000000000000000e+02
5.000000000000000000e+02
5.160000000000000000e+02
5.160000000000000000e+02
5.050000000000000000e+02
6.600000000000000000e+02
6.600000000000000000e+02
6.560000000000000000e+02
6.600000000000000000e+02
6.580000000000000000e+02
5.040000000000000000e+02
5.120000000000000000e+02
5.310000000000000000e+02
4.960000000000000000e+02
5.160000000000000000e+02
4.960000000000000000e+02
5.000000000000000000e+02
5.040000000000000000e+02
4.960000000000000000e+02
4.920000000000000000e+02
5.760000000000000000e+02
5.800000000000000000e+02
5.920000000000000000e+02
5.780000000000000000e+02
5.880000000000000000e+02
6.200000000000000000e+02
5.253333333333333712e+02
5.040000000000000000e+02
5.120000000000000000e+02
5.000000000000000000e+02
5.040000000000000000e+02
4.920000000000000000e+02
4.920000000000000000e+02
4.920000000000000000e+02
5.000000000000000000e+02
4.920000000000000000e+02
4.880000000000000000e+02
4.880000000000000000e+02
5.000000000000000000e+02
5.860000000000000000e+02
6.080000000000000000e+02
4.960000000000000000e+02
5.030000000000000000e+02
4.920000000000000000e+02
4.960000000000000000e+02
5.040000000000000000e+02
4.960000000000000000e+02
4.960000000000000000e+02
5.000000000000000000e+02
5.000000000000000000e+02
5.000000000000000000e+02
5.080000000000000000e+02
5.160000000000000000e+02
5.520000000000000000e+02
6.120000000000000000e+02
6.080000000000000000e+02
5.400000000000000000e+02
6.080000000000000000e+02
5.440000000000000000e+02
5.120000000000000000e+02
5.053333333333333144e+02
5.040000000000000000e+02
5.000000000000000000e+02
5.000000000000000000e+02
5.120000000000000000e+02
4.960000000000000000e+02
4.880000000000000000e+02
4.860000000000000000e+02
4.920000000000000000e+02
4.920000000000000000e+02
5.040000000000000000e+02
5.000000000000000000e+02
4.973333333333333144e+02
5.000000000000000000e+02
4.960000000000000000e+02
4.880000000000000000e+02
4.880000000000000000e+02
4.840000000000000000e+02
4.960000000000000000e+02
5.040000000000000000e+02
5.080000000000000000e+02
5.160000000000000000e+02
5.000000000000000000e+02
5.020000000000000000e+02
5.093333333333333144e+02
5.520000000000000000e+02
5.480000000000000000e+02
5.560000000000000000e+02
5.490000000000000000e+02
5.520000000000000000e+02
5.390000000000000000e+02
6.026666666666666288e+02
5.120000000000000000e+02
5.120000000000000000e+02
5.160000000000000000e+02
5.240000000000000000e+02
5.280000000000000000e+02
5.330000000000000000e+02
4.900000000000000000e+02
5.000000000000000000e+02
5.373333333333333712e+02
4.920000000000000000e+02
4.960000000000000000e+02
6.340000000000000000e+02
6.500000000000000000e+02
6.470000000000000000e+02
6.630000000000000000e+02
5.160000000000000000e+02
5.160000000000000000e+02
5.280000000000000000e+02
5.160000000000000000e+02
5.200000000000000000e+02
5.200000000000000000e+02
5.120000000000000000e+02
5.920000000000000000e+02
5.960000000000000000e+02
6.000000000000000000e+02
5.880000000000000000e+02
5.030000000000000000e+02
5.960000000000000000e+02
5.840000000000000000e+02
5.920000000000000000e+02
5.800000000000000000e+02
6.040000000000000000e+02
6.000000000000000000e+02
6.000000000000000000e+02
5.160000000000000000e+02
5.280000000000000000e+02
5.240000000000000000e+02
5.240000000000000000e+02
5.320000000000000000e+02
5.173333333333333712e+02
5.333333333333333712e+02
5.426666666666666288e+02
6.540000000000000000e+02
6.530000000000000000e+02
6.640000000000000000e+02
6.680000000000000000e+02
6.720000000000000000e+02
7.853333333333333712e+02
7.960000000000000000e+02
7.693333333333333712e+02
6.440000000000000000e+02
5.200000000000000000e+02
5.200000000000000000e+02
5.240000000000000000e+02
5.240000000000000000e+02
6.240000000000000000e+02
5.760000000000000000e+02
5.490000000000000000e+02
6.080000000000000000e+02
5.760000000000000000e+02
5.640000000000000000e+02
5.840000000000000000e+02
5.730000000000000000e+02
5.546666666666666288e+02
6.226666666666666288e+02
5.160000000000000000e+02
5.146666666666666288e+02
5.200000000000000000e+02
6.490000000000000000e+02
6.470000000000000000e+02
7.920000000000000000e+02
7.720000000000000000e+02
7.960000000000000000e+02
7.680000000000000000e+02
6.826666666666666288e+02
6.840000000000000000e+02
6.640000000000000000e+02
7.960000000000000000e+02
7.740000000000000000e+02
7.960000000000000000e+02
7.960000000000000000e+02
7.960000000000000000e+02
7.960000000000000000e+02
7.400000000000000000e+02
7.960000000000000000e+02
7.960000000000000000e+02
7.960000000000000000e+02
7.400000000000000000e+02
7.150000000000000000e+02
6.640000000000000000e+02
6.493333333333333712e+02
6.560000000000000000e+02
6.640000000000000000e+02
6.426666666666666288e+02
5.620000000000000000e+02
5.160000000000000000e+02
6.680000000000000000e+02
7.960000000000000000e+02
7.960000000000000000e+02
7.960000000000000000e+02
7.960000000000000000e+02
7.960000000000000000e+02
7.960000000000000000e+02
7.960000000000000000e+02
7.960000000000000000e+02
7.960000000000000000e+02
7.810000000000000000e+02
6.760000000000000000e+02
