6.440000000000000000e+02
6.600000000000000000e+02
6.600000000000000000e+02
6.520000000000000000e+02
7.680000000000000000e+02
6.280000000000000000e+02
6.320000000000000000e+02
6.320000000000000000e+02
6.340000000000000000e+02
5.080000000000000000e+02
6.160000000000000000e+02
5.733333333333333712e+02
6.040000000000000000e+02
6.000000000000000000e+02
5.930000000000000000e+02
5.980000000000000000e+02
6.010000000000000000e+02
5.920000000000000000e+02
5.830000000000000000e+02
6.000000000000000000e+02
6.040000000000000000e+02
6.186666666666666288e+02
5.040000000000000000e+02
5.040000000000000000e+02
6.280000000000000000e+02
6.240000000000000000e+02
6.280000000000000000e+02
6.280000000000000000e+02
5.220000000000000000e+02
6.600000000000000000e+02
6.940000000000000000e+02
6.400000000000000000e+02
6.440000000000000000e+02
6.340000000000000000e+02
6.400000000000000000e+02
5.200000000000000000e+02
5.040000000000000000e+02
6.213333333333333712e+02
6.200000000000000000e+02
6.200000000000000000e+02
4.946666666666666856e+02
5.000000000000000000e+02
5.920000000000000000e+02
6.040000000000000000e+02
5.960000000000000000e+02
5.840000000000000000e+02
5.800000000000000000e+02
6.310000000000000000e+02
6.320000000000000000e+02
5.800000000000000000e+02
5.770000000000000000e+02
5.850000000000000000e+02
5.860000000000000000e+02
5.013333333333333144e+02
5.120000000000000000e+02
5.120000000000000000e+02
4.910000000000000000e+02
4.920000000000000000e+02
5.160000000000000000e+02
5.280000000000000000e+02
5.160000000000000000e+02
6.600000000000000000e+02
6.520000000000000000e+02
6.560000000000000000e+02
6.600000000000000000e+02
6.580000000000000000e+02
5.040000000000000000e+02
5.040000000000000000e+02
5.013333333333333144e+02
5.000000000000000000e+02
4.920000000000000000e+02
5.000000000000000000e+02
5.000000000000000000e+02
5.000000000000000000e+02
4.946666666666666856e+02
4.960000000000000000e+02
5.760000000000000000e+02
5.840000000000000000e+02
5.946666666666666288e+02
5.780000000000000000e+02
5.780000000000000000e+02
6.240000000000000000e+02
5.260000000000000000e+02
5.040000000000000000e+02
5.040000000000000000e+02
5.000000000000000000e+02
5.080000000000000000e+02
4.960000000000000000e+02
4.920000000000000000e+02
5.040000000000000000e+02
5.000000000000000000e+02
4.920000000000000000e+02
4.880000000000000000e+02
4.920000000000000000e+02
5.920000000000000000e+02
6.090000000000000000e+02
6.080000000000000000e+02
6.000000000000000000e+02
4.980000000000000000e+02
4.840000000000000000e+02
4.960000000000000000e+02
5.040000000000000000e+02
4.960000000000000000e+02
4.960000000000000000e+02
5.000000000000000000e+02
5.000000000000000000e+02
5.000000000000000000e+02
5.040000000000000000e+02
5.200000000000000000e+02
5.560000000000000000e+02
6.120000000000000000e+02
6.120000000000000000e+02
6.100000000000000000e+02
6.120000000000000000e+02
5.440000000000000000e+02
5.120000000000000000e+02
5.000000000000000000e+02
5.000000000000000000e+02
5.000000000000000000e+02
5.000000000000000000e+02
5.160000000000000000e+02
4.960000000000000000e+02
4.880000000000000000e+02
4.860000000000000000e+02
4.880000000000000000e+02
4.920000000000000000e+02
5.040000000000000000e+02
6.000000000000000000e+02
4.973333333333333144e+02
5.000000000000000000e+02
4.960000000000000000e+02
4.880000000000000000e+02
4.920000000000000000e+02
4.760000000000000000e+02
5.120000000000000000e+02
5.080000000000000000e+02
5.080000000000000000e+02
5.160000000000000000e+02
5.000000000000000000e+02
5.080000000000000000e+02
5.480000000000000000e+02
5.520000000000000000e+02
5.480000000000000000e+02
5.520000000000000000e+02
5.490000000000000000e+02
5.880000000000000000e+02
5.840000000000000000e+02
5.320000000000000000e+02
5.160000000000000000e+02
5.120000000000000000e+02
5.240000000000000000e+02
5.240000000000000000e+02
5.280000000000000000e+02
5.280000000000000000e+02
4.900000000000000000e+02
5.080000000000000000e+02
4.900000000000000000e+02
4.850000000000000000e+02
4.960000000000000000e+02
6.340000000000000000e+02
6.500000000000000000e+02
6.680000000000000000e+02
5.280000000000000000e+02
5.130000000000000000e+02
5.080000000000000000e+02
5.280000000000000000e+02
5.160000000000000000e+02
5.200000000000000000e+02
5.280000000000000000e+02
5.120000000000000000e+02
5.093333333333333144e+02
5.960000000000000000e+02
6.000000000000000000e+02
5.880000000000000000e+02
5.000000000000000000e+02
5.920000000000000000e+02
5.820000000000000000e+02
5.880000000000000000e+02
5.760000000000000000e+02
6.040000000000000000e+02
6.000000000000000000e+02
6.000000000000000000e+02
5.160000000000000000e+02
5.200000000000000000e+02
5.240000000000000000e+02
5.240000000000000000e+02
5.320000000000000000e+02
5.240000000000000000e+02
5.333333333333333712e+02
5.426666666666666288e+02
6.540000000000000000e+02
6.586666666666666288e+02
6.560000000000000000e+02
6.680000000000000000e+02
6.760000000000000000e+02
7.890000000000000000e+02
7.960000000000000000e+02
5.400000000000000000e+02
5.200000000000000000e+02
5.200000000000000000e+02
5.240000000000000000e+02
5.240000000000000000e+02
5.190000000000000000e+02
6.270000000000000000e+02
5.850000000000000000e+02
5.666666666666666288e+02
6.080000000000000000e+02
5.830000000000000000e+02
7.360000000000000000e+02
5.626666666666666288e+02
5.800000000000000000e+02
5.600000000000000000e+02
6.226666666666666288e+02
5.160000000000000000e+02
5.190000000000000000e+02
5.200000000000000000e+02
6.490000000000000000e+02
6.453333333333333712e+02
6.430000000000000000e+02
7.960000000000000000e+02
7.960000000000000000e+02
7.960000000000000000e+02
6.840000000000000000e+02
6.840000000000000000e+02
6.600000000000000000e+02
7.960000000000000000e+02
7.960000000000000000e+02
7.960000000000000000e+02
7.920000000000000000e+02
7.960000000000000000e+02
7.960000000000000000e+02
7.960000000000000000e+02
7.960000000000000000e+02
7.413333333333333712e+02
5.240000000000000000e+02
7.400000000000000000e+02
7.293333333333333712e+02
6.550000000000000000e+02
7.880000000000000000e+02
7.940000000000000000e+02
7.440000000000000000e+02
5.826666666666666288e+02
5.680000000000000000e+02
5.420000000000000000e+02
6.680000000000000000e+02
7.960000000000000000e+02
7.960000000000000000e+02
7.500000000000000000e+02
7.960000000000000000e+02
7.960000000000000000e+02
7.960000000000000000e+02
7.960000000000000000e+02
7.960000000000000000e+02
7.960000000000000000e+02
7.960000000000000000e+02
6.710000000000000000e+02
