6.000000000000000000e+02
6.040000000000000000e+02
6.050000000000000000e+02
6.180000000000000000e+02
6.150000000000000000e+02
5.720000000000000000e+02
5.586666666666666288e+02
5.700000000000000000e+02
5.570000000000000000e+02
5.760000000000000000e+02
5.080000000000000000e+02
5.373333333333333712e+02
5.730000000000000000e+02
6.120000000000000000e+02
5.400000000000000000e+02
5.450000000000000000e+02
5.120000000000000000e+02
5.480000000000000000e+02
5.786666666666666288e+02
4.880000000000000000e+02
5.493333333333333712e+02
5.310000000000000000e+02
5.510000000000000000e+02
5.840000000000000000e+02
5.760000000000000000e+02
5.426666666666666288e+02
6.100000000000000000e+02
5.490000000000000000e+02
5.640000000000000000e+02
5.510000000000000000e+02
5.933333333333333712e+02
6.080000000000000000e+02
5.946666666666666288e+02
6.120000000000000000e+02
6.290000000000000000e+02
6.200000000000000000e+02
6.580000000000000000e+02
4.760000000000000000e+02
4.680000000000000000e+02
5.900000000000000000e+02
5.810000000000000000e+02
5.746666666666666288e+02
5.586666666666666288e+02
4.920000000000000000e+02
5.590000000000000000e+02
5.530000000000000000e+02
5.310000000000000000e+02
5.900000000000000000e+02
5.680000000000000000e+02
5.440000000000000000e+02
5.520000000000000000e+02
5.520000000000000000e+02
4.660000000000000000e+02
4.720000000000000000e+02
4.720000000000000000e+02
4.690000000000000000e+02
4.640000000000000000e+02
4.680000000000000000e+02
4.760000000000000000e+02
6.560000000000000000e+02
6.346666666666666288e+02
6.310000000000000000e+02
6.026666666666666288e+02
5.906666666666666288e+02
5.440000000000000000e+02
5.750000000000000000e+02
6.400000000000000000e+02
6.200000000000000000e+02
4.760000000000000000e+02
4.800000000000000000e+02
4.760000000000000000e+02
4.680000000000000000e+02
4.760000000000000000e+02
4.720000000000000000e+02
4.760000000000000000e+02
4.720000000000000000e+02
4.800000000000000000e+02
5.060000000000000000e+02
4.940000000000000000e+02
5.630000000000000000e+02
4.980000000000000000e+02
4.670000000000000000e+02
4.800000000000000000e+02
4.720000000000000000e+02
4.710000000000000000e+02
4.720000000000000000e+02
4.720000000000000000e+02
4.720000000000000000e+02
4.760000000000000000e+02
4.760000000000000000e+02
4.810000000000000000e+02
4.800000000000000000e+02
4.840000000000000000e+02
4.810000000000000000e+02
4.826666666666666856e+02
5.570000000000000000e+02
5.720000000000000000e+02
5.960000000000000000e+02
4.820000000000000000e+02
4.840000000000000000e+02
4.880000000000000000e+02
4.920000000000000000e+02
4.760000000000000000e+02
4.680000000000000000e+02
4.880000000000000000e+02
4.653333333333333144e+02
4.780000000000000000e+02
4.800000000000000000e+02
4.770000000000000000e+02
4.720000000000000000e+02
4.830000000000000000e+02
5.100000000000000000e+02
5.133333333333333712e+02
4.760000000000000000e+02
4.800000000000000000e+02
4.780000000000000000e+02
4.800000000000000000e+02
4.840000000000000000e+02
4.880000000000000000e+02
4.880000000000000000e+02
4.760000000000000000e+02
4.820000000000000000e+02
4.770000000000000000e+02
4.720000000000000000e+02
4.660000000000000000e+02
4.720000000000000000e+02
4.760000000000000000e+02
5.720000000000000000e+02
5.760000000000000000e+02
5.730000000000000000e+02
4.813333333333333144e+02
4.860000000000000000e+02
4.710000000000000000e+02
4.680000000000000000e+02
4.740000000000000000e+02
4.880000000000000000e+02
4.950000000000000000e+02
4.790000000000000000e+02
4.740000000000000000e+02
4.750000000000000000e+02
4.853333333333333144e+02
4.786666666666666856e+02
4.760000000000000000e+02
5.150000000000000000e+02
5.960000000000000000e+02
5.900000000000000000e+02
5.600000000000000000e+02
5.080000000000000000e+02
4.800000000000000000e+02
4.813333333333333144e+02
5.000000000000000000e+02
4.940000000000000000e+02
4.950000000000000000e+02
4.900000000000000000e+02
4.853333333333333144e+02
4.810000000000000000e+02
4.760000000000000000e+02
4.760000000000000000e+02
5.670000000000000000e+02
5.840000000000000000e+02
5.700000000000000000e+02
5.680000000000000000e+02
4.813333333333333144e+02
4.890000000000000000e+02
4.840000000000000000e+02
4.960000000000000000e+02
4.810000000000000000e+02
4.850000000000000000e+02
4.960000000000000000e+02
4.910000000000000000e+02
4.840000000000000000e+02
4.760000000000000000e+02
4.960000000000000000e+02
5.020000000000000000e+02
5.110000000000000000e+02
5.933333333333333712e+02
5.440000000000000000e+02
5.540000000000000000e+02
5.560000000000000000e+02
4.940000000000000000e+02
6.040000000000000000e+02
5.106666666666666856e+02
4.906666666666666856e+02
4.950000000000000000e+02
4.760000000000000000e+02
4.760000000000000000e+02
4.800000000000000000e+02
4.800000000000000000e+02
5.840000000000000000e+02
5.640000000000000000e+02
6.050000000000000000e+02
5.830000000000000000e+02
5.620000000000000000e+02
6.170000000000000000e+02
6.026666666666666288e+02
4.950000000000000000e+02
6.373333333333333712e+02
4.760000000000000000e+02
4.770000000000000000e+02
4.740000000000000000e+02
4.830000000000000000e+02
4.850000000000000000e+02
4.780000000000000000e+02
5.630000000000000000e+02
5.420000000000000000e+02
5.493333333333333712e+02
5.453333333333333712e+02
6.840000000000000000e+02
5.770000000000000000e+02
5.813333333333333712e+02
5.940000000000000000e+02
5.840000000000000000e+02
5.280000000000000000e+02
5.280000000000000000e+02
5.400000000000000000e+02
5.450000000000000000e+02
4.840000000000000000e+02
4.830000000000000000e+02
4.760000000000000000e+02
5.740000000000000000e+02
6.390000000000000000e+02
5.990000000000000000e+02
6.253333333333333712e+02
6.080000000000000000e+02
6.250000000000000000e+02
6.240000000000000000e+02
6.050000000000000000e+02
6.450000000000000000e+02
6.386666666666666288e+02
4.826666666666666856e+02
4.826666666666666856e+02
4.850000000000000000e+02
4.960000000000000000e+02
5.600000000000000000e+02
5.380000000000000000e+02
5.613333333333333712e+02
5.750000000000000000e+02
5.780000000000000000e+02
5.813333333333333712e+02
5.660000000000000000e+02
5.510000000000000000e+02
5.240000000000000000e+02
5.740000000000000000e+02
5.820000000000000000e+02
5.800000000000000000e+02
5.653333333333333712e+02
5.910000000000000000e+02
5.980000000000000000e+02
5.760000000000000000e+02
5.333333333333333712e+02
6.666666666666666288e+02
4.773333333333333144e+02
6.400000000000000000e+02
6.440000000000000000e+02
6.440000000000000000e+02
6.260000000000000000e+02
