5.000000000000000000e+02
5.180000000000000000e+02
5.130000000000000000e+02
5.210000000000000000e+02
4.573333333333333144e+02
5.210000000000000000e+02
5.160000000000000000e+02
6.920000000000000000e+02
3.730000000000000000e+02
6.470000000000000000e+02
3.410000000000000000e+02
3.460000000000000000e+02
3.400000000000000000e+02
4.386666666666666856e+02
4.410000000000000000e+02
4.360000000000000000e+02
3.680000000000000000e+02
4.460000000000000000e+02
4.413333333333333144e+02
3.940000000000000000e+02
3.600000000000000000e+02
3.700000000000000000e+02
3.380000000000000000e+02
3.610000000000000000e+02
3.790000000000000000e+02
5.240000000000000000e+02
3.880000000000000000e+02
4.053333333333333144e+02
5.493333333333333712e+02
5.453333333333333712e+02
5.293333333333333712e+02
5.370000000000000000e+02
5.140000000000000000e+02
5.540000000000000000e+02
5.280000000000000000e+02
5.500000000000000000e+02
5.540000000000000000e+02
5.450000000000000000e+02
3.586666666666666856e+02
3.330000000000000000e+02
5.173333333333333712e+02
3.180000000000000000e+02
3.740000000000000000e+02
3.460000000000000000e+02
4.480000000000000000e+02
4.290000000000000000e+02
3.790000000000000000e+02
3.820000000000000000e+02
3.680000000000000000e+02
3.730000000000000000e+02
3.453333333333333144e+02
3.500000000000000000e+02
3.480000000000000000e+02
3.600000000000000000e+02
3.550000000000000000e+02
3.740000000000000000e+02
6.320000000000000000e+02
5.500000000000000000e+02
3.800000000000000000e+02
3.990000000000000000e+02
5.050000000000000000e+02
5.590000000000000000e+02
5.460000000000000000e+02
4.500000000000000000e+02
5.320000000000000000e+02
5.610000000000000000e+02
5.420000000000000000e+02
4.820000000000000000e+02
3.660000000000000000e+02
3.626666666666666856e+02
3.920000000000000000e+02
3.630000000000000000e+02
3.680000000000000000e+02
3.640000000000000000e+02
3.560000000000000000e+02
3.470000000000000000e+02
3.470000000000000000e+02
3.480000000000000000e+02
3.813333333333333144e+02
3.840000000000000000e+02
3.733333333333333144e+02
3.680000000000000000e+02
3.550000000000000000e+02
3.480000000000000000e+02
3.280000000000000000e+02
3.520000000000000000e+02
3.520000000000000000e+02
3.390000000000000000e+02
3.440000000000000000e+02
3.480000000000000000e+02
3.540000000000000000e+02
3.680000000000000000e+02
3.586666666666666856e+02
3.980000000000000000e+02
4.040000000000000000e+02
5.000000000000000000e+02
5.050000000000000000e+02
5.070000000000000000e+02
4.770000000000000000e+02
3.706666666666666856e+02
3.700000000000000000e+02
3.650000000000000000e+02
3.600000000000000000e+02
3.480000000000000000e+02
3.920000000000000000e+02
3.830000000000000000e+02
3.620000000000000000e+02
3.630000000000000000e+02
3.550000000000000000e+02
4.180000000000000000e+02
3.650000000000000000e+02
3.720000000000000000e+02
3.613333333333333144e+02
3.610000000000000000e+02
3.586666666666666856e+02
3.560000000000000000e+02
3.520000000000000000e+02
3.500000000000000000e+02
3.800000000000000000e+02
3.840000000000000000e+02
3.880000000000000000e+02
3.893333333333333144e+02
3.680000000000000000e+02
3.380000000000000000e+02
3.786666666666666856e+02
3.826666666666666856e+02
5.170000000000000000e+02
5.040000000000000000e+02
5.120000000000000000e+02
5.220000000000000000e+02
3.820000000000000000e+02
3.800000000000000000e+02
3.626666666666666856e+02
3.720000000000000000e+02
3.840000000000000000e+02
3.810000000000000000e+02
3.830000000000000000e+02
3.880000000000000000e+02
3.640000000000000000e+02
3.660000000000000000e+02
3.640000000000000000e+02
3.530000000000000000e+02
3.640000000000000000e+02
4.220000000000000000e+02
4.293333333333333144e+02
4.020000000000000000e+02
3.690000000000000000e+02
3.640000000000000000e+02
3.730000000000000000e+02
3.790000000000000000e+02
3.970000000000000000e+02
3.920000000000000000e+02
3.880000000000000000e+02
3.840000000000000000e+02
4.650000000000000000e+02
3.866666666666666856e+02
3.840000000000000000e+02
4.280000000000000000e+02
5.130000000000000000e+02
5.010000000000000000e+02
5.120000000000000000e+02
5.240000000000000000e+02
5.420000000000000000e+02
4.000000000000000000e+02
4.010000000000000000e+02
3.880000000000000000e+02
4.150000000000000000e+02
3.893333333333333144e+02
4.070000000000000000e+02
4.026666666666666856e+02
4.000000000000000000e+02
3.880000000000000000e+02
3.770000000000000000e+02
3.920000000000000000e+02
3.910000000000000000e+02
4.590000000000000000e+02
4.546666666666666856e+02
4.510000000000000000e+02
4.590000000000000000e+02
4.690000000000000000e+02
3.920000000000000000e+02
3.880000000000000000e+02
5.040000000000000000e+02
4.240000000000000000e+02
4.866666666666666856e+02
5.733333333333333712e+02
4.480000000000000000e+02
5.746666666666666288e+02
6.020000000000000000e+02
6.053333333333333712e+02
5.720000000000000000e+02
5.800000000000000000e+02
5.870000000000000000e+02
5.426666666666666288e+02
5.813333333333333712e+02
6.080000000000000000e+02
5.880000000000000000e+02
7.960000000000000000e+02
5.900000000000000000e+02
7.880000000000000000e+02
4.973333333333333144e+02
5.140000000000000000e+02
5.093333333333333144e+02
4.970000000000000000e+02
4.810000000000000000e+02
4.720000000000000000e+02
4.530000000000000000e+02
4.590000000000000000e+02
5.706666666666666288e+02
7.866666666666666288e+02
6.910000000000000000e+02
4.466666666666666856e+02
4.430000000000000000e+02
4.933333333333333144e+02
5.120000000000000000e+02
5.000000000000000000e+02
5.293333333333333712e+02
5.460000000000000000e+02
5.920000000000000000e+02
5.826666666666666288e+02
5.190000000000000000e+02
5.880000000000000000e+02
6.080000000000000000e+02
4.880000000000000000e+02
5.580000000000000000e+02
4.893333333333333144e+02
6.020000000000000000e+02
4.820000000000000000e+02
5.280000000000000000e+02
7.590000000000000000e+02
5.740000000000000000e+02
5.150000000000000000e+02
5.280000000000000000e+02
6.840000000000000000e+02
5.106666666666666856e+02
4.740000000000000000e+02
7.730000000000000000e+02
7.110000000000000000e+02
6.160000000000000000e+02
7.760000000000000000e+02
4.160000000000000000e+02
7.280000000000000000e+02
7.280000000000000000e+02
6.470000000000000000e+02
7.706666666666666288e+02
5.530000000000000000e+02
6.980000000000000000e+02
7.560000000000000000e+02
5.266666666666666288e+02
5.620000000000000000e+02
7.090000000000000000e+02
5.080000000000000000e+02
5.306666666666666288e+02
6.130000000000000000e+02
6.200000000000000000e+02
5.706666666666666288e+02
