4.640000000000000000e+02
5.010000000000000000e+02
4.580000000000000000e+02
4.960000000000000000e+02
4.880000000000000000e+02
4.840000000000000000e+02
4.800000000000000000e+02
4.800000000000000000e+02
4.800000000000000000e+02
4.733333333333333144e+02
4.840000000000000000e+02
4.760000000000000000e+02
4.270000000000000000e+02
4.330000000000000000e+02
4.640000000000000000e+02
4.613333333333333144e+02
6.560000000000000000e+02
4.220000000000000000e+02
4.270000000000000000e+02
4.160000000000000000e+02
4.760000000000000000e+02
4.290000000000000000e+02
4.853333333333333144e+02
4.870000000000000000e+02
4.870000000000000000e+02
4.920000000000000000e+02
4.813333333333333144e+02
4.940000000000000000e+02
4.560000000000000000e+02
4.670000000000000000e+02
4.760000000000000000e+02
4.630000000000000000e+02
4.720000000000000000e+02
4.780000000000000000e+02
6.426666666666666288e+02
5.013333333333333144e+02
4.790000000000000000e+02
4.893333333333333144e+02
4.900000000000000000e+02
4.880000000000000000e+02
4.190000000000000000e+02
4.240000000000000000e+02
4.320000000000000000e+02
3.920000000000000000e+02
4.310000000000000000e+02
4.250000000000000000e+02
3.740000000000000000e+02
4.600000000000000000e+02
4.600000000000000000e+02
3.786666666666666856e+02
3.750000000000000000e+02
3.760000000000000000e+02
3.810000000000000000e+02
4.320000000000000000e+02
3.880000000000000000e+02
3.620000000000000000e+02
3.720000000000000000e+02
3.750000000000000000e+02
3.400000000000000000e+02
3.690000000000000000e+02
6.920000000000000000e+02
4.810000000000000000e+02
4.480000000000000000e+02
5.170000000000000000e+02
5.000000000000000000e+02
3.790000000000000000e+02
3.760000000000000000e+02
3.650000000000000000e+02
3.680000000000000000e+02
3.720000000000000000e+02
3.660000000000000000e+02
3.680000000000000000e+02
3.660000000000000000e+02
3.550000000000000000e+02
4.280000000000000000e+02
3.920000000000000000e+02
3.750000000000000000e+02
3.813333333333333144e+02
4.800000000000000000e+02
4.653333333333333144e+02
3.800000000000000000e+02
3.880000000000000000e+02
3.910000000000000000e+02
3.850000000000000000e+02
3.600000000000000000e+02
3.520000000000000000e+02
3.460000000000000000e+02
3.386666666666666856e+02
3.920000000000000000e+02
3.690000000000000000e+02
3.720000000000000000e+02
3.690000000000000000e+02
4.786666666666666856e+02
3.130000000000000000e+02
3.600000000000000000e+02
4.413333333333333144e+02
3.540000000000000000e+02
3.500000000000000000e+02
3.346666666666666856e+02
3.260000000000000000e+02
3.860000000000000000e+02
4.350000000000000000e+02
3.630000000000000000e+02
3.493333333333333144e+02
3.320000000000000000e+02
3.890000000000000000e+02
3.440000000000000000e+02
3.600000000000000000e+02
3.900000000000000000e+02
3.660000000000000000e+02
4.150000000000000000e+02
3.880000000000000000e+02
3.760000000000000000e+02
3.893333333333333144e+02
3.626666666666666856e+02
3.570000000000000000e+02
3.680000000000000000e+02
3.470000000000000000e+02
3.460000000000000000e+02
3.460000000000000000e+02
3.480000000000000000e+02
3.570000000000000000e+02
3.570000000000000000e+02
3.380000000000000000e+02
3.340000000000000000e+02
3.490000000000000000e+02
3.640000000000000000e+02
3.530000000000000000e+02
3.600000000000000000e+02
3.626666666666666856e+02
3.490000000000000000e+02
3.410000000000000000e+02
3.426666666666666856e+02
3.460000000000000000e+02
3.610000000000000000e+02
3.560000000000000000e+02
3.520000000000000000e+02
3.520000000000000000e+02
3.530000000000000000e+02
3.580000000000000000e+02
3.746666666666666856e+02
3.720000000000000000e+02
3.760000000000000000e+02
3.890000000000000000e+02
3.880000000000000000e+02
3.880000000000000000e+02
4.800000000000000000e+02
3.640000000000000000e+02
4.586666666666666856e+02
3.890000000000000000e+02
3.400000000000000000e+02
3.450000000000000000e+02
3.770000000000000000e+02
3.760000000000000000e+02
4.650000000000000000e+02
3.650000000000000000e+02
3.640000000000000000e+02
3.630000000000000000e+02
3.650000000000000000e+02
3.620000000000000000e+02
3.730000000000000000e+02
3.710000000000000000e+02
5.070000000000000000e+02
3.680000000000000000e+02
3.620000000000000000e+02
3.640000000000000000e+02
3.666666666666666856e+02
3.600000000000000000e+02
3.666666666666666856e+02
3.400000000000000000e+02
3.690000000000000000e+02
4.980000000000000000e+02
4.320000000000000000e+02
3.680000000000000000e+02
4.360000000000000000e+02
4.520000000000000000e+02
4.860000000000000000e+02
4.400000000000000000e+02
4.410000000000000000e+02
4.280000000000000000e+02
4.180000000000000000e+02
4.160000000000000000e+02
4.200000000000000000e+02
4.320000000000000000e+02
3.670000000000000000e+02
3.370000000000000000e+02
3.720000000000000000e+02
3.620000000000000000e+02
5.040000000000000000e+02
3.600000000000000000e+02
3.720000000000000000e+02
3.773333333333333144e+02
5.110000000000000000e+02
4.920000000000000000e+02
5.030000000000000000e+02
6.866666666666666288e+02
4.870000000000000000e+02
4.830000000000000000e+02
3.670000000000000000e+02
4.420000000000000000e+02
4.400000000000000000e+02
4.330000000000000000e+02
4.320000000000000000e+02
4.186666666666666856e+02
4.440000000000000000e+02
4.666666666666666856e+02
5.130000000000000000e+02
5.040000000000000000e+02
5.140000000000000000e+02
5.150000000000000000e+02
4.293333333333333144e+02
4.800000000000000000e+02
4.840000000000000000e+02
4.333333333333333144e+02
4.280000000000000000e+02
4.450000000000000000e+02
4.360000000000000000e+02
4.750000000000000000e+02
4.740000000000000000e+02
4.770000000000000000e+02
4.880000000000000000e+02
4.920000000000000000e+02
4.840000000000000000e+02
4.906666666666666856e+02
4.950000000000000000e+02
4.140000000000000000e+02
4.990000000000000000e+02
4.960000000000000000e+02
5.200000000000000000e+02
4.420000000000000000e+02
4.680000000000000000e+02
4.830000000000000000e+02
4.870000000000000000e+02
4.813333333333333144e+02
4.860000000000000000e+02
5.160000000000000000e+02
4.800000000000000000e+02
4.740000000000000000e+02
5.160000000000000000e+02
4.980000000000000000e+02
4.893333333333333144e+02
5.040000000000000000e+02
4.960000000000000000e+02
4.893333333333333144e+02
6.186666666666666288e+02
4.453333333333333144e+02
4.906666666666666856e+02
6.090000000000000000e+02
5.746666666666666288e+02
5.180000000000000000e+02
5.293333333333333712e+02
5.150000000000000000e+02
6.960000000000000000e+02
5.080000000000000000e+02
5.133333333333333712e+02
5.000000000000000000e+02
