6.440000000000000000e+02
6.640000000000000000e+02
6.600000000000000000e+02
6.450000000000000000e+02
6.390000000000000000e+02
6.330000000000000000e+02
6.320000000000000000e+02
6.320000000000000000e+02
6.340000000000000000e+02
5.040000000000000000e+02
6.080000000000000000e+02
5.770000000000000000e+02
6.000000000000000000e+02
6.040000000000000000e+02
5.960000000000000000e+02
6.200000000000000000e+02
5.640000000000000000e+02
5.870000000000000000e+02
5.830000000000000000e+02
6.000000000000000000e+02
6.040000000000000000e+02
6.186666666666666288e+02
5.040000000000000000e+02
5.040000000000000000e+02
5.040000000000000000e+02
6.240000000000000000e+02
6.280000000000000000e+02
6.280000000000000000e+02
5.250000000000000000e+02
6.800000000000000000e+02
6.320000000000000000e+02
6.400000000000000000e+02
6.440000000000000000e+02
6.340000000000000000e+02
5.180000000000000000e+02
5.160000000000000000e+02
5.190000000000000000e+02
6.200000000000000000e+02
6.200000000000000000e+02
6.240000000000000000e+02
4.973333333333333144e+02
5.160000000000000000e+02
5.880000000000000000e+02
6.000000000000000000e+02
5.920000000000000000e+02
5.840000000000000000e+02
5.800000000000000000e+02
6.310000000000000000e+02
5.900000000000000000e+02
5.813333333333333712e+02
5.760000000000000000e+02
5.800000000000000000e+02
4.960000000000000000e+02
5.880000000000000000e+02
5.120000000000000000e+02
5.080000000000000000e+02
4.860000000000000000e+02
5.000000000000000000e+02
5.160000000000000000e+02
5.270000000000000000e+02
5.160000000000000000e+02
5.133333333333333712e+02
6.480000000000000000e+02
6.560000000000000000e+02
6.600000000000000000e+02
6.560000000000000000e+02
5.000000000000000000e+02
5.120000000000000000e+02
5.310000000000000000e+02
5.146666666666666288e+02
5.200000000000000000e+02
5.000000000000000000e+02
4.930000000000000000e+02
5.040000000000000000e+02
5.270000000000000000e+02
4.960000000000000000e+02
5.760000000000000000e+02
5.800000000000000000e+02
5.850000000000000000e+02
5.770000000000000000e+02
5.786666666666666288e+02
6.200000000000000000e+02
6.230000000000000000e+02
5.040000000000000000e+02
5.040000000000000000e+02
5.040000000000000000e+02
5.080000000000000000e+02
4.960000000000000000e+02
4.960000000000000000e+02
4.960000000000000000e+02
4.960000000000000000e+02
4.920000000000000000e+02
4.920000000000000000e+02
4.920000000000000000e+02
4.960000000000000000e+02
6.090000000000000000e+02
6.080000000000000000e+02
6.106666666666666288e+02
5.030000000000000000e+02
4.920000000000000000e+02
4.920000000000000000e+02
5.040000000000000000e+02
4.960000000000000000e+02
5.000000000000000000e+02
5.000000000000000000e+02
5.000000000000000000e+02
5.000000000000000000e+02
5.040000000000000000e+02
5.120000000000000000e+02
5.520000000000000000e+02
6.120000000000000000e+02
6.080000000000000000e+02
5.400000000000000000e+02
6.120000000000000000e+02
5.453333333333333712e+02
4.930000000000000000e+02
5.040000000000000000e+02
5.040000000000000000e+02
5.000000000000000000e+02
5.000000000000000000e+02
5.150000000000000000e+02
4.960000000000000000e+02
4.850000000000000000e+02
4.840000000000000000e+02
4.880000000000000000e+02
4.920000000000000000e+02
4.990000000000000000e+02
5.000000000000000000e+02
5.860000000000000000e+02
5.000000000000000000e+02
4.960000000000000000e+02
4.880000000000000000e+02
4.880000000000000000e+02
4.840000000000000000e+02
4.826666666666666856e+02
5.050000000000000000e+02
5.040000000000000000e+02
5.160000000000000000e+02
5.160000000000000000e+02
5.080000000000000000e+02
5.480000000000000000e+02
5.546666666666666288e+02
5.480000000000000000e+02
5.510000000000000000e+02
5.600000000000000000e+02
5.520000000000000000e+02
5.970000000000000000e+02
5.320000000000000000e+02
5.160000000000000000e+02
5.160000000000000000e+02
5.130000000000000000e+02
5.170000000000000000e+02
5.280000000000000000e+02
5.320000000000000000e+02
4.900000000000000000e+02
4.960000000000000000e+02
4.946666666666666856e+02
4.920000000000000000e+02
4.960000000000000000e+02
5.040000000000000000e+02
6.480000000000000000e+02
6.720000000000000000e+02
5.280000000000000000e+02
5.170000000000000000e+02
5.066666666666666856e+02
5.240000000000000000e+02
5.160000000000000000e+02
5.240000000000000000e+02
5.360000000000000000e+02
5.160000000000000000e+02
5.093333333333333144e+02
6.040000000000000000e+02
6.000000000000000000e+02
5.880000000000000000e+02
6.090000000000000000e+02
5.880000000000000000e+02
5.650000000000000000e+02
5.920000000000000000e+02
5.770000000000000000e+02
5.866666666666666288e+02
6.000000000000000000e+02
6.040000000000000000e+02
5.160000000000000000e+02
5.200000000000000000e+02
5.280000000000000000e+02
5.213333333333333712e+02
5.280000000000000000e+02
5.160000000000000000e+02
6.440000000000000000e+02
5.426666666666666288e+02
6.680000000000000000e+02
6.530000000000000000e+02
6.640000000000000000e+02
6.680000000000000000e+02
6.800000000000000000e+02
6.670000000000000000e+02
7.960000000000000000e+02
7.960000000000000000e+02
6.440000000000000000e+02
5.190000000000000000e+02
5.240000000000000000e+02
5.200000000000000000e+02
5.200000000000000000e+02
6.240000000000000000e+02
5.850000000000000000e+02
6.200000000000000000e+02
5.640000000000000000e+02
5.820000000000000000e+02
5.970000000000000000e+02
5.626666666666666288e+02
5.800000000000000000e+02
5.773333333333333712e+02
6.040000000000000000e+02
5.140000000000000000e+02
7.960000000000000000e+02
6.573333333333333712e+02
6.453333333333333712e+02
6.480000000000000000e+02
7.760000000000000000e+02
7.960000000000000000e+02
7.960000000000000000e+02
7.960000000000000000e+02
6.770000000000000000e+02
6.840000000000000000e+02
6.600000000000000000e+02
7.960000000000000000e+02
7.960000000000000000e+02
7.960000000000000000e+02
7.960000000000000000e+02
7.960000000000000000e+02
7.960000000000000000e+02
7.400000000000000000e+02
7.960000000000000000e+02
7.413333333333333712e+02
5.210000000000000000e+02
5.360000000000000000e+02
7.950000000000000000e+02
6.550000000000000000e+02
7.880000000000000000e+02
6.570000000000000000e+02
7.440000000000000000e+02
6.493333333333333712e+02
6.573333333333333712e+02
5.120000000000000000e+02
7.440000000000000000e+02
7.430000000000000000e+02
7.480000000000000000e+02
7.500000000000000000e+02
7.960000000000000000e+02
7.960000000000000000e+02
7.960000000000000000e+02
7.960000000000000000e+02
7.960000000000000000e+02
7.960000000000000000e+02
7.960000000000000000e+02
6.760000000000000000e+02
