6.350000000000000000e+02
6.400000000000000000e+02
6.440000000000000000e+02
6.800000000000000000e+02
6.640000000000000000e+02
6.680000000000000000e+02
6.800000000000000000e+02
6.360000000000000000e+02
6.480000000000000000e+02
6.480000000000000000e+02
6.360000000000000000e+02
6.480000000000000000e+02
6.480000000000000000e+02
6.520000000000000000e+02
6.300000000000000000e+02
6.413333333333333712e+02
6.400000000000000000e+02
6.320000000000000000e+02
6.240000000000000000e+02
6.280000000000000000e+02
6.320000000000000000e+02
5.650000000000000000e+02
6.280000000000000000e+02
6.280000000000000000e+02
5.933333333333333712e+02
5.930000000000000000e+02
6.280000000000000000e+02
5.240000000000000000e+02
6.400000000000000000e+02
6.440000000000000000e+02
6.480000000000000000e+02
6.480000000000000000e+02
6.400000000000000000e+02
6.306666666666666288e+02
5.580000000000000000e+02
6.680000000000000000e+02
6.720000000000000000e+02
6.800000000000000000e+02
6.490000000000000000e+02
6.600000000000000000e+02
6.520000000000000000e+02
6.440000000000000000e+02
6.560000000000000000e+02
6.400000000000000000e+02
6.506666666666666288e+02
6.626666666666666288e+02
6.800000000000000000e+02
6.800000000000000000e+02
6.800000000000000000e+02
6.840000000000000000e+02
5.986666666666666288e+02
6.470000000000000000e+02
6.440000000000000000e+02
6.440000000000000000e+02
6.400000000000000000e+02
6.390000000000000000e+02
5.280000000000000000e+02
6.360000000000000000e+02
6.480000000000000000e+02
6.460000000000000000e+02
6.400000000000000000e+02
6.360000000000000000e+02
6.000000000000000000e+02
5.960000000000000000e+02
5.920000000000000000e+02
5.840000000000000000e+02
5.880000000000000000e+02
5.840000000000000000e+02
5.400000000000000000e+02
5.400000000000000000e+02
5.400000000000000000e+02
5.440000000000000000e+02
6.530000000000000000e+02
5.533333333333333712e+02
5.350000000000000000e+02
5.400000000000000000e+02
6.066666666666666288e+02
6.840000000000000000e+02
6.800000000000000000e+02
6.810000000000000000e+02
6.480000000000000000e+02
6.510000000000000000e+02
6.520000000000000000e+02
6.440000000000000000e+02
6.080000000000000000e+02
6.000000000000000000e+02
6.430000000000000000e+02
6.333333333333333712e+02
6.190000000000000000e+02
6.840000000000000000e+02
6.900000000000000000e+02
5.480000000000000000e+02
6.570000000000000000e+02
5.580000000000000000e+02
5.460000000000000000e+02
5.250000000000000000e+02
5.360000000000000000e+02
5.440000000000000000e+02
5.440000000000000000e+02
5.440000000000000000e+02
5.440000000000000000e+02
5.493333333333333712e+02
6.080000000000000000e+02
6.280000000000000000e+02
5.480000000000000000e+02
5.680000000000000000e+02
5.520000000000000000e+02
5.440000000000000000e+02
5.480000000000000000e+02
5.360000000000000000e+02
5.400000000000000000e+02
5.480000000000000000e+02
5.480000000000000000e+02
5.480000000000000000e+02
5.440000000000000000e+02
5.520000000000000000e+02
5.170000000000000000e+02
5.300000000000000000e+02
5.400000000000000000e+02
5.320000000000000000e+02
5.280000000000000000e+02
6.186666666666666288e+02
6.026666666666666288e+02
6.360000000000000000e+02
6.250000000000000000e+02
6.160000000000000000e+02
6.080000000000000000e+02
6.080000000000000000e+02
6.226666666666666288e+02
6.160000000000000000e+02
5.320000000000000000e+02
5.320000000000000000e+02
5.360000000000000000e+02
5.240000000000000000e+02
5.240000000000000000e+02
5.186666666666666288e+02
5.360000000000000000e+02
5.520000000000000000e+02
5.560000000000000000e+02
5.560000000000000000e+02
5.560000000000000000e+02
5.520000000000000000e+02
5.560000000000000000e+02
5.560000000000000000e+02
5.640000000000000000e+02
5.840000000000000000e+02
5.800000000000000000e+02
5.840000000000000000e+02
5.800000000000000000e+02
5.800000000000000000e+02
5.480000000000000000e+02
5.440000000000000000e+02
5.470000000000000000e+02
5.520000000000000000e+02
5.520000000000000000e+02
5.560000000000000000e+02
5.650000000000000000e+02
5.240000000000000000e+02
5.146666666666666288e+02
5.360000000000000000e+02
5.280000000000000000e+02
5.320000000000000000e+02
5.360000000000000000e+02
5.400000000000000000e+02
6.160000000000000000e+02
6.380000000000000000e+02
6.200000000000000000e+02
6.200000000000000000e+02
6.200000000000000000e+02
6.200000000000000000e+02
6.200000000000000000e+02
6.280000000000000000e+02
5.400000000000000000e+02
5.320000000000000000e+02
5.280000000000000000e+02
5.360000000000000000e+02
5.360000000000000000e+02
5.360000000000000000e+02
5.400000000000000000e+02
5.400000000000000000e+02
5.680000000000000000e+02
5.640000000000000000e+02
5.520000000000000000e+02
5.520000000000000000e+02
5.560000000000000000e+02
5.600000000000000000e+02
5.640000000000000000e+02
6.240000000000000000e+02
6.280000000000000000e+02
6.240000000000000000e+02
6.240000000000000000e+02
6.240000000000000000e+02
5.640000000000000000e+02
5.653333333333333712e+02
5.746666666666666288e+02
5.640000000000000000e+02
5.600000000000000000e+02
5.680000000000000000e+02
5.933333333333333712e+02
5.440000000000000000e+02
5.493333333333333712e+02
5.400000000000000000e+02
5.213333333333333712e+02
5.360000000000000000e+02
5.360000000000000000e+02
5.400000000000000000e+02
5.400000000000000000e+02
5.450000000000000000e+02
6.240000000000000000e+02
6.270000000000000000e+02
6.240000000000000000e+02
6.280000000000000000e+02
6.386666666666666288e+02
6.240000000000000000e+02
5.550000000000000000e+02
5.400000000000000000e+02
5.400000000000000000e+02
5.440000000000000000e+02
5.480000000000000000e+02
5.520000000000000000e+02
5.790000000000000000e+02
5.560000000000000000e+02
5.680000000000000000e+02
5.560000000000000000e+02
5.560000000000000000e+02
5.560000000000000000e+02
5.650000000000000000e+02
5.720000000000000000e+02
6.133333333333333712e+02
6.360000000000000000e+02
6.440000000000000000e+02
6.493333333333333712e+02
6.213333333333333712e+02
6.000000000000000000e+02
5.690000000000000000e+02
6.320000000000000000e+02
5.480000000000000000e+02
5.600000000000000000e+02
5.666666666666666288e+02
5.720000000000000000e+02
5.720000000000000000e+02
5.720000000000000000e+02
5.680000000000000000e+02
5.640000000000000000e+02
5.666666666666666288e+02
5.600000000000000000e+02
5.440000000000000000e+02
5.533333333333333712e+02
5.440000000000000000e+02
6.293333333333333712e+02
6.906666666666666288e+02
6.320000000000000000e+02
6.750000000000000000e+02
6.720000000000000000e+02
7.160000000000000000e+02
6.880000000000000000e+02
5.770000000000000000e+02
6.510000000000000000e+02
5.480000000000000000e+02
5.760000000000000000e+02
5.573333333333333712e+02
5.640000000000000000e+02
5.640000000000000000e+02
5.760000000000000000e+02
5.760000000000000000e+02
5.760000000000000000e+02
5.690000000000000000e+02
5.720000000000000000e+02
6.400000000000000000e+02
6.320000000000000000e+02
6.390000000000000000e+02
6.360000000000000000e+02
6.306666666666666288e+02
6.440000000000000000e+02
6.400000000000000000e+02
6.320000000000000000e+02
6.320000000000000000e+02
6.350000000000000000e+02
6.600000000000000000e+02
6.660000000000000000e+02
5.680000000000000000e+02
5.720000000000000000e+02
5.720000000000000000e+02
5.760000000000000000e+02
5.720000000000000000e+02
5.693333333333333712e+02
5.760000000000000000e+02
5.750000000000000000e+02
5.600000000000000000e+02
7.130000000000000000e+02
7.100000000000000000e+02
6.640000000000000000e+02
6.626666666666666288e+02
6.600000000000000000e+02
6.560000000000000000e+02
6.440000000000000000e+02
6.666666666666666288e+02
7.773333333333333712e+02
7.800000000000000000e+02
5.840000000000000000e+02
5.800000000000000000e+02
5.733333333333333712e+02
5.640000000000000000e+02
5.666666666666666288e+02
5.640000000000000000e+02
5.680000000000000000e+02
5.640000000000000000e+02
5.653333333333333712e+02
6.440000000000000000e+02
6.450000000000000000e+02
6.420000000000000000e+02
6.200000000000000000e+02
6.280000000000000000e+02
5.880000000000000000e+02
5.866666666666666288e+02
5.853333333333333712e+02
5.670000000000000000e+02
6.200000000000000000e+02
6.210000000000000000e+02
6.640000000000000000e+02
6.480000000000000000e+02
6.520000000000000000e+02
6.780000000000000000e+02
6.720000000000000000e+02
6.680000000000000000e+02
6.613333333333333712e+02
6.920000000000000000e+02
5.480000000000000000e+02
5.760000000000000000e+02
6.690000000000000000e+02
7.746666666666666288e+02
7.800000000000000000e+02
7.800000000000000000e+02
7.630000000000000000e+02
6.800000000000000000e+02
6.720000000000000000e+02
7.120000000000000000e+02
7.120000000000000000e+02
7.146666666666666288e+02
7.760000000000000000e+02
7.800000000000000000e+02
7.760000000000000000e+02
5.746666666666666288e+02
6.890000000000000000e+02
5.800000000000000000e+02
6.940000000000000000e+02
6.320000000000000000e+02
6.920000000000000000e+02
6.920000000000000000e+02
7.000000000000000000e+02
6.910000000000000000e+02
6.600000000000000000e+02
6.573333333333333712e+02
5.810000000000000000e+02
6.120000000000000000e+02
5.770000000000000000e+02
6.666666666666666288e+02
5.813333333333333712e+02
5.780000000000000000e+02
6.573333333333333712e+02
5.866666666666666288e+02
5.746666666666666288e+02
6.560000000000000000e+02
6.360000000000000000e+02
7.000000000000000000e+02
7.053333333333333712e+02
6.930000000000000000e+02
5.706666666666666288e+02
6.946666666666666288e+02
6.973333333333333712e+02
7.640000000000000000e+02
6.840000000000000000e+02
7.400000000000000000e+02
7.840000000000000000e+02
7.253333333333333712e+02
7.253333333333333712e+02
7.160000000000000000e+02
7.140000000000000000e+02
6.490000000000000000e+02
7.120000000000000000e+02
7.080000000000000000e+02
6.960000000000000000e+02
6.920000000000000000e+02
6.880000000000000000e+02
6.560000000000000000e+02
6.600000000000000000e+02
6.860000000000000000e+02
6.800000000000000000e+02
6.520000000000000000e+02
6.800000000000000000e+02
5.750000000000000000e+02
6.220000000000000000e+02
6.560000000000000000e+02
6.520000000000000000e+02
5.800000000000000000e+02
6.560000000000000000e+02
5.700000000000000000e+02
6.413333333333333712e+02
6.053333333333333712e+02
6.640000000000000000e+02
6.720000000000000000e+02
6.400000000000000000e+02
6.440000000000000000e+02
6.390000000000000000e+02
6.426666666666666288e+02
5.640000000000000000e+02
7.130000000000000000e+02
6.560000000000000000e+02
6.880000000000000000e+02
6.786666666666666288e+02
6.760000000000000000e+02
6.653333333333333712e+02
6.840000000000000000e+02
7.480000000000000000e+02
6.470000000000000000e+02
6.400000000000000000e+02
7.960000000000000000e+02
6.373333333333333712e+02
7.080000000000000000e+02
7.230000000000000000e+02
6.720000000000000000e+02
6.933333333333333712e+02
7.080000000000000000e+02
7.120000000000000000e+02
7.960000000000000000e+02
6.980000000000000000e+02
6.960000000000000000e+02
6.160000000000000000e+02
7.480000000000000000e+02
6.906666666666666288e+02
6.840000000000000000e+02
5.650000000000000000e+02
5.693333333333333712e+02
6.500000000000000000e+02
6.733333333333333712e+02
6.173333333333333712e+02
7.200000000000000000e+02
6.680000000000000000e+02
5.640000000000000000e+02
5.790000000000000000e+02
5.760000000000000000e+02
