6.440000000000000000e+02
6.600000000000000000e+02
6.600000000000000000e+02
6.520000000000000000e+02
6.280000000000000000e+02
6.330000000000000000e+02
6.320000000000000000e+02
6.360000000000000000e+02
7.960000000000000000e+02
5.040000000000000000e+02
6.160000000000000000e+02
5.910000000000000000e+02
6.000000000000000000e+02
6.000000000000000000e+02
6.000000000000000000e+02
5.950000000000000000e+02
5.840000000000000000e+02
5.720000000000000000e+02
5.920000000000000000e+02
6.000000000000000000e+02
6.200000000000000000e+02
5.040000000000000000e+02
5.080000000000000000e+02
5.040000000000000000e+02
6.280000000000000000e+02
6.240000000000000000e+02
6.240000000000000000e+02
6.280000000000000000e+02
5.220000000000000000e+02
5.320000000000000000e+02
6.360000000000000000e+02
6.400000000000000000e+02
6.440000000000000000e+02
6.520000000000000000e+02
5.180000000000000000e+02
5.160000000000000000e+02
5.240000000000000000e+02
5.000000000000000000e+02
6.200000000000000000e+02
6.240000000000000000e+02
4.920000000000000000e+02
5.040000000000000000e+02
5.120000000000000000e+02
5.960000000000000000e+02
6.000000000000000000e+02
5.920000000000000000e+02
5.800000000000000000e+02
6.310000000000000000e+02
5.800000000000000000e+02
5.813333333333333712e+02
5.840000000000000000e+02
5.850000000000000000e+02
5.000000000000000000e+02
5.880000000000000000e+02
5.080000000000000000e+02
5.120000000000000000e+02
4.860000000000000000e+02
5.000000000000000000e+02
5.160000000000000000e+02
5.240000000000000000e+02
5.080000000000000000e+02
5.853333333333333712e+02
6.520000000000000000e+02
6.560000000000000000e+02
6.626666666666666288e+02
6.620000000000000000e+02
5.040000000000000000e+02
5.120000000000000000e+02
5.310000000000000000e+02
4.920000000000000000e+02
5.200000000000000000e+02
4.960000000000000000e+02
5.000000000000000000e+02
5.000000000000000000e+02
4.920000000000000000e+02
4.920000000000000000e+02
5.760000000000000000e+02
5.830000000000000000e+02
6.106666666666666288e+02
5.906666666666666288e+02
5.773333333333333712e+02
6.200000000000000000e+02
6.230000000000000000e+02
5.013333333333333144e+02
5.080000000000000000e+02
5.000000000000000000e+02
5.080000000000000000e+02
4.960000000000000000e+02
4.920000000000000000e+02
5.040000000000000000e+02
5.000000000000000000e+02
4.920000000000000000e+02
4.880000000000000000e+02
4.880000000000000000e+02
5.000000000000000000e+02
6.090000000000000000e+02
6.020000000000000000e+02
6.000000000000000000e+02
4.920000000000000000e+02
4.920000000000000000e+02
5.000000000000000000e+02
5.040000000000000000e+02
5.000000000000000000e+02
4.960000000000000000e+02
5.000000000000000000e+02
5.000000000000000000e+02
5.000000000000000000e+02
5.040000000000000000e+02
5.120000000000000000e+02
5.480000000000000000e+02
6.160000000000000000e+02
6.080000000000000000e+02
5.400000000000000000e+02
6.120000000000000000e+02
5.453333333333333712e+02
4.960000000000000000e+02
5.000000000000000000e+02
5.040000000000000000e+02
5.000000000000000000e+02
5.000000000000000000e+02
5.160000000000000000e+02
4.960000000000000000e+02
4.850000000000000000e+02
4.840000000000000000e+02
4.880000000000000000e+02
4.960000000000000000e+02
5.000000000000000000e+02
5.000000000000000000e+02
4.973333333333333144e+02
5.000000000000000000e+02
4.960000000000000000e+02
4.880000000000000000e+02
4.880000000000000000e+02
4.920000000000000000e+02
5.120000000000000000e+02
5.040000000000000000e+02
5.080000000000000000e+02
5.160000000000000000e+02
5.000000000000000000e+02
5.080000000000000000e+02
5.480000000000000000e+02
5.480000000000000000e+02
5.520000000000000000e+02
5.520000000000000000e+02
6.280000000000000000e+02
5.520000000000000000e+02
5.840000000000000000e+02
5.300000000000000000e+02
5.040000000000000000e+02
5.070000000000000000e+02
5.240000000000000000e+02
5.240000000000000000e+02
5.200000000000000000e+02
5.280000000000000000e+02
4.800000000000000000e+02
4.800000000000000000e+02
5.373333333333333712e+02
4.850000000000000000e+02
4.960000000000000000e+02
5.040000000000000000e+02
6.440000000000000000e+02
6.680000000000000000e+02
6.630000000000000000e+02
5.200000000000000000e+02
5.066666666666666856e+02
5.226666666666666288e+02
5.240000000000000000e+02
5.200000000000000000e+02
5.240000000000000000e+02
5.120000000000000000e+02
5.880000000000000000e+02
5.960000000000000000e+02
5.970000000000000000e+02
5.840000000000000000e+02
5.880000000000000000e+02
5.880000000000000000e+02
5.650000000000000000e+02
5.920000000000000000e+02
5.720000000000000000e+02
6.030000000000000000e+02
6.000000000000000000e+02
6.000000000000000000e+02
6.020000000000000000e+02
5.200000000000000000e+02
6.226666666666666288e+02
5.200000000000000000e+02
5.200000000000000000e+02
5.200000000000000000e+02
5.586666666666666288e+02
5.440000000000000000e+02
6.540000000000000000e+02
6.520000000000000000e+02
6.560000000000000000e+02
6.640000000000000000e+02
6.800000000000000000e+02
7.890000000000000000e+02
7.960000000000000000e+02
7.960000000000000000e+02
7.960000000000000000e+02
5.240000000000000000e+02
5.240000000000000000e+02
5.240000000000000000e+02
5.200000000000000000e+02
6.240000000000000000e+02
5.760000000000000000e+02
5.490000000000000000e+02
6.146666666666666288e+02
5.830000000000000000e+02
5.640000000000000000e+02
5.626666666666666288e+02
5.640000000000000000e+02
5.773333333333333712e+02
6.040000000000000000e+02
5.200000000000000000e+02
5.280000000000000000e+02
5.200000000000000000e+02
6.380000000000000000e+02
6.470000000000000000e+02
7.920000000000000000e+02
7.680000000000000000e+02
7.720000000000000000e+02
7.680000000000000000e+02
6.840000000000000000e+02
6.840000000000000000e+02
6.600000000000000000e+02
7.960000000000000000e+02
7.960000000000000000e+02
7.960000000000000000e+02
7.920000000000000000e+02
7.960000000000000000e+02
7.960000000000000000e+02
7.960000000000000000e+02
7.960000000000000000e+02
7.413333333333333712e+02
7.350000000000000000e+02
5.360000000000000000e+02
7.150000000000000000e+02
6.600000000000000000e+02
6.670000000000000000e+02
7.910000000000000000e+02
6.740000000000000000e+02
5.520000000000000000e+02
5.620000000000000000e+02
5.420000000000000000e+02
6.470000000000000000e+02
7.960000000000000000e+02
7.493333333333333712e+02
7.960000000000000000e+02
7.960000000000000000e+02
7.960000000000000000e+02
7.960000000000000000e+02
7.960000000000000000e+02
7.960000000000000000e+02
7.960000000000000000e+02
7.960000000000000000e+02
6.773333333333333712e+02
