6.440000000000000000e+02
6.640000000000000000e+02
6.600000000000000000e+02
6.320000000000000000e+02
7.680000000000000000e+02
6.280000000000000000e+02
6.320000000000000000e+02
6.320000000000000000e+02
5.120000000000000000e+02
5.080000000000000000e+02
6.120000000000000000e+02
5.760000000000000000e+02
6.060000000000000000e+02
6.100000000000000000e+02
6.000000000000000000e+02
5.986666666666666288e+02
6.160000000000000000e+02
5.770000000000000000e+02
5.830000000000000000e+02
5.970000000000000000e+02
6.120000000000000000e+02
5.040000000000000000e+02
5.080000000000000000e+02
5.040000000000000000e+02
6.280000000000000000e+02
6.280000000000000000e+02
6.240000000000000000e+02
6.270000000000000000e+02
5.110000000000000000e+02
6.600000000000000000e+02
6.860000000000000000e+02
6.360000000000000000e+02
6.440000000000000000e+02
6.440000000000000000e+02
6.740000000000000000e+02
5.160000000000000000e+02
5.230000000000000000e+02
5.000000000000000000e+02
6.200000000000000000e+02
6.200000000000000000e+02
4.973333333333333144e+02
5.000000000000000000e+02
5.920000000000000000e+02
6.000000000000000000e+02
5.960000000000000000e+02
5.920000000000000000e+02
5.800000000000000000e+02
5.533333333333333712e+02
6.400000000000000000e+02
5.770000000000000000e+02
5.760000000000000000e+02
5.850000000000000000e+02
5.000000000000000000e+02
5.880000000000000000e+02
5.050000000000000000e+02
5.080000000000000000e+02
4.950000000000000000e+02
4.920000000000000000e+02
5.160000000000000000e+02
5.280000000000000000e+02
5.050000000000000000e+02
5.133333333333333712e+02
6.600000000000000000e+02
6.560000000000000000e+02
6.600000000000000000e+02
6.600000000000000000e+02
5.040000000000000000e+02
5.080000000000000000e+02
5.280000000000000000e+02
4.920000000000000000e+02
5.160000000000000000e+02
5.000000000000000000e+02
4.960000000000000000e+02
5.000000000000000000e+02
5.270000000000000000e+02
4.920000000000000000e+02
5.760000000000000000e+02
5.840000000000000000e+02
6.080000000000000000e+02
6.080000000000000000e+02
5.786666666666666288e+02
6.200000000000000000e+02
6.230000000000000000e+02
5.040000000000000000e+02
5.080000000000000000e+02
5.000000000000000000e+02
5.080000000000000000e+02
4.960000000000000000e+02
4.920000000000000000e+02
5.040000000000000000e+02
5.000000000000000000e+02
4.960000000000000000e+02
4.920000000000000000e+02
4.920000000000000000e+02
6.000000000000000000e+02
5.860000000000000000e+02
6.080000000000000000e+02
4.960000000000000000e+02
5.030000000000000000e+02
4.880000000000000000e+02
4.960000000000000000e+02
5.080000000000000000e+02
5.000000000000000000e+02
5.000000000000000000e+02
5.000000000000000000e+02
5.000000000000000000e+02
5.000000000000000000e+02
5.040000000000000000e+02
5.200000000000000000e+02
5.560000000000000000e+02
6.120000000000000000e+02
6.080000000000000000e+02
6.100000000000000000e+02
6.040000000000000000e+02
5.510000000000000000e+02
5.120000000000000000e+02
5.000000000000000000e+02
5.040000000000000000e+02
5.000000000000000000e+02
5.000000000000000000e+02
5.160000000000000000e+02
5.000000000000000000e+02
4.850000000000000000e+02
4.860000000000000000e+02
4.880000000000000000e+02
4.920000000000000000e+02
5.000000000000000000e+02
5.000000000000000000e+02
4.960000000000000000e+02
5.000000000000000000e+02
4.960000000000000000e+02
4.950000000000000000e+02
4.880000000000000000e+02
4.866666666666666856e+02
5.120000000000000000e+02
5.080000000000000000e+02
5.080000000000000000e+02
5.160000000000000000e+02
4.920000000000000000e+02
5.120000000000000000e+02
5.480000000000000000e+02
5.480000000000000000e+02
5.480000000000000000e+02
5.510000000000000000e+02
5.680000000000000000e+02
5.880000000000000000e+02
5.390000000000000000e+02
5.360000000000000000e+02
5.160000000000000000e+02
5.070000000000000000e+02
5.240000000000000000e+02
5.200000000000000000e+02
5.200000000000000000e+02
5.280000000000000000e+02
4.800000000000000000e+02
4.800000000000000000e+02
5.373333333333333712e+02
4.920000000000000000e+02
4.960000000000000000e+02
5.040000000000000000e+02
6.360000000000000000e+02
6.720000000000000000e+02
5.280000000000000000e+02
5.200000000000000000e+02
5.160000000000000000e+02
5.240000000000000000e+02
5.160000000000000000e+02
5.170000000000000000e+02
5.240000000000000000e+02
5.200000000000000000e+02
5.880000000000000000e+02
5.960000000000000000e+02
6.000000000000000000e+02
5.840000000000000000e+02
5.880000000000000000e+02
5.880000000000000000e+02
5.650000000000000000e+02
5.080000000000000000e+02
5.760000000000000000e+02
5.960000000000000000e+02
6.000000000000000000e+02
6.040000000000000000e+02
6.020000000000000000e+02
5.200000000000000000e+02
5.180000000000000000e+02
5.200000000000000000e+02
5.200000000000000000e+02
5.200000000000000000e+02
5.590000000000000000e+02
5.440000000000000000e+02
6.640000000000000000e+02
6.520000000000000000e+02
6.560000000000000000e+02
6.680000000000000000e+02
6.760000000000000000e+02
7.960000000000000000e+02
7.960000000000000000e+02
7.960000000000000000e+02
7.960000000000000000e+02
5.190000000000000000e+02
5.240000000000000000e+02
5.240000000000000000e+02
5.200000000000000000e+02
6.270000000000000000e+02
5.800000000000000000e+02
6.200000000000000000e+02
6.146666666666666288e+02
5.820000000000000000e+02
5.826666666666666288e+02
5.693333333333333712e+02
5.730000000000000000e+02
5.530000000000000000e+02
6.226666666666666288e+02
5.173333333333333712e+02
7.960000000000000000e+02
5.200000000000000000e+02
6.490000000000000000e+02
6.470000000000000000e+02
7.960000000000000000e+02
7.960000000000000000e+02
7.960000000000000000e+02
7.960000000000000000e+02
6.770000000000000000e+02
6.840000000000000000e+02
6.640000000000000000e+02
7.800000000000000000e+02
7.740000000000000000e+02
7.960000000000000000e+02
7.920000000000000000e+02
7.960000000000000000e+02
7.960000000000000000e+02
7.960000000000000000e+02
7.960000000000000000e+02
6.740000000000000000e+02
5.240000000000000000e+02
7.333333333333333712e+02
5.133333333333333712e+02
6.600000000000000000e+02
5.910000000000000000e+02
6.780000000000000000e+02
6.640000000000000000e+02
6.493333333333333712e+02
7.920000000000000000e+02
5.120000000000000000e+02
6.680000000000000000e+02
7.960000000000000000e+02
7.960000000000000000e+02
7.500000000000000000e+02
7.960000000000000000e+02
7.960000000000000000e+02
7.960000000000000000e+02
7.960000000000000000e+02
7.960000000000000000e+02
7.960000000000000000e+02
7.960000000000000000e+02
6.760000000000000000e+02
