5.370000000000000000e+02
4.960000000000000000e+02
5.220000000000000000e+02
4.870000000000000000e+02
4.573333333333333144e+02
4.653333333333333144e+02
3.670000000000000000e+02
6.920000000000000000e+02
3.920000000000000000e+02
3.410000000000000000e+02
3.410000000000000000e+02
3.440000000000000000e+02
3.370000000000000000e+02
3.746666666666666856e+02
4.410000000000000000e+02
4.520000000000000000e+02
3.680000000000000000e+02
4.440000000000000000e+02
4.360000000000000000e+02
3.940000000000000000e+02
3.600000000000000000e+02
3.590000000000000000e+02
3.380000000000000000e+02
3.610000000000000000e+02
3.813333333333333144e+02
5.306666666666666288e+02
6.160000000000000000e+02
4.580000000000000000e+02
4.400000000000000000e+02
5.470000000000000000e+02
4.640000000000000000e+02
5.370000000000000000e+02
5.280000000000000000e+02
4.960000000000000000e+02
5.280000000000000000e+02
5.500000000000000000e+02
5.540000000000000000e+02
3.920000000000000000e+02
3.920000000000000000e+02
3.710000000000000000e+02
5.173333333333333712e+02
3.180000000000000000e+02
3.410000000000000000e+02
3.550000000000000000e+02
3.626666666666666856e+02
4.150000000000000000e+02
4.180000000000000000e+02
3.820000000000000000e+02
3.660000000000000000e+02
3.710000000000000000e+02
3.573333333333333144e+02
3.986666666666666856e+02
3.480000000000000000e+02
3.580000000000000000e+02
3.550000000000000000e+02
3.670000000000000000e+02
3.670000000000000000e+02
4.560000000000000000e+02
3.800000000000000000e+02
3.990000000000000000e+02
5.450000000000000000e+02
5.600000000000000000e+02
5.230000000000000000e+02
5.320000000000000000e+02
5.590000000000000000e+02
5.440000000000000000e+02
5.420000000000000000e+02
5.600000000000000000e+02
3.840000000000000000e+02
3.973333333333333144e+02
3.670000000000000000e+02
3.500000000000000000e+02
3.640000000000000000e+02
3.590000000000000000e+02
3.560000000000000000e+02
3.470000000000000000e+02
3.480000000000000000e+02
3.470000000000000000e+02
3.920000000000000000e+02
3.880000000000000000e+02
3.813333333333333144e+02
3.640000000000000000e+02
3.620000000000000000e+02
3.520000000000000000e+02
3.530000000000000000e+02
3.546666666666666856e+02
3.520000000000000000e+02
3.390000000000000000e+02
3.440000000000000000e+02
3.480000000000000000e+02
3.670000000000000000e+02
3.640000000000000000e+02
3.613333333333333144e+02
3.800000000000000000e+02
4.000000000000000000e+02
4.800000000000000000e+02
5.130000000000000000e+02
5.070000000000000000e+02
3.866666666666666856e+02
3.700000000000000000e+02
3.346666666666666856e+02
3.650000000000000000e+02
3.520000000000000000e+02
3.480000000000000000e+02
3.426666666666666856e+02
3.800000000000000000e+02
3.600000000000000000e+02
3.640000000000000000e+02
3.620000000000000000e+02
4.180000000000000000e+02
3.640000000000000000e+02
3.640000000000000000e+02
3.626666666666666856e+02
3.626666666666666856e+02
3.506666666666666856e+02
3.530000000000000000e+02
3.540000000000000000e+02
3.870000000000000000e+02
3.840000000000000000e+02
3.840000000000000000e+02
3.920000000000000000e+02
3.520000000000000000e+02
3.680000000000000000e+02
4.060000000000000000e+02
3.546666666666666856e+02
3.820000000000000000e+02
5.170000000000000000e+02
4.770000000000000000e+02
4.860000000000000000e+02
5.050000000000000000e+02
3.860000000000000000e+02
3.813333333333333144e+02
3.400000000000000000e+02
3.740000000000000000e+02
3.820000000000000000e+02
3.810000000000000000e+02
3.840000000000000000e+02
3.860000000000000000e+02
3.706666666666666856e+02
3.660000000000000000e+02
3.640000000000000000e+02
3.530000000000000000e+02
3.740000000000000000e+02
4.706666666666666856e+02
4.386666666666666856e+02
4.410000000000000000e+02
3.860000000000000000e+02
3.640000000000000000e+02
3.760000000000000000e+02
4.050000000000000000e+02
5.020000000000000000e+02
3.880000000000000000e+02
3.880000000000000000e+02
3.746666666666666856e+02
4.650000000000000000e+02
3.910000000000000000e+02
5.600000000000000000e+02
3.990000000000000000e+02
5.130000000000000000e+02
5.000000000000000000e+02
5.620000000000000000e+02
5.130000000000000000e+02
5.850000000000000000e+02
6.040000000000000000e+02
4.020000000000000000e+02
3.920000000000000000e+02
3.900000000000000000e+02
3.880000000000000000e+02
3.800000000000000000e+02
3.830000000000000000e+02
4.000000000000000000e+02
3.880000000000000000e+02
3.770000000000000000e+02
3.920000000000000000e+02
4.680000000000000000e+02
4.590000000000000000e+02
4.546666666666666856e+02
4.530000000000000000e+02
4.590000000000000000e+02
3.866666666666666856e+02
4.120000000000000000e+02
3.880000000000000000e+02
5.080000000000000000e+02
4.240000000000000000e+02
4.866666666666666856e+02
5.026666666666666856e+02
5.360000000000000000e+02
5.746666666666666288e+02
4.740000000000000000e+02
6.053333333333333712e+02
5.720000000000000000e+02
5.800000000000000000e+02
5.850000000000000000e+02
5.426666666666666288e+02
4.520000000000000000e+02
6.100000000000000000e+02
6.140000000000000000e+02
7.960000000000000000e+02
7.190000000000000000e+02
7.960000000000000000e+02
4.880000000000000000e+02
5.140000000000000000e+02
5.573333333333333712e+02
4.740000000000000000e+02
4.810000000000000000e+02
4.400000000000000000e+02
4.560000000000000000e+02
4.570000000000000000e+02
5.390000000000000000e+02
5.320000000000000000e+02
7.560000000000000000e+02
4.906666666666666856e+02
4.773333333333333144e+02
5.120000000000000000e+02
5.070000000000000000e+02
5.110000000000000000e+02
4.280000000000000000e+02
7.733333333333333712e+02
5.420000000000000000e+02
5.866666666666666288e+02
5.190000000000000000e+02
5.620000000000000000e+02
5.813333333333333712e+02
5.920000000000000000e+02
5.980000000000000000e+02
6.000000000000000000e+02
5.720000000000000000e+02
5.586666666666666288e+02
7.640000000000000000e+02
5.453333333333333712e+02
7.710000000000000000e+02
5.333333333333333712e+02
4.946666666666666856e+02
6.840000000000000000e+02
5.120000000000000000e+02
5.920000000000000000e+02
7.150000000000000000e+02
4.460000000000000000e+02
6.160000000000000000e+02
7.140000000000000000e+02
6.570000000000000000e+02
7.000000000000000000e+02
5.190000000000000000e+02
7.680000000000000000e+02
6.380000000000000000e+02
6.880000000000000000e+02
6.880000000000000000e+02
7.210000000000000000e+02
4.860000000000000000e+02
5.430000000000000000e+02
6.146666666666666288e+02
5.080000000000000000e+02
5.706666666666666288e+02
6.270000000000000000e+02
6.210000000000000000e+02
6.040000000000000000e+02
