5.000000000000000000e+02
4.960000000000000000e+02
5.220000000000000000e+02
5.170000000000000000e+02
4.800000000000000000e+02
4.510000000000000000e+02
5.160000000000000000e+02
6.920000000000000000e+02
3.306666666666666856e+02
7.260000000000000000e+02
3.410000000000000000e+02
3.450000000000000000e+02
3.400000000000000000e+02
4.510000000000000000e+02
4.410000000000000000e+02
4.530000000000000000e+02
4.640000000000000000e+02
4.460000000000000000e+02
4.470000000000000000e+02
3.940000000000000000e+02
3.600000000000000000e+02
3.750000000000000000e+02
3.470000000000000000e+02
3.750000000000000000e+02
3.790000000000000000e+02
5.306666666666666288e+02
3.840000000000000000e+02
4.580000000000000000e+02
4.680000000000000000e+02
5.453333333333333712e+02
5.410000000000000000e+02
5.370000000000000000e+02
5.140000000000000000e+02
5.480000000000000000e+02
5.310000000000000000e+02
5.330000000000000000e+02
5.453333333333333712e+02
3.960000000000000000e+02
3.490000000000000000e+02
3.590000000000000000e+02
2.720000000000000000e+02
3.440000000000000000e+02
3.470000000000000000e+02
3.460000000000000000e+02
4.520000000000000000e+02
4.100000000000000000e+02
3.870000000000000000e+02
3.770000000000000000e+02
3.660000000000000000e+02
3.710000000000000000e+02
3.820000000000000000e+02
3.500000000000000000e+02
3.500000000000000000e+02
3.590000000000000000e+02
3.693333333333333144e+02
3.670000000000000000e+02
3.670000000000000000e+02
5.500000000000000000e+02
3.800000000000000000e+02
4.586666666666666856e+02
5.120000000000000000e+02
5.590000000000000000e+02
5.460000000000000000e+02
5.360000000000000000e+02
5.470000000000000000e+02
5.440000000000000000e+02
5.600000000000000000e+02
5.586666666666666288e+02
3.906666666666666856e+02
3.970000000000000000e+02
3.920000000000000000e+02
3.500000000000000000e+02
3.680000000000000000e+02
3.590000000000000000e+02
3.590000000000000000e+02
3.510000000000000000e+02
3.480000000000000000e+02
3.490000000000000000e+02
3.760000000000000000e+02
4.200000000000000000e+02
3.813333333333333144e+02
3.640000000000000000e+02
3.520000000000000000e+02
3.480000000000000000e+02
3.280000000000000000e+02
3.550000000000000000e+02
3.520000000000000000e+02
3.520000000000000000e+02
3.450000000000000000e+02
3.480000000000000000e+02
3.680000000000000000e+02
3.640000000000000000e+02
3.613333333333333144e+02
5.550000000000000000e+02
4.040000000000000000e+02
4.800000000000000000e+02
5.130000000000000000e+02
4.893333333333333144e+02
4.733333333333333144e+02
3.700000000000000000e+02
3.346666666666666856e+02
3.650000000000000000e+02
3.520000000000000000e+02
3.480000000000000000e+02
3.160000000000000000e+02
3.800000000000000000e+02
3.950000000000000000e+02
3.640000000000000000e+02
3.620000000000000000e+02
3.560000000000000000e+02
3.680000000000000000e+02
3.666666666666666856e+02
3.626666666666666856e+02
3.626666666666666856e+02
3.586666666666666856e+02
3.540000000000000000e+02
3.560000000000000000e+02
3.866666666666666856e+02
3.840000000000000000e+02
3.853333333333333144e+02
3.610000000000000000e+02
3.920000000000000000e+02
3.680000000000000000e+02
3.650000000000000000e+02
3.746666666666666856e+02
3.820000000000000000e+02
5.050000000000000000e+02
5.180000000000000000e+02
4.330000000000000000e+02
5.150000000000000000e+02
3.860000000000000000e+02
3.800000000000000000e+02
3.680000000000000000e+02
3.640000000000000000e+02
3.820000000000000000e+02
3.790000000000000000e+02
3.840000000000000000e+02
3.860000000000000000e+02
3.760000000000000000e+02
3.680000000000000000e+02
3.640000000000000000e+02
3.640000000000000000e+02
3.640000000000000000e+02
4.220000000000000000e+02
4.400000000000000000e+02
4.700000000000000000e+02
3.700000000000000000e+02
3.650000000000000000e+02
3.750000000000000000e+02
4.026666666666666856e+02
3.970000000000000000e+02
3.880000000000000000e+02
3.900000000000000000e+02
3.880000000000000000e+02
4.130000000000000000e+02
3.910000000000000000e+02
3.840000000000000000e+02
3.960000000000000000e+02
5.130000000000000000e+02
5.130000000000000000e+02
5.160000000000000000e+02
5.240000000000000000e+02
5.420000000000000000e+02
6.040000000000000000e+02
3.780000000000000000e+02
3.880000000000000000e+02
3.880000000000000000e+02
3.893333333333333144e+02
3.900000000000000000e+02
4.026666666666666856e+02
4.306666666666666856e+02
3.880000000000000000e+02
3.760000000000000000e+02
3.950000000000000000e+02
4.120000000000000000e+02
4.580000000000000000e+02
4.440000000000000000e+02
4.510000000000000000e+02
4.640000000000000000e+02
3.880000000000000000e+02
3.880000000000000000e+02
5.053333333333333144e+02
5.050000000000000000e+02
5.100000000000000000e+02
4.700000000000000000e+02
5.060000000000000000e+02
5.820000000000000000e+02
5.700000000000000000e+02
6.020000000000000000e+02
5.920000000000000000e+02
5.720000000000000000e+02
5.306666666666666288e+02
5.820000000000000000e+02
5.826666666666666288e+02
5.860000000000000000e+02
5.960000000000000000e+02
4.910000000000000000e+02
7.310000000000000000e+02
5.900000000000000000e+02
4.760000000000000000e+02
4.880000000000000000e+02
5.186666666666666288e+02
5.573333333333333712e+02
4.760000000000000000e+02
4.880000000000000000e+02
4.440000000000000000e+02
4.590000000000000000e+02
4.590000000000000000e+02
5.730000000000000000e+02
7.340000000000000000e+02
6.890000000000000000e+02
6.570000000000000000e+02
4.786666666666666856e+02
5.110000000000000000e+02
5.133333333333333712e+02
5.090000000000000000e+02
5.030000000000000000e+02
7.690000000000000000e+02
5.420000000000000000e+02
5.866666666666666288e+02
4.460000000000000000e+02
5.880000000000000000e+02
5.933333333333333712e+02
5.906666666666666288e+02
5.980000000000000000e+02
5.600000000000000000e+02
5.880000000000000000e+02
5.586666666666666288e+02
6.400000000000000000e+02
7.480000000000000000e+02
5.880000000000000000e+02
5.333333333333333712e+02
5.130000000000000000e+02
7.746666666666666288e+02
5.000000000000000000e+02
5.010000000000000000e+02
7.730000000000000000e+02
7.290000000000000000e+02
7.666666666666666288e+02
4.586666666666666856e+02
6.570000000000000000e+02
6.790000000000000000e+02
5.960000000000000000e+02
7.560000000000000000e+02
6.380000000000000000e+02
6.880000000000000000e+02
6.980000000000000000e+02
6.760000000000000000e+02
7.786666666666666288e+02
5.620000000000000000e+02
6.146666666666666288e+02
5.080000000000000000e+02
5.706666666666666288e+02
6.280000000000000000e+02
5.910000000000000000e+02
6.060000000000000000e+02
