6.440000000000000000e+02
6.520000000000000000e+02
6.560000000000000000e+02
6.320000000000000000e+02
6.280000000000000000e+02
6.280000000000000000e+02
6.320000000000000000e+02
6.320000000000000000e+02
7.720000000000000000e+02
5.040000000000000000e+02
6.080000000000000000e+02
5.910000000000000000e+02
6.040000000000000000e+02
6.000000000000000000e+02
6.000000000000000000e+02
6.200000000000000000e+02
6.010000000000000000e+02
5.770000000000000000e+02
5.920000000000000000e+02
5.990000000000000000e+02
6.040000000000000000e+02
6.186666666666666288e+02
5.080000000000000000e+02
5.040000000000000000e+02
6.280000000000000000e+02
6.280000000000000000e+02
6.240000000000000000e+02
6.280000000000000000e+02
5.250000000000000000e+02
5.320000000000000000e+02
6.940000000000000000e+02
6.400000000000000000e+02
6.380000000000000000e+02
6.520000000000000000e+02
5.160000000000000000e+02
5.200000000000000000e+02
5.240000000000000000e+02
6.226666666666666288e+02
6.200000000000000000e+02
6.240000000000000000e+02
4.920000000000000000e+02
5.080000000000000000e+02
5.880000000000000000e+02
6.040000000000000000e+02
6.000000000000000000e+02
5.840000000000000000e+02
5.760000000000000000e+02
5.800000000000000000e+02
6.320000000000000000e+02
5.820000000000000000e+02
5.800000000000000000e+02
5.840000000000000000e+02
5.000000000000000000e+02
5.880000000000000000e+02
5.120000000000000000e+02
5.080000000000000000e+02
4.860000000000000000e+02
4.960000000000000000e+02
5.080000000000000000e+02
5.280000000000000000e+02
5.050000000000000000e+02
5.150000000000000000e+02
6.653333333333333712e+02
6.560000000000000000e+02
6.600000000000000000e+02
6.580000000000000000e+02
5.000000000000000000e+02
5.120000000000000000e+02
5.310000000000000000e+02
4.960000000000000000e+02
5.200000000000000000e+02
4.960000000000000000e+02
5.000000000000000000e+02
5.040000000000000000e+02
4.920000000000000000e+02
4.920000000000000000e+02
5.813333333333333712e+02
5.800000000000000000e+02
6.080000000000000000e+02
5.770000000000000000e+02
5.780000000000000000e+02
6.200000000000000000e+02
5.253333333333333712e+02
5.040000000000000000e+02
5.040000000000000000e+02
4.960000000000000000e+02
5.040000000000000000e+02
4.960000000000000000e+02
4.920000000000000000e+02
5.000000000000000000e+02
5.000000000000000000e+02
4.960000000000000000e+02
4.920000000000000000e+02
4.920000000000000000e+02
5.000000000000000000e+02
5.860000000000000000e+02
6.080000000000000000e+02
4.960000000000000000e+02
4.920000000000000000e+02
4.920000000000000000e+02
4.960000000000000000e+02
5.040000000000000000e+02
4.960000000000000000e+02
4.960000000000000000e+02
5.000000000000000000e+02
5.000000000000000000e+02
5.000000000000000000e+02
5.040000000000000000e+02
5.160000000000000000e+02
5.480000000000000000e+02
6.120000000000000000e+02
6.080000000000000000e+02
6.080000000000000000e+02
6.080000000000000000e+02
5.480000000000000000e+02
4.960000000000000000e+02
5.000000000000000000e+02
5.040000000000000000e+02
5.000000000000000000e+02
5.000000000000000000e+02
5.160000000000000000e+02
4.960000000000000000e+02
4.890000000000000000e+02
4.740000000000000000e+02
4.920000000000000000e+02
4.920000000000000000e+02
5.040000000000000000e+02
5.000000000000000000e+02
5.860000000000000000e+02
5.000000000000000000e+02
4.960000000000000000e+02
4.950000000000000000e+02
4.920000000000000000e+02
4.866666666666666856e+02
4.860000000000000000e+02
5.120000000000000000e+02
5.080000000000000000e+02
5.160000000000000000e+02
5.000000000000000000e+02
5.080000000000000000e+02
5.093333333333333144e+02
5.546666666666666288e+02
5.520000000000000000e+02
5.520000000000000000e+02
5.600000000000000000e+02
5.520000000000000000e+02
5.320000000000000000e+02
6.026666666666666288e+02
5.120000000000000000e+02
5.120000000000000000e+02
5.100000000000000000e+02
5.200000000000000000e+02
5.200000000000000000e+02
5.330000000000000000e+02
4.800000000000000000e+02
4.790000000000000000e+02
4.946666666666666856e+02
4.920000000000000000e+02
4.960000000000000000e+02
5.000000000000000000e+02
6.410000000000000000e+02
6.680000000000000000e+02
6.760000000000000000e+02
5.160000000000000000e+02
5.080000000000000000e+02
5.280000000000000000e+02
5.160000000000000000e+02
5.160000000000000000e+02
5.200000000000000000e+02
5.200000000000000000e+02
5.960000000000000000e+02
6.000000000000000000e+02
5.920000000000000000e+02
5.880000000000000000e+02
5.030000000000000000e+02
5.880000000000000000e+02
5.866666666666666288e+02
5.080000000000000000e+02
5.760000000000000000e+02
6.040000000000000000e+02
6.000000000000000000e+02
6.040000000000000000e+02
5.160000000000000000e+02
5.200000000000000000e+02
5.280000000000000000e+02
5.200000000000000000e+02
5.200000000000000000e+02
5.280000000000000000e+02
6.440000000000000000e+02
5.610000000000000000e+02
6.540000000000000000e+02
6.586666666666666288e+02
6.680000000000000000e+02
6.640000000000000000e+02
6.746666666666666288e+02
6.670000000000000000e+02
7.920000000000000000e+02
7.693333333333333712e+02
7.960000000000000000e+02
5.160000000000000000e+02
5.200000000000000000e+02
5.240000000000000000e+02
5.240000000000000000e+02
6.270000000000000000e+02
5.850000000000000000e+02
5.540000000000000000e+02
6.053333333333333712e+02
5.840000000000000000e+02
5.640000000000000000e+02
5.840000000000000000e+02
5.800000000000000000e+02
5.773333333333333712e+02
6.120000000000000000e+02
5.173333333333333712e+02
7.960000000000000000e+02
6.573333333333333712e+02
6.490000000000000000e+02
7.960000000000000000e+02
7.786666666666666288e+02
7.720000000000000000e+02
7.960000000000000000e+02
7.680000000000000000e+02
6.826666666666666288e+02
6.840000000000000000e+02
6.600000000000000000e+02
7.960000000000000000e+02
7.960000000000000000e+02
7.960000000000000000e+02
7.920000000000000000e+02
7.960000000000000000e+02
7.960000000000000000e+02
7.960000000000000000e+02
7.960000000000000000e+02
7.960000000000000000e+02
7.960000000000000000e+02
7.400000000000000000e+02
7.960000000000000000e+02
6.550000000000000000e+02
5.910000000000000000e+02
6.780000000000000000e+02
6.740000000000000000e+02
6.426666666666666288e+02
6.573333333333333712e+02
5.160000000000000000e+02
6.680000000000000000e+02
7.430000000000000000e+02
7.450000000000000000e+02
7.960000000000000000e+02
7.960000000000000000e+02
7.960000000000000000e+02
7.960000000000000000e+02
7.960000000000000000e+02
7.960000000000000000e+02
7.960000000000000000e+02
7.960000000000000000e+02
7.960000000000000000e+02
