5.000000000000000000e+02
5.180000000000000000e+02
5.220000000000000000e+02
5.030000000000000000e+02
5.170000000000000000e+02
4.653333333333333144e+02
3.670000000000000000e+02
5.300000000000000000e+02
3.306666666666666856e+02
7.030000000000000000e+02
3.450000000000000000e+02
3.450000000000000000e+02
3.546666666666666856e+02
4.380000000000000000e+02
4.410000000000000000e+02
4.150000000000000000e+02
3.680000000000000000e+02
4.440000000000000000e+02
4.360000000000000000e+02
4.360000000000000000e+02
3.586666666666666856e+02
3.560000000000000000e+02
3.700000000000000000e+02
3.620000000000000000e+02
3.760000000000000000e+02
5.306666666666666288e+02
3.880000000000000000e+02
4.080000000000000000e+02
5.110000000000000000e+02
4.160000000000000000e+02
5.293333333333333712e+02
5.200000000000000000e+02
5.346666666666666288e+02
4.960000000000000000e+02
5.380000000000000000e+02
5.500000000000000000e+02
5.370000000000000000e+02
3.960000000000000000e+02
3.920000000000000000e+02
3.590000000000000000e+02
7.020000000000000000e+02
3.180000000000000000e+02
3.470000000000000000e+02
3.750000000000000000e+02
4.480000000000000000e+02
4.050000000000000000e+02
4.180000000000000000e+02
3.740000000000000000e+02
3.660000000000000000e+02
3.720000000000000000e+02
3.453333333333333144e+02
3.500000000000000000e+02
3.500000000000000000e+02
3.520000000000000000e+02
3.480000000000000000e+02
3.533333333333333144e+02
5.253333333333333712e+02
4.560000000000000000e+02
3.800000000000000000e+02
4.040000000000000000e+02
5.050000000000000000e+02
5.090000000000000000e+02
5.610000000000000000e+02
5.360000000000000000e+02
5.320000000000000000e+02
5.610000000000000000e+02
5.060000000000000000e+02
5.586666666666666288e+02
3.730000000000000000e+02
3.970000000000000000e+02
3.850000000000000000e+02
4.506666666666666856e+02
3.626666666666666856e+02
3.640000000000000000e+02
3.580000000000000000e+02
3.480000000000000000e+02
3.480000000000000000e+02
3.470000000000000000e+02
3.920000000000000000e+02
3.880000000000000000e+02
3.813333333333333144e+02
3.600000000000000000e+02
4.200000000000000000e+02
3.480000000000000000e+02
3.280000000000000000e+02
3.520000000000000000e+02
3.520000000000000000e+02
3.390000000000000000e+02
3.440000000000000000e+02
3.480000000000000000e+02
3.670000000000000000e+02
3.640000000000000000e+02
3.600000000000000000e+02
5.550000000000000000e+02
4.030000000000000000e+02
5.106666666666666856e+02
5.130000000000000000e+02
4.293333333333333144e+02
3.910000000000000000e+02
3.700000000000000000e+02
3.680000000000000000e+02
3.640000000000000000e+02
3.600000000000000000e+02
3.480000000000000000e+02
3.160000000000000000e+02
3.800000000000000000e+02
3.790000000000000000e+02
3.640000000000000000e+02
3.550000000000000000e+02
3.560000000000000000e+02
3.640000000000000000e+02
4.690000000000000000e+02
3.660000000000000000e+02
3.613333333333333144e+02
3.493333333333333144e+02
3.560000000000000000e+02
3.540000000000000000e+02
3.500000000000000000e+02
3.840000000000000000e+02
3.840000000000000000e+02
3.610000000000000000e+02
3.520000000000000000e+02
3.780000000000000000e+02
3.680000000000000000e+02
3.746666666666666856e+02
3.430000000000000000e+02
5.170000000000000000e+02
5.090000000000000000e+02
5.030000000000000000e+02
5.050000000000000000e+02
5.090000000000000000e+02
3.813333333333333144e+02
3.650000000000000000e+02
3.720000000000000000e+02
3.820000000000000000e+02
3.790000000000000000e+02
3.826666666666666856e+02
3.840000000000000000e+02
3.760000000000000000e+02
3.640000000000000000e+02
3.640000000000000000e+02
3.530000000000000000e+02
3.720000000000000000e+02
3.720000000000000000e+02
4.280000000000000000e+02
4.020000000000000000e+02
3.690000000000000000e+02
3.820000000000000000e+02
3.760000000000000000e+02
4.050000000000000000e+02
3.960000000000000000e+02
3.880000000000000000e+02
3.840000000000000000e+02
3.880000000000000000e+02
3.860000000000000000e+02
3.870000000000000000e+02
5.093333333333333144e+02
3.990000000000000000e+02
4.800000000000000000e+02
5.180000000000000000e+02
5.620000000000000000e+02
5.066666666666666856e+02
5.160000000000000000e+02
4.013333333333333144e+02
4.000000000000000000e+02
3.890000000000000000e+02
4.150000000000000000e+02
3.890000000000000000e+02
4.430000000000000000e+02
4.260000000000000000e+02
4.000000000000000000e+02
3.880000000000000000e+02
4.093333333333333144e+02
3.950000000000000000e+02
4.173333333333333144e+02
4.580000000000000000e+02
4.280000000000000000e+02
4.530000000000000000e+02
3.600000000000000000e+02
3.880000000000000000e+02
3.920000000000000000e+02
5.053333333333333144e+02
5.000000000000000000e+02
5.100000000000000000e+02
4.250000000000000000e+02
5.060000000000000000e+02
5.820000000000000000e+02
5.890000000000000000e+02
4.180000000000000000e+02
5.920000000000000000e+02
5.720000000000000000e+02
5.306666666666666288e+02
5.870000000000000000e+02
5.400000000000000000e+02
5.920000000000000000e+02
6.100000000000000000e+02
4.910000000000000000e+02
7.960000000000000000e+02
7.600000000000000000e+02
4.800000000000000000e+02
5.120000000000000000e+02
5.050000000000000000e+02
5.573333333333333712e+02
4.970000000000000000e+02
4.590000000000000000e+02
4.420000000000000000e+02
4.530000000000000000e+02
4.590000000000000000e+02
5.730000000000000000e+02
4.480000000000000000e+02
4.760000000000000000e+02
4.466666666666666856e+02
2.720000000000000000e+02
5.120000000000000000e+02
5.120000000000000000e+02
5.110000000000000000e+02
5.580000000000000000e+02
7.690000000000000000e+02
6.510000000000000000e+02
5.866666666666666288e+02
6.026666666666666288e+02
5.800000000000000000e+02
5.813333333333333712e+02
4.880000000000000000e+02
5.580000000000000000e+02
5.600000000000000000e+02
6.020000000000000000e+02
4.733333333333333144e+02
6.810000000000000000e+02
5.453333333333333712e+02
5.480000000000000000e+02
5.173333333333333712e+02
5.130000000000000000e+02
6.840000000000000000e+02
5.106666666666666856e+02
7.800000000000000000e+02
7.300000000000000000e+02
7.290000000000000000e+02
6.570000000000000000e+02
7.140000000000000000e+02
7.310000000000000000e+02
6.790000000000000000e+02
7.280000000000000000e+02
7.560000000000000000e+02
7.060000000000000000e+02
5.933333333333333712e+02
6.980000000000000000e+02
7.210000000000000000e+02
5.266666666666666288e+02
5.370000000000000000e+02
6.146666666666666288e+02
5.840000000000000000e+02
6.000000000000000000e+02
6.120000000000000000e+02
6.260000000000000000e+02
5.350000000000000000e+02
