5.000000000000000000e+02
4.720000000000000000e+02
5.260000000000000000e+02
5.170000000000000000e+02
4.573333333333333144e+02
5.200000000000000000e+02
3.960000000000000000e+02
5.320000000000000000e+02
3.306666666666666856e+02
5.640000000000000000e+02
3.450000000000000000e+02
3.460000000000000000e+02
3.546666666666666856e+02
4.386666666666666856e+02
4.410000000000000000e+02
4.150000000000000000e+02
4.640000000000000000e+02
4.440000000000000000e+02
4.373333333333333144e+02
4.360000000000000000e+02
3.533333333333333144e+02
3.700000000000000000e+02
3.380000000000000000e+02
3.610000000000000000e+02
3.790000000000000000e+02
5.240000000000000000e+02
3.880000000000000000e+02
4.580000000000000000e+02
5.110000000000000000e+02
4.160000000000000000e+02
5.333333333333333712e+02
5.200000000000000000e+02
5.300000000000000000e+02
4.960000000000000000e+02
5.280000000000000000e+02
5.520000000000000000e+02
5.480000000000000000e+02
4.213333333333333144e+02
3.586666666666666856e+02
3.710000000000000000e+02
7.020000000000000000e+02
3.440000000000000000e+02
3.410000000000000000e+02
3.790000000000000000e+02
4.480000000000000000e+02
4.050000000000000000e+02
3.870000000000000000e+02
3.740000000000000000e+02
3.660000000000000000e+02
3.710000000000000000e+02
3.453333333333333144e+02
3.986666666666666856e+02
3.500000000000000000e+02
3.520000000000000000e+02
3.550000000000000000e+02
3.533333333333333144e+02
3.670000000000000000e+02
3.800000000000000000e+02
4.800000000000000000e+02
4.586666666666666856e+02
5.120000000000000000e+02
5.090000000000000000e+02
5.460000000000000000e+02
4.500000000000000000e+02
5.320000000000000000e+02
5.610000000000000000e+02
5.470000000000000000e+02
5.600000000000000000e+02
4.733333333333333144e+02
3.973333333333333144e+02
3.586666666666666856e+02
3.630000000000000000e+02
3.626666666666666856e+02
3.640000000000000000e+02
3.560000000000000000e+02
3.530000000000000000e+02
3.480000000000000000e+02
3.480000000000000000e+02
3.880000000000000000e+02
4.200000000000000000e+02
3.813333333333333144e+02
3.620000000000000000e+02
3.620000000000000000e+02
3.506666666666666856e+02
3.530000000000000000e+02
3.546666666666666856e+02
3.520000000000000000e+02
3.520000000000000000e+02
3.450000000000000000e+02
3.470000000000000000e+02
3.680000000000000000e+02
3.640000000000000000e+02
3.613333333333333144e+02
4.106666666666666856e+02
4.030000000000000000e+02
5.080000000000000000e+02
5.026666666666666856e+02
4.893333333333333144e+02
5.180000000000000000e+02
3.700000000000000000e+02
3.680000000000000000e+02
3.640000000000000000e+02
3.520000000000000000e+02
3.480000000000000000e+02
3.910000000000000000e+02
3.800000000000000000e+02
3.600000000000000000e+02
3.640000000000000000e+02
3.620000000000000000e+02
3.640000000000000000e+02
3.640000000000000000e+02
3.640000000000000000e+02
3.600000000000000000e+02
3.613333333333333144e+02
3.390000000000000000e+02
3.540000000000000000e+02
3.520000000000000000e+02
3.870000000000000000e+02
3.840000000000000000e+02
3.866666666666666856e+02
3.610000000000000000e+02
3.893333333333333144e+02
3.680000000000000000e+02
3.690000000000000000e+02
3.800000000000000000e+02
3.430000000000000000e+02
5.093333333333333144e+02
4.700000000000000000e+02
5.070000000000000000e+02
5.050000000000000000e+02
3.880000000000000000e+02
3.853333333333333144e+02
3.680000000000000000e+02
3.720000000000000000e+02
3.840000000000000000e+02
3.440000000000000000e+02
3.840000000000000000e+02
3.880000000000000000e+02
3.760000000000000000e+02
3.660000000000000000e+02
3.640000000000000000e+02
3.610000000000000000e+02
3.653333333333333144e+02
4.220000000000000000e+02
3.720000000000000000e+02
4.626666666666666856e+02
4.020000000000000000e+02
3.640000000000000000e+02
3.773333333333333144e+02
4.026666666666666856e+02
3.960000000000000000e+02
3.920000000000000000e+02
3.880000000000000000e+02
3.746666666666666856e+02
3.870000000000000000e+02
3.870000000000000000e+02
5.600000000000000000e+02
3.990000000000000000e+02
5.240000000000000000e+02
4.970000000000000000e+02
5.120000000000000000e+02
5.066666666666666856e+02
5.160000000000000000e+02
4.040000000000000000e+02
4.010000000000000000e+02
3.880000000000000000e+02
3.900000000000000000e+02
3.880000000000000000e+02
3.840000000000000000e+02
3.830000000000000000e+02
4.000000000000000000e+02
3.880000000000000000e+02
3.840000000000000000e+02
3.920000000000000000e+02
4.680000000000000000e+02
4.590000000000000000e+02
4.546666666666666856e+02
4.560000000000000000e+02
4.760000000000000000e+02
3.880000000000000000e+02
3.880000000000000000e+02
3.866666666666666856e+02
5.040000000000000000e+02
5.100000000000000000e+02
4.893333333333333144e+02
5.180000000000000000e+02
5.360000000000000000e+02
5.746666666666666288e+02
4.853333333333333144e+02
6.100000000000000000e+02
5.760000000000000000e+02
5.306666666666666288e+02
5.813333333333333712e+02
6.120000000000000000e+02
5.870000000000000000e+02
4.960000000000000000e+02
6.080000000000000000e+02
6.346666666666666288e+02
5.900000000000000000e+02
7.880000000000000000e+02
4.973333333333333144e+02
5.050000000000000000e+02
5.573333333333333712e+02
4.740000000000000000e+02
4.810000000000000000e+02
4.720000000000000000e+02
4.530000000000000000e+02
4.570000000000000000e+02
4.560000000000000000e+02
5.320000000000000000e+02
4.270000000000000000e+02
4.906666666666666856e+02
4.786666666666666856e+02
4.933333333333333144e+02
5.120000000000000000e+02
5.110000000000000000e+02
5.030000000000000000e+02
7.690000000000000000e+02
6.093333333333333712e+02
5.826666666666666288e+02
6.050000000000000000e+02
5.800000000000000000e+02
5.813333333333333712e+02
5.920000000000000000e+02
5.980000000000000000e+02
5.600000000000000000e+02
6.020000000000000000e+02
4.733333333333333144e+02
5.280000000000000000e+02
5.453333333333333712e+02
7.710000000000000000e+02
5.333333333333333712e+02
5.280000000000000000e+02
6.840000000000000000e+02
5.160000000000000000e+02
5.010000000000000000e+02
7.300000000000000000e+02
7.290000000000000000e+02
6.570000000000000000e+02
7.140000000000000000e+02
6.320000000000000000e+02
6.790000000000000000e+02
4.946666666666666856e+02
7.680000000000000000e+02
6.880000000000000000e+02
5.933333333333333712e+02
6.880000000000000000e+02
5.500000000000000000e+02
7.786666666666666288e+02
5.370000000000000000e+02
7.480000000000000000e+02
5.840000000000000000e+02
5.706666666666666288e+02
6.280000000000000000e+02
6.210000000000000000e+02
5.350000000000000000e+02
