6.000000000000000000e+02
6.110000000000000000e+02
5.410000000000000000e+02
6.120000000000000000e+02
5.573333333333333712e+02
4.480000000000000000e+02
4.360000000000000000e+02
5.600000000000000000e+02
5.700000000000000000e+02
5.520000000000000000e+02
5.400000000000000000e+02
4.800000000000000000e+02
4.820000000000000000e+02
5.026666666666666856e+02
5.180000000000000000e+02
5.240000000000000000e+02
4.740000000000000000e+02
4.866666666666666856e+02
4.920000000000000000e+02
4.773333333333333144e+02
4.680000000000000000e+02
5.070000000000000000e+02
5.210000000000000000e+02
5.370000000000000000e+02
6.973333333333333712e+02
5.520000000000000000e+02
5.186666666666666288e+02
5.590000000000000000e+02
5.626666666666666288e+02
6.220000000000000000e+02
6.200000000000000000e+02
5.860000000000000000e+02
5.600000000000000000e+02
5.580000000000000000e+02
6.300000000000000000e+02
5.000000000000000000e+02
5.610000000000000000e+02
5.560000000000000000e+02
5.480000000000000000e+02
5.330000000000000000e+02
5.220000000000000000e+02
5.493333333333333712e+02
4.920000000000000000e+02
4.720000000000000000e+02
4.640000000000000000e+02
4.570000000000000000e+02
4.560000000000000000e+02
4.730000000000000000e+02
4.560000000000000000e+02
4.520000000000000000e+02
4.470000000000000000e+02
4.620000000000000000e+02
4.800000000000000000e+02
4.730000000000000000e+02
4.470000000000000000e+02
4.320000000000000000e+02
4.200000000000000000e+02
4.280000000000000000e+02
4.200000000000000000e+02
4.240000000000000000e+02
6.000000000000000000e+02
6.210000000000000000e+02
5.293333333333333712e+02
5.620000000000000000e+02
5.640000000000000000e+02
5.830000000000000000e+02
5.580000000000000000e+02
4.160000000000000000e+02
4.240000000000000000e+02
4.250000000000000000e+02
4.160000000000000000e+02
4.170000000000000000e+02
4.200000000000000000e+02
4.170000000000000000e+02
4.160000000000000000e+02
4.013333333333333144e+02
4.040000000000000000e+02
4.080000000000000000e+02
4.280000000000000000e+02
4.480000000000000000e+02
4.480000000000000000e+02
4.080000000000000000e+02
4.120000000000000000e+02
4.090000000000000000e+02
3.890000000000000000e+02
4.470000000000000000e+02
4.160000000000000000e+02
4.186666666666666856e+02
4.120000000000000000e+02
4.030000000000000000e+02
4.066666666666666856e+02
4.160000000000000000e+02
4.200000000000000000e+02
4.200000000000000000e+02
4.900000000000000000e+02
5.630000000000000000e+02
5.290000000000000000e+02
4.173333333333333144e+02
4.200000000000000000e+02
4.200000000000000000e+02
4.140000000000000000e+02
4.200000000000000000e+02
4.240000000000000000e+02
4.000000000000000000e+02
4.160000000000000000e+02
4.170000000000000000e+02
4.160000000000000000e+02
4.120000000000000000e+02
4.110000000000000000e+02
4.240000000000000000e+02
4.160000000000000000e+02
4.260000000000000000e+02
4.240000000000000000e+02
4.560000000000000000e+02
4.200000000000000000e+02
4.200000000000000000e+02
4.160000000000000000e+02
4.160000000000000000e+02
4.200000000000000000e+02
3.960000000000000000e+02
4.190000000000000000e+02
4.120000000000000000e+02
4.020000000000000000e+02
4.150000000000000000e+02
4.186666666666666856e+02
4.130000000000000000e+02
5.540000000000000000e+02
5.666666666666666288e+02
5.560000000000000000e+02
5.300000000000000000e+02
5.630000000000000000e+02
4.050000000000000000e+02
4.170000000000000000e+02
4.190000000000000000e+02
4.200000000000000000e+02
4.280000000000000000e+02
4.160000000000000000e+02
4.200000000000000000e+02
4.160000000000000000e+02
4.160000000000000000e+02
4.200000000000000000e+02
4.200000000000000000e+02
4.320000000000000000e+02
4.520000000000000000e+02
4.510000000000000000e+02
4.546666666666666856e+02
4.240000000000000000e+02
4.226666666666666856e+02
4.200000000000000000e+02
4.260000000000000000e+02
4.240000000000000000e+02
4.240000000000000000e+02
4.240000000000000000e+02
4.240000000000000000e+02
4.240000000000000000e+02
5.760000000000000000e+02
5.840000000000000000e+02
5.570000000000000000e+02
5.520000000000000000e+02
5.530000000000000000e+02
5.780000000000000000e+02
5.680000000000000000e+02
5.740000000000000000e+02
5.700000000000000000e+02
5.360000000000000000e+02
4.220000000000000000e+02
5.720000000000000000e+02
4.120000000000000000e+02
4.160000000000000000e+02
4.040000000000000000e+02
4.080000000000000000e+02
4.980000000000000000e+02
4.080000000000000000e+02
4.560000000000000000e+02
4.390000000000000000e+02
4.386666666666666856e+02
4.280000000000000000e+02
4.760000000000000000e+02
4.430000000000000000e+02
5.120000000000000000e+02
4.880000000000000000e+02
4.760000000000000000e+02
5.110000000000000000e+02
5.200000000000000000e+02
5.530000000000000000e+02
5.700000000000000000e+02
6.150000000000000000e+02
5.940000000000000000e+02
6.040000000000000000e+02
5.990000000000000000e+02
5.670000000000000000e+02
5.680000000000000000e+02
5.680000000000000000e+02
5.710000000000000000e+02
5.670000000000000000e+02
6.160000000000000000e+02
6.120000000000000000e+02
5.720000000000000000e+02
5.040000000000000000e+02
5.680000000000000000e+02
5.280000000000000000e+02
4.880000000000000000e+02
4.970000000000000000e+02
4.970000000000000000e+02
4.800000000000000000e+02
4.820000000000000000e+02
4.880000000000000000e+02
5.373333333333333712e+02
5.540000000000000000e+02
5.080000000000000000e+02
5.250000000000000000e+02
5.340000000000000000e+02
5.780000000000000000e+02
5.240000000000000000e+02
5.520000000000000000e+02
6.133333333333333712e+02
5.760000000000000000e+02
5.690000000000000000e+02
6.060000000000000000e+02
6.230000000000000000e+02
6.320000000000000000e+02
5.670000000000000000e+02
5.610000000000000000e+02
5.693333333333333712e+02
5.680000000000000000e+02
5.670000000000000000e+02
5.750000000000000000e+02
5.840000000000000000e+02
5.813333333333333712e+02
5.750000000000000000e+02
5.946666666666666288e+02
7.160000000000000000e+02
6.830000000000000000e+02
6.600000000000000000e+02
7.060000000000000000e+02
5.990000000000000000e+02
5.180000000000000000e+02
6.120000000000000000e+02
5.066666666666666856e+02
6.620000000000000000e+02
6.906666666666666288e+02
7.240000000000000000e+02
6.650000000000000000e+02
6.120000000000000000e+02
4.720000000000000000e+02
5.350000000000000000e+02
5.640000000000000000e+02
6.893333333333333712e+02
5.630000000000000000e+02
5.920000000000000000e+02
5.750000000000000000e+02
6.690000000000000000e+02
5.650000000000000000e+02
5.460000000000000000e+02
5.660000000000000000e+02
5.680000000000000000e+02
