4.640000000000000000e+02
5.240000000000000000e+02
4.470000000000000000e+02
6.920000000000000000e+02
4.800000000000000000e+02
4.840000000000000000e+02
4.800000000000000000e+02
4.770000000000000000e+02
4.760000000000000000e+02
4.733333333333333144e+02
4.760000000000000000e+02
4.840000000000000000e+02
4.720000000000000000e+02
3.973333333333333144e+02
4.640000000000000000e+02
6.220000000000000000e+02
6.490000000000000000e+02
4.220000000000000000e+02
4.240000000000000000e+02
4.200000000000000000e+02
4.760000000000000000e+02
4.820000000000000000e+02
4.853333333333333144e+02
4.890000000000000000e+02
5.000000000000000000e+02
4.930000000000000000e+02
5.093333333333333144e+02
5.120000000000000000e+02
4.853333333333333144e+02
4.690000000000000000e+02
5.320000000000000000e+02
4.630000000000000000e+02
4.720000000000000000e+02
4.650000000000000000e+02
5.053333333333333144e+02
7.610000000000000000e+02
4.853333333333333144e+02
4.880000000000000000e+02
4.450000000000000000e+02
4.920000000000000000e+02
4.160000000000000000e+02
4.240000000000000000e+02
4.320000000000000000e+02
3.920000000000000000e+02
4.320000000000000000e+02
4.180000000000000000e+02
4.706666666666666856e+02
4.600000000000000000e+02
4.610000000000000000e+02
3.750000000000000000e+02
3.750000000000000000e+02
4.146666666666666856e+02
3.760000000000000000e+02
4.226666666666666856e+02
3.880000000000000000e+02
3.626666666666666856e+02
3.720000000000000000e+02
4.000000000000000000e+02
4.840000000000000000e+02
3.640000000000000000e+02
3.580000000000000000e+02
4.640000000000000000e+02
4.480000000000000000e+02
4.750000000000000000e+02
4.200000000000000000e+02
4.493333333333333144e+02
3.680000000000000000e+02
3.666666666666666856e+02
6.940000000000000000e+02
3.720000000000000000e+02
3.640000000000000000e+02
3.680000000000000000e+02
3.540000000000000000e+02
3.480000000000000000e+02
3.680000000000000000e+02
3.920000000000000000e+02
3.630000000000000000e+02
3.800000000000000000e+02
4.800000000000000000e+02
4.680000000000000000e+02
3.800000000000000000e+02
3.880000000000000000e+02
4.360000000000000000e+02
3.380000000000000000e+02
3.280000000000000000e+02
3.490000000000000000e+02
3.360000000000000000e+02
3.390000000000000000e+02
3.520000000000000000e+02
3.680000000000000000e+02
3.600000000000000000e+02
3.720000000000000000e+02
4.786666666666666856e+02
3.746666666666666856e+02
3.600000000000000000e+02
3.666666666666666856e+02
3.540000000000000000e+02
3.520000000000000000e+02
3.360000000000000000e+02
3.260000000000000000e+02
4.746666666666666856e+02
7.520000000000000000e+02
3.773333333333333144e+02
3.490000000000000000e+02
3.460000000000000000e+02
3.440000000000000000e+02
3.400000000000000000e+02
3.570000000000000000e+02
3.590000000000000000e+02
3.660000000000000000e+02
4.293333333333333144e+02
3.600000000000000000e+02
3.740000000000000000e+02
3.893333333333333144e+02
3.640000000000000000e+02
3.580000000000000000e+02
3.680000000000000000e+02
3.480000000000000000e+02
3.480000000000000000e+02
3.490000000000000000e+02
3.440000000000000000e+02
3.490000000000000000e+02
3.570000000000000000e+02
3.360000000000000000e+02
3.320000000000000000e+02
3.490000000000000000e+02
3.600000000000000000e+02
3.530000000000000000e+02
3.600000000000000000e+02
3.626666666666666856e+02
3.600000000000000000e+02
3.390000000000000000e+02
3.760000000000000000e+02
3.760000000000000000e+02
4.040000000000000000e+02
3.570000000000000000e+02
3.520000000000000000e+02
3.520000000000000000e+02
3.520000000000000000e+02
3.560000000000000000e+02
3.746666666666666856e+02
3.740000000000000000e+02
4.090000000000000000e+02
3.880000000000000000e+02
4.150000000000000000e+02
3.893333333333333144e+02
3.920000000000000000e+02
3.640000000000000000e+02
3.640000000000000000e+02
3.520000000000000000e+02
3.520000000000000000e+02
3.480000000000000000e+02
3.813333333333333144e+02
3.730000000000000000e+02
3.790000000000000000e+02
3.680000000000000000e+02
3.640000000000000000e+02
3.546666666666666856e+02
3.706666666666666856e+02
3.520000000000000000e+02
3.733333333333333144e+02
3.640000000000000000e+02
4.850000000000000000e+02
3.690000000000000000e+02
3.650000000000000000e+02
3.680000000000000000e+02
4.020000000000000000e+02
3.650000000000000000e+02
3.666666666666666856e+02
3.610000000000000000e+02
3.813333333333333144e+02
4.960000000000000000e+02
5.140000000000000000e+02
3.680000000000000000e+02
4.720000000000000000e+02
4.453333333333333144e+02
4.773333333333333144e+02
4.400000000000000000e+02
4.370000000000000000e+02
4.400000000000000000e+02
4.140000000000000000e+02
4.160000000000000000e+02
4.260000000000000000e+02
4.130000000000000000e+02
3.640000000000000000e+02
3.680000000000000000e+02
3.710000000000000000e+02
3.733333333333333144e+02
3.620000000000000000e+02
3.700000000000000000e+02
3.706666666666666856e+02
4.790000000000000000e+02
4.940000000000000000e+02
4.986666666666666856e+02
5.100000000000000000e+02
6.866666666666666288e+02
3.720000000000000000e+02
4.810000000000000000e+02
4.290000000000000000e+02
4.430000000000000000e+02
4.360000000000000000e+02
4.400000000000000000e+02
4.320000000000000000e+02
4.210000000000000000e+02
4.590000000000000000e+02
4.800000000000000000e+02
5.130000000000000000e+02
5.040000000000000000e+02
5.140000000000000000e+02
5.100000000000000000e+02
4.293333333333333144e+02
4.820000000000000000e+02
4.840000000000000000e+02
4.170000000000000000e+02
4.560000000000000000e+02
4.350000000000000000e+02
4.820000000000000000e+02
4.700000000000000000e+02
4.740000000000000000e+02
4.760000000000000000e+02
4.880000000000000000e+02
4.990000000000000000e+02
4.960000000000000000e+02
4.830000000000000000e+02
4.973333333333333144e+02
4.140000000000000000e+02
4.990000000000000000e+02
4.906666666666666856e+02
4.830000000000000000e+02
4.420000000000000000e+02
4.680000000000000000e+02
4.720000000000000000e+02
4.680000000000000000e+02
4.800000000000000000e+02
4.270000000000000000e+02
6.973333333333333712e+02
4.840000000000000000e+02
3.340000000000000000e+02
4.173333333333333144e+02
5.240000000000000000e+02
4.840000000000000000e+02
5.040000000000000000e+02
4.866666666666666856e+02
7.270000000000000000e+02
4.730000000000000000e+02
5.030000000000000000e+02
7.190000000000000000e+02
5.060000000000000000e+02
5.746666666666666288e+02
5.230000000000000000e+02
4.280000000000000000e+02
5.066666666666666856e+02
5.060000000000000000e+02
5.053333333333333144e+02
4.813333333333333144e+02
4.900000000000000000e+02
