6.320000000000000000e+02
6.420000000000000000e+02
6.320000000000000000e+02
6.710000000000000000e+02
6.680000000000000000e+02
6.680000000000000000e+02
6.820000000000000000e+02
6.440000000000000000e+02
6.400000000000000000e+02
6.480000000000000000e+02
6.520000000000000000e+02
6.480000000000000000e+02
6.440000000000000000e+02
6.520000000000000000e+02
6.346666666666666288e+02
6.413333333333333712e+02
6.400000000000000000e+02
6.290000000000000000e+02
6.240000000000000000e+02
6.280000000000000000e+02
6.320000000000000000e+02
6.400000000000000000e+02
6.320000000000000000e+02
6.280000000000000000e+02
5.933333333333333712e+02
5.920000000000000000e+02
6.280000000000000000e+02
5.240000000000000000e+02
5.293333333333333712e+02
6.440000000000000000e+02
6.480000000000000000e+02
6.480000000000000000e+02
6.360000000000000000e+02
6.040000000000000000e+02
6.600000000000000000e+02
6.760000000000000000e+02
6.720000000000000000e+02
6.840000000000000000e+02
6.640000000000000000e+02
6.530000000000000000e+02
6.530000000000000000e+02
6.440000000000000000e+02
6.480000000000000000e+02
6.400000000000000000e+02
6.520000000000000000e+02
6.720000000000000000e+02
6.760000000000000000e+02
6.760000000000000000e+02
6.760000000000000000e+02
6.640000000000000000e+02
6.666666666666666288e+02
6.390000000000000000e+02
6.440000000000000000e+02
6.440000000000000000e+02
6.440000000000000000e+02
6.240000000000000000e+02
5.280000000000000000e+02
5.280000000000000000e+02
6.480000000000000000e+02
6.480000000000000000e+02
6.400000000000000000e+02
6.360000000000000000e+02
6.000000000000000000e+02
6.000000000000000000e+02
5.880000000000000000e+02
5.800000000000000000e+02
5.830000000000000000e+02
5.853333333333333712e+02
5.280000000000000000e+02
5.360000000000000000e+02
5.400000000000000000e+02
5.440000000000000000e+02
5.440000000000000000e+02
5.480000000000000000e+02
5.750000000000000000e+02
5.400000000000000000e+02
6.760000000000000000e+02
6.840000000000000000e+02
6.880000000000000000e+02
6.770000000000000000e+02
6.226666666666666288e+02
6.400000000000000000e+02
6.400000000000000000e+02
6.480000000000000000e+02
6.000000000000000000e+02
6.000000000000000000e+02
6.330000000000000000e+02
6.240000000000000000e+02
6.190000000000000000e+02
6.840000000000000000e+02
6.920000000000000000e+02
5.440000000000000000e+02
5.250000000000000000e+02
5.580000000000000000e+02
5.440000000000000000e+02
5.280000000000000000e+02
5.440000000000000000e+02
5.440000000000000000e+02
5.470000000000000000e+02
5.440000000000000000e+02
5.440000000000000000e+02
5.626666666666666288e+02
6.120000000000000000e+02
6.280000000000000000e+02
6.230000000000000000e+02
5.680000000000000000e+02
6.160000000000000000e+02
5.440000000000000000e+02
5.520000000000000000e+02
5.360000000000000000e+02
5.440000000000000000e+02
5.440000000000000000e+02
5.480000000000000000e+02
5.480000000000000000e+02
5.440000000000000000e+02
5.520000000000000000e+02
5.420000000000000000e+02
5.300000000000000000e+02
5.400000000000000000e+02
5.280000000000000000e+02
6.120000000000000000e+02
6.186666666666666288e+02
5.990000000000000000e+02
6.440000000000000000e+02
6.180000000000000000e+02
6.160000000000000000e+02
6.120000000000000000e+02
6.080000000000000000e+02
6.200000000000000000e+02
5.330000000000000000e+02
5.320000000000000000e+02
5.360000000000000000e+02
5.360000000000000000e+02
5.200000000000000000e+02
5.226666666666666288e+02
5.200000000000000000e+02
5.520000000000000000e+02
5.600000000000000000e+02
5.520000000000000000e+02
5.520000000000000000e+02
5.520000000000000000e+02
5.510000000000000000e+02
5.560000000000000000e+02
5.640000000000000000e+02
5.640000000000000000e+02
5.880000000000000000e+02
5.800000000000000000e+02
5.800000000000000000e+02
5.760000000000000000e+02
5.653333333333333712e+02
5.520000000000000000e+02
5.440000000000000000e+02
5.440000000000000000e+02
5.520000000000000000e+02
5.520000000000000000e+02
5.560000000000000000e+02
5.160000000000000000e+02
5.240000000000000000e+02
5.240000000000000000e+02
5.320000000000000000e+02
5.320000000000000000e+02
5.320000000000000000e+02
5.360000000000000000e+02
5.360000000000000000e+02
6.160000000000000000e+02
6.200000000000000000e+02
6.200000000000000000e+02
6.200000000000000000e+02
6.160000000000000000e+02
6.160000000000000000e+02
6.173333333333333712e+02
6.280000000000000000e+02
5.360000000000000000e+02
5.320000000000000000e+02
5.280000000000000000e+02
5.320000000000000000e+02
5.320000000000000000e+02
5.400000000000000000e+02
5.400000000000000000e+02
5.306666666666666288e+02
5.680000000000000000e+02
5.640000000000000000e+02
5.493333333333333712e+02
5.520000000000000000e+02
5.560000000000000000e+02
5.600000000000000000e+02
5.640000000000000000e+02
6.200000000000000000e+02
6.240000000000000000e+02
6.240000000000000000e+02
6.200000000000000000e+02
5.630000000000000000e+02
5.600000000000000000e+02
5.800000000000000000e+02
5.520000000000000000e+02
5.640000000000000000e+02
5.720000000000000000e+02
5.680000000000000000e+02
5.933333333333333712e+02
5.360000000000000000e+02
5.493333333333333712e+02
5.520000000000000000e+02
5.213333333333333712e+02
5.400000000000000000e+02
5.360000000000000000e+02
5.400000000000000000e+02
5.440000000000000000e+02
5.400000000000000000e+02
6.240000000000000000e+02
6.240000000000000000e+02
6.240000000000000000e+02
6.280000000000000000e+02
6.386666666666666288e+02
6.280000000000000000e+02
5.380000000000000000e+02
5.420000000000000000e+02
5.400000000000000000e+02
5.440000000000000000e+02
5.480000000000000000e+02
5.480000000000000000e+02
5.720000000000000000e+02
5.560000000000000000e+02
5.680000000000000000e+02
5.600000000000000000e+02
5.560000000000000000e+02
5.600000000000000000e+02
5.540000000000000000e+02
5.720000000000000000e+02
6.320000000000000000e+02
6.360000000000000000e+02
6.410000000000000000e+02
6.400000000000000000e+02
6.240000000000000000e+02
6.080000000000000000e+02
5.840000000000000000e+02
6.090000000000000000e+02
5.530000000000000000e+02
5.590000000000000000e+02
5.413333333333333712e+02
5.680000000000000000e+02
5.720000000000000000e+02
5.720000000000000000e+02
5.640000000000000000e+02
5.680000000000000000e+02
5.746666666666666288e+02
5.613333333333333712e+02
5.470000000000000000e+02
5.590000000000000000e+02
5.520000000000000000e+02
5.520000000000000000e+02
6.920000000000000000e+02
6.320000000000000000e+02
6.770000000000000000e+02
6.680000000000000000e+02
6.546666666666666288e+02
6.880000000000000000e+02
5.770000000000000000e+02
5.680000000000000000e+02
5.480000000000000000e+02
5.680000000000000000e+02
5.573333333333333712e+02
5.640000000000000000e+02
5.680000000000000000e+02
5.760000000000000000e+02
5.720000000000000000e+02
5.720000000000000000e+02
5.640000000000000000e+02
5.680000000000000000e+02
6.400000000000000000e+02
6.400000000000000000e+02
6.360000000000000000e+02
6.370000000000000000e+02
6.230000000000000000e+02
6.400000000000000000e+02
6.360000000000000000e+02
6.320000000000000000e+02
6.360000000000000000e+02
6.240000000000000000e+02
6.600000000000000000e+02
6.660000000000000000e+02
5.666666666666666288e+02
5.720000000000000000e+02
5.720000000000000000e+02
5.760000000000000000e+02
5.720000000000000000e+02
5.720000000000000000e+02
5.680000000000000000e+02
5.750000000000000000e+02
5.600000000000000000e+02
7.130000000000000000e+02
7.840000000000000000e+02
7.240000000000000000e+02
7.170000000000000000e+02
6.170000000000000000e+02
6.800000000000000000e+02
6.680000000000000000e+02
6.680000000000000000e+02
7.773333333333333712e+02
6.920000000000000000e+02
5.840000000000000000e+02
5.840000000000000000e+02
5.640000000000000000e+02
5.640000000000000000e+02
5.680000000000000000e+02
5.640000000000000000e+02
5.600000000000000000e+02
5.600000000000000000e+02
6.600000000000000000e+02
6.520000000000000000e+02
6.480000000000000000e+02
6.280000000000000000e+02
6.200000000000000000e+02
6.280000000000000000e+02
5.880000000000000000e+02
6.613333333333333712e+02
6.600000000000000000e+02
6.000000000000000000e+02
6.013333333333333712e+02
6.210000000000000000e+02
6.493333333333333712e+02
6.520000000000000000e+02
6.520000000000000000e+02
6.810000000000000000e+02
6.700000000000000000e+02
5.640000000000000000e+02
6.613333333333333712e+02
7.000000000000000000e+02
5.460000000000000000e+02
5.400000000000000000e+02
6.690000000000000000e+02
7.080000000000000000e+02
7.800000000000000000e+02
7.800000000000000000e+02
7.630000000000000000e+02
6.800000000000000000e+02
6.720000000000000000e+02
7.120000000000000000e+02
7.120000000000000000e+02
7.120000000000000000e+02
7.760000000000000000e+02
7.800000000000000000e+02
6.986666666666666288e+02
5.746666666666666288e+02
6.880000000000000000e+02
6.960000000000000000e+02
5.600000000000000000e+02
6.893333333333333712e+02
6.960000000000000000e+02
6.920000000000000000e+02
7.000000000000000000e+02
6.620000000000000000e+02
6.600000000000000000e+02
6.573333333333333712e+02
6.200000000000000000e+02
6.266666666666666288e+02
6.293333333333333712e+02
6.666666666666666288e+02
6.260000000000000000e+02
5.706666666666666288e+02
6.573333333333333712e+02
6.500000000000000000e+02
6.560000000000000000e+02
6.520000000000000000e+02
5.760000000000000000e+02
6.960000000000000000e+02
6.960000000000000000e+02
6.930000000000000000e+02
5.706666666666666288e+02
5.720000000000000000e+02
6.906666666666666288e+02
7.640000000000000000e+02
6.670000000000000000e+02
6.750000000000000000e+02
7.840000000000000000e+02
7.350000000000000000e+02
7.213333333333333712e+02
7.160000000000000000e+02
7.160000000000000000e+02
7.173333333333333712e+02
7.120000000000000000e+02
7.040000000000000000e+02
6.960000000000000000e+02
6.586666666666666288e+02
6.520000000000000000e+02
6.680000000000000000e+02
6.600000000000000000e+02
6.860000000000000000e+02
6.670000000000000000e+02
6.493333333333333712e+02
6.760000000000000000e+02
5.746666666666666288e+02
5.720000000000000000e+02
6.400000000000000000e+02
6.573333333333333712e+02
5.880000000000000000e+02
6.106666666666666288e+02
6.540000000000000000e+02
5.960000000000000000e+02
6.440000000000000000e+02
5.690000000000000000e+02
6.546666666666666288e+02
6.400000000000000000e+02
6.400000000000000000e+02
6.186666666666666288e+02
6.386666666666666288e+02
7.426666666666666288e+02
6.760000000000000000e+02
6.790000000000000000e+02
6.880000000000000000e+02
7.050000000000000000e+02
7.020000000000000000e+02
6.653333333333333712e+02
6.840000000000000000e+02
7.480000000000000000e+02
6.630000000000000000e+02
7.960000000000000000e+02
6.920000000000000000e+02
6.570000000000000000e+02
7.080000000000000000e+02
6.920000000000000000e+02
6.840000000000000000e+02
6.933333333333333712e+02
7.093333333333333712e+02
6.580000000000000000e+02
7.930000000000000000e+02
5.720000000000000000e+02
6.960000000000000000e+02
6.280000000000000000e+02
7.480000000000000000e+02
6.800000000000000000e+02
6.840000000000000000e+02
6.760000000000000000e+02
6.786666666666666288e+02
6.880000000000000000e+02
6.620000000000000000e+02
5.586666666666666288e+02
7.530000000000000000e+02
6.680000000000000000e+02
7.506666666666666288e+02
5.690000000000000000e+02
5.760000000000000000e+02
