5.000000000000000000e+02
5.180000000000000000e+02
5.260000000000000000e+02
5.210000000000000000e+02
5.100000000000000000e+02
5.210000000000000000e+02
5.160000000000000000e+02
7.380000000000000000e+02
3.730000000000000000e+02
7.260000000000000000e+02
3.450000000000000000e+02
3.440000000000000000e+02
3.370000000000000000e+02
4.420000000000000000e+02
4.410000000000000000e+02
4.530000000000000000e+02
3.620000000000000000e+02
4.440000000000000000e+02
4.373333333333333144e+02
4.360000000000000000e+02
3.533333333333333144e+02
3.560000000000000000e+02
3.430000000000000000e+02
3.510000000000000000e+02
3.693333333333333144e+02
5.370000000000000000e+02
6.160000000000000000e+02
4.080000000000000000e+02
5.160000000000000000e+02
5.310000000000000000e+02
4.640000000000000000e+02
5.370000000000000000e+02
5.200000000000000000e+02
5.460000000000000000e+02
4.840000000000000000e+02
5.330000000000000000e+02
5.540000000000000000e+02
3.960000000000000000e+02
3.920000000000000000e+02
3.693333333333333144e+02
2.720000000000000000e+02
3.400000000000000000e+02
3.470000000000000000e+02
3.440000000000000000e+02
4.493333333333333144e+02
4.150000000000000000e+02
3.810000000000000000e+02
3.740000000000000000e+02
3.660000000000000000e+02
3.760000000000000000e+02
3.820000000000000000e+02
3.510000000000000000e+02
3.480000000000000000e+02
3.580000000000000000e+02
3.550000000000000000e+02
3.493333333333333144e+02
6.500000000000000000e+02
4.560000000000000000e+02
3.986666666666666856e+02
4.013333333333333144e+02
5.050000000000000000e+02
5.090000000000000000e+02
5.460000000000000000e+02
5.350000000000000000e+02
4.980000000000000000e+02
5.533333333333333712e+02
5.470000000000000000e+02
4.820000000000000000e+02
4.733333333333333144e+02
3.973333333333333144e+02
3.586666666666666856e+02
3.500000000000000000e+02
3.640000000000000000e+02
3.640000000000000000e+02
3.560000000000000000e+02
3.470000000000000000e+02
3.340000000000000000e+02
3.480000000000000000e+02
3.880000000000000000e+02
3.880000000000000000e+02
3.893333333333333144e+02
3.680000000000000000e+02
3.550000000000000000e+02
3.506666666666666856e+02
3.530000000000000000e+02
3.520000000000000000e+02
3.520000000000000000e+02
3.390000000000000000e+02
3.440000000000000000e+02
3.460000000000000000e+02
3.540000000000000000e+02
3.680000000000000000e+02
3.780000000000000000e+02
3.800000000000000000e+02
4.040000000000000000e+02
4.800000000000000000e+02
5.130000000000000000e+02
5.000000000000000000e+02
5.180000000000000000e+02
3.706666666666666856e+02
3.680000000000000000e+02
3.650000000000000000e+02
3.600000000000000000e+02
3.480000000000000000e+02
3.920000000000000000e+02
3.840000000000000000e+02
4.020000000000000000e+02
3.640000000000000000e+02
3.640000000000000000e+02
3.540000000000000000e+02
3.640000000000000000e+02
3.666666666666666856e+02
3.660000000000000000e+02
3.610000000000000000e+02
3.390000000000000000e+02
3.510000000000000000e+02
3.540000000000000000e+02
3.866666666666666856e+02
3.830000000000000000e+02
3.840000000000000000e+02
3.610000000000000000e+02
3.520000000000000000e+02
3.650000000000000000e+02
3.680000000000000000e+02
3.800000000000000000e+02
3.820000000000000000e+02
5.093333333333333144e+02
4.700000000000000000e+02
5.070000000000000000e+02
5.220000000000000000e+02
3.820000000000000000e+02
3.813333333333333144e+02
3.400000000000000000e+02
3.640000000000000000e+02
3.840000000000000000e+02
3.790000000000000000e+02
3.826666666666666856e+02
3.880000000000000000e+02
3.640000000000000000e+02
3.653333333333333144e+02
3.640000000000000000e+02
3.530000000000000000e+02
3.653333333333333144e+02
4.706666666666666856e+02
4.400000000000000000e+02
4.626666666666666856e+02
3.860000000000000000e+02
3.650000000000000000e+02
3.760000000000000000e+02
4.000000000000000000e+02
3.960000000000000000e+02
3.880000000000000000e+02
3.870000000000000000e+02
3.870000000000000000e+02
3.860000000000000000e+02
3.880000000000000000e+02
5.600000000000000000e+02
4.000000000000000000e+02
4.800000000000000000e+02
5.010000000000000000e+02
5.200000000000000000e+02
5.130000000000000000e+02
5.940000000000000000e+02
6.040000000000000000e+02
3.780000000000000000e+02
3.880000000000000000e+02
4.150000000000000000e+02
3.880000000000000000e+02
4.070000000000000000e+02
3.960000000000000000e+02
4.000000000000000000e+02
3.880000000000000000e+02
3.770000000000000000e+02
4.040000000000000000e+02
4.120000000000000000e+02
4.620000000000000000e+02
4.546666666666666856e+02
4.530000000000000000e+02
4.590000000000000000e+02
4.050000000000000000e+02
3.880000000000000000e+02
3.880000000000000000e+02
4.980000000000000000e+02
5.100000000000000000e+02
4.700000000000000000e+02
5.053333333333333144e+02
4.586666666666666856e+02
4.720000000000000000e+02
4.740000000000000000e+02
5.920000000000000000e+02
5.413333333333333712e+02
5.790000000000000000e+02
5.853333333333333712e+02
5.426666666666666288e+02
5.860000000000000000e+02
6.080000000000000000e+02
6.140000000000000000e+02
7.310000000000000000e+02
7.950000000000000000e+02
4.800000000000000000e+02
4.973333333333333144e+02
5.186666666666666288e+02
5.080000000000000000e+02
4.740000000000000000e+02
4.810000000000000000e+02
4.420000000000000000e+02
4.586666666666666856e+02
4.570000000000000000e+02
4.560000000000000000e+02
5.320000000000000000e+02
4.270000000000000000e+02
6.570000000000000000e+02
4.820000000000000000e+02
5.120000000000000000e+02
5.170000000000000000e+02
5.090000000000000000e+02
5.030000000000000000e+02
5.560000000000000000e+02
7.830000000000000000e+02
5.320000000000000000e+02
5.190000000000000000e+02
5.973333333333333712e+02
6.080000000000000000e+02
4.880000000000000000e+02
5.580000000000000000e+02
4.893333333333333144e+02
6.000000000000000000e+02
4.820000000000000000e+02
5.280000000000000000e+02
7.480000000000000000e+02
5.480000000000000000e+02
5.360000000000000000e+02
4.946666666666666856e+02
5.400000000000000000e+02
5.080000000000000000e+02
5.920000000000000000e+02
7.150000000000000000e+02
7.290000000000000000e+02
6.160000000000000000e+02
6.293333333333333712e+02
4.160000000000000000e+02
7.530000000000000000e+02
7.270000000000000000e+02
5.960000000000000000e+02
7.706666666666666288e+02
6.880000000000000000e+02
6.880000000000000000e+02
7.560000000000000000e+02
7.140000000000000000e+02
5.620000000000000000e+02
6.146666666666666288e+02
5.950000000000000000e+02
5.333333333333333712e+02
6.130000000000000000e+02
6.200000000000000000e+02
6.060000000000000000e+02
