5.370000000000000000e+02
4.720000000000000000e+02
5.140000000000000000e+02
4.870000000000000000e+02
4.573333333333333144e+02
4.653333333333333144e+02
3.670000000000000000e+02
5.320000000000000000e+02
3.306666666666666856e+02
7.260000000000000000e+02
3.410000000000000000e+02
3.440000000000000000e+02
3.440000000000000000e+02
4.420000000000000000e+02
4.410000000000000000e+02
4.520000000000000000e+02
4.640000000000000000e+02
4.400000000000000000e+02
4.360000000000000000e+02
4.360000000000000000e+02
3.533333333333333144e+02
3.400000000000000000e+02
3.470000000000000000e+02
3.750000000000000000e+02
3.760000000000000000e+02
5.470000000000000000e+02
3.826666666666666856e+02
4.580000000000000000e+02
5.160000000000000000e+02
5.453333333333333712e+02
4.640000000000000000e+02
5.440000000000000000e+02
5.200000000000000000e+02
4.960000000000000000e+02
4.840000000000000000e+02
5.520000000000000000e+02
5.480000000000000000e+02
4.213333333333333144e+02
3.613333333333333144e+02
5.453333333333333712e+02
5.040000000000000000e+02
3.440000000000000000e+02
3.470000000000000000e+02
3.790000000000000000e+02
4.520000000000000000e+02
4.150000000000000000e+02
4.180000000000000000e+02
3.720000000000000000e+02
3.680000000000000000e+02
3.680000000000000000e+02
3.820000000000000000e+02
3.500000000000000000e+02
3.480000000000000000e+02
3.600000000000000000e+02
3.693333333333333144e+02
3.740000000000000000e+02
6.320000000000000000e+02
5.500000000000000000e+02
3.800000000000000000e+02
4.586666666666666856e+02
5.050000000000000000e+02
5.386666666666666288e+02
5.460000000000000000e+02
5.320000000000000000e+02
4.980000000000000000e+02
5.610000000000000000e+02
3.826666666666666856e+02
5.600000000000000000e+02
3.840000000000000000e+02
4.140000000000000000e+02
3.586666666666666856e+02
3.490000000000000000e+02
3.626666666666666856e+02
3.640000000000000000e+02
3.560000000000000000e+02
3.530000000000000000e+02
3.480000000000000000e+02
3.573333333333333144e+02
3.380000000000000000e+02
4.200000000000000000e+02
3.733333333333333144e+02
3.640000000000000000e+02
4.200000000000000000e+02
3.506666666666666856e+02
3.550000000000000000e+02
3.520000000000000000e+02
3.530000000000000000e+02
3.520000000000000000e+02
3.460000000000000000e+02
3.440000000000000000e+02
3.670000000000000000e+02
3.640000000000000000e+02
3.613333333333333144e+02
3.800000000000000000e+02
4.030000000000000000e+02
5.106666666666666856e+02
5.050000000000000000e+02
5.000000000000000000e+02
5.180000000000000000e+02
3.680000000000000000e+02
3.680000000000000000e+02
3.640000000000000000e+02
3.600000000000000000e+02
3.480000000000000000e+02
3.910000000000000000e+02
3.840000000000000000e+02
3.950000000000000000e+02
3.640000000000000000e+02
3.550000000000000000e+02
3.640000000000000000e+02
3.610000000000000000e+02
3.970000000000000000e+02
3.580000000000000000e+02
3.626666666666666856e+02
3.493333333333333144e+02
3.520000000000000000e+02
3.540000000000000000e+02
3.500000000000000000e+02
3.840000000000000000e+02
3.840000000000000000e+02
4.093333333333333144e+02
3.360000000000000000e+02
3.650000000000000000e+02
3.680000000000000000e+02
3.746666666666666856e+02
3.820000000000000000e+02
5.050000000000000000e+02
4.770000000000000000e+02
4.330000000000000000e+02
5.150000000000000000e+02
3.820000000000000000e+02
4.253333333333333144e+02
3.400000000000000000e+02
3.640000000000000000e+02
3.870000000000000000e+02
3.440000000000000000e+02
3.826666666666666856e+02
3.880000000000000000e+02
3.760000000000000000e+02
3.653333333333333144e+02
3.640000000000000000e+02
3.640000000000000000e+02
3.720000000000000000e+02
4.706666666666666856e+02
4.386666666666666856e+02
4.700000000000000000e+02
3.860000000000000000e+02
3.706666666666666856e+02
3.760000000000000000e+02
4.000000000000000000e+02
3.970000000000000000e+02
3.880000000000000000e+02
3.880000000000000000e+02
3.746666666666666856e+02
3.840000000000000000e+02
3.900000000000000000e+02
4.293333333333333144e+02
3.960000000000000000e+02
5.180000000000000000e+02
5.180000000000000000e+02
5.120000000000000000e+02
5.066666666666666856e+02
5.850000000000000000e+02
4.060000000000000000e+02
4.020000000000000000e+02
4.040000000000000000e+02
3.800000000000000000e+02
3.893333333333333144e+02
4.070000000000000000e+02
4.026666666666666856e+02
4.000000000000000000e+02
3.880000000000000000e+02
3.770000000000000000e+02
3.950000000000000000e+02
3.910000000000000000e+02
4.610000000000000000e+02
4.280000000000000000e+02
4.530000000000000000e+02
4.700000000000000000e+02
3.880000000000000000e+02
4.120000000000000000e+02
3.893333333333333144e+02
5.040000000000000000e+02
4.240000000000000000e+02
4.700000000000000000e+02
5.180000000000000000e+02
5.093333333333333144e+02
5.700000000000000000e+02
4.740000000000000000e+02
6.100000000000000000e+02
5.760000000000000000e+02
5.000000000000000000e+02
5.853333333333333712e+02
5.826666666666666288e+02
5.813333333333333712e+02
6.100000000000000000e+02
6.040000000000000000e+02
6.653333333333333712e+02
7.950000000000000000e+02
7.780000000000000000e+02
5.253333333333333712e+02
5.186666666666666288e+02
5.573333333333333712e+02
4.740000000000000000e+02
4.810000000000000000e+02
4.720000000000000000e+02
4.590000000000000000e+02
4.590000000000000000e+02
5.706666666666666288e+02
5.320000000000000000e+02
7.560000000000000000e+02
6.570000000000000000e+02
4.820000000000000000e+02
4.906666666666666856e+02
5.120000000000000000e+02
5.090000000000000000e+02
5.293333333333333712e+02
7.690000000000000000e+02
6.093333333333333712e+02
6.133333333333333712e+02
5.190000000000000000e+02
5.800000000000000000e+02
5.970000000000000000e+02
4.880000000000000000e+02
5.580000000000000000e+02
6.000000000000000000e+02
6.000000000000000000e+02
5.830000000000000000e+02
5.280000000000000000e+02
5.440000000000000000e+02
5.480000000000000000e+02
5.333333333333333712e+02
5.213333333333333712e+02
7.670000000000000000e+02
5.000000000000000000e+02
5.920000000000000000e+02
7.730000000000000000e+02
7.290000000000000000e+02
6.160000000000000000e+02
5.610000000000000000e+02
7.310000000000000000e+02
7.000000000000000000e+02
5.960000000000000000e+02
5.960000000000000000e+02
6.880000000000000000e+02
5.530000000000000000e+02
6.880000000000000000e+02
7.560000000000000000e+02
7.786666666666666288e+02
5.370000000000000000e+02
5.600000000000000000e+02
5.080000000000000000e+02
5.706666666666666288e+02
6.270000000000000000e+02
6.260000000000000000e+02
6.040000000000000000e+02
