5.000000000000000000e+02
4.720000000000000000e+02
5.130000000000000000e+02
5.170000000000000000e+02
5.270000000000000000e+02
4.510000000000000000e+02
3.880000000000000000e+02
5.300000000000000000e+02
3.426666666666666856e+02
3.410000000000000000e+02
3.450000000000000000e+02
3.450000000000000000e+02
3.400000000000000000e+02
4.380000000000000000e+02
4.410000000000000000e+02
4.360000000000000000e+02
3.580000000000000000e+02
4.440000000000000000e+02
4.440000000000000000e+02
4.380000000000000000e+02
3.533333333333333144e+02
3.750000000000000000e+02
3.380000000000000000e+02
3.510000000000000000e+02
4.010000000000000000e+02
5.306666666666666288e+02
3.826666666666666856e+02
4.580000000000000000e+02
4.680000000000000000e+02
5.310000000000000000e+02
5.333333333333333712e+02
5.370000000000000000e+02
5.346666666666666288e+02
4.960000000000000000e+02
4.840000000000000000e+02
5.330000000000000000e+02
5.540000000000000000e+02
4.450000000000000000e+02
6.620000000000000000e+02
3.330000000000000000e+02
5.173333333333333712e+02
3.400000000000000000e+02
3.740000000000000000e+02
3.460000000000000000e+02
3.626666666666666856e+02
4.100000000000000000e+02
3.810000000000000000e+02
3.740000000000000000e+02
3.680000000000000000e+02
3.710000000000000000e+02
3.573333333333333144e+02
3.510000000000000000e+02
3.480000000000000000e+02
3.520000000000000000e+02
3.693333333333333144e+02
3.740000000000000000e+02
6.500000000000000000e+02
5.520000000000000000e+02
3.800000000000000000e+02
3.990000000000000000e+02
5.050000000000000000e+02
5.600000000000000000e+02
5.300000000000000000e+02
5.350000000000000000e+02
5.120000000000000000e+02
5.600000000000000000e+02
5.420000000000000000e+02
5.380000000000000000e+02
3.906666666666666856e+02
3.973333333333333144e+02
3.920000000000000000e+02
3.500000000000000000e+02
3.693333333333333144e+02
3.640000000000000000e+02
3.510000000000000000e+02
3.480000000000000000e+02
3.340000000000000000e+02
3.480000000000000000e+02
3.880000000000000000e+02
3.890000000000000000e+02
3.800000000000000000e+02
3.640000000000000000e+02
3.550000000000000000e+02
3.493333333333333144e+02
3.280000000000000000e+02
3.520000000000000000e+02
3.530000000000000000e+02
3.493333333333333144e+02
3.440000000000000000e+02
3.470000000000000000e+02
3.650000000000000000e+02
3.640000000000000000e+02
3.613333333333333144e+02
3.980000000000000000e+02
4.000000000000000000e+02
5.120000000000000000e+02
5.026666666666666856e+02
4.293333333333333144e+02
5.180000000000000000e+02
3.700000000000000000e+02
3.680000000000000000e+02
3.650000000000000000e+02
3.520000000000000000e+02
3.480000000000000000e+02
3.910000000000000000e+02
3.800000000000000000e+02
3.620000000000000000e+02
3.620000000000000000e+02
3.620000000000000000e+02
3.550000000000000000e+02
3.680000000000000000e+02
3.640000000000000000e+02
3.626666666666666856e+02
3.626666666666666856e+02
3.520000000000000000e+02
3.540000000000000000e+02
3.540000000000000000e+02
3.870000000000000000e+02
3.830000000000000000e+02
3.853333333333333144e+02
3.920000000000000000e+02
3.520000000000000000e+02
3.680000000000000000e+02
3.680000000000000000e+02
3.800000000000000000e+02
3.826666666666666856e+02
5.050000000000000000e+02
4.700000000000000000e+02
5.120000000000000000e+02
5.050000000000000000e+02
3.820000000000000000e+02
4.253333333333333144e+02
3.600000000000000000e+02
3.746666666666666856e+02
3.960000000000000000e+02
3.810000000000000000e+02
3.840000000000000000e+02
3.880000000000000000e+02
3.790000000000000000e+02
3.653333333333333144e+02
3.626666666666666856e+02
3.620000000000000000e+02
3.653333333333333144e+02
4.220000000000000000e+02
4.280000000000000000e+02
4.410000000000000000e+02
4.020000000000000000e+02
3.706666666666666856e+02
3.760000000000000000e+02
4.050000000000000000e+02
3.960000000000000000e+02
3.880000000000000000e+02
3.880000000000000000e+02
3.880000000000000000e+02
4.130000000000000000e+02
3.900000000000000000e+02
5.093333333333333144e+02
4.000000000000000000e+02
5.180000000000000000e+02
5.000000000000000000e+02
5.200000000000000000e+02
5.330000000000000000e+02
5.160000000000000000e+02
4.060000000000000000e+02
4.010000000000000000e+02
4.040000000000000000e+02
3.880000000000000000e+02
3.880000000000000000e+02
3.840000000000000000e+02
4.260000000000000000e+02
4.000000000000000000e+02
3.880000000000000000e+02
3.770000000000000000e+02
3.866666666666666856e+02
3.910000000000000000e+02
4.590000000000000000e+02
4.546666666666666856e+02
4.560000000000000000e+02
4.640000000000000000e+02
3.866666666666666856e+02
3.920000000000000000e+02
3.866666666666666856e+02
5.040000000000000000e+02
4.240000000000000000e+02
4.150000000000000000e+02
5.733333333333333712e+02
5.360000000000000000e+02
5.746666666666666288e+02
4.740000000000000000e+02
6.140000000000000000e+02
5.720000000000000000e+02
5.790000000000000000e+02
5.820000000000000000e+02
5.400000000000000000e+02
5.860000000000000000e+02
5.430000000000000000e+02
6.040000000000000000e+02
7.960000000000000000e+02
7.950000000000000000e+02
7.780000000000000000e+02
5.120000000000000000e+02
5.140000000000000000e+02
4.780000000000000000e+02
4.740000000000000000e+02
4.810000000000000000e+02
4.420000000000000000e+02
4.590000000000000000e+02
4.560000000000000000e+02
5.730000000000000000e+02
5.320000000000000000e+02
7.560000000000000000e+02
4.466666666666666856e+02
4.773333333333333144e+02
5.120000000000000000e+02
5.133333333333333712e+02
5.040000000000000000e+02
4.640000000000000000e+02
5.140000000000000000e+02
7.830000000000000000e+02
5.320000000000000000e+02
6.026666666666666288e+02
5.740000000000000000e+02
5.813333333333333712e+02
5.740000000000000000e+02
5.870000000000000000e+02
5.770000000000000000e+02
6.120000000000000000e+02
6.000000000000000000e+02
6.400000000000000000e+02
7.610000000000000000e+02
5.640000000000000000e+02
4.946666666666666856e+02
4.946666666666666856e+02
4.980000000000000000e+02
5.000000000000000000e+02
5.010000000000000000e+02
5.920000000000000000e+02
7.290000000000000000e+02
6.453333333333333712e+02
6.293333333333333712e+02
6.570000000000000000e+02
7.280000000000000000e+02
4.946666666666666856e+02
6.470000000000000000e+02
6.960000000000000000e+02
5.933333333333333712e+02
5.480000000000000000e+02
6.760000000000000000e+02
4.860000000000000000e+02
5.600000000000000000e+02
5.600000000000000000e+02
5.840000000000000000e+02
5.333333333333333712e+02
6.130000000000000000e+02
6.260000000000000000e+02
5.706666666666666288e+02
