5.190000000000000000e+02
5.230000000000000000e+02
5.260000000000000000e+02
5.210000000000000000e+02
5.100000000000000000e+02
4.510000000000000000e+02
3.960000000000000000e+02
6.920000000000000000e+02
3.730000000000000000e+02
6.470000000000000000e+02
3.450000000000000000e+02
3.440000000000000000e+02
3.400000000000000000e+02
4.380000000000000000e+02
4.410000000000000000e+02
4.520000000000000000e+02
4.640000000000000000e+02
4.100000000000000000e+02
4.470000000000000000e+02
4.360000000000000000e+02
3.610000000000000000e+02
3.560000000000000000e+02
3.380000000000000000e+02
3.750000000000000000e+02
3.693333333333333144e+02
3.760000000000000000e+02
3.840000000000000000e+02
5.266666666666666288e+02
5.493333333333333712e+02
5.453333333333333712e+02
5.210000000000000000e+02
5.200000000000000000e+02
5.200000000000000000e+02
5.460000000000000000e+02
5.220000000000000000e+02
5.500000000000000000e+02
5.540000000000000000e+02
4.450000000000000000e+02
3.920000000000000000e+02
3.693333333333333144e+02
5.040000000000000000e+02
3.440000000000000000e+02
3.410000000000000000e+02
3.550000000000000000e+02
4.660000000000000000e+02
4.290000000000000000e+02
3.870000000000000000e+02
3.760000000000000000e+02
3.740000000000000000e+02
3.720000000000000000e+02
3.573333333333333144e+02
3.480000000000000000e+02
3.480000000000000000e+02
3.520000000000000000e+02
3.550000000000000000e+02
3.533333333333333144e+02
5.253333333333333712e+02
3.800000000000000000e+02
3.850000000000000000e+02
4.586666666666666856e+02
5.120000000000000000e+02
5.600000000000000000e+02
5.230000000000000000e+02
5.320000000000000000e+02
5.590000000000000000e+02
5.400000000000000000e+02
5.060000000000000000e+02
5.380000000000000000e+02
3.730000000000000000e+02
3.970000000000000000e+02
3.850000000000000000e+02
3.510000000000000000e+02
3.693333333333333144e+02
3.590000000000000000e+02
3.560000000000000000e+02
3.470000000000000000e+02
3.470000000000000000e+02
3.490000000000000000e+02
3.880000000000000000e+02
3.866666666666666856e+02
3.800000000000000000e+02
3.640000000000000000e+02
3.520000000000000000e+02
3.520000000000000000e+02
3.530000000000000000e+02
3.520000000000000000e+02
3.530000000000000000e+02
3.390000000000000000e+02
3.440000000000000000e+02
3.480000000000000000e+02
3.540000000000000000e+02
3.640000000000000000e+02
3.613333333333333144e+02
5.790000000000000000e+02
4.013333333333333144e+02
5.000000000000000000e+02
5.130000000000000000e+02
4.893333333333333144e+02
3.866666666666666856e+02
3.700000000000000000e+02
3.680000000000000000e+02
3.640000000000000000e+02
3.600000000000000000e+02
3.450000000000000000e+02
3.910000000000000000e+02
3.800000000000000000e+02
3.950000000000000000e+02
3.640000000000000000e+02
3.620000000000000000e+02
4.180000000000000000e+02
3.680000000000000000e+02
3.970000000000000000e+02
3.613333333333333144e+02
3.626666666666666856e+02
3.586666666666666856e+02
3.540000000000000000e+02
3.520000000000000000e+02
3.746666666666666856e+02
3.800000000000000000e+02
3.866666666666666856e+02
3.930000000000000000e+02
3.920000000000000000e+02
3.650000000000000000e+02
3.380000000000000000e+02
3.746666666666666856e+02
3.820000000000000000e+02
5.170000000000000000e+02
4.770000000000000000e+02
5.120000000000000000e+02
5.070000000000000000e+02
3.860000000000000000e+02
4.253333333333333144e+02
3.600000000000000000e+02
3.720000000000000000e+02
3.960000000000000000e+02
3.790000000000000000e+02
3.826666666666666856e+02
3.860000000000000000e+02
3.800000000000000000e+02
3.680000000000000000e+02
3.640000000000000000e+02
4.920000000000000000e+02
3.640000000000000000e+02
3.720000000000000000e+02
4.400000000000000000e+02
4.700000000000000000e+02
4.020000000000000000e+02
3.680000000000000000e+02
3.730000000000000000e+02
3.790000000000000000e+02
3.980000000000000000e+02
3.880000000000000000e+02
3.870000000000000000e+02
3.880000000000000000e+02
4.130000000000000000e+02
3.910000000000000000e+02
4.293333333333333144e+02
4.280000000000000000e+02
5.180000000000000000e+02
5.010000000000000000e+02
5.620000000000000000e+02
5.330000000000000000e+02
5.940000000000000000e+02
4.000000000000000000e+02
4.020000000000000000e+02
3.920000000000000000e+02
4.150000000000000000e+02
3.880000000000000000e+02
4.070000000000000000e+02
3.970000000000000000e+02
4.000000000000000000e+02
3.880000000000000000e+02
3.760000000000000000e+02
3.866666666666666856e+02
4.120000000000000000e+02
4.590000000000000000e+02
4.440000000000000000e+02
4.510000000000000000e+02
4.760000000000000000e+02
4.050000000000000000e+02
4.120000000000000000e+02
3.893333333333333144e+02
5.080000000000000000e+02
5.100000000000000000e+02
4.150000000000000000e+02
5.180000000000000000e+02
5.093333333333333144e+02
5.700000000000000000e+02
4.180000000000000000e+02
6.053333333333333712e+02
5.760000000000000000e+02
5.000000000000000000e+02
5.813333333333333712e+02
5.426666666666666288e+02
5.920000000000000000e+02
5.430000000000000000e+02
4.910000000000000000e+02
7.960000000000000000e+02
7.950000000000000000e+02
7.780000000000000000e+02
4.973333333333333144e+02
4.790000000000000000e+02
5.093333333333333144e+02
4.970000000000000000e+02
4.670000000000000000e+02
4.400000000000000000e+02
4.560000000000000000e+02
4.640000000000000000e+02
4.560000000000000000e+02
7.640000000000000000e+02
6.890000000000000000e+02
5.360000000000000000e+02
4.430000000000000000e+02
5.110000000000000000e+02
5.133333333333333712e+02
5.020000000000000000e+02
5.030000000000000000e+02
7.690000000000000000e+02
7.830000000000000000e+02
5.320000000000000000e+02
6.120000000000000000e+02
5.620000000000000000e+02
5.970000000000000000e+02
5.920000000000000000e+02
5.870000000000000000e+02
5.600000000000000000e+02
5.720000000000000000e+02
6.000000000000000000e+02
5.280000000000000000e+02
7.480000000000000000e+02
5.640000000000000000e+02
5.360000000000000000e+02
5.213333333333333712e+02
7.670000000000000000e+02
5.106666666666666856e+02
5.010000000000000000e+02
7.150000000000000000e+02
4.460000000000000000e+02
7.666666666666666288e+02
7.140000000000000000e+02
7.613333333333333712e+02
6.790000000000000000e+02
7.280000000000000000e+02
6.830000000000000000e+02
6.880000000000000000e+02
6.880000000000000000e+02
6.880000000000000000e+02
4.880000000000000000e+02
7.140000000000000000e+02
7.200000000000000000e+02
5.600000000000000000e+02
5.840000000000000000e+02
6.000000000000000000e+02
6.230000000000000000e+02
5.910000000000000000e+02
5.350000000000000000e+02
