3.280000000000000000e+02
5.280000000000000000e+02
5.260000000000000000e+02
5.210000000000000000e+02
5.170000000000000000e+02
4.653333333333333144e+02
4.333333333333333144e+02
5.320000000000000000e+02
3.730000000000000000e+02
6.470000000000000000e+02
3.440000000000000000e+02
3.450000000000000000e+02
3.546666666666666856e+02
3.746666666666666856e+02
4.410000000000000000e+02
4.530000000000000000e+02
4.190000000000000000e+02
4.100000000000000000e+02
4.360000000000000000e+02
4.380000000000000000e+02
3.533333333333333144e+02
3.400000000000000000e+02
3.380000000000000000e+02
3.720000000000000000e+02
4.010000000000000000e+02
5.370000000000000000e+02
5.360000000000000000e+02
4.580000000000000000e+02
4.400000000000000000e+02
5.310000000000000000e+02
5.333333333333333712e+02
5.370000000000000000e+02
5.200000000000000000e+02
5.460000000000000000e+02
4.840000000000000000e+02
5.330000000000000000e+02
5.453333333333333712e+02
4.213333333333333144e+02
3.586666666666666856e+02
3.330000000000000000e+02
5.040000000000000000e+02
6.760000000000000000e+02
3.440000000000000000e+02
3.440000000000000000e+02
3.626666666666666856e+02
4.120000000000000000e+02
4.180000000000000000e+02
3.760000000000000000e+02
3.740000000000000000e+02
3.710000000000000000e+02
3.453333333333333144e+02
3.986666666666666856e+02
3.480000000000000000e+02
3.590000000000000000e+02
3.666666666666666856e+02
3.533333333333333144e+02
6.500000000000000000e+02
3.800000000000000000e+02
3.850000000000000000e+02
4.040000000000000000e+02
5.050000000000000000e+02
5.090000000000000000e+02
5.460000000000000000e+02
5.350000000000000000e+02
4.980000000000000000e+02
5.533333333333333712e+02
5.600000000000000000e+02
5.600000000000000000e+02
3.730000000000000000e+02
3.920000000000000000e+02
3.670000000000000000e+02
3.510000000000000000e+02
3.626666666666666856e+02
3.510000000000000000e+02
3.590000000000000000e+02
3.470000000000000000e+02
3.340000000000000000e+02
3.480000000000000000e+02
3.880000000000000000e+02
4.200000000000000000e+02
3.733333333333333144e+02
3.640000000000000000e+02
3.520000000000000000e+02
3.480000000000000000e+02
3.530000000000000000e+02
3.546666666666666856e+02
3.520000000000000000e+02
3.520000000000000000e+02
3.400000000000000000e+02
3.440000000000000000e+02
3.670000000000000000e+02
3.640000000000000000e+02
3.613333333333333144e+02
3.980000000000000000e+02
4.030000000000000000e+02
5.000000000000000000e+02
5.020000000000000000e+02
4.893333333333333144e+02
5.180000000000000000e+02
3.700000000000000000e+02
3.680000000000000000e+02
3.650000000000000000e+02
3.520000000000000000e+02
3.480000000000000000e+02
3.426666666666666856e+02
3.840000000000000000e+02
3.950000000000000000e+02
3.620000000000000000e+02
3.620000000000000000e+02
3.540000000000000000e+02
3.680000000000000000e+02
3.720000000000000000e+02
3.613333333333333144e+02
3.640000000000000000e+02
3.506666666666666856e+02
3.560000000000000000e+02
3.560000000000000000e+02
3.746666666666666856e+02
3.840000000000000000e+02
3.853333333333333144e+02
3.880000000000000000e+02
3.920000000000000000e+02
3.780000000000000000e+02
3.650000000000000000e+02
3.746666666666666856e+02
2.930000000000000000e+02
5.170000000000000000e+02
4.700000000000000000e+02
4.330000000000000000e+02
5.070000000000000000e+02
3.820000000000000000e+02
3.853333333333333144e+02
3.400000000000000000e+02
3.746666666666666856e+02
3.820000000000000000e+02
3.790000000000000000e+02
3.840000000000000000e+02
3.880000000000000000e+02
3.790000000000000000e+02
3.653333333333333144e+02
3.630000000000000000e+02
4.920000000000000000e+02
3.740000000000000000e+02
4.706666666666666856e+02
4.280000000000000000e+02
4.626666666666666856e+02
3.690000000000000000e+02
3.680000000000000000e+02
3.773333333333333144e+02
3.790000000000000000e+02
3.970000000000000000e+02
3.920000000000000000e+02
3.900000000000000000e+02
3.870000000000000000e+02
4.130000000000000000e+02
3.880000000000000000e+02
5.093333333333333144e+02
3.990000000000000000e+02
4.800000000000000000e+02
5.180000000000000000e+02
5.620000000000000000e+02
5.066666666666666856e+02
5.160000000000000000e+02
4.013333333333333144e+02
4.000000000000000000e+02
3.890000000000000000e+02
3.900000000000000000e+02
3.893333333333333144e+02
3.800000000000000000e+02
3.960000000000000000e+02
4.000000000000000000e+02
3.880000000000000000e+02
3.770000000000000000e+02
3.866666666666666856e+02
4.680000000000000000e+02
4.610000000000000000e+02
4.440000000000000000e+02
4.560000000000000000e+02
3.600000000000000000e+02
3.880000000000000000e+02
4.120000000000000000e+02
5.053333333333333144e+02
5.050000000000000000e+02
4.040000000000000000e+02
4.866666666666666856e+02
5.733333333333333712e+02
5.093333333333333144e+02
5.746666666666666288e+02
4.853333333333333144e+02
6.250000000000000000e+02
5.720000000000000000e+02
5.000000000000000000e+02
5.813333333333333712e+02
5.400000000000000000e+02
5.860000000000000000e+02
6.100000000000000000e+02
6.080000000000000000e+02
6.346666666666666288e+02
7.190000000000000000e+02
7.780000000000000000e+02
5.120000000000000000e+02
5.140000000000000000e+02
5.080000000000000000e+02
4.760000000000000000e+02
4.880000000000000000e+02
4.450000000000000000e+02
4.540000000000000000e+02
4.590000000000000000e+02
5.390000000000000000e+02
4.480000000000000000e+02
6.890000000000000000e+02
5.360000000000000000e+02
4.430000000000000000e+02
4.933333333333333144e+02
5.133333333333333712e+02
5.040000000000000000e+02
5.293333333333333712e+02
5.460000000000000000e+02
7.830000000000000000e+02
5.520000000000000000e+02
4.460000000000000000e+02
5.740000000000000000e+02
6.080000000000000000e+02
5.740000000000000000e+02
5.980000000000000000e+02
4.893333333333333144e+02
6.000000000000000000e+02
5.830000000000000000e+02
7.640000000000000000e+02
5.453333333333333712e+02
5.480000000000000000e+02
5.173333333333333712e+02
5.280000000000000000e+02
7.670000000000000000e+02
5.000000000000000000e+02
4.986666666666666856e+02
5.920000000000000000e+02
7.820000000000000000e+02
6.453333333333333712e+02
6.293333333333333712e+02
4.160000000000000000e+02
7.530000000000000000e+02
5.190000000000000000e+02
6.830000000000000000e+02
6.880000000000000000e+02
5.933333333333333712e+02
6.980000000000000000e+02
7.210000000000000000e+02
7.786666666666666288e+02
5.370000000000000000e+02
7.480000000000000000e+02
5.560000000000000000e+02
5.306666666666666288e+02
6.130000000000000000e+02
5.850000000000000000e+02
5.706666666666666288e+02
