7.240000000000000000e+02
7.410000000000000000e+02
7.480000000000000000e+02
7.493333333333333712e+02
4.830000000000000000e+02
6.900000000000000000e+02
4.880000000000000000e+02
6.950000000000000000e+02
4.960000000000000000e+02
4.880000000000000000e+02
6.860000000000000000e+02
5.293333333333333712e+02
7.520000000000000000e+02
7.386666666666666288e+02
7.690000000000000000e+02
7.470000000000000000e+02
7.626666666666666288e+02
7.590000000000000000e+02
7.590000000000000000e+02
7.640000000000000000e+02
7.640000000000000000e+02
6.920000000000000000e+02
4.980000000000000000e+02
6.840000000000000000e+02
7.440000000000000000e+02
7.440000000000000000e+02
7.440000000000000000e+02
7.400000000000000000e+02
4.760000000000000000e+02
7.533333333333333712e+02
6.826666666666666288e+02
6.420000000000000000e+02
7.440000000000000000e+02
7.440000000000000000e+02
7.590000000000000000e+02
4.710000000000000000e+02
7.180000000000000000e+02
4.820000000000000000e+02
4.720000000000000000e+02
4.800000000000000000e+02
4.760000000000000000e+02
4.860000000000000000e+02
7.380000000000000000e+02
7.520000000000000000e+02
7.520000000000000000e+02
5.240000000000000000e+02
7.600000000000000000e+02
7.640000000000000000e+02
7.560000000000000000e+02
7.560000000000000000e+02
7.600000000000000000e+02
7.546666666666666288e+02
7.560000000000000000e+02
7.490000000000000000e+02
4.800000000000000000e+02
4.800000000000000000e+02
4.670000000000000000e+02
4.706666666666666856e+02
4.613333333333333144e+02
5.030000000000000000e+02
4.760000000000000000e+02
4.760000000000000000e+02
7.580000000000000000e+02
6.970000000000000000e+02
6.933333333333333712e+02
6.973333333333333712e+02
4.720000000000000000e+02
7.100000000000000000e+02
5.146666666666666288e+02
5.440000000000000000e+02
5.340000000000000000e+02
7.546666666666666288e+02
5.520000000000000000e+02
5.333333333333333712e+02
5.626666666666666288e+02
5.780000000000000000e+02
5.680000000000000000e+02
7.560000000000000000e+02
7.560000000000000000e+02
7.560000000000000000e+02
7.520000000000000000e+02
7.520000000000000000e+02
7.520000000000000000e+02
5.680000000000000000e+02
5.720000000000000000e+02
5.600000000000000000e+02
5.440000000000000000e+02
5.480000000000000000e+02
5.400000000000000000e+02
5.310000000000000000e+02
5.080000000000000000e+02
5.200000000000000000e+02
5.200000000000000000e+02
5.540000000000000000e+02
7.466666666666666288e+02
5.170000000000000000e+02
5.333333333333333712e+02
5.380000000000000000e+02
5.090000000000000000e+02
4.960000000000000000e+02
5.000000000000000000e+02
5.000000000000000000e+02
5.060000000000000000e+02
5.160000000000000000e+02
5.600000000000000000e+02
5.520000000000000000e+02
5.560000000000000000e+02
5.640000000000000000e+02
5.640000000000000000e+02
7.520000000000000000e+02
7.560000000000000000e+02
7.840000000000000000e+02
7.660000000000000000e+02
7.600000000000000000e+02
7.480000000000000000e+02
5.680000000000000000e+02
5.640000000000000000e+02
5.670000000000000000e+02
5.600000000000000000e+02
5.560000000000000000e+02
5.586666666666666288e+02
5.000000000000000000e+02
5.100000000000000000e+02
5.120000000000000000e+02
5.040000000000000000e+02
5.706666666666666288e+02
5.290000000000000000e+02
7.140000000000000000e+02
4.830000000000000000e+02
7.506666666666666288e+02
5.600000000000000000e+02
5.040000000000000000e+02
5.040000000000000000e+02
5.280000000000000000e+02
5.200000000000000000e+02
4.440000000000000000e+02
4.400000000000000000e+02
4.410000000000000000e+02
4.440000000000000000e+02
4.400000000000000000e+02
5.570000000000000000e+02
4.466666666666666856e+02
7.640000000000000000e+02
7.400000000000000000e+02
4.320000000000000000e+02
5.653333333333333712e+02
5.213333333333333712e+02
4.560000000000000000e+02
4.400000000000000000e+02
4.480000000000000000e+02
4.560000000000000000e+02
4.400000000000000000e+02
4.440000000000000000e+02
4.410000000000000000e+02
5.110000000000000000e+02
5.120000000000000000e+02
5.666666666666666288e+02
5.550000000000000000e+02
4.600000000000000000e+02
4.660000000000000000e+02
5.173333333333333712e+02
6.860000000000000000e+02
4.760000000000000000e+02
4.800000000000000000e+02
4.440000000000000000e+02
4.680000000000000000e+02
4.400000000000000000e+02
4.360000000000000000e+02
4.320000000000000000e+02
4.213333333333333144e+02
4.440000000000000000e+02
4.480000000000000000e+02
4.360000000000000000e+02
4.240000000000000000e+02
4.400000000000000000e+02
5.426666666666666288e+02
4.120000000000000000e+02
4.200000000000000000e+02
4.200000000000000000e+02
4.200000000000000000e+02
4.160000000000000000e+02
4.440000000000000000e+02
4.240000000000000000e+02
4.280000000000000000e+02
4.320000000000000000e+02
4.360000000000000000e+02
4.480000000000000000e+02
4.680000000000000000e+02
5.240000000000000000e+02
5.253333333333333712e+02
5.180000000000000000e+02
5.690000000000000000e+02
6.780000000000000000e+02
4.880000000000000000e+02
5.280000000000000000e+02
5.280000000000000000e+02
4.720000000000000000e+02
4.680000000000000000e+02
4.360000000000000000e+02
4.320000000000000000e+02
4.320000000000000000e+02
4.240000000000000000e+02
4.440000000000000000e+02
4.120000000000000000e+02
4.120000000000000000e+02
4.120000000000000000e+02
4.120000000000000000e+02
4.160000000000000000e+02
4.200000000000000000e+02
4.200000000000000000e+02
4.160000000000000000e+02
4.200000000000000000e+02
4.360000000000000000e+02
4.440000000000000000e+02
4.360000000000000000e+02
4.360000000000000000e+02
4.360000000000000000e+02
4.280000000000000000e+02
4.386666666666666856e+02
4.720000000000000000e+02
4.760000000000000000e+02
4.960000000000000000e+02
5.080000000000000000e+02
5.050000000000000000e+02
5.306666666666666288e+02
5.040000000000000000e+02
5.000000000000000000e+02
4.520000000000000000e+02
5.013333333333333144e+02
5.000000000000000000e+02
4.400000000000000000e+02
4.466666666666666856e+02
4.440000000000000000e+02
4.440000000000000000e+02
4.440000000000000000e+02
4.400000000000000000e+02
4.386666666666666856e+02
4.013333333333333144e+02
4.213333333333333144e+02
4.160000000000000000e+02
4.250000000000000000e+02
4.360000000000000000e+02
4.240000000000000000e+02
4.440000000000000000e+02
4.440000000000000000e+02
4.400000000000000000e+02
4.440000000000000000e+02
4.400000000000000000e+02
4.480000000000000000e+02
4.950000000000000000e+02
5.040000000000000000e+02
5.280000000000000000e+02
5.330000000000000000e+02
5.266666666666666288e+02
4.800000000000000000e+02
7.520000000000000000e+02
4.760000000000000000e+02
4.880000000000000000e+02
4.830000000000000000e+02
5.133333333333333712e+02
5.320000000000000000e+02
4.746666666666666856e+02
5.120000000000000000e+02
5.160000000000000000e+02
4.400000000000000000e+02
4.453333333333333144e+02
5.693333333333333712e+02
5.720000000000000000e+02
7.490000000000000000e+02
7.390000000000000000e+02
7.400000000000000000e+02
7.520000000000000000e+02
7.480000000000000000e+02
7.470000000000000000e+02
7.360000000000000000e+02
5.640000000000000000e+02
5.680000000000000000e+02
5.760000000000000000e+02
5.160000000000000000e+02
6.600000000000000000e+02
5.210000000000000000e+02
5.160000000000000000e+02
5.120000000000000000e+02
5.140000000000000000e+02
4.960000000000000000e+02
7.560000000000000000e+02
5.050000000000000000e+02
7.490000000000000000e+02
4.866666666666666856e+02
7.450000000000000000e+02
6.830000000000000000e+02
5.220000000000000000e+02
5.000000000000000000e+02
5.253333333333333712e+02
4.786666666666666856e+02
4.960000000000000000e+02
5.240000000000000000e+02
5.460000000000000000e+02
5.586666666666666288e+02
5.706666666666666288e+02
7.450000000000000000e+02
7.240000000000000000e+02
7.360000000000000000e+02
7.440000000000000000e+02
7.440000000000000000e+02
7.840000000000000000e+02
7.546666666666666288e+02
7.480000000000000000e+02
7.410000000000000000e+02
7.610000000000000000e+02
7.200000000000000000e+02
7.480000000000000000e+02
7.460000000000000000e+02
7.140000000000000000e+02
5.000000000000000000e+02
6.853333333333333712e+02
7.520000000000000000e+02
5.500000000000000000e+02
6.986666666666666288e+02
7.440000000000000000e+02
5.360000000000000000e+02
5.200000000000000000e+02
5.360000000000000000e+02
7.386666666666666288e+02
7.480000000000000000e+02
4.960000000000000000e+02
4.750000000000000000e+02
4.680000000000000000e+02
4.466666666666666856e+02
5.470000000000000000e+02
5.350000000000000000e+02
7.586666666666666288e+02
7.520000000000000000e+02
7.560000000000000000e+02
7.600000000000000000e+02
7.520000000000000000e+02
