6.320000000000000000e+02
6.280000000000000000e+02
6.040000000000000000e+02
5.920000000000000000e+02
6.426666666666666288e+02
6.960000000000000000e+02
6.346666666666666288e+02
5.026666666666666856e+02
5.800000000000000000e+02
5.813333333333333712e+02
4.780000000000000000e+02
4.800000000000000000e+02
4.826666666666666856e+02
5.610000000000000000e+02
6.930000000000000000e+02
7.450000000000000000e+02
7.466666666666666288e+02
4.700000000000000000e+02
5.586666666666666288e+02
4.770000000000000000e+02
5.680000000000000000e+02
5.450000000000000000e+02
5.920000000000000000e+02
5.660000000000000000e+02
5.600000000000000000e+02
6.200000000000000000e+02
5.120000000000000000e+02
6.260000000000000000e+02
5.130000000000000000e+02
5.100000000000000000e+02
5.853333333333333712e+02
6.160000000000000000e+02
6.040000000000000000e+02
5.240000000000000000e+02
6.350000000000000000e+02
6.370000000000000000e+02
6.300000000000000000e+02
6.030000000000000000e+02
6.186666666666666288e+02
5.820000000000000000e+02
5.880000000000000000e+02
5.970000000000000000e+02
4.880000000000000000e+02
5.720000000000000000e+02
5.540000000000000000e+02
5.800000000000000000e+02
5.970000000000000000e+02
5.480000000000000000e+02
5.590000000000000000e+02
6.070000000000000000e+02
5.800000000000000000e+02
5.826666666666666288e+02
5.666666666666666288e+02
5.990000000000000000e+02
6.000000000000000000e+02
5.820000000000000000e+02
5.620000000000000000e+02
5.373333333333333712e+02
6.040000000000000000e+02
5.746666666666666288e+02
6.000000000000000000e+02
6.210000000000000000e+02
5.820000000000000000e+02
6.060000000000000000e+02
5.420000000000000000e+02
6.140000000000000000e+02
6.320000000000000000e+02
6.200000000000000000e+02
6.250000000000000000e+02
5.660000000000000000e+02
4.870000000000000000e+02
5.800000000000000000e+02
4.840000000000000000e+02
5.850000000000000000e+02
4.900000000000000000e+02
5.560000000000000000e+02
5.040000000000000000e+02
5.826666666666666288e+02
5.520000000000000000e+02
5.260000000000000000e+02
5.130000000000000000e+02
5.200000000000000000e+02
4.920000000000000000e+02
4.880000000000000000e+02
4.773333333333333144e+02
4.800000000000000000e+02
4.810000000000000000e+02
4.810000000000000000e+02
4.800000000000000000e+02
4.820000000000000000e+02
4.790000000000000000e+02
4.840000000000000000e+02
6.380000000000000000e+02
6.520000000000000000e+02
6.346666666666666288e+02
5.760000000000000000e+02
5.810000000000000000e+02
5.770000000000000000e+02
5.730000000000000000e+02
4.820000000000000000e+02
4.880000000000000000e+02
4.860000000000000000e+02
4.840000000000000000e+02
4.880000000000000000e+02
4.880000000000000000e+02
4.920000000000000000e+02
4.920000000000000000e+02
4.920000000000000000e+02
4.906666666666666856e+02
4.920000000000000000e+02
4.880000000000000000e+02
5.573333333333333712e+02
5.270000000000000000e+02
4.826666666666666856e+02
4.920000000000000000e+02
4.920000000000000000e+02
4.920000000000000000e+02
4.960000000000000000e+02
4.960000000000000000e+02
4.840000000000000000e+02
4.880000000000000000e+02
4.840000000000000000e+02
4.930000000000000000e+02
4.866666666666666856e+02
4.880000000000000000e+02
5.680000000000000000e+02
5.826666666666666288e+02
5.810000000000000000e+02
5.870000000000000000e+02
4.733333333333333144e+02
5.300000000000000000e+02
4.920000000000000000e+02
4.870000000000000000e+02
4.810000000000000000e+02
4.880000000000000000e+02
4.866666666666666856e+02
4.740000000000000000e+02
4.800000000000000000e+02
4.960000000000000000e+02
4.880000000000000000e+02
4.880000000000000000e+02
4.933333333333333144e+02
4.850000000000000000e+02
5.573333333333333712e+02
5.350000000000000000e+02
5.270000000000000000e+02
4.880000000000000000e+02
4.920000000000000000e+02
4.826666666666666856e+02
4.840000000000000000e+02
4.840000000000000000e+02
4.893333333333333144e+02
4.840000000000000000e+02
4.920000000000000000e+02
4.920000000000000000e+02
4.900000000000000000e+02
4.920000000000000000e+02
4.930000000000000000e+02
5.880000000000000000e+02
5.880000000000000000e+02
5.880000000000000000e+02
5.850000000000000000e+02
4.813333333333333144e+02
4.933333333333333144e+02
5.240000000000000000e+02
4.900000000000000000e+02
4.970000000000000000e+02
4.933333333333333144e+02
5.110000000000000000e+02
4.880000000000000000e+02
4.880000000000000000e+02
4.840000000000000000e+02
4.840000000000000000e+02
5.026666666666666856e+02
4.880000000000000000e+02
5.500000000000000000e+02
5.780000000000000000e+02
4.100000000000000000e+02
5.280000000000000000e+02
5.390000000000000000e+02
4.853333333333333144e+02
5.790000000000000000e+02
5.026666666666666856e+02
5.080000000000000000e+02
4.820000000000000000e+02
4.933333333333333144e+02
4.960000000000000000e+02
5.040000000000000000e+02
6.373333333333333712e+02
6.460000000000000000e+02
6.600000000000000000e+02
5.980000000000000000e+02
5.810000000000000000e+02
6.020000000000000000e+02
6.133333333333333712e+02
6.240000000000000000e+02
6.110000000000000000e+02
4.640000000000000000e+02
4.706666666666666856e+02
4.746666666666666856e+02
4.880000000000000000e+02
4.810000000000000000e+02
5.330000000000000000e+02
4.720000000000000000e+02
5.670000000000000000e+02
5.560000000000000000e+02
5.370000000000000000e+02
4.920000000000000000e+02
5.730000000000000000e+02
4.800000000000000000e+02
5.533333333333333712e+02
5.300000000000000000e+02
5.533333333333333712e+02
5.690000000000000000e+02
5.480000000000000000e+02
4.910000000000000000e+02
5.946666666666666288e+02
4.760000000000000000e+02
4.970000000000000000e+02
6.170000000000000000e+02
6.350000000000000000e+02
6.066666666666666288e+02
7.450000000000000000e+02
5.360000000000000000e+02
5.870000000000000000e+02
5.920000000000000000e+02
5.630000000000000000e+02
5.960000000000000000e+02
5.800000000000000000e+02
5.866666666666666288e+02
6.040000000000000000e+02
5.906666666666666288e+02
6.360000000000000000e+02
5.680000000000000000e+02
5.680000000000000000e+02
5.420000000000000000e+02
5.930000000000000000e+02
5.560000000000000000e+02
5.660000000000000000e+02
6.820000000000000000e+02
7.360000000000000000e+02
5.120000000000000000e+02
5.430000000000000000e+02
7.550000000000000000e+02
6.000000000000000000e+02
6.730000000000000000e+02
5.290000000000000000e+02
6.480000000000000000e+02
6.293333333333333712e+02
5.910000000000000000e+02
5.550000000000000000e+02
5.590000000000000000e+02
5.510000000000000000e+02
6.090000000000000000e+02
5.946666666666666288e+02
5.930000000000000000e+02
