6.493333333333333712e+02
6.520000000000000000e+02
6.560000000000000000e+02
6.520000000000000000e+02
6.390000000000000000e+02
6.280000000000000000e+02
6.320000000000000000e+02
6.320000000000000000e+02
7.960000000000000000e+02
5.040000000000000000e+02
6.080000000000000000e+02
5.910000000000000000e+02
6.053333333333333712e+02
6.040000000000000000e+02
6.000000000000000000e+02
5.920000000000000000e+02
6.160000000000000000e+02
5.920000000000000000e+02
5.880000000000000000e+02
6.000000000000000000e+02
6.200000000000000000e+02
5.040000000000000000e+02
5.080000000000000000e+02
5.040000000000000000e+02
6.280000000000000000e+02
6.240000000000000000e+02
6.240000000000000000e+02
6.280000000000000000e+02
5.220000000000000000e+02
6.830000000000000000e+02
6.320000000000000000e+02
6.440000000000000000e+02
6.380000000000000000e+02
6.920000000000000000e+02
5.160000000000000000e+02
5.160000000000000000e+02
5.190000000000000000e+02
6.213333333333333712e+02
6.200000000000000000e+02
6.200000000000000000e+02
4.946666666666666856e+02
5.080000000000000000e+02
5.920000000000000000e+02
6.040000000000000000e+02
6.000000000000000000e+02
5.920000000000000000e+02
5.760000000000000000e+02
5.533333333333333712e+02
6.360000000000000000e+02
5.800000000000000000e+02
5.840000000000000000e+02
5.910000000000000000e+02
5.000000000000000000e+02
5.840000000000000000e+02
5.050000000000000000e+02
5.080000000000000000e+02
5.320000000000000000e+02
5.000000000000000000e+02
5.160000000000000000e+02
5.270000000000000000e+02
5.080000000000000000e+02
6.600000000000000000e+02
6.480000000000000000e+02
6.370000000000000000e+02
6.626666666666666288e+02
6.620000000000000000e+02
5.040000000000000000e+02
5.080000000000000000e+02
5.310000000000000000e+02
4.920000000000000000e+02
4.920000000000000000e+02
4.960000000000000000e+02
5.000000000000000000e+02
5.040000000000000000e+02
4.946666666666666856e+02
4.960000000000000000e+02
5.800000000000000000e+02
5.840000000000000000e+02
5.920000000000000000e+02
5.906666666666666288e+02
5.786666666666666288e+02
6.200000000000000000e+02
5.600000000000000000e+02
5.013333333333333144e+02
5.040000000000000000e+02
5.040000000000000000e+02
5.080000000000000000e+02
4.960000000000000000e+02
4.960000000000000000e+02
4.960000000000000000e+02
5.000000000000000000e+02
4.920000000000000000e+02
4.880000000000000000e+02
4.880000000000000000e+02
5.000000000000000000e+02
5.860000000000000000e+02
6.080000000000000000e+02
6.080000000000000000e+02
5.030000000000000000e+02
4.920000000000000000e+02
4.960000000000000000e+02
5.040000000000000000e+02
4.960000000000000000e+02
5.000000000000000000e+02
5.000000000000000000e+02
5.000000000000000000e+02
5.000000000000000000e+02
5.080000000000000000e+02
5.080000000000000000e+02
5.480000000000000000e+02
6.120000000000000000e+02
6.080000000000000000e+02
5.400000000000000000e+02
6.080000000000000000e+02
5.440000000000000000e+02
5.120000000000000000e+02
5.040000000000000000e+02
5.040000000000000000e+02
5.000000000000000000e+02
5.000000000000000000e+02
5.150000000000000000e+02
4.960000000000000000e+02
4.850000000000000000e+02
4.740000000000000000e+02
4.880000000000000000e+02
4.920000000000000000e+02
5.040000000000000000e+02
5.000000000000000000e+02
5.860000000000000000e+02
5.000000000000000000e+02
4.960000000000000000e+02
4.880000000000000000e+02
4.880000000000000000e+02
4.880000000000000000e+02
5.120000000000000000e+02
5.120000000000000000e+02
5.040000000000000000e+02
5.160000000000000000e+02
5.000000000000000000e+02
5.020000000000000000e+02
5.480000000000000000e+02
5.520000000000000000e+02
5.440000000000000000e+02
5.560000000000000000e+02
6.280000000000000000e+02
5.520000000000000000e+02
5.970000000000000000e+02
5.320000000000000000e+02
5.120000000000000000e+02
5.160000000000000000e+02
5.130000000000000000e+02
5.170000000000000000e+02
5.200000000000000000e+02
5.330000000000000000e+02
4.900000000000000000e+02
4.790000000000000000e+02
4.920000000000000000e+02
4.920000000000000000e+02
4.960000000000000000e+02
6.240000000000000000e+02
6.500000000000000000e+02
6.680000000000000000e+02
6.760000000000000000e+02
5.200000000000000000e+02
5.080000000000000000e+02
5.240000000000000000e+02
5.160000000000000000e+02
5.240000000000000000e+02
5.240000000000000000e+02
5.160000000000000000e+02
5.960000000000000000e+02
5.960000000000000000e+02
5.920000000000000000e+02
5.840000000000000000e+02
5.000000000000000000e+02
5.920000000000000000e+02
5.840000000000000000e+02
5.920000000000000000e+02
5.800000000000000000e+02
6.030000000000000000e+02
6.010000000000000000e+02
6.040000000000000000e+02
5.160000000000000000e+02
5.200000000000000000e+02
5.240000000000000000e+02
5.200000000000000000e+02
5.200000000000000000e+02
5.200000000000000000e+02
5.500000000000000000e+02
5.440000000000000000e+02
6.540000000000000000e+02
6.520000000000000000e+02
6.680000000000000000e+02
6.680000000000000000e+02
6.720000000000000000e+02
6.670000000000000000e+02
7.960000000000000000e+02
7.960000000000000000e+02
7.960000000000000000e+02
5.160000000000000000e+02
5.200000000000000000e+02
5.240000000000000000e+02
5.240000000000000000e+02
6.270000000000000000e+02
5.760000000000000000e+02
5.480000000000000000e+02
6.146666666666666288e+02
5.760000000000000000e+02
5.640000000000000000e+02
5.680000000000000000e+02
5.800000000000000000e+02
5.600000000000000000e+02
6.226666666666666288e+02
5.253333333333333712e+02
5.280000000000000000e+02
6.573333333333333712e+02
6.400000000000000000e+02
6.453333333333333712e+02
7.760000000000000000e+02
7.680000000000000000e+02
7.740000000000000000e+02
7.680000000000000000e+02
6.840000000000000000e+02
6.880000000000000000e+02
6.600000000000000000e+02
7.960000000000000000e+02
7.740000000000000000e+02
7.960000000000000000e+02
7.960000000000000000e+02
7.960000000000000000e+02
7.960000000000000000e+02
7.960000000000000000e+02
7.960000000000000000e+02
7.960000000000000000e+02
7.340000000000000000e+02
7.400000000000000000e+02
7.150000000000000000e+02
6.550000000000000000e+02
6.493333333333333712e+02
7.910000000000000000e+02
7.440000000000000000e+02
5.600000000000000000e+02
6.573333333333333712e+02
5.160000000000000000e+02
6.680000000000000000e+02
7.960000000000000000e+02
7.493333333333333712e+02
7.960000000000000000e+02
7.960000000000000000e+02
7.960000000000000000e+02
7.960000000000000000e+02
7.960000000000000000e+02
7.960000000000000000e+02
7.960000000000000000e+02
7.960000000000000000e+02
7.960000000000000000e+02
