6.440000000000000000e+02
6.570000000000000000e+02
6.480000000000000000e+02
6.370000000000000000e+02
6.280000000000000000e+02
6.280000000000000000e+02
6.320000000000000000e+02
6.320000000000000000e+02
5.120000000000000000e+02
5.040000000000000000e+02
6.080000000000000000e+02
5.770000000000000000e+02
6.053333333333333712e+02
6.060000000000000000e+02
6.000000000000000000e+02
6.200000000000000000e+02
5.640000000000000000e+02
5.720000000000000000e+02
5.830000000000000000e+02
6.000000000000000000e+02
6.040000000000000000e+02
5.040000000000000000e+02
5.080000000000000000e+02
5.040000000000000000e+02
6.280000000000000000e+02
6.280000000000000000e+02
6.240000000000000000e+02
6.280000000000000000e+02
5.110000000000000000e+02
6.600000000000000000e+02
6.360000000000000000e+02
6.400000000000000000e+02
6.440000000000000000e+02
6.520000000000000000e+02
5.180000000000000000e+02
5.200000000000000000e+02
5.230000000000000000e+02
6.226666666666666288e+02
6.200000000000000000e+02
6.240000000000000000e+02
4.920000000000000000e+02
5.040000000000000000e+02
5.213333333333333712e+02
6.040000000000000000e+02
5.960000000000000000e+02
5.840000000000000000e+02
5.760000000000000000e+02
5.460000000000000000e+02
6.400000000000000000e+02
5.830000000000000000e+02
5.760000000000000000e+02
5.910000000000000000e+02
5.000000000000000000e+02
5.840000000000000000e+02
5.120000000000000000e+02
5.120000000000000000e+02
4.950000000000000000e+02
5.000000000000000000e+02
5.160000000000000000e+02
5.280000000000000000e+02
5.040000000000000000e+02
5.350000000000000000e+02
6.520000000000000000e+02
6.520000000000000000e+02
6.600000000000000000e+02
6.580000000000000000e+02
5.040000000000000000e+02
5.040000000000000000e+02
5.310000000000000000e+02
4.960000000000000000e+02
5.200000000000000000e+02
5.066666666666666856e+02
5.000000000000000000e+02
5.040000000000000000e+02
4.760000000000000000e+02
4.920000000000000000e+02
5.760000000000000000e+02
5.760000000000000000e+02
6.080000000000000000e+02
6.080000000000000000e+02
5.786666666666666288e+02
6.253333333333333712e+02
6.230000000000000000e+02
5.013333333333333144e+02
5.120000000000000000e+02
5.040000000000000000e+02
5.040000000000000000e+02
4.960000000000000000e+02
4.920000000000000000e+02
4.920000000000000000e+02
5.000000000000000000e+02
4.920000000000000000e+02
4.920000000000000000e+02
4.880000000000000000e+02
5.920000000000000000e+02
5.960000000000000000e+02
6.000000000000000000e+02
5.000000000000000000e+02
5.030000000000000000e+02
4.920000000000000000e+02
4.960000000000000000e+02
5.000000000000000000e+02
4.960000000000000000e+02
5.000000000000000000e+02
5.000000000000000000e+02
5.000000000000000000e+02
5.000000000000000000e+02
5.040000000000000000e+02
5.160000000000000000e+02
5.530000000000000000e+02
6.160000000000000000e+02
6.080000000000000000e+02
6.100000000000000000e+02
6.040000000000000000e+02
5.453333333333333712e+02
5.060000000000000000e+02
5.053333333333333144e+02
5.000000000000000000e+02
5.000000000000000000e+02
5.000000000000000000e+02
5.120000000000000000e+02
4.960000000000000000e+02
4.850000000000000000e+02
4.840000000000000000e+02
4.920000000000000000e+02
4.960000000000000000e+02
4.990000000000000000e+02
5.000000000000000000e+02
4.960000000000000000e+02
5.000000000000000000e+02
4.960000000000000000e+02
4.880000000000000000e+02
4.920000000000000000e+02
4.920000000000000000e+02
4.826666666666666856e+02
5.050000000000000000e+02
5.040000000000000000e+02
5.160000000000000000e+02
4.920000000000000000e+02
5.080000000000000000e+02
5.093333333333333144e+02
5.520000000000000000e+02
5.480000000000000000e+02
5.560000000000000000e+02
5.600000000000000000e+02
5.610000000000000000e+02
5.320000000000000000e+02
5.320000000000000000e+02
5.160000000000000000e+02
5.070000000000000000e+02
5.130000000000000000e+02
5.240000000000000000e+02
5.280000000000000000e+02
5.330000000000000000e+02
4.800000000000000000e+02
5.080000000000000000e+02
4.946666666666666856e+02
4.920000000000000000e+02
4.960000000000000000e+02
6.200000000000000000e+02
6.360000000000000000e+02
6.680000000000000000e+02
6.690000000000000000e+02
5.130000000000000000e+02
5.080000000000000000e+02
5.280000000000000000e+02
5.160000000000000000e+02
5.200000000000000000e+02
5.360000000000000000e+02
5.160000000000000000e+02
5.093333333333333144e+02
6.000000000000000000e+02
6.000000000000000000e+02
5.880000000000000000e+02
5.040000000000000000e+02
5.920000000000000000e+02
5.866666666666666288e+02
5.080000000000000000e+02
5.720000000000000000e+02
6.040000000000000000e+02
6.000000000000000000e+02
6.040000000000000000e+02
5.160000000000000000e+02
5.200000000000000000e+02
5.240000000000000000e+02
5.240000000000000000e+02
5.200000000000000000e+02
5.280000000000000000e+02
6.440000000000000000e+02
5.640000000000000000e+02
6.640000000000000000e+02
6.520000000000000000e+02
6.560000000000000000e+02
6.680000000000000000e+02
6.746666666666666288e+02
7.960000000000000000e+02
7.960000000000000000e+02
7.960000000000000000e+02
6.440000000000000000e+02
5.200000000000000000e+02
5.200000000000000000e+02
5.240000000000000000e+02
5.200000000000000000e+02
6.200000000000000000e+02
5.720000000000000000e+02
5.480000000000000000e+02
6.053333333333333712e+02
5.820000000000000000e+02
5.970000000000000000e+02
5.626666666666666288e+02
5.790000000000000000e+02
5.600000000000000000e+02
6.226666666666666288e+02
5.173333333333333712e+02
5.280000000000000000e+02
5.050000000000000000e+02
6.490000000000000000e+02
6.480000000000000000e+02
7.920000000000000000e+02
7.960000000000000000e+02
7.960000000000000000e+02
7.680000000000000000e+02
6.800000000000000000e+02
6.880000000000000000e+02
6.640000000000000000e+02
7.960000000000000000e+02
7.740000000000000000e+02
7.960000000000000000e+02
7.960000000000000000e+02
7.960000000000000000e+02
7.960000000000000000e+02
7.460000000000000000e+02
7.960000000000000000e+02
6.740000000000000000e+02
7.340000000000000000e+02
7.400000000000000000e+02
7.960000000000000000e+02
6.550000000000000000e+02
6.493333333333333712e+02
6.570000000000000000e+02
6.740000000000000000e+02
5.520000000000000000e+02
7.920000000000000000e+02
5.160000000000000000e+02
7.440000000000000000e+02
6.480000000000000000e+02
7.480000000000000000e+02
7.500000000000000000e+02
7.960000000000000000e+02
7.960000000000000000e+02
7.960000000000000000e+02
7.960000000000000000e+02
7.960000000000000000e+02
7.960000000000000000e+02
7.960000000000000000e+02
6.760000000000000000e+02
