5.190000000000000000e+02
5.280000000000000000e+02
5.170000000000000000e+02
4.870000000000000000e+02
5.170000000000000000e+02
5.200000000000000000e+02
3.670000000000000000e+02
5.300000000000000000e+02
3.306666666666666856e+02
5.640000000000000000e+02
3.450000000000000000e+02
3.460000000000000000e+02
3.440000000000000000e+02
4.380000000000000000e+02
4.410000000000000000e+02
4.360000000000000000e+02
3.580000000000000000e+02
4.440000000000000000e+02
4.470000000000000000e+02
4.380000000000000000e+02
3.586666666666666856e+02
3.400000000000000000e+02
3.470000000000000000e+02
3.620000000000000000e+02
3.760000000000000000e+02
3.760000000000000000e+02
3.840000000000000000e+02
4.580000000000000000e+02
4.400000000000000000e+02
4.160000000000000000e+02
5.410000000000000000e+02
5.370000000000000000e+02
5.300000000000000000e+02
4.960000000000000000e+02
5.380000000000000000e+02
5.520000000000000000e+02
5.453333333333333712e+02
4.450000000000000000e+02
6.620000000000000000e+02
3.590000000000000000e+02
2.720000000000000000e+02
3.440000000000000000e+02
3.470000000000000000e+02
3.440000000000000000e+02
4.493333333333333144e+02
4.150000000000000000e+02
4.180000000000000000e+02
3.770000000000000000e+02
3.680000000000000000e+02
3.730000000000000000e+02
3.820000000000000000e+02
3.510000000000000000e+02
3.480000000000000000e+02
3.580000000000000000e+02
3.550000000000000000e+02
3.670000000000000000e+02
6.320000000000000000e+02
5.520000000000000000e+02
3.800000000000000000e+02
4.013333333333333144e+02
5.450000000000000000e+02
5.270000000000000000e+02
5.460000000000000000e+02
5.360000000000000000e+02
4.980000000000000000e+02
5.533333333333333712e+02
3.826666666666666856e+02
5.380000000000000000e+02
3.660000000000000000e+02
3.970000000000000000e+02
3.690000000000000000e+02
3.490000000000000000e+02
3.640000000000000000e+02
3.640000000000000000e+02
3.580000000000000000e+02
3.470000000000000000e+02
3.340000000000000000e+02
3.480000000000000000e+02
3.880000000000000000e+02
3.880000000000000000e+02
3.733333333333333144e+02
3.620000000000000000e+02
3.620000000000000000e+02
3.493333333333333144e+02
3.530000000000000000e+02
3.546666666666666856e+02
3.530000000000000000e+02
3.493333333333333144e+02
3.460000000000000000e+02
3.480000000000000000e+02
3.680000000000000000e+02
3.680000000000000000e+02
3.600000000000000000e+02
3.980000000000000000e+02
4.000000000000000000e+02
5.120000000000000000e+02
5.050000000000000000e+02
5.000000000000000000e+02
3.866666666666666856e+02
3.700000000000000000e+02
3.346666666666666856e+02
3.640000000000000000e+02
3.520000000000000000e+02
3.480000000000000000e+02
3.426666666666666856e+02
3.800000000000000000e+02
3.620000000000000000e+02
3.640000000000000000e+02
3.640000000000000000e+02
3.540000000000000000e+02
3.640000000000000000e+02
3.720000000000000000e+02
3.626666666666666856e+02
3.626666666666666856e+02
3.520000000000000000e+02
3.510000000000000000e+02
3.560000000000000000e+02
3.870000000000000000e+02
3.840000000000000000e+02
3.840000000000000000e+02
3.930000000000000000e+02
3.920000000000000000e+02
3.780000000000000000e+02
4.060000000000000000e+02
3.746666666666666856e+02
2.930000000000000000e+02
3.820000000000000000e+02
5.180000000000000000e+02
4.860000000000000000e+02
5.220000000000000000e+02
3.860000000000000000e+02
3.853333333333333144e+02
3.650000000000000000e+02
3.720000000000000000e+02
3.820000000000000000e+02
3.800000000000000000e+02
3.520000000000000000e+02
3.860000000000000000e+02
3.760000000000000000e+02
3.660000000000000000e+02
3.630000000000000000e+02
4.920000000000000000e+02
3.740000000000000000e+02
3.706666666666666856e+02
4.280000000000000000e+02
4.700000000000000000e+02
4.020000000000000000e+02
3.820000000000000000e+02
3.730000000000000000e+02
4.000000000000000000e+02
5.020000000000000000e+02
3.920000000000000000e+02
3.880000000000000000e+02
3.880000000000000000e+02
4.130000000000000000e+02
3.900000000000000000e+02
3.840000000000000000e+02
3.960000000000000000e+02
5.180000000000000000e+02
4.970000000000000000e+02
5.200000000000000000e+02
5.066666666666666856e+02
5.420000000000000000e+02
6.040000000000000000e+02
4.020000000000000000e+02
3.880000000000000000e+02
4.150000000000000000e+02
3.893333333333333144e+02
4.430000000000000000e+02
3.830000000000000000e+02
4.000000000000000000e+02
3.930000000000000000e+02
3.770000000000000000e+02
3.920000000000000000e+02
3.910000000000000000e+02
4.550000000000000000e+02
4.453333333333333144e+02
4.560000000000000000e+02
3.600000000000000000e+02
4.050000000000000000e+02
3.920000000000000000e+02
3.880000000000000000e+02
5.080000000000000000e+02
5.100000000000000000e+02
4.893333333333333144e+02
5.733333333333333712e+02
5.093333333333333144e+02
5.746666666666666288e+02
4.740000000000000000e+02
6.140000000000000000e+02
5.413333333333333712e+02
5.000000000000000000e+02
5.853333333333333712e+02
5.426666666666666288e+02
5.860000000000000000e+02
6.080000000000000000e+02
4.910000000000000000e+02
7.310000000000000000e+02
7.600000000000000000e+02
7.960000000000000000e+02
4.973333333333333144e+02
4.790000000000000000e+02
5.573333333333333712e+02
4.760000000000000000e+02
4.810000000000000000e+02
4.720000000000000000e+02
4.586666666666666856e+02
4.570000000000000000e+02
4.560000000000000000e+02
7.866666666666666288e+02
4.760000000000000000e+02
4.790000000000000000e+02
4.820000000000000000e+02
4.800000000000000000e+02
5.070000000000000000e+02
5.020000000000000000e+02
5.580000000000000000e+02
7.690000000000000000e+02
7.830000000000000000e+02
6.133333333333333712e+02
4.460000000000000000e+02
5.800000000000000000e+02
5.933333333333333712e+02
5.920000000000000000e+02
5.870000000000000000e+02
5.600000000000000000e+02
6.000000000000000000e+02
5.586666666666666288e+02
5.280000000000000000e+02
7.480000000000000000e+02
7.710000000000000000e+02
5.173333333333333712e+02
5.280000000000000000e+02
7.670000000000000000e+02
5.106666666666666856e+02
5.010000000000000000e+02
5.920000000000000000e+02
7.110000000000000000e+02
6.180000000000000000e+02
4.586666666666666856e+02
7.613333333333333712e+02
7.000000000000000000e+02
4.946666666666666856e+02
5.960000000000000000e+02
6.880000000000000000e+02
7.560000000000000000e+02
5.480000000000000000e+02
6.760000000000000000e+02
4.860000000000000000e+02
5.600000000000000000e+02
5.600000000000000000e+02
5.950000000000000000e+02
6.050000000000000000e+02
6.230000000000000000e+02
6.260000000000000000e+02
6.040000000000000000e+02
