5.200000000000000000e+02
4.800000000000000000e+02
6.780000000000000000e+02
4.770000000000000000e+02
4.880000000000000000e+02
4.840000000000000000e+02
4.800000000000000000e+02
4.880000000000000000e+02
4.760000000000000000e+02
4.760000000000000000e+02
4.840000000000000000e+02
4.760000000000000000e+02
4.280000000000000000e+02
4.200000000000000000e+02
4.130000000000000000e+02
6.220000000000000000e+02
4.360000000000000000e+02
4.420000000000000000e+02
4.220000000000000000e+02
4.200000000000000000e+02
4.270000000000000000e+02
4.840000000000000000e+02
4.590000000000000000e+02
4.870000000000000000e+02
5.000000000000000000e+02
4.910000000000000000e+02
5.093333333333333144e+02
4.940000000000000000e+02
4.520000000000000000e+02
4.670000000000000000e+02
5.320000000000000000e+02
4.720000000000000000e+02
4.600000000000000000e+02
4.800000000000000000e+02
5.053333333333333144e+02
4.950000000000000000e+02
4.790000000000000000e+02
6.000000000000000000e+02
4.880000000000000000e+02
4.920000000000000000e+02
4.893333333333333144e+02
4.240000000000000000e+02
4.270000000000000000e+02
3.920000000000000000e+02
4.290000000000000000e+02
4.250000000000000000e+02
4.560000000000000000e+02
4.580000000000000000e+02
4.610000000000000000e+02
3.786666666666666856e+02
3.760000000000000000e+02
3.780000000000000000e+02
3.780000000000000000e+02
4.360000000000000000e+02
3.940000000000000000e+02
3.620000000000000000e+02
4.190000000000000000e+02
3.660000000000000000e+02
4.840000000000000000e+02
3.690000000000000000e+02
6.920000000000000000e+02
4.810000000000000000e+02
7.350000000000000000e+02
4.700000000000000000e+02
4.040000000000000000e+02
3.830000000000000000e+02
4.070000000000000000e+02
3.666666666666666856e+02
3.420000000000000000e+02
3.680000000000000000e+02
3.640000000000000000e+02
3.640000000000000000e+02
3.500000000000000000e+02
3.560000000000000000e+02
4.280000000000000000e+02
3.920000000000000000e+02
3.760000000000000000e+02
3.800000000000000000e+02
3.880000000000000000e+02
4.506666666666666856e+02
3.920000000000000000e+02
3.880000000000000000e+02
3.910000000000000000e+02
3.380000000000000000e+02
3.500000000000000000e+02
3.490000000000000000e+02
3.360000000000000000e+02
3.570000000000000000e+02
3.480000000000000000e+02
3.600000000000000000e+02
3.760000000000000000e+02
3.720000000000000000e+02
3.840000000000000000e+02
4.493333333333333144e+02
3.160000000000000000e+02
4.413333333333333144e+02
3.560000000000000000e+02
3.520000000000000000e+02
3.346666666666666856e+02
3.253333333333333144e+02
3.730000000000000000e+02
5.900000000000000000e+02
4.080000000000000000e+02
3.490000000000000000e+02
3.320000000000000000e+02
3.440000000000000000e+02
3.400000000000000000e+02
3.560000000000000000e+02
3.630000000000000000e+02
3.660000000000000000e+02
3.880000000000000000e+02
3.600000000000000000e+02
3.760000000000000000e+02
3.880000000000000000e+02
3.650000000000000000e+02
3.580000000000000000e+02
3.550000000000000000e+02
3.480000000000000000e+02
3.510000000000000000e+02
3.490000000000000000e+02
3.480000000000000000e+02
3.490000000000000000e+02
3.560000000000000000e+02
3.360000000000000000e+02
3.320000000000000000e+02
3.490000000000000000e+02
3.560000000000000000e+02
3.600000000000000000e+02
3.626666666666666856e+02
3.600000000000000000e+02
3.490000000000000000e+02
3.390000000000000000e+02
3.470000000000000000e+02
3.680000000000000000e+02
3.680000000000000000e+02
3.560000000000000000e+02
3.560000000000000000e+02
3.520000000000000000e+02
3.520000000000000000e+02
3.550000000000000000e+02
3.680000000000000000e+02
3.990000000000000000e+02
3.840000000000000000e+02
3.880000000000000000e+02
3.880000000000000000e+02
4.720000000000000000e+02
4.640000000000000000e+02
3.620000000000000000e+02
3.810000000000000000e+02
3.890000000000000000e+02
3.520000000000000000e+02
3.480000000000000000e+02
3.770000000000000000e+02
3.720000000000000000e+02
4.893333333333333144e+02
3.680000000000000000e+02
3.680000000000000000e+02
3.546666666666666856e+02
3.680000000000000000e+02
3.630000000000000000e+02
3.730000000000000000e+02
3.640000000000000000e+02
4.850000000000000000e+02
3.680000000000000000e+02
3.650000000000000000e+02
3.680000000000000000e+02
3.666666666666666856e+02
3.670000000000000000e+02
3.666666666666666856e+02
4.110000000000000000e+02
3.690000000000000000e+02
5.120000000000000000e+02
5.140000000000000000e+02
4.140000000000000000e+02
4.360000000000000000e+02
4.520000000000000000e+02
5.020000000000000000e+02
4.400000000000000000e+02
4.400000000000000000e+02
4.386666666666666856e+02
4.180000000000000000e+02
4.390000000000000000e+02
4.173333333333333144e+02
4.320000000000000000e+02
3.670000000000000000e+02
3.680000000000000000e+02
3.680000000000000000e+02
3.666666666666666856e+02
5.040000000000000000e+02
3.700000000000000000e+02
3.540000000000000000e+02
3.773333333333333144e+02
5.090000000000000000e+02
4.920000000000000000e+02
3.700000000000000000e+02
4.933333333333333144e+02
4.830000000000000000e+02
4.800000000000000000e+02
4.470000000000000000e+02
4.420000000000000000e+02
4.400000000000000000e+02
4.320000000000000000e+02
4.240000000000000000e+02
4.186666666666666856e+02
4.320000000000000000e+02
4.893333333333333144e+02
5.050000000000000000e+02
5.040000000000000000e+02
4.893333333333333144e+02
5.100000000000000000e+02
5.080000000000000000e+02
4.820000000000000000e+02
4.830000000000000000e+02
4.160000000000000000e+02
4.540000000000000000e+02
4.360000000000000000e+02
4.470000000000000000e+02
4.720000000000000000e+02
4.730000000000000000e+02
4.760000000000000000e+02
5.010000000000000000e+02
4.920000000000000000e+02
4.960000000000000000e+02
4.920000000000000000e+02
4.893333333333333144e+02
4.140000000000000000e+02
5.000000000000000000e+02
4.973333333333333144e+02
5.066666666666666856e+02
4.750000000000000000e+02
4.770000000000000000e+02
4.890000000000000000e+02
4.760000000000000000e+02
4.800000000000000000e+02
4.580000000000000000e+02
5.160000000000000000e+02
4.840000000000000000e+02
4.920000000000000000e+02
4.173333333333333144e+02
5.240000000000000000e+02
4.910000000000000000e+02
5.040000000000000000e+02
4.960000000000000000e+02
4.840000000000000000e+02
6.186666666666666288e+02
4.560000000000000000e+02
7.190000000000000000e+02
5.110000000000000000e+02
5.010000000000000000e+02
5.180000000000000000e+02
4.933333333333333144e+02
5.140000000000000000e+02
5.060000000000000000e+02
6.410000000000000000e+02
5.070000000000000000e+02
5.120000000000000000e+02
