5.000000000000000000e+02
4.720000000000000000e+02
5.260000000000000000e+02
5.210000000000000000e+02
5.100000000000000000e+02
5.200000000000000000e+02
3.670000000000000000e+02
7.380000000000000000e+02
3.306666666666666856e+02
3.410000000000000000e+02
3.450000000000000000e+02
3.460000000000000000e+02
3.370000000000000000e+02
4.510000000000000000e+02
4.410000000000000000e+02
4.360000000000000000e+02
4.640000000000000000e+02
4.400000000000000000e+02
4.470000000000000000e+02
4.426666666666666856e+02
3.600000000000000000e+02
3.700000000000000000e+02
3.380000000000000000e+02
3.620000000000000000e+02
4.010000000000000000e+02
5.370000000000000000e+02
6.160000000000000000e+02
4.080000000000000000e+02
4.680000000000000000e+02
5.470000000000000000e+02
5.293333333333333712e+02
4.680000000000000000e+02
5.280000000000000000e+02
4.560000000000000000e+02
5.310000000000000000e+02
5.480000000000000000e+02
5.480000000000000000e+02
3.920000000000000000e+02
3.586666666666666856e+02
3.590000000000000000e+02
2.720000000000000000e+02
3.440000000000000000e+02
3.480000000000000000e+02
3.460000000000000000e+02
4.520000000000000000e+02
4.290000000000000000e+02
3.790000000000000000e+02
3.740000000000000000e+02
3.740000000000000000e+02
3.760000000000000000e+02
3.820000000000000000e+02
3.986666666666666856e+02
3.480000000000000000e+02
3.590000000000000000e+02
3.666666666666666856e+02
3.533333333333333144e+02
7.653333333333333712e+02
5.140000000000000000e+02
4.800000000000000000e+02
4.586666666666666856e+02
5.050000000000000000e+02
5.386666666666666288e+02
5.280000000000000000e+02
5.320000000000000000e+02
5.470000000000000000e+02
5.610000000000000000e+02
5.600000000000000000e+02
5.586666666666666288e+02
3.840000000000000000e+02
3.626666666666666856e+02
3.850000000000000000e+02
3.630000000000000000e+02
3.693333333333333144e+02
3.510000000000000000e+02
3.560000000000000000e+02
3.480000000000000000e+02
3.480000000000000000e+02
3.490000000000000000e+02
3.760000000000000000e+02
3.880000000000000000e+02
3.813333333333333144e+02
3.620000000000000000e+02
3.500000000000000000e+02
3.480000000000000000e+02
3.530000000000000000e+02
3.550000000000000000e+02
3.520000000000000000e+02
3.520000000000000000e+02
3.400000000000000000e+02
3.440000000000000000e+02
3.680000000000000000e+02
3.640000000000000000e+02
3.600000000000000000e+02
5.790000000000000000e+02
4.013333333333333144e+02
4.800000000000000000e+02
5.130000000000000000e+02
4.293333333333333144e+02
3.866666666666666856e+02
3.700000000000000000e+02
3.700000000000000000e+02
3.640000000000000000e+02
3.520000000000000000e+02
3.480000000000000000e+02
3.426666666666666856e+02
3.830000000000000000e+02
3.600000000000000000e+02
3.640000000000000000e+02
3.640000000000000000e+02
3.550000000000000000e+02
3.640000000000000000e+02
3.720000000000000000e+02
3.613333333333333144e+02
3.626666666666666856e+02
3.390000000000000000e+02
3.520000000000000000e+02
3.540000000000000000e+02
3.866666666666666856e+02
3.840000000000000000e+02
3.840000000000000000e+02
3.930000000000000000e+02
3.520000000000000000e+02
3.780000000000000000e+02
3.680000000000000000e+02
3.800000000000000000e+02
3.820000000000000000e+02
5.173333333333333712e+02
5.180000000000000000e+02
5.120000000000000000e+02
5.070000000000000000e+02
3.820000000000000000e+02
3.813333333333333144e+02
3.400000000000000000e+02
3.640000000000000000e+02
3.820000000000000000e+02
3.800000000000000000e+02
3.520000000000000000e+02
3.880000000000000000e+02
3.760000000000000000e+02
3.680000000000000000e+02
3.640000000000000000e+02
3.640000000000000000e+02
3.653333333333333144e+02
3.706666666666666856e+02
4.400000000000000000e+02
4.700000000000000000e+02
4.020000000000000000e+02
3.820000000000000000e+02
3.773333333333333144e+02
4.173333333333333144e+02
5.020000000000000000e+02
3.920000000000000000e+02
3.880000000000000000e+02
3.746666666666666856e+02
4.650000000000000000e+02
3.880000000000000000e+02
3.860000000000000000e+02
3.990000000000000000e+02
5.130000000000000000e+02
5.180000000000000000e+02
4.733333333333333144e+02
5.330000000000000000e+02
5.490000000000000000e+02
4.000000000000000000e+02
4.010000000000000000e+02
3.893333333333333144e+02
3.800000000000000000e+02
3.890000000000000000e+02
4.430000000000000000e+02
4.260000000000000000e+02
4.000000000000000000e+02
3.880000000000000000e+02
4.093333333333333144e+02
3.950000000000000000e+02
3.940000000000000000e+02
4.620000000000000000e+02
4.546666666666666856e+02
4.510000000000000000e+02
4.760000000000000000e+02
4.050000000000000000e+02
3.880000000000000000e+02
3.880000000000000000e+02
5.050000000000000000e+02
4.040000000000000000e+02
4.150000000000000000e+02
5.733333333333333712e+02
4.586666666666666856e+02
4.720000000000000000e+02
6.190000000000000000e+02
6.053333333333333712e+02
5.720000000000000000e+02
5.000000000000000000e+02
5.870000000000000000e+02
5.400000000000000000e+02
4.520000000000000000e+02
5.960000000000000000e+02
4.910000000000000000e+02
6.346666666666666288e+02
7.600000000000000000e+02
4.760000000000000000e+02
4.973333333333333144e+02
5.140000000000000000e+02
5.573333333333333712e+02
4.740000000000000000e+02
4.590000000000000000e+02
4.450000000000000000e+02
4.560000000000000000e+02
4.590000000000000000e+02
4.650000000000000000e+02
7.340000000000000000e+02
7.560000000000000000e+02
5.360000000000000000e+02
4.820000000000000000e+02
5.110000000000000000e+02
5.133333333333333712e+02
5.110000000000000000e+02
4.280000000000000000e+02
7.733333333333333712e+02
5.420000000000000000e+02
5.866666666666666288e+02
6.120000000000000000e+02
5.800000000000000000e+02
5.970000000000000000e+02
5.940000000000000000e+02
5.870000000000000000e+02
6.000000000000000000e+02
5.720000000000000000e+02
4.733333333333333144e+02
6.810000000000000000e+02
7.590000000000000000e+02
5.640000000000000000e+02
5.333333333333333712e+02
5.280000000000000000e+02
7.746666666666666288e+02
5.080000000000000000e+02
4.740000000000000000e+02
5.920000000000000000e+02
7.000000000000000000e+02
6.570000000000000000e+02
7.140000000000000000e+02
6.320000000000000000e+02
7.000000000000000000e+02
4.946666666666666856e+02
7.680000000000000000e+02
6.380000000000000000e+02
6.880000000000000000e+02
5.480000000000000000e+02
4.880000000000000000e+02
4.860000000000000000e+02
5.430000000000000000e+02
7.090000000000000000e+02
5.080000000000000000e+02
5.333333333333333712e+02
6.120000000000000000e+02
6.200000000000000000e+02
5.706666666666666288e+02
