6.160000000000000000e+02
6.200000000000000000e+02
6.240000000000000000e+02
5.920000000000000000e+02
5.440000000000000000e+02
6.480000000000000000e+02
6.740000000000000000e+02
5.026666666666666856e+02
5.866666666666666288e+02
5.780000000000000000e+02
5.640000000000000000e+02
4.866666666666666856e+02
4.866666666666666856e+02
5.560000000000000000e+02
7.500000000000000000e+02
7.450000000000000000e+02
7.466666666666666288e+02
4.700000000000000000e+02
5.650000000000000000e+02
5.680000000000000000e+02
5.680000000000000000e+02
5.960000000000000000e+02
5.860000000000000000e+02
4.813333333333333144e+02
5.670000000000000000e+02
5.680000000000000000e+02
5.880000000000000000e+02
6.260000000000000000e+02
6.320000000000000000e+02
6.400000000000000000e+02
6.440000000000000000e+02
6.210000000000000000e+02
6.040000000000000000e+02
5.280000000000000000e+02
6.386666666666666288e+02
6.160000000000000000e+02
5.306666666666666288e+02
6.030000000000000000e+02
6.186666666666666288e+02
5.733333333333333712e+02
5.850000000000000000e+02
5.950000000000000000e+02
4.840000000000000000e+02
5.280000000000000000e+02
5.790000000000000000e+02
5.890000000000000000e+02
5.906666666666666288e+02
6.550000000000000000e+02
5.700000000000000000e+02
5.970000000000000000e+02
5.540000000000000000e+02
5.780000000000000000e+02
5.700000000000000000e+02
5.770000000000000000e+02
5.980000000000000000e+02
5.480000000000000000e+02
5.640000000000000000e+02
5.400000000000000000e+02
5.600000000000000000e+02
6.240000000000000000e+02
5.800000000000000000e+02
6.210000000000000000e+02
6.240000000000000000e+02
5.933333333333333712e+02
5.240000000000000000e+02
6.120000000000000000e+02
6.320000000000000000e+02
6.270000000000000000e+02
6.280000000000000000e+02
5.620000000000000000e+02
5.710000000000000000e+02
4.813333333333333144e+02
4.880000000000000000e+02
5.850000000000000000e+02
4.866666666666666856e+02
4.910000000000000000e+02
5.040000000000000000e+02
5.826666666666666288e+02
5.780000000000000000e+02
4.770000000000000000e+02
5.220000000000000000e+02
5.180000000000000000e+02
4.920000000000000000e+02
4.840000000000000000e+02
4.770000000000000000e+02
4.800000000000000000e+02
4.840000000000000000e+02
4.840000000000000000e+02
4.800000000000000000e+02
4.840000000000000000e+02
4.830000000000000000e+02
4.840000000000000000e+02
6.380000000000000000e+02
6.310000000000000000e+02
5.840000000000000000e+02
5.733333333333333712e+02
5.830000000000000000e+02
5.550000000000000000e+02
5.730000000000000000e+02
4.840000000000000000e+02
4.880000000000000000e+02
4.840000000000000000e+02
4.840000000000000000e+02
4.880000000000000000e+02
4.880000000000000000e+02
4.920000000000000000e+02
5.000000000000000000e+02
4.920000000000000000e+02
4.906666666666666856e+02
4.920000000000000000e+02
4.920000000000000000e+02
5.520000000000000000e+02
5.186666666666666288e+02
4.870000000000000000e+02
4.880000000000000000e+02
4.910000000000000000e+02
4.960000000000000000e+02
4.920000000000000000e+02
5.000000000000000000e+02
4.850000000000000000e+02
4.840000000000000000e+02
4.840000000000000000e+02
4.930000000000000000e+02
4.800000000000000000e+02
4.840000000000000000e+02
4.880000000000000000e+02
5.853333333333333712e+02
5.810000000000000000e+02
5.560000000000000000e+02
5.850000000000000000e+02
5.300000000000000000e+02
4.890000000000000000e+02
4.900000000000000000e+02
4.800000000000000000e+02
4.840000000000000000e+02
4.870000000000000000e+02
5.030000000000000000e+02
4.840000000000000000e+02
4.960000000000000000e+02
4.880000000000000000e+02
4.853333333333333144e+02
4.950000000000000000e+02
4.893333333333333144e+02
5.280000000000000000e+02
5.320000000000000000e+02
4.840000000000000000e+02
5.000000000000000000e+02
4.880000000000000000e+02
4.800000000000000000e+02
4.800000000000000000e+02
4.840000000000000000e+02
4.893333333333333144e+02
4.840000000000000000e+02
4.660000000000000000e+02
4.920000000000000000e+02
4.920000000000000000e+02
4.880000000000000000e+02
4.880000000000000000e+02
5.786666666666666288e+02
5.860000000000000000e+02
5.890000000000000000e+02
4.960000000000000000e+02
4.813333333333333144e+02
4.920000000000000000e+02
4.920000000000000000e+02
4.900000000000000000e+02
4.960000000000000000e+02
4.920000000000000000e+02
4.853333333333333144e+02
4.880000000000000000e+02
4.880000000000000000e+02
4.850000000000000000e+02
4.800000000000000000e+02
5.270000000000000000e+02
4.900000000000000000e+02
5.586666666666666288e+02
5.790000000000000000e+02
5.960000000000000000e+02
5.110000000000000000e+02
5.270000000000000000e+02
4.920000000000000000e+02
4.880000000000000000e+02
5.026666666666666856e+02
5.080000000000000000e+02
5.040000000000000000e+02
4.960000000000000000e+02
5.040000000000000000e+02
5.680000000000000000e+02
6.373333333333333712e+02
6.170000000000000000e+02
6.520000000000000000e+02
5.980000000000000000e+02
5.810000000000000000e+02
6.180000000000000000e+02
6.120000000000000000e+02
6.310000000000000000e+02
5.730000000000000000e+02
5.080000000000000000e+02
4.640000000000000000e+02
4.860000000000000000e+02
4.880000000000000000e+02
5.630000000000000000e+02
4.613333333333333144e+02
4.720000000000000000e+02
5.613333333333333712e+02
5.480000000000000000e+02
5.600000000000000000e+02
4.920000000000000000e+02
6.640000000000000000e+02
6.600000000000000000e+02
4.910000000000000000e+02
5.510000000000000000e+02
5.520000000000000000e+02
5.626666666666666288e+02
4.880000000000000000e+02
4.910000000000000000e+02
6.026666666666666288e+02
5.800000000000000000e+02
4.970000000000000000e+02
5.640000000000000000e+02
6.170000000000000000e+02
6.226666666666666288e+02
7.450000000000000000e+02
5.830000000000000000e+02
5.950000000000000000e+02
5.920000000000000000e+02
6.040000000000000000e+02
5.960000000000000000e+02
5.810000000000000000e+02
5.866666666666666288e+02
6.040000000000000000e+02
5.700000000000000000e+02
5.850000000000000000e+02
5.590000000000000000e+02
5.740000000000000000e+02
5.420000000000000000e+02
5.990000000000000000e+02
5.960000000000000000e+02
5.880000000000000000e+02
6.460000000000000000e+02
6.890000000000000000e+02
5.120000000000000000e+02
5.430000000000000000e+02
5.773333333333333712e+02
5.626666666666666288e+02
5.960000000000000000e+02
5.640000000000000000e+02
5.780000000000000000e+02
5.853333333333333712e+02
6.000000000000000000e+02
5.550000000000000000e+02
5.620000000000000000e+02
5.790000000000000000e+02
6.090000000000000000e+02
5.880000000000000000e+02
5.973333333333333712e+02
