5.840000000000000000e+02
5.580000000000000000e+02
5.670000000000000000e+02
5.740000000000000000e+02
5.910000000000000000e+02
6.173333333333333712e+02
5.653333333333333712e+02
5.500000000000000000e+02
5.330000000000000000e+02
5.370000000000000000e+02
5.330000000000000000e+02
5.530000000000000000e+02
5.500000000000000000e+02
4.290000000000000000e+02
4.380000000000000000e+02
4.440000000000000000e+02
4.800000000000000000e+02
4.440000000000000000e+02
4.800000000000000000e+02
4.960000000000000000e+02
4.940000000000000000e+02
4.790000000000000000e+02
5.840000000000000000e+02
5.250000000000000000e+02
5.350000000000000000e+02
3.360000000000000000e+02
4.906666666666666856e+02
5.973333333333333712e+02
5.933333333333333712e+02
5.690000000000000000e+02
6.000000000000000000e+02
5.320000000000000000e+02
5.840000000000000000e+02
5.933333333333333712e+02
5.660000000000000000e+02
6.026666666666666288e+02
4.760000000000000000e+02
4.680000000000000000e+02
5.130000000000000000e+02
5.200000000000000000e+02
5.060000000000000000e+02
5.090000000000000000e+02
4.880000000000000000e+02
4.800000000000000000e+02
4.960000000000000000e+02
4.380000000000000000e+02
4.820000000000000000e+02
4.830000000000000000e+02
4.830000000000000000e+02
4.390000000000000000e+02
4.320000000000000000e+02
4.270000000000000000e+02
4.410000000000000000e+02
5.040000000000000000e+02
5.140000000000000000e+02
5.090000000000000000e+02
5.030000000000000000e+02
4.840000000000000000e+02
4.740000000000000000e+02
4.680000000000000000e+02
4.720000000000000000e+02
4.693333333333333144e+02
5.340000000000000000e+02
5.900000000000000000e+02
4.760000000000000000e+02
5.700000000000000000e+02
4.853333333333333144e+02
4.820000000000000000e+02
4.740000000000000000e+02
4.730000000000000000e+02
4.880000000000000000e+02
5.270000000000000000e+02
5.230000000000000000e+02
5.000000000000000000e+02
4.960000000000000000e+02
4.360000000000000000e+02
4.280000000000000000e+02
4.680000000000000000e+02
4.770000000000000000e+02
4.640000000000000000e+02
4.320000000000000000e+02
4.260000000000000000e+02
4.200000000000000000e+02
4.200000000000000000e+02
3.720000000000000000e+02
3.960000000000000000e+02
4.080000000000000000e+02
4.190000000000000000e+02
4.390000000000000000e+02
4.180000000000000000e+02
4.693333333333333144e+02
4.660000000000000000e+02
4.760000000000000000e+02
4.760000000000000000e+02
4.710000000000000000e+02
4.800000000000000000e+02
4.720000000000000000e+02
4.720000000000000000e+02
4.730000000000000000e+02
4.100000000000000000e+02
3.850000000000000000e+02
3.910000000000000000e+02
4.150000000000000000e+02
4.200000000000000000e+02
4.220000000000000000e+02
3.910000000000000000e+02
4.030000000000000000e+02
3.960000000000000000e+02
4.226666666666666856e+02
4.040000000000000000e+02
4.630000000000000000e+02
4.360000000000000000e+02
4.160000000000000000e+02
4.040000000000000000e+02
4.040000000000000000e+02
4.026666666666666856e+02
4.040000000000000000e+02
4.000000000000000000e+02
4.360000000000000000e+02
4.110000000000000000e+02
4.180000000000000000e+02
5.013333333333333144e+02
4.010000000000000000e+02
3.960000000000000000e+02
4.040000000000000000e+02
4.480000000000000000e+02
4.380000000000000000e+02
5.560000000000000000e+02
4.760000000000000000e+02
4.630000000000000000e+02
4.200000000000000000e+02
4.146666666666666856e+02
4.120000000000000000e+02
4.010000000000000000e+02
3.990000000000000000e+02
4.093333333333333144e+02
4.160000000000000000e+02
4.130000000000000000e+02
4.040000000000000000e+02
4.100000000000000000e+02
4.160000000000000000e+02
4.200000000000000000e+02
4.210000000000000000e+02
4.440000000000000000e+02
4.600000000000000000e+02
4.260000000000000000e+02
4.200000000000000000e+02
4.160000000000000000e+02
4.170000000000000000e+02
4.160000000000000000e+02
4.360000000000000000e+02
4.360000000000000000e+02
4.460000000000000000e+02
4.386666666666666856e+02
4.170000000000000000e+02
4.320000000000000000e+02
4.280000000000000000e+02
4.890000000000000000e+02
5.540000000000000000e+02
5.200000000000000000e+02
5.210000000000000000e+02
5.150000000000000000e+02
4.746666666666666856e+02
4.760000000000000000e+02
3.860000000000000000e+02
4.230000000000000000e+02
4.220000000000000000e+02
4.470000000000000000e+02
4.320000000000000000e+02
4.350000000000000000e+02
4.330000000000000000e+02
5.050000000000000000e+02
4.270000000000000000e+02
4.140000000000000000e+02
4.270000000000000000e+02
4.390000000000000000e+02
4.800000000000000000e+02
4.880000000000000000e+02
4.840000000000000000e+02
4.880000000000000000e+02
4.930000000000000000e+02
5.613333333333333712e+02
5.373333333333333712e+02
5.306666666666666288e+02
4.970000000000000000e+02
5.000000000000000000e+02
6.133333333333333712e+02
6.080000000000000000e+02
4.853333333333333144e+02
5.970000000000000000e+02
5.600000000000000000e+02
5.360000000000000000e+02
5.320000000000000000e+02
5.610000000000000000e+02
5.786666666666666288e+02
4.910000000000000000e+02
6.106666666666666288e+02
6.110000000000000000e+02
4.853333333333333144e+02
5.000000000000000000e+02
4.813333333333333144e+02
5.350000000000000000e+02
5.453333333333333712e+02
4.930000000000000000e+02
4.760000000000000000e+02
4.533333333333333144e+02
4.450000000000000000e+02
4.500000000000000000e+02
4.973333333333333144e+02
4.880000000000000000e+02
4.986666666666666856e+02
5.340000000000000000e+02
5.653333333333333712e+02
5.760000000000000000e+02
5.613333333333333712e+02
4.850000000000000000e+02
5.680000000000000000e+02
5.910000000000000000e+02
6.180000000000000000e+02
5.900000000000000000e+02
5.940000000000000000e+02
5.640000000000000000e+02
5.340000000000000000e+02
5.620000000000000000e+02
5.900000000000000000e+02
5.650000000000000000e+02
5.370000000000000000e+02
5.880000000000000000e+02
5.880000000000000000e+02
5.690000000000000000e+02
4.266666666666666856e+02
4.900000000000000000e+02
5.540000000000000000e+02
5.330000000000000000e+02
5.200000000000000000e+02
5.190000000000000000e+02
5.320000000000000000e+02
4.890000000000000000e+02
4.930000000000000000e+02
5.050000000000000000e+02
4.826666666666666856e+02
6.413333333333333712e+02
5.053333333333333144e+02
5.240000000000000000e+02
4.940000000000000000e+02
5.160000000000000000e+02
5.240000000000000000e+02
5.240000000000000000e+02
5.413333333333333712e+02
5.746666666666666288e+02
5.630000000000000000e+02
5.893333333333333712e+02
5.910000000000000000e+02
5.630000000000000000e+02
5.670000000000000000e+02
5.893333333333333712e+02
