3.280000000000000000e+02
5.180000000000000000e+02
5.220000000000000000e+02
5.030000000000000000e+02
4.800000000000000000e+02
5.200000000000000000e+02
4.333333333333333144e+02
7.380000000000000000e+02
3.426666666666666856e+02
5.640000000000000000e+02
3.450000000000000000e+02
3.450000000000000000e+02
3.440000000000000000e+02
4.420000000000000000e+02
4.410000000000000000e+02
4.150000000000000000e+02
3.580000000000000000e+02
3.746666666666666856e+02
4.413333333333333144e+02
4.360000000000000000e+02
3.586666666666666856e+02
3.560000000000000000e+02
3.700000000000000000e+02
3.750000000000000000e+02
4.010000000000000000e+02
3.760000000000000000e+02
5.360000000000000000e+02
4.053333333333333144e+02
5.160000000000000000e+02
5.310000000000000000e+02
5.293333333333333712e+02
5.200000000000000000e+02
5.346666666666666288e+02
5.460000000000000000e+02
5.220000000000000000e+02
5.640000000000000000e+02
5.540000000000000000e+02
4.213333333333333144e+02
6.620000000000000000e+02
3.710000000000000000e+02
5.173333333333333712e+02
3.180000000000000000e+02
3.480000000000000000e+02
3.790000000000000000e+02
4.480000000000000000e+02
4.120000000000000000e+02
3.790000000000000000e+02
3.740000000000000000e+02
3.660000000000000000e+02
3.680000000000000000e+02
3.453333333333333144e+02
3.480000000000000000e+02
3.480000000000000000e+02
3.580000000000000000e+02
3.693333333333333144e+02
3.740000000000000000e+02
7.653333333333333712e+02
3.800000000000000000e+02
3.800000000000000000e+02
4.040000000000000000e+02
5.450000000000000000e+02
5.386666666666666288e+02
5.280000000000000000e+02
5.373333333333333712e+02
5.120000000000000000e+02
5.533333333333333712e+02
5.060000000000000000e+02
5.380000000000000000e+02
3.906666666666666856e+02
3.970000000000000000e+02
3.850000000000000000e+02
3.510000000000000000e+02
3.640000000000000000e+02
3.640000000000000000e+02
3.580000000000000000e+02
3.510000000000000000e+02
3.340000000000000000e+02
3.490000000000000000e+02
3.760000000000000000e+02
4.200000000000000000e+02
3.720000000000000000e+02
3.620000000000000000e+02
3.620000000000000000e+02
3.520000000000000000e+02
3.480000000000000000e+02
3.520000000000000000e+02
3.530000000000000000e+02
3.493333333333333144e+02
3.440000000000000000e+02
3.440000000000000000e+02
3.650000000000000000e+02
3.640000000000000000e+02
3.613333333333333144e+02
3.980000000000000000e+02
4.040000000000000000e+02
5.080000000000000000e+02
5.050000000000000000e+02
4.293333333333333144e+02
4.770000000000000000e+02
3.680000000000000000e+02
3.346666666666666856e+02
3.650000000000000000e+02
3.520000000000000000e+02
3.480000000000000000e+02
3.160000000000000000e+02
3.840000000000000000e+02
3.600000000000000000e+02
3.640000000000000000e+02
3.550000000000000000e+02
3.560000000000000000e+02
3.640000000000000000e+02
3.970000000000000000e+02
3.600000000000000000e+02
3.610000000000000000e+02
3.493333333333333144e+02
3.510000000000000000e+02
3.540000000000000000e+02
3.500000000000000000e+02
3.840000000000000000e+02
3.853333333333333144e+02
3.610000000000000000e+02
3.920000000000000000e+02
3.650000000000000000e+02
3.650000000000000000e+02
3.746666666666666856e+02
3.430000000000000000e+02
5.173333333333333712e+02
4.700000000000000000e+02
5.030000000000000000e+02
5.220000000000000000e+02
3.880000000000000000e+02
3.800000000000000000e+02
3.680000000000000000e+02
3.720000000000000000e+02
3.840000000000000000e+02
3.790000000000000000e+02
3.830000000000000000e+02
3.880000000000000000e+02
3.800000000000000000e+02
3.653333333333333144e+02
3.640000000000000000e+02
3.530000000000000000e+02
3.653333333333333144e+02
3.720000000000000000e+02
4.280000000000000000e+02
4.626666666666666856e+02
3.700000000000000000e+02
3.640000000000000000e+02
3.730000000000000000e+02
4.000000000000000000e+02
3.970000000000000000e+02
3.920000000000000000e+02
3.880000000000000000e+02
3.880000000000000000e+02
4.650000000000000000e+02
3.880000000000000000e+02
3.860000000000000000e+02
3.990000000000000000e+02
4.800000000000000000e+02
5.180000000000000000e+02
5.620000000000000000e+02
5.240000000000000000e+02
5.490000000000000000e+02
4.000000000000000000e+02
3.780000000000000000e+02
3.880000000000000000e+02
4.150000000000000000e+02
3.880000000000000000e+02
4.070000000000000000e+02
3.960000000000000000e+02
4.306666666666666856e+02
3.880000000000000000e+02
4.093333333333333144e+02
3.866666666666666856e+02
3.940000000000000000e+02
4.580000000000000000e+02
4.280000000000000000e+02
4.560000000000000000e+02
4.700000000000000000e+02
4.690000000000000000e+02
3.880000000000000000e+02
3.880000000000000000e+02
5.080000000000000000e+02
4.040000000000000000e+02
4.700000000000000000e+02
5.060000000000000000e+02
5.360000000000000000e+02
5.700000000000000000e+02
4.853333333333333144e+02
6.053333333333333712e+02
5.720000000000000000e+02
5.680000000000000000e+02
5.850000000000000000e+02
5.426666666666666288e+02
5.920000000000000000e+02
6.100000000000000000e+02
5.880000000000000000e+02
6.346666666666666288e+02
7.960000000000000000e+02
4.800000000000000000e+02
5.253333333333333712e+02
5.186666666666666288e+02
5.573333333333333712e+02
4.740000000000000000e+02
4.880000000000000000e+02
4.400000000000000000e+02
4.586666666666666856e+02
4.640000000000000000e+02
5.390000000000000000e+02
7.866666666666666288e+02
4.270000000000000000e+02
6.570000000000000000e+02
4.786666666666666856e+02
5.110000000000000000e+02
5.170000000000000000e+02
5.110000000000000000e+02
4.640000000000000000e+02
7.733333333333333712e+02
5.420000000000000000e+02
6.133333333333333712e+02
5.190000000000000000e+02
5.800000000000000000e+02
6.080000000000000000e+02
4.880000000000000000e+02
5.980000000000000000e+02
5.770000000000000000e+02
6.000000000000000000e+02
4.820000000000000000e+02
7.640000000000000000e+02
7.590000000000000000e+02
5.640000000000000000e+02
5.150000000000000000e+02
5.130000000000000000e+02
5.400000000000000000e+02
5.160000000000000000e+02
5.920000000000000000e+02
7.150000000000000000e+02
7.820000000000000000e+02
6.570000000000000000e+02
6.293333333333333712e+02
4.160000000000000000e+02
6.790000000000000000e+02
5.960000000000000000e+02
6.470000000000000000e+02
6.380000000000000000e+02
5.530000000000000000e+02
5.160000000000000000e+02
5.500000000000000000e+02
5.720000000000000000e+02
5.430000000000000000e+02
6.146666666666666288e+02
5.840000000000000000e+02
5.333333333333333712e+02
6.230000000000000000e+02
6.260000000000000000e+02
6.040000000000000000e+02
