4.600000000000000000e+02
7.653333333333333712e+02
4.470000000000000000e+02
5.280000000000000000e+02
4.780000000000000000e+02
4.840000000000000000e+02
4.800000000000000000e+02
4.800000000000000000e+02
4.770000000000000000e+02
4.760000000000000000e+02
4.840000000000000000e+02
4.760000000000000000e+02
4.300000000000000000e+02
4.330000000000000000e+02
4.253333333333333144e+02
4.613333333333333144e+02
6.560000000000000000e+02
4.340000000000000000e+02
4.270000000000000000e+02
4.200000000000000000e+02
4.270000000000000000e+02
4.820000000000000000e+02
4.853333333333333144e+02
4.880000000000000000e+02
4.930000000000000000e+02
4.920000000000000000e+02
4.830000000000000000e+02
4.940000000000000000e+02
4.520000000000000000e+02
4.600000000000000000e+02
4.640000000000000000e+02
4.630000000000000000e+02
4.600000000000000000e+02
4.800000000000000000e+02
7.120000000000000000e+02
4.950000000000000000e+02
4.853333333333333144e+02
4.893333333333333144e+02
4.900000000000000000e+02
4.920000000000000000e+02
4.160000000000000000e+02
4.253333333333333144e+02
4.280000000000000000e+02
3.920000000000000000e+02
4.310000000000000000e+02
4.200000000000000000e+02
4.560000000000000000e+02
4.070000000000000000e+02
4.610000000000000000e+02
3.786666666666666856e+02
3.630000000000000000e+02
3.780000000000000000e+02
3.750000000000000000e+02
3.626666666666666856e+02
3.940000000000000000e+02
3.626666666666666856e+02
3.693333333333333144e+02
3.660000000000000000e+02
3.990000000000000000e+02
3.690000000000000000e+02
5.400000000000000000e+02
4.690000000000000000e+02
4.480000000000000000e+02
5.133333333333333712e+02
4.200000000000000000e+02
3.830000000000000000e+02
3.710000000000000000e+02
3.660000000000000000e+02
3.620000000000000000e+02
3.700000000000000000e+02
3.690000000000000000e+02
3.670000000000000000e+02
3.660000000000000000e+02
3.560000000000000000e+02
4.000000000000000000e+02
3.800000000000000000e+02
3.760000000000000000e+02
3.800000000000000000e+02
4.066666666666666856e+02
4.680000000000000000e+02
3.980000000000000000e+02
3.910000000000000000e+02
3.900000000000000000e+02
3.780000000000000000e+02
3.510000000000000000e+02
3.490000000000000000e+02
3.460000000000000000e+02
3.640000000000000000e+02
3.480000000000000000e+02
3.600000000000000000e+02
6.670000000000000000e+02
3.690000000000000000e+02
4.750000000000000000e+02
3.746666666666666856e+02
4.813333333333333144e+02
3.666666666666666856e+02
3.540000000000000000e+02
3.520000000000000000e+02
3.330000000000000000e+02
3.260000000000000000e+02
4.746666666666666856e+02
7.520000000000000000e+02
3.630000000000000000e+02
3.493333333333333144e+02
3.460000000000000000e+02
3.890000000000000000e+02
3.440000000000000000e+02
3.600000000000000000e+02
3.640000000000000000e+02
3.660000000000000000e+02
3.880000000000000000e+02
3.893333333333333144e+02
3.760000000000000000e+02
3.880000000000000000e+02
3.640000000000000000e+02
3.540000000000000000e+02
3.640000000000000000e+02
3.480000000000000000e+02
3.460000000000000000e+02
3.600000000000000000e+02
3.450000000000000000e+02
3.560000000000000000e+02
3.560000000000000000e+02
3.413333333333333144e+02
3.340000000000000000e+02
3.300000000000000000e+02
3.600000000000000000e+02
3.530000000000000000e+02
3.626666666666666856e+02
3.626666666666666856e+02
3.390000000000000000e+02
3.410000000000000000e+02
3.470000000000000000e+02
3.653333333333333144e+02
3.733333333333333144e+02
3.570000000000000000e+02
3.520000000000000000e+02
3.520000000000000000e+02
3.530000000000000000e+02
3.550000000000000000e+02
3.746666666666666856e+02
4.000000000000000000e+02
3.760000000000000000e+02
3.880000000000000000e+02
3.880000000000000000e+02
3.893333333333333144e+02
3.860000000000000000e+02
3.640000000000000000e+02
3.640000000000000000e+02
3.520000000000000000e+02
3.520000000000000000e+02
3.480000000000000000e+02
3.800000000000000000e+02
3.730000000000000000e+02
3.680000000000000000e+02
3.640000000000000000e+02
3.670000000000000000e+02
3.546666666666666856e+02
3.580000000000000000e+02
3.620000000000000000e+02
3.700000000000000000e+02
3.630000000000000000e+02
4.880000000000000000e+02
3.680000000000000000e+02
3.650000000000000000e+02
3.680000000000000000e+02
3.640000000000000000e+02
3.670000000000000000e+02
3.666666666666666856e+02
3.610000000000000000e+02
3.613333333333333144e+02
5.120000000000000000e+02
5.010000000000000000e+02
3.640000000000000000e+02
4.390000000000000000e+02
4.530000000000000000e+02
4.860000000000000000e+02
4.400000000000000000e+02
4.370000000000000000e+02
4.470000000000000000e+02
3.140000000000000000e+02
4.940000000000000000e+02
4.260000000000000000e+02
4.330000000000000000e+02
3.680000000000000000e+02
3.680000000000000000e+02
3.710000000000000000e+02
3.660000000000000000e+02
3.680000000000000000e+02
3.700000000000000000e+02
3.540000000000000000e+02
4.790000000000000000e+02
5.110000000000000000e+02
4.950000000000000000e+02
5.030000000000000000e+02
3.740000000000000000e+02
3.760000000000000000e+02
4.810000000000000000e+02
4.710000000000000000e+02
4.430000000000000000e+02
4.400000000000000000e+02
4.320000000000000000e+02
4.080000000000000000e+02
4.210000000000000000e+02
4.440000000000000000e+02
4.226666666666666856e+02
4.900000000000000000e+02
4.880000000000000000e+02
5.140000000000000000e+02
5.010000000000000000e+02
5.080000000000000000e+02
4.800000000000000000e+02
4.830000000000000000e+02
4.170000000000000000e+02
4.493333333333333144e+02
3.986666666666666856e+02
4.470000000000000000e+02
4.720000000000000000e+02
4.720000000000000000e+02
4.760000000000000000e+02
5.010000000000000000e+02
4.990000000000000000e+02
5.010000000000000000e+02
4.970000000000000000e+02
4.950000000000000000e+02
4.140000000000000000e+02
5.000000000000000000e+02
4.906666666666666856e+02
5.190000000000000000e+02
4.770000000000000000e+02
4.680000000000000000e+02
4.890000000000000000e+02
4.870000000000000000e+02
4.980000000000000000e+02
6.940000000000000000e+02
4.960000000000000000e+02
4.900000000000000000e+02
4.920000000000000000e+02
5.000000000000000000e+02
5.110000000000000000e+02
4.840000000000000000e+02
5.000000000000000000e+02
4.900000000000000000e+02
4.840000000000000000e+02
6.253333333333333712e+02
4.950000000000000000e+02
5.970000000000000000e+02
4.890000000000000000e+02
4.946666666666666856e+02
5.130000000000000000e+02
4.280000000000000000e+02
5.150000000000000000e+02
6.960000000000000000e+02
6.933333333333333712e+02
5.130000000000000000e+02
5.120000000000000000e+02
