6.053333333333333712e+02
6.040000000000000000e+02
6.230000000000000000e+02
6.140000000000000000e+02
6.280000000000000000e+02
5.440000000000000000e+02
5.580000000000000000e+02
5.720000000000000000e+02
5.840000000000000000e+02
5.460000000000000000e+02
5.030000000000000000e+02
5.470000000000000000e+02
5.760000000000000000e+02
6.320000000000000000e+02
6.680000000000000000e+02
5.800000000000000000e+02
5.240000000000000000e+02
5.453333333333333712e+02
5.200000000000000000e+02
5.010000000000000000e+02
5.500000000000000000e+02
5.310000000000000000e+02
5.770000000000000000e+02
5.840000000000000000e+02
5.760000000000000000e+02
5.426666666666666288e+02
6.040000000000000000e+02
5.480000000000000000e+02
6.110000000000000000e+02
6.200000000000000000e+02
6.080000000000000000e+02
6.040000000000000000e+02
6.050000000000000000e+02
6.426666666666666288e+02
6.240000000000000000e+02
6.200000000000000000e+02
5.546666666666666288e+02
4.960000000000000000e+02
4.800000000000000000e+02
5.900000000000000000e+02
5.840000000000000000e+02
5.680000000000000000e+02
5.610000000000000000e+02
5.600000000000000000e+02
5.580000000000000000e+02
5.500000000000000000e+02
5.470000000000000000e+02
7.546666666666666288e+02
5.626666666666666288e+02
5.460000000000000000e+02
5.520000000000000000e+02
5.530000000000000000e+02
4.870000000000000000e+02
4.690000000000000000e+02
4.720000000000000000e+02
4.720000000000000000e+02
4.640000000000000000e+02
4.710000000000000000e+02
4.740000000000000000e+02
6.560000000000000000e+02
6.310000000000000000e+02
6.160000000000000000e+02
6.186666666666666288e+02
6.000000000000000000e+02
5.530000000000000000e+02
5.600000000000000000e+02
6.400000000000000000e+02
5.220000000000000000e+02
4.773333333333333144e+02
4.770000000000000000e+02
4.720000000000000000e+02
4.760000000000000000e+02
4.720000000000000000e+02
4.780000000000000000e+02
4.720000000000000000e+02
4.780000000000000000e+02
4.770000000000000000e+02
5.053333333333333144e+02
4.930000000000000000e+02
5.520000000000000000e+02
5.430000000000000000e+02
4.670000000000000000e+02
4.800000000000000000e+02
4.720000000000000000e+02
4.710000000000000000e+02
4.720000000000000000e+02
4.760000000000000000e+02
4.666666666666666856e+02
4.760000000000000000e+02
4.760000000000000000e+02
4.813333333333333144e+02
4.840000000000000000e+02
4.840000000000000000e+02
4.820000000000000000e+02
4.770000000000000000e+02
5.813333333333333712e+02
5.720000000000000000e+02
5.560000000000000000e+02
4.820000000000000000e+02
4.800000000000000000e+02
4.880000000000000000e+02
4.920000000000000000e+02
4.800000000000000000e+02
4.680000000000000000e+02
4.880000000000000000e+02
4.746666666666666856e+02
4.780000000000000000e+02
4.800000000000000000e+02
4.760000000000000000e+02
4.730000000000000000e+02
4.900000000000000000e+02
5.100000000000000000e+02
5.173333333333333712e+02
4.780000000000000000e+02
4.880000000000000000e+02
4.810000000000000000e+02
4.800000000000000000e+02
4.840000000000000000e+02
5.040000000000000000e+02
4.870000000000000000e+02
4.680000000000000000e+02
4.800000000000000000e+02
4.840000000000000000e+02
4.680000000000000000e+02
4.730000000000000000e+02
4.720000000000000000e+02
4.800000000000000000e+02
5.720000000000000000e+02
5.800000000000000000e+02
5.820000000000000000e+02
4.800000000000000000e+02
4.860000000000000000e+02
4.680000000000000000e+02
4.680000000000000000e+02
4.900000000000000000e+02
4.880000000000000000e+02
4.960000000000000000e+02
4.670000000000000000e+02
4.730000000000000000e+02
4.760000000000000000e+02
4.786666666666666856e+02
4.786666666666666856e+02
4.760000000000000000e+02
5.173333333333333712e+02
5.980000000000000000e+02
5.900000000000000000e+02
5.400000000000000000e+02
5.240000000000000000e+02
5.260000000000000000e+02
4.840000000000000000e+02
5.000000000000000000e+02
4.960000000000000000e+02
4.946666666666666856e+02
4.870000000000000000e+02
4.880000000000000000e+02
4.820000000000000000e+02
4.760000000000000000e+02
4.760000000000000000e+02
5.853333333333333712e+02
5.860000000000000000e+02
5.800000000000000000e+02
5.880000000000000000e+02
4.813333333333333144e+02
4.890000000000000000e+02
4.840000000000000000e+02
4.870000000000000000e+02
4.840000000000000000e+02
4.850000000000000000e+02
4.920000000000000000e+02
4.940000000000000000e+02
4.720000000000000000e+02
4.760000000000000000e+02
4.960000000000000000e+02
4.910000000000000000e+02
5.120000000000000000e+02
5.840000000000000000e+02
5.440000000000000000e+02
5.580000000000000000e+02
5.620000000000000000e+02
5.600000000000000000e+02
5.520000000000000000e+02
5.920000000000000000e+02
4.906666666666666856e+02
4.950000000000000000e+02
4.760000000000000000e+02
4.640000000000000000e+02
4.800000000000000000e+02
4.800000000000000000e+02
4.840000000000000000e+02
6.266666666666666288e+02
6.030000000000000000e+02
6.133333333333333712e+02
4.746666666666666856e+02
6.000000000000000000e+02
6.026666666666666288e+02
5.000000000000000000e+02
6.373333333333333712e+02
4.760000000000000000e+02
4.773333333333333144e+02
4.580000000000000000e+02
4.760000000000000000e+02
4.780000000000000000e+02
4.780000000000000000e+02
5.630000000000000000e+02
5.450000000000000000e+02
4.840000000000000000e+02
5.640000000000000000e+02
5.680000000000000000e+02
5.710000000000000000e+02
5.940000000000000000e+02
5.940000000000000000e+02
5.693333333333333712e+02
5.340000000000000000e+02
5.320000000000000000e+02
5.400000000000000000e+02
5.293333333333333712e+02
4.800000000000000000e+02
4.830000000000000000e+02
4.780000000000000000e+02
5.740000000000000000e+02
6.140000000000000000e+02
5.990000000000000000e+02
6.200000000000000000e+02
6.266666666666666288e+02
6.180000000000000000e+02
6.320000000000000000e+02
6.050000000000000000e+02
6.360000000000000000e+02
4.900000000000000000e+02
4.800000000000000000e+02
4.840000000000000000e+02
4.860000000000000000e+02
4.880000000000000000e+02
5.620000000000000000e+02
5.540000000000000000e+02
5.630000000000000000e+02
5.550000000000000000e+02
5.826666666666666288e+02
5.893333333333333712e+02
6.170000000000000000e+02
5.510000000000000000e+02
6.860000000000000000e+02
5.590000000000000000e+02
5.690000000000000000e+02
5.626666666666666288e+02
5.520000000000000000e+02
5.740000000000000000e+02
5.980000000000000000e+02
5.360000000000000000e+02
5.050000000000000000e+02
6.093333333333333712e+02
6.773333333333333712e+02
6.400000000000000000e+02
6.440000000000000000e+02
4.840000000000000000e+02
6.200000000000000000e+02
