4.720000000000000000e+02
5.880000000000000000e+02
5.910000000000000000e+02
5.990000000000000000e+02
4.840000000000000000e+02
4.746666666666666856e+02
5.653333333333333712e+02
4.060000000000000000e+02
5.330000000000000000e+02
4.880000000000000000e+02
5.320000000000000000e+02
5.760000000000000000e+02
4.930000000000000000e+02
4.290000000000000000e+02
4.430000000000000000e+02
4.440000000000000000e+02
5.613333333333333712e+02
4.440000000000000000e+02
4.770000000000000000e+02
4.960000000000000000e+02
5.010000000000000000e+02
5.106666666666666856e+02
5.840000000000000000e+02
5.720000000000000000e+02
5.290000000000000000e+02
5.620000000000000000e+02
5.870000000000000000e+02
5.960000000000000000e+02
6.066666666666666288e+02
5.690000000000000000e+02
5.973333333333333712e+02
5.320000000000000000e+02
5.720000000000000000e+02
5.933333333333333712e+02
5.853333333333333712e+02
6.026666666666666288e+02
4.813333333333333144e+02
4.730000000000000000e+02
4.860000000000000000e+02
5.200000000000000000e+02
5.060000000000000000e+02
5.050000000000000000e+02
4.860000000000000000e+02
5.106666666666666856e+02
4.880000000000000000e+02
4.380000000000000000e+02
4.840000000000000000e+02
4.830000000000000000e+02
4.750000000000000000e+02
4.320000000000000000e+02
4.310000000000000000e+02
4.260000000000000000e+02
4.410000000000000000e+02
5.040000000000000000e+02
5.170000000000000000e+02
5.160000000000000000e+02
5.000000000000000000e+02
4.820000000000000000e+02
4.760000000000000000e+02
4.700000000000000000e+02
4.720000000000000000e+02
5.800000000000000000e+02
4.880000000000000000e+02
5.860000000000000000e+02
4.773333333333333144e+02
6.050000000000000000e+02
4.820000000000000000e+02
4.820000000000000000e+02
4.760000000000000000e+02
4.720000000000000000e+02
4.830000000000000000e+02
4.940000000000000000e+02
4.440000000000000000e+02
5.020000000000000000e+02
4.840000000000000000e+02
4.360000000000000000e+02
4.280000000000000000e+02
4.666666666666666856e+02
4.730000000000000000e+02
4.340000000000000000e+02
4.280000000000000000e+02
4.240000000000000000e+02
4.200000000000000000e+02
3.900000000000000000e+02
3.720000000000000000e+02
3.920000000000000000e+02
4.066666666666666856e+02
4.170000000000000000e+02
4.093333333333333144e+02
4.120000000000000000e+02
4.720000000000000000e+02
4.650000000000000000e+02
4.230000000000000000e+02
4.610000000000000000e+02
4.700000000000000000e+02
4.733333333333333144e+02
4.720000000000000000e+02
4.670000000000000000e+02
4.730000000000000000e+02
4.040000000000000000e+02
3.880000000000000000e+02
3.920000000000000000e+02
4.150000000000000000e+02
4.250000000000000000e+02
4.220000000000000000e+02
4.000000000000000000e+02
4.053333333333333144e+02
4.130000000000000000e+02
4.226666666666666856e+02
4.026666666666666856e+02
4.000000000000000000e+02
4.360000000000000000e+02
4.200000000000000000e+02
4.040000000000000000e+02
4.040000000000000000e+02
4.000000000000000000e+02
4.020000000000000000e+02
4.010000000000000000e+02
3.930000000000000000e+02
4.110000000000000000e+02
4.180000000000000000e+02
5.013333333333333144e+02
3.960000000000000000e+02
4.000000000000000000e+02
4.060000000000000000e+02
4.480000000000000000e+02
4.380000000000000000e+02
4.800000000000000000e+02
5.390000000000000000e+02
4.630000000000000000e+02
3.680000000000000000e+02
4.160000000000000000e+02
4.120000000000000000e+02
4.280000000000000000e+02
4.010000000000000000e+02
4.320000000000000000e+02
4.160000000000000000e+02
4.130000000000000000e+02
4.040000000000000000e+02
4.100000000000000000e+02
4.200000000000000000e+02
4.160000000000000000e+02
4.200000000000000000e+02
4.240000000000000000e+02
4.293333333333333144e+02
4.200000000000000000e+02
4.210000000000000000e+02
3.860000000000000000e+02
4.053333333333333144e+02
4.200000000000000000e+02
4.360000000000000000e+02
4.293333333333333144e+02
3.940000000000000000e+02
4.550000000000000000e+02
4.200000000000000000e+02
4.340000000000000000e+02
4.280000000000000000e+02
4.866666666666666856e+02
5.533333333333333712e+02
5.410000000000000000e+02
4.773333333333333144e+02
5.150000000000000000e+02
4.573333333333333144e+02
4.810000000000000000e+02
4.306666666666666856e+02
4.240000000000000000e+02
4.220000000000000000e+02
4.290000000000000000e+02
4.320000000000000000e+02
4.300000000000000000e+02
4.320000000000000000e+02
5.050000000000000000e+02
4.180000000000000000e+02
4.140000000000000000e+02
4.100000000000000000e+02
4.346666666666666856e+02
4.800000000000000000e+02
4.870000000000000000e+02
4.920000000000000000e+02
4.880000000000000000e+02
4.940000000000000000e+02
5.106666666666666856e+02
5.320000000000000000e+02
4.890000000000000000e+02
4.990000000000000000e+02
4.600000000000000000e+02
5.720000000000000000e+02
6.080000000000000000e+02
4.853333333333333144e+02
5.390000000000000000e+02
4.960000000000000000e+02
5.890000000000000000e+02
5.640000000000000000e+02
5.866666666666666288e+02
5.890000000000000000e+02
5.960000000000000000e+02
6.110000000000000000e+02
6.150000000000000000e+02
4.946666666666666856e+02
5.000000000000000000e+02
5.090000000000000000e+02
5.350000000000000000e+02
3.300000000000000000e+02
5.250000000000000000e+02
4.760000000000000000e+02
4.530000000000000000e+02
4.440000000000000000e+02
4.290000000000000000e+02
4.960000000000000000e+02
4.860000000000000000e+02
4.970000000000000000e+02
5.440000000000000000e+02
5.640000000000000000e+02
5.310000000000000000e+02
5.600000000000000000e+02
4.850000000000000000e+02
5.490000000000000000e+02
6.226666666666666288e+02
3.920000000000000000e+02
5.900000000000000000e+02
5.940000000000000000e+02
5.890000000000000000e+02
5.866666666666666288e+02
5.910000000000000000e+02
5.900000000000000000e+02
5.870000000000000000e+02
4.780000000000000000e+02
5.930000000000000000e+02
5.610000000000000000e+02
5.730000000000000000e+02
5.693333333333333712e+02
5.613333333333333712e+02
5.540000000000000000e+02
5.720000000000000000e+02
5.150000000000000000e+02
5.190000000000000000e+02
5.410000000000000000e+02
4.820000000000000000e+02
5.040000000000000000e+02
4.860000000000000000e+02
4.850000000000000000e+02
6.413333333333333712e+02
5.053333333333333144e+02
4.960000000000000000e+02
5.030000000000000000e+02
5.010000000000000000e+02
3.413333333333333144e+02
5.240000000000000000e+02
5.040000000000000000e+02
5.770000000000000000e+02
5.560000000000000000e+02
5.890000000000000000e+02
4.826666666666666856e+02
5.580000000000000000e+02
5.880000000000000000e+02
5.893333333333333712e+02
