5.000000000000000000e+02
4.960000000000000000e+02
5.170000000000000000e+02
5.210000000000000000e+02
5.270000000000000000e+02
5.200000000000000000e+02
3.960000000000000000e+02
5.320000000000000000e+02
3.426666666666666856e+02
7.260000000000000000e+02
3.640000000000000000e+02
3.450000000000000000e+02
3.400000000000000000e+02
4.420000000000000000e+02
4.210000000000000000e+02
4.360000000000000000e+02
3.680000000000000000e+02
3.746666666666666856e+02
4.373333333333333144e+02
4.360000000000000000e+02
3.510000000000000000e+02
3.590000000000000000e+02
3.430000000000000000e+02
3.610000000000000000e+02
3.813333333333333144e+02
3.760000000000000000e+02
3.840000000000000000e+02
5.266666666666666288e+02
4.400000000000000000e+02
5.310000000000000000e+02
5.333333333333333712e+02
5.200000000000000000e+02
5.280000000000000000e+02
4.960000000000000000e+02
5.220000000000000000e+02
5.330000000000000000e+02
5.070000000000000000e+02
5.450000000000000000e+02
3.586666666666666856e+02
3.710000000000000000e+02
5.173333333333333712e+02
3.180000000000000000e+02
3.470000000000000000e+02
3.750000000000000000e+02
4.660000000000000000e+02
4.100000000000000000e+02
4.180000000000000000e+02
3.820000000000000000e+02
3.740000000000000000e+02
3.710000000000000000e+02
3.820000000000000000e+02
3.986666666666666856e+02
3.480000000000000000e+02
3.440000000000000000e+02
3.480000000000000000e+02
3.533333333333333144e+02
6.500000000000000000e+02
5.500000000000000000e+02
3.800000000000000000e+02
3.990000000000000000e+02
5.480000000000000000e+02
5.590000000000000000e+02
5.610000000000000000e+02
5.373333333333333712e+02
5.590000000000000000e+02
5.610000000000000000e+02
5.060000000000000000e+02
5.600000000000000000e+02
3.730000000000000000e+02
3.920000000000000000e+02
3.850000000000000000e+02
3.490000000000000000e+02
3.626666666666666856e+02
3.590000000000000000e+02
3.580000000000000000e+02
3.510000000000000000e+02
3.340000000000000000e+02
3.480000000000000000e+02
3.880000000000000000e+02
3.880000000000000000e+02
3.720000000000000000e+02
3.600000000000000000e+02
3.520000000000000000e+02
3.480000000000000000e+02
3.530000000000000000e+02
3.520000000000000000e+02
3.520000000000000000e+02
3.520000000000000000e+02
3.440000000000000000e+02
3.440000000000000000e+02
3.650000000000000000e+02
3.640000000000000000e+02
3.780000000000000000e+02
3.980000000000000000e+02
5.170000000000000000e+02
4.800000000000000000e+02
5.130000000000000000e+02
5.000000000000000000e+02
3.910000000000000000e+02
3.706666666666666856e+02
3.680000000000000000e+02
3.640000000000000000e+02
3.520000000000000000e+02
3.450000000000000000e+02
3.160000000000000000e+02
3.800000000000000000e+02
3.790000000000000000e+02
3.640000000000000000e+02
3.640000000000000000e+02
3.560000000000000000e+02
3.650000000000000000e+02
3.720000000000000000e+02
3.580000000000000000e+02
3.610000000000000000e+02
3.506666666666666856e+02
3.520000000000000000e+02
3.540000000000000000e+02
3.870000000000000000e+02
3.830000000000000000e+02
3.853333333333333144e+02
3.610000000000000000e+02
3.920000000000000000e+02
3.680000000000000000e+02
3.650000000000000000e+02
3.800000000000000000e+02
3.430000000000000000e+02
5.170000000000000000e+02
5.180000000000000000e+02
4.860000000000000000e+02
5.150000000000000000e+02
3.866666666666666856e+02
3.800000000000000000e+02
3.600000000000000000e+02
3.746666666666666856e+02
3.840000000000000000e+02
3.810000000000000000e+02
3.826666666666666856e+02
3.840000000000000000e+02
3.760000000000000000e+02
3.640000000000000000e+02
3.640000000000000000e+02
4.920000000000000000e+02
3.740000000000000000e+02
3.706666666666666856e+02
4.293333333333333144e+02
4.626666666666666856e+02
3.690000000000000000e+02
3.650000000000000000e+02
3.773333333333333144e+02
3.790000000000000000e+02
3.980000000000000000e+02
3.920000000000000000e+02
3.880000000000000000e+02
3.840000000000000000e+02
4.130000000000000000e+02
3.900000000000000000e+02
3.840000000000000000e+02
4.000000000000000000e+02
5.180000000000000000e+02
5.130000000000000000e+02
5.620000000000000000e+02
5.330000000000000000e+02
5.160000000000000000e+02
4.060000000000000000e+02
4.000000000000000000e+02
3.920000000000000000e+02
4.110000000000000000e+02
3.893333333333333144e+02
3.900000000000000000e+02
4.260000000000000000e+02
4.000000000000000000e+02
3.880000000000000000e+02
3.840000000000000000e+02
4.040000000000000000e+02
4.173333333333333144e+02
4.550000000000000000e+02
4.280000000000000000e+02
4.560000000000000000e+02
4.640000000000000000e+02
4.690000000000000000e+02
4.120000000000000000e+02
3.893333333333333144e+02
5.080000000000000000e+02
4.240000000000000000e+02
4.700000000000000000e+02
5.026666666666666856e+02
4.586666666666666856e+02
5.746666666666666288e+02
4.853333333333333144e+02
6.053333333333333712e+02
5.880000000000000000e+02
5.680000000000000000e+02
5.820000000000000000e+02
5.400000000000000000e+02
4.520000000000000000e+02
5.960000000000000000e+02
6.040000000000000000e+02
6.653333333333333712e+02
7.950000000000000000e+02
7.880000000000000000e+02
5.253333333333333712e+02
4.790000000000000000e+02
4.780000000000000000e+02
4.760000000000000000e+02
4.590000000000000000e+02
4.450000000000000000e+02
4.586666666666666856e+02
4.570000000000000000e+02
4.560000000000000000e+02
5.320000000000000000e+02
4.760000000000000000e+02
5.360000000000000000e+02
2.720000000000000000e+02
5.120000000000000000e+02
5.070000000000000000e+02
5.040000000000000000e+02
5.293333333333333712e+02
7.733333333333333712e+02
6.510000000000000000e+02
5.866666666666666288e+02
5.190000000000000000e+02
5.800000000000000000e+02
5.933333333333333712e+02
5.920000000000000000e+02
5.870000000000000000e+02
4.893333333333333144e+02
6.020000000000000000e+02
6.000000000000000000e+02
6.940000000000000000e+02
5.440000000000000000e+02
5.640000000000000000e+02
5.173333333333333712e+02
5.130000000000000000e+02
4.980000000000000000e+02
5.000000000000000000e+02
4.986666666666666856e+02
7.150000000000000000e+02
4.460000000000000000e+02
6.180000000000000000e+02
5.610000000000000000e+02
7.613333333333333712e+02
7.280000000000000000e+02
5.960000000000000000e+02
7.680000000000000000e+02
7.060000000000000000e+02
6.880000000000000000e+02
5.480000000000000000e+02
7.210000000000000000e+02
5.720000000000000000e+02
5.430000000000000000e+02
6.040000000000000000e+02
5.080000000000000000e+02
5.333333333333333712e+02
6.270000000000000000e+02
6.260000000000000000e+02
5.706666666666666288e+02
