6.400000000000000000e+02
6.640000000000000000e+02
6.600000000000000000e+02
6.450000000000000000e+02
6.280000000000000000e+02
6.330000000000000000e+02
6.320000000000000000e+02
6.320000000000000000e+02
5.120000000000000000e+02
5.040000000000000000e+02
6.080000000000000000e+02
5.920000000000000000e+02
5.960000000000000000e+02
6.000000000000000000e+02
5.930000000000000000e+02
6.200000000000000000e+02
6.010000000000000000e+02
5.680000000000000000e+02
5.830000000000000000e+02
6.000000000000000000e+02
6.200000000000000000e+02
5.040000000000000000e+02
5.080000000000000000e+02
5.040000000000000000e+02
6.280000000000000000e+02
6.280000000000000000e+02
6.280000000000000000e+02
6.270000000000000000e+02
5.160000000000000000e+02
6.600000000000000000e+02
6.360000000000000000e+02
6.360000000000000000e+02
6.380000000000000000e+02
6.466666666666666288e+02
5.160000000000000000e+02
5.200000000000000000e+02
5.160000000000000000e+02
6.226666666666666288e+02
6.200000000000000000e+02
6.240000000000000000e+02
4.920000000000000000e+02
5.080000000000000000e+02
5.920000000000000000e+02
6.040000000000000000e+02
5.920000000000000000e+02
5.920000000000000000e+02
5.760000000000000000e+02
6.310000000000000000e+02
6.400000000000000000e+02
5.820000000000000000e+02
5.840000000000000000e+02
5.800000000000000000e+02
5.960000000000000000e+02
5.013333333333333144e+02
5.080000000000000000e+02
5.106666666666666856e+02
4.813333333333333144e+02
4.960000000000000000e+02
5.160000000000000000e+02
5.280000000000000000e+02
5.160000000000000000e+02
5.133333333333333712e+02
6.600000000000000000e+02
6.560000000000000000e+02
6.600000000000000000e+02
6.560000000000000000e+02
5.040000000000000000e+02
5.080000000000000000e+02
5.280000000000000000e+02
4.920000000000000000e+02
5.200000000000000000e+02
5.000000000000000000e+02
5.000000000000000000e+02
5.000000000000000000e+02
4.946666666666666856e+02
4.960000000000000000e+02
5.800000000000000000e+02
5.800000000000000000e+02
6.080000000000000000e+02
6.040000000000000000e+02
5.880000000000000000e+02
6.253333333333333712e+02
5.600000000000000000e+02
5.040000000000000000e+02
5.120000000000000000e+02
4.960000000000000000e+02
5.080000000000000000e+02
4.960000000000000000e+02
4.920000000000000000e+02
5.000000000000000000e+02
4.960000000000000000e+02
4.920000000000000000e+02
4.880000000000000000e+02
4.880000000000000000e+02
5.920000000000000000e+02
5.960000000000000000e+02
6.080000000000000000e+02
5.000000000000000000e+02
4.960000000000000000e+02
4.840000000000000000e+02
4.920000000000000000e+02
5.040000000000000000e+02
4.960000000000000000e+02
5.000000000000000000e+02
5.000000000000000000e+02
5.000000000000000000e+02
5.000000000000000000e+02
5.080000000000000000e+02
5.120000000000000000e+02
5.530000000000000000e+02
6.120000000000000000e+02
6.080000000000000000e+02
5.400000000000000000e+02
6.080000000000000000e+02
5.426666666666666288e+02
5.120000000000000000e+02
5.040000000000000000e+02
5.040000000000000000e+02
5.000000000000000000e+02
5.000000000000000000e+02
5.150000000000000000e+02
4.960000000000000000e+02
4.890000000000000000e+02
4.893333333333333144e+02
4.880000000000000000e+02
4.920000000000000000e+02
5.000000000000000000e+02
4.973333333333333144e+02
4.973333333333333144e+02
5.000000000000000000e+02
4.960000000000000000e+02
4.880000000000000000e+02
4.880000000000000000e+02
4.840000000000000000e+02
4.880000000000000000e+02
5.080000000000000000e+02
5.080000000000000000e+02
5.160000000000000000e+02
4.960000000000000000e+02
5.080000000000000000e+02
5.480000000000000000e+02
5.546666666666666288e+02
5.480000000000000000e+02
5.520000000000000000e+02
5.490000000000000000e+02
5.880000000000000000e+02
5.970000000000000000e+02
5.320000000000000000e+02
5.160000000000000000e+02
5.160000000000000000e+02
5.160000000000000000e+02
5.170000000000000000e+02
5.200000000000000000e+02
5.330000000000000000e+02
4.900000000000000000e+02
5.000000000000000000e+02
4.900000000000000000e+02
4.850000000000000000e+02
5.000000000000000000e+02
5.000000000000000000e+02
6.360000000000000000e+02
6.680000000000000000e+02
5.280000000000000000e+02
5.160000000000000000e+02
5.080000000000000000e+02
5.240000000000000000e+02
5.200000000000000000e+02
5.200000000000000000e+02
5.340000000000000000e+02
5.120000000000000000e+02
5.880000000000000000e+02
6.000000000000000000e+02
6.000000000000000000e+02
5.840000000000000000e+02
5.030000000000000000e+02
5.840000000000000000e+02
5.840000000000000000e+02
5.080000000000000000e+02
5.760000000000000000e+02
6.040000000000000000e+02
6.000000000000000000e+02
6.040000000000000000e+02
5.160000000000000000e+02
5.280000000000000000e+02
6.226666666666666288e+02
5.240000000000000000e+02
5.280000000000000000e+02
5.160000000000000000e+02
5.333333333333333712e+02
5.610000000000000000e+02
6.540000000000000000e+02
6.530000000000000000e+02
6.560000000000000000e+02
6.680000000000000000e+02
6.760000000000000000e+02
7.960000000000000000e+02
7.960000000000000000e+02
7.693333333333333712e+02
7.960000000000000000e+02
5.240000000000000000e+02
5.200000000000000000e+02
5.200000000000000000e+02
5.190000000000000000e+02
6.240000000000000000e+02
5.760000000000000000e+02
5.666666666666666288e+02
6.053333333333333712e+02
5.730000000000000000e+02
5.826666666666666288e+02
5.840000000000000000e+02
5.790000000000000000e+02
5.600000000000000000e+02
6.220000000000000000e+02
5.173333333333333712e+02
5.280000000000000000e+02
5.050000000000000000e+02
6.490000000000000000e+02
6.480000000000000000e+02
7.920000000000000000e+02
7.960000000000000000e+02
7.960000000000000000e+02
7.680000000000000000e+02
6.800000000000000000e+02
6.840000000000000000e+02
6.640000000000000000e+02
7.960000000000000000e+02
7.960000000000000000e+02
7.960000000000000000e+02
7.920000000000000000e+02
7.960000000000000000e+02
7.960000000000000000e+02
7.960000000000000000e+02
7.960000000000000000e+02
7.960000000000000000e+02
7.340000000000000000e+02
7.400000000000000000e+02
7.960000000000000000e+02
5.560000000000000000e+02
6.670000000000000000e+02
6.780000000000000000e+02
5.613333333333333712e+02
5.826666666666666288e+02
6.573333333333333712e+02
5.120000000000000000e+02
6.786666666666666288e+02
7.430000000000000000e+02
7.480000000000000000e+02
7.500000000000000000e+02
7.960000000000000000e+02
7.960000000000000000e+02
7.960000000000000000e+02
7.960000000000000000e+02
7.960000000000000000e+02
7.960000000000000000e+02
7.960000000000000000e+02
7.960000000000000000e+02
