3.280000000000000000e+02
4.960000000000000000e+02
5.260000000000000000e+02
5.210000000000000000e+02
5.270000000000000000e+02
4.510000000000000000e+02
3.960000000000000000e+02
5.320000000000000000e+02
3.306666666666666856e+02
7.030000000000000000e+02
3.410000000000000000e+02
3.450000000000000000e+02
3.400000000000000000e+02
4.380000000000000000e+02
4.410000000000000000e+02
4.150000000000000000e+02
3.620000000000000000e+02
4.440000000000000000e+02
4.373333333333333144e+02
4.426666666666666856e+02
3.510000000000000000e+02
3.700000000000000000e+02
3.430000000000000000e+02
3.610000000000000000e+02
3.790000000000000000e+02
5.370000000000000000e+02
3.826666666666666856e+02
4.573333333333333144e+02
5.160000000000000000e+02
5.330000000000000000e+02
5.210000000000000000e+02
5.370000000000000000e+02
5.280000000000000000e+02
5.540000000000000000e+02
5.310000000000000000e+02
5.520000000000000000e+02
5.070000000000000000e+02
4.213333333333333144e+02
3.613333333333333144e+02
3.330000000000000000e+02
5.173333333333333712e+02
3.440000000000000000e+02
3.440000000000000000e+02
3.750000000000000000e+02
4.520000000000000000e+02
4.290000000000000000e+02
3.790000000000000000e+02
3.760000000000000000e+02
3.660000000000000000e+02
3.730000000000000000e+02
3.820000000000000000e+02
3.510000000000000000e+02
3.480000000000000000e+02
3.580000000000000000e+02
3.693333333333333144e+02
3.533333333333333144e+02
6.500000000000000000e+02
3.800000000000000000e+02
4.800000000000000000e+02
4.586666666666666856e+02
5.480000000000000000e+02
5.386666666666666288e+02
5.610000000000000000e+02
5.350000000000000000e+02
5.590000000000000000e+02
5.533333333333333712e+02
5.060000000000000000e+02
4.820000000000000000e+02
3.840000000000000000e+02
4.140000000000000000e+02
3.586666666666666856e+02
4.506666666666666856e+02
3.626666666666666856e+02
3.640000000000000000e+02
3.580000000000000000e+02
3.530000000000000000e+02
3.480000000000000000e+02
3.573333333333333144e+02
3.920000000000000000e+02
3.890000000000000000e+02
3.813333333333333144e+02
3.620000000000000000e+02
3.520000000000000000e+02
3.480000000000000000e+02
3.280000000000000000e+02
3.520000000000000000e+02
3.520000000000000000e+02
3.493333333333333144e+02
3.440000000000000000e+02
3.480000000000000000e+02
3.680000000000000000e+02
3.640000000000000000e+02
3.586666666666666856e+02
3.800000000000000000e+02
4.013333333333333144e+02
5.106666666666666856e+02
4.990000000000000000e+02
5.000000000000000000e+02
4.733333333333333144e+02
3.700000000000000000e+02
3.680000000000000000e+02
3.650000000000000000e+02
3.520000000000000000e+02
3.480000000000000000e+02
3.920000000000000000e+02
3.800000000000000000e+02
3.790000000000000000e+02
3.640000000000000000e+02
3.640000000000000000e+02
3.550000000000000000e+02
3.650000000000000000e+02
3.640000000000000000e+02
3.580000000000000000e+02
3.613333333333333144e+02
3.493333333333333144e+02
3.530000000000000000e+02
3.540000000000000000e+02
3.746666666666666856e+02
3.840000000000000000e+02
3.840000000000000000e+02
3.920000000000000000e+02
3.520000000000000000e+02
3.680000000000000000e+02
3.650000000000000000e+02
3.786666666666666856e+02
3.820000000000000000e+02
5.173333333333333712e+02
5.180000000000000000e+02
5.030000000000000000e+02
5.050000000000000000e+02
3.880000000000000000e+02
4.253333333333333144e+02
3.650000000000000000e+02
3.746666666666666856e+02
3.840000000000000000e+02
3.440000000000000000e+02
3.520000000000000000e+02
3.860000000000000000e+02
3.790000000000000000e+02
3.653333333333333144e+02
3.640000000000000000e+02
4.920000000000000000e+02
3.640000000000000000e+02
3.720000000000000000e+02
3.720000000000000000e+02
4.626666666666666856e+02
3.700000000000000000e+02
3.650000000000000000e+02
3.773333333333333144e+02
4.173333333333333144e+02
3.970000000000000000e+02
3.920000000000000000e+02
3.880000000000000000e+02
3.840000000000000000e+02
4.650000000000000000e+02
3.866666666666666856e+02
5.600000000000000000e+02
4.280000000000000000e+02
4.800000000000000000e+02
5.130000000000000000e+02
5.120000000000000000e+02
5.066666666666666856e+02
5.420000000000000000e+02
4.060000000000000000e+02
4.020000000000000000e+02
3.890000000000000000e+02
3.900000000000000000e+02
3.893333333333333144e+02
3.800000000000000000e+02
4.260000000000000000e+02
4.000000000000000000e+02
3.880000000000000000e+02
3.840000000000000000e+02
3.960000000000000000e+02
4.680000000000000000e+02
4.620000000000000000e+02
4.280000000000000000e+02
4.530000000000000000e+02
4.760000000000000000e+02
3.866666666666666856e+02
3.880000000000000000e+02
3.880000000000000000e+02
5.000000000000000000e+02
4.480000000000000000e+02
4.150000000000000000e+02
5.060000000000000000e+02
4.480000000000000000e+02
4.720000000000000000e+02
4.180000000000000000e+02
6.140000000000000000e+02
5.740000000000000000e+02
5.680000000000000000e+02
5.820000000000000000e+02
5.400000000000000000e+02
5.870000000000000000e+02
6.080000000000000000e+02
6.080000000000000000e+02
6.120000000000000000e+02
7.950000000000000000e+02
7.780000000000000000e+02
4.973333333333333144e+02
5.140000000000000000e+02
5.573333333333333712e+02
4.740000000000000000e+02
4.670000000000000000e+02
4.440000000000000000e+02
4.590000000000000000e+02
4.590000000000000000e+02
4.650000000000000000e+02
7.866666666666666288e+02
6.890000000000000000e+02
4.790000000000000000e+02
4.773333333333333144e+02
5.110000000000000000e+02
5.170000000000000000e+02
5.000000000000000000e+02
5.293333333333333712e+02
5.460000000000000000e+02
5.420000000000000000e+02
5.520000000000000000e+02
6.026666666666666288e+02
5.880000000000000000e+02
6.080000000000000000e+02
4.880000000000000000e+02
5.580000000000000000e+02
5.600000000000000000e+02
6.020000000000000000e+02
5.830000000000000000e+02
5.280000000000000000e+02
7.590000000000000000e+02
7.710000000000000000e+02
5.150000000000000000e+02
5.146666666666666288e+02
7.746666666666666288e+02
5.080000000000000000e+02
7.800000000000000000e+02
7.300000000000000000e+02
7.000000000000000000e+02
6.160000000000000000e+02
7.760000000000000000e+02
7.613333333333333712e+02
7.090000000000000000e+02
5.960000000000000000e+02
7.560000000000000000e+02
6.960000000000000000e+02
6.880000000000000000e+02
5.480000000000000000e+02
6.760000000000000000e+02
7.140000000000000000e+02
5.620000000000000000e+02
6.040000000000000000e+02
5.950000000000000000e+02
6.050000000000000000e+02
6.130000000000000000e+02
5.910000000000000000e+02
6.180000000000000000e+02
