5.370000000000000000e+02
5.180000000000000000e+02
5.220000000000000000e+02
5.030000000000000000e+02
5.100000000000000000e+02
5.210000000000000000e+02
4.333333333333333144e+02
7.380000000000000000e+02
3.920000000000000000e+02
3.410000000000000000e+02
3.450000000000000000e+02
3.460000000000000000e+02
3.400000000000000000e+02
4.420000000000000000e+02
4.410000000000000000e+02
4.360000000000000000e+02
3.580000000000000000e+02
4.440000000000000000e+02
4.440000000000000000e+02
4.380000000000000000e+02
3.510000000000000000e+02
3.400000000000000000e+02
3.700000000000000000e+02
3.620000000000000000e+02
3.760000000000000000e+02
5.306666666666666288e+02
6.160000000000000000e+02
4.053333333333333144e+02
5.493333333333333712e+02
4.160000000000000000e+02
5.210000000000000000e+02
5.200000000000000000e+02
5.140000000000000000e+02
4.960000000000000000e+02
5.380000000000000000e+02
5.330000000000000000e+02
5.370000000000000000e+02
3.960000000000000000e+02
3.490000000000000000e+02
5.453333333333333712e+02
2.720000000000000000e+02
3.440000000000000000e+02
3.740000000000000000e+02
3.440000000000000000e+02
4.520000000000000000e+02
4.150000000000000000e+02
3.810000000000000000e+02
3.740000000000000000e+02
3.740000000000000000e+02
3.760000000000000000e+02
3.453333333333333144e+02
3.480000000000000000e+02
3.520000000000000000e+02
3.590000000000000000e+02
3.630000000000000000e+02
3.533333333333333144e+02
6.320000000000000000e+02
5.140000000000000000e+02
4.800000000000000000e+02
3.990000000000000000e+02
5.480000000000000000e+02
5.386666666666666288e+02
5.610000000000000000e+02
5.360000000000000000e+02
5.120000000000000000e+02
5.440000000000000000e+02
5.060000000000000000e+02
5.600000000000000000e+02
4.733333333333333144e+02
4.140000000000000000e+02
3.690000000000000000e+02
3.630000000000000000e+02
3.640000000000000000e+02
3.640000000000000000e+02
3.590000000000000000e+02
3.510000000000000000e+02
3.480000000000000000e+02
3.490000000000000000e+02
3.813333333333333144e+02
3.880000000000000000e+02
3.800000000000000000e+02
3.640000000000000000e+02
3.550000000000000000e+02
3.480000000000000000e+02
3.530000000000000000e+02
3.546666666666666856e+02
3.520000000000000000e+02
3.390000000000000000e+02
3.400000000000000000e+02
3.440000000000000000e+02
3.670000000000000000e+02
3.680000000000000000e+02
3.780000000000000000e+02
3.800000000000000000e+02
4.040000000000000000e+02
4.800000000000000000e+02
5.050000000000000000e+02
4.893333333333333144e+02
4.770000000000000000e+02
3.680000000000000000e+02
3.680000000000000000e+02
3.640000000000000000e+02
3.520000000000000000e+02
3.480000000000000000e+02
3.160000000000000000e+02
3.800000000000000000e+02
3.790000000000000000e+02
3.630000000000000000e+02
3.640000000000000000e+02
3.640000000000000000e+02
3.610000000000000000e+02
3.666666666666666856e+02
3.626666666666666856e+02
3.626666666666666856e+02
3.390000000000000000e+02
3.520000000000000000e+02
3.520000000000000000e+02
3.866666666666666856e+02
3.830000000000000000e+02
3.840000000000000000e+02
3.610000000000000000e+02
3.520000000000000000e+02
3.680000000000000000e+02
3.650000000000000000e+02
3.546666666666666856e+02
2.930000000000000000e+02
3.820000000000000000e+02
5.180000000000000000e+02
4.860000000000000000e+02
5.070000000000000000e+02
3.880000000000000000e+02
3.853333333333333144e+02
3.650000000000000000e+02
3.720000000000000000e+02
3.840000000000000000e+02
3.800000000000000000e+02
3.826666666666666856e+02
3.880000000000000000e+02
3.800000000000000000e+02
3.653333333333333144e+02
3.640000000000000000e+02
3.610000000000000000e+02
3.653333333333333144e+02
4.220000000000000000e+02
4.400000000000000000e+02
4.410000000000000000e+02
3.660000000000000000e+02
3.706666666666666856e+02
3.730000000000000000e+02
4.050000000000000000e+02
3.970000000000000000e+02
3.920000000000000000e+02
3.900000000000000000e+02
3.880000000000000000e+02
3.860000000000000000e+02
3.880000000000000000e+02
4.293333333333333144e+02
5.510000000000000000e+02
5.180000000000000000e+02
5.180000000000000000e+02
5.200000000000000000e+02
5.680000000000000000e+02
5.940000000000000000e+02
4.060000000000000000e+02
4.000000000000000000e+02
3.880000000000000000e+02
4.150000000000000000e+02
3.893333333333333144e+02
3.840000000000000000e+02
3.830000000000000000e+02
4.000000000000000000e+02
3.880000000000000000e+02
3.770000000000000000e+02
3.866666666666666856e+02
4.173333333333333144e+02
4.550000000000000000e+02
4.453333333333333144e+02
4.560000000000000000e+02
4.700000000000000000e+02
3.880000000000000000e+02
4.120000000000000000e+02
3.880000000000000000e+02
5.080000000000000000e+02
5.100000000000000000e+02
4.250000000000000000e+02
5.180000000000000000e+02
5.093333333333333144e+02
4.720000000000000000e+02
4.740000000000000000e+02
6.140000000000000000e+02
5.413333333333333712e+02
5.680000000000000000e+02
5.850000000000000000e+02
5.400000000000000000e+02
5.920000000000000000e+02
5.960000000000000000e+02
5.880000000000000000e+02
7.310000000000000000e+02
7.960000000000000000e+02
7.960000000000000000e+02
5.120000000000000000e+02
5.140000000000000000e+02
4.780000000000000000e+02
4.740000000000000000e+02
4.590000000000000000e+02
4.400000000000000000e+02
4.586666666666666856e+02
4.640000000000000000e+02
5.390000000000000000e+02
7.640000000000000000e+02
6.910000000000000000e+02
4.906666666666666856e+02
2.720000000000000000e+02
5.120000000000000000e+02
5.170000000000000000e+02
5.090000000000000000e+02
5.580000000000000000e+02
5.140000000000000000e+02
6.093333333333333712e+02
5.866666666666666288e+02
4.460000000000000000e+02
5.880000000000000000e+02
5.813333333333333712e+02
5.740000000000000000e+02
5.720000000000000000e+02
5.800000000000000000e+02
5.720000000000000000e+02
5.586666666666666288e+02
6.400000000000000000e+02
7.480000000000000000e+02
5.880000000000000000e+02
5.360000000000000000e+02
4.946666666666666856e+02
6.840000000000000000e+02
5.080000000000000000e+02
5.920000000000000000e+02
7.300000000000000000e+02
7.290000000000000000e+02
6.180000000000000000e+02
7.140000000000000000e+02
7.310000000000000000e+02
7.090000000000000000e+02
4.946666666666666856e+02
5.960000000000000000e+02
6.880000000000000000e+02
7.546666666666666288e+02
6.880000000000000000e+02
6.760000000000000000e+02
5.266666666666666288e+02
7.200000000000000000e+02
7.090000000000000000e+02
5.560000000000000000e+02
6.000000000000000000e+02
6.270000000000000000e+02
6.260000000000000000e+02
6.180000000000000000e+02
