6.013333333333333712e+02
6.100000000000000000e+02
5.630000000000000000e+02
6.120000000000000000e+02
5.640000000000000000e+02
4.480000000000000000e+02
5.560000000000000000e+02
5.600000000000000000e+02
5.720000000000000000e+02
5.493333333333333712e+02
5.570000000000000000e+02
4.880000000000000000e+02
4.800000000000000000e+02
5.026666666666666856e+02
5.290000000000000000e+02
4.813333333333333144e+02
4.740000000000000000e+02
4.920000000000000000e+02
4.920000000000000000e+02
4.740000000000000000e+02
4.610000000000000000e+02
5.010000000000000000e+02
5.310000000000000000e+02
5.160000000000000000e+02
5.133333333333333712e+02
5.520000000000000000e+02
5.390000000000000000e+02
5.530000000000000000e+02
5.280000000000000000e+02
5.226666666666666288e+02
6.030000000000000000e+02
5.980000000000000000e+02
5.600000000000000000e+02
5.580000000000000000e+02
5.560000000000000000e+02
4.960000000000000000e+02
5.580000000000000000e+02
5.680000000000000000e+02
5.190000000000000000e+02
5.226666666666666288e+02
5.220000000000000000e+02
5.440000000000000000e+02
4.870000000000000000e+02
4.720000000000000000e+02
4.640000000000000000e+02
4.600000000000000000e+02
4.600000000000000000e+02
4.730000000000000000e+02
4.560000000000000000e+02
4.520000000000000000e+02
4.450000000000000000e+02
4.506666666666666856e+02
4.760000000000000000e+02
4.730000000000000000e+02
4.280000000000000000e+02
4.320000000000000000e+02
4.240000000000000000e+02
4.220000000000000000e+02
4.240000000000000000e+02
4.210000000000000000e+02
5.860000000000000000e+02
6.090000000000000000e+02
5.390000000000000000e+02
5.660000000000000000e+02
5.586666666666666288e+02
5.773333333333333712e+02
4.760000000000000000e+02
4.120000000000000000e+02
4.240000000000000000e+02
4.160000000000000000e+02
4.200000000000000000e+02
4.080000000000000000e+02
4.120000000000000000e+02
4.200000000000000000e+02
4.240000000000000000e+02
4.013333333333333144e+02
4.040000000000000000e+02
4.500000000000000000e+02
4.080000000000000000e+02
4.490000000000000000e+02
4.540000000000000000e+02
4.080000000000000000e+02
4.090000000000000000e+02
4.120000000000000000e+02
4.160000000000000000e+02
4.200000000000000000e+02
4.190000000000000000e+02
4.160000000000000000e+02
4.190000000000000000e+02
4.080000000000000000e+02
4.140000000000000000e+02
4.160000000000000000e+02
4.170000000000000000e+02
4.200000000000000000e+02
4.900000000000000000e+02
5.760000000000000000e+02
5.560000000000000000e+02
5.600000000000000000e+02
4.220000000000000000e+02
4.160000000000000000e+02
4.140000000000000000e+02
4.150000000000000000e+02
4.093333333333333144e+02
4.080000000000000000e+02
4.110000000000000000e+02
4.170000000000000000e+02
4.160000000000000000e+02
4.120000000000000000e+02
4.120000000000000000e+02
4.210000000000000000e+02
4.100000000000000000e+02
4.760000000000000000e+02
4.386666666666666856e+02
4.280000000000000000e+02
4.200000000000000000e+02
4.200000000000000000e+02
4.200000000000000000e+02
4.160000000000000000e+02
4.200000000000000000e+02
4.213333333333333144e+02
4.026666666666666856e+02
4.120000000000000000e+02
4.020000000000000000e+02
4.200000000000000000e+02
4.170000000000000000e+02
4.160000000000000000e+02
5.600000000000000000e+02
4.980000000000000000e+02
5.560000000000000000e+02
5.600000000000000000e+02
4.980000000000000000e+02
5.420000000000000000e+02
4.170000000000000000e+02
4.200000000000000000e+02
4.200000000000000000e+02
4.280000000000000000e+02
4.320000000000000000e+02
4.230000000000000000e+02
4.250000000000000000e+02
4.160000000000000000e+02
4.220000000000000000e+02
4.200000000000000000e+02
4.340000000000000000e+02
4.560000000000000000e+02
4.560000000000000000e+02
4.560000000000000000e+02
4.500000000000000000e+02
4.160000000000000000e+02
4.370000000000000000e+02
4.250000000000000000e+02
4.280000000000000000e+02
4.280000000000000000e+02
4.270000000000000000e+02
4.240000000000000000e+02
4.240000000000000000e+02
5.760000000000000000e+02
5.770000000000000000e+02
5.570000000000000000e+02
5.653333333333333712e+02
5.540000000000000000e+02
5.630000000000000000e+02
5.690000000000000000e+02
5.740000000000000000e+02
5.706666666666666288e+02
5.360000000000000000e+02
5.630000000000000000e+02
4.260000000000000000e+02
4.120000000000000000e+02
4.150000000000000000e+02
4.170000000000000000e+02
4.080000000000000000e+02
4.080000000000000000e+02
4.120000000000000000e+02
4.560000000000000000e+02
4.450000000000000000e+02
4.386666666666666856e+02
5.240000000000000000e+02
4.200000000000000000e+02
4.430000000000000000e+02
5.010000000000000000e+02
4.930000000000000000e+02
4.800000000000000000e+02
4.860000000000000000e+02
5.200000000000000000e+02
5.450000000000000000e+02
5.820000000000000000e+02
5.710000000000000000e+02
5.893333333333333712e+02
6.013333333333333712e+02
5.760000000000000000e+02
5.670000000000000000e+02
5.680000000000000000e+02
5.680000000000000000e+02
5.740000000000000000e+02
5.840000000000000000e+02
5.426666666666666288e+02
6.140000000000000000e+02
5.720000000000000000e+02
5.613333333333333712e+02
5.600000000000000000e+02
5.690000000000000000e+02
4.960000000000000000e+02
4.960000000000000000e+02
5.020000000000000000e+02
4.900000000000000000e+02
4.870000000000000000e+02
4.880000000000000000e+02
5.920000000000000000e+02
5.540000000000000000e+02
6.146666666666666288e+02
5.290000000000000000e+02
5.400000000000000000e+02
5.300000000000000000e+02
5.260000000000000000e+02
6.133333333333333712e+02
6.520000000000000000e+02
5.693333333333333712e+02
5.690000000000000000e+02
5.560000000000000000e+02
6.120000000000000000e+02
6.320000000000000000e+02
5.630000000000000000e+02
5.733333333333333712e+02
5.690000000000000000e+02
5.690000000000000000e+02
5.670000000000000000e+02
5.830000000000000000e+02
6.200000000000000000e+02
6.190000000000000000e+02
5.780000000000000000e+02
5.760000000000000000e+02
5.840000000000000000e+02
5.960000000000000000e+02
6.100000000000000000e+02
5.220000000000000000e+02
6.093333333333333712e+02
7.050000000000000000e+02
4.970000000000000000e+02
6.580000000000000000e+02
6.920000000000000000e+02
6.906666666666666288e+02
7.120000000000000000e+02
6.650000000000000000e+02
6.290000000000000000e+02
4.720000000000000000e+02
6.053333333333333712e+02
6.020000000000000000e+02
6.893333333333333712e+02
5.630000000000000000e+02
7.400000000000000000e+02
5.730000000000000000e+02
5.900000000000000000e+02
5.650000000000000000e+02
5.690000000000000000e+02
5.680000000000000000e+02
5.690000000000000000e+02
