5.000000000000000000e+02
5.180000000000000000e+02
5.170000000000000000e+02
5.210000000000000000e+02
4.573333333333333144e+02
5.200000000000000000e+02
3.880000000000000000e+02
5.320000000000000000e+02
3.306666666666666856e+02
3.410000000000000000e+02
3.410000000000000000e+02
3.460000000000000000e+02
3.440000000000000000e+02
3.746666666666666856e+02
4.210000000000000000e+02
4.360000000000000000e+02
3.580000000000000000e+02
4.400000000000000000e+02
4.470000000000000000e+02
4.380000000000000000e+02
3.510000000000000000e+02
3.560000000000000000e+02
3.700000000000000000e+02
3.610000000000000000e+02
3.813333333333333144e+02
5.370000000000000000e+02
3.840000000000000000e+02
4.573333333333333144e+02
4.680000000000000000e+02
5.310000000000000000e+02
5.410000000000000000e+02
5.370000000000000000e+02
5.200000000000000000e+02
4.960000000000000000e+02
5.310000000000000000e+02
5.500000000000000000e+02
5.540000000000000000e+02
5.450000000000000000e+02
3.586666666666666856e+02
3.330000000000000000e+02
7.020000000000000000e+02
3.400000000000000000e+02
3.740000000000000000e+02
3.750000000000000000e+02
4.493333333333333144e+02
4.050000000000000000e+02
3.830000000000000000e+02
3.820000000000000000e+02
3.680000000000000000e+02
3.680000000000000000e+02
3.453333333333333144e+02
3.986666666666666856e+02
3.500000000000000000e+02
3.590000000000000000e+02
3.693333333333333144e+02
3.210000000000000000e+02
6.320000000000000000e+02
5.140000000000000000e+02
4.800000000000000000e+02
3.990000000000000000e+02
5.450000000000000000e+02
5.386666666666666288e+02
5.280000000000000000e+02
5.360000000000000000e+02
5.120000000000000000e+02
5.440000000000000000e+02
3.826666666666666856e+02
5.600000000000000000e+02
3.660000000000000000e+02
3.970000000000000000e+02
3.920000000000000000e+02
4.506666666666666856e+02
3.626666666666666856e+02
3.510000000000000000e+02
3.560000000000000000e+02
3.470000000000000000e+02
3.470000000000000000e+02
3.480000000000000000e+02
3.813333333333333144e+02
3.840000000000000000e+02
3.893333333333333144e+02
3.680000000000000000e+02
3.520000000000000000e+02
3.520000000000000000e+02
3.530000000000000000e+02
3.520000000000000000e+02
3.520000000000000000e+02
3.520000000000000000e+02
3.440000000000000000e+02
3.470000000000000000e+02
3.670000000000000000e+02
3.680000000000000000e+02
3.586666666666666856e+02
3.980000000000000000e+02
4.030000000000000000e+02
5.106666666666666856e+02
4.990000000000000000e+02
4.990000000000000000e+02
4.733333333333333144e+02
3.700000000000000000e+02
3.346666666666666856e+02
3.640000000000000000e+02
3.520000000000000000e+02
3.450000000000000000e+02
3.160000000000000000e+02
3.800000000000000000e+02
4.020000000000000000e+02
3.640000000000000000e+02
3.640000000000000000e+02
3.540000000000000000e+02
3.640000000000000000e+02
3.666666666666666856e+02
3.613333333333333144e+02
3.640000000000000000e+02
3.493333333333333144e+02
3.530000000000000000e+02
3.540000000000000000e+02
3.880000000000000000e+02
3.840000000000000000e+02
3.853333333333333144e+02
3.920000000000000000e+02
3.360000000000000000e+02
3.680000000000000000e+02
4.060000000000000000e+02
3.786666666666666856e+02
3.820000000000000000e+02
5.170000000000000000e+02
5.040000000000000000e+02
5.070000000000000000e+02
5.050000000000000000e+02
3.860000000000000000e+02
3.853333333333333144e+02
3.650000000000000000e+02
3.720000000000000000e+02
3.840000000000000000e+02
3.800000000000000000e+02
3.840000000000000000e+02
3.880000000000000000e+02
3.640000000000000000e+02
3.660000000000000000e+02
3.626666666666666856e+02
3.610000000000000000e+02
3.653333333333333144e+02
4.706666666666666856e+02
3.720000000000000000e+02
4.626666666666666856e+02
3.700000000000000000e+02
3.680000000000000000e+02
3.750000000000000000e+02
4.050000000000000000e+02
3.980000000000000000e+02
3.880000000000000000e+02
3.880000000000000000e+02
3.870000000000000000e+02
3.870000000000000000e+02
3.880000000000000000e+02
5.600000000000000000e+02
3.960000000000000000e+02
5.180000000000000000e+02
5.000000000000000000e+02
5.120000000000000000e+02
5.680000000000000000e+02
5.160000000000000000e+02
4.060000000000000000e+02
4.020000000000000000e+02
3.893333333333333144e+02
3.880000000000000000e+02
3.880000000000000000e+02
4.070000000000000000e+02
4.260000000000000000e+02
4.000000000000000000e+02
3.880000000000000000e+02
3.760000000000000000e+02
4.040000000000000000e+02
3.940000000000000000e+02
4.590000000000000000e+02
4.453333333333333144e+02
4.560000000000000000e+02
4.700000000000000000e+02
4.120000000000000000e+02
3.920000000000000000e+02
3.880000000000000000e+02
5.000000000000000000e+02
4.040000000000000000e+02
4.893333333333333144e+02
5.026666666666666856e+02
4.586666666666666856e+02
5.890000000000000000e+02
4.180000000000000000e+02
6.053333333333333712e+02
5.880000000000000000e+02
5.306666666666666288e+02
5.870000000000000000e+02
5.400000000000000000e+02
4.520000000000000000e+02
6.080000000000000000e+02
6.080000000000000000e+02
6.653333333333333712e+02
7.960000000000000000e+02
7.780000000000000000e+02
4.973333333333333144e+02
5.140000000000000000e+02
5.573333333333333712e+02
4.740000000000000000e+02
4.590000000000000000e+02
4.450000000000000000e+02
4.530000000000000000e+02
4.590000000000000000e+02
4.560000000000000000e+02
7.866666666666666288e+02
4.760000000000000000e+02
5.360000000000000000e+02
2.720000000000000000e+02
4.906666666666666856e+02
5.120000000000000000e+02
5.040000000000000000e+02
4.280000000000000000e+02
5.140000000000000000e+02
7.830000000000000000e+02
5.866666666666666288e+02
4.460000000000000000e+02
5.620000000000000000e+02
6.010000000000000000e+02
5.906666666666666288e+02
5.580000000000000000e+02
5.800000000000000000e+02
6.120000000000000000e+02
5.586666666666666288e+02
5.280000000000000000e+02
5.453333333333333712e+02
5.880000000000000000e+02
4.946666666666666856e+02
5.280000000000000000e+02
7.670000000000000000e+02
5.106666666666666856e+02
5.010000000000000000e+02
5.920000000000000000e+02
7.290000000000000000e+02
6.570000000000000000e+02
7.760000000000000000e+02
4.160000000000000000e+02
7.280000000000000000e+02
5.190000000000000000e+02
6.830000000000000000e+02
6.380000000000000000e+02
7.546666666666666288e+02
6.980000000000000000e+02
7.210000000000000000e+02
5.266666666666666288e+02
5.620000000000000000e+02
5.600000000000000000e+02
5.840000000000000000e+02
5.706666666666666288e+02
6.270000000000000000e+02
5.910000000000000000e+02
6.040000000000000000e+02
