4.640000000000000000e+02
4.613333333333333144e+02
6.800000000000000000e+02
4.960000000000000000e+02
4.880000000000000000e+02
4.840000000000000000e+02
4.800000000000000000e+02
4.800000000000000000e+02
4.760000000000000000e+02
4.760000000000000000e+02
4.830000000000000000e+02
4.760000000000000000e+02
4.280000000000000000e+02
3.973333333333333144e+02
4.130000000000000000e+02
4.613333333333333144e+02
4.360000000000000000e+02
4.220000000000000000e+02
4.220000000000000000e+02
4.180000000000000000e+02
4.080000000000000000e+02
4.820000000000000000e+02
4.790000000000000000e+02
4.900000000000000000e+02
4.880000000000000000e+02
4.930000000000000000e+02
4.910000000000000000e+02
4.880000000000000000e+02
4.560000000000000000e+02
4.670000000000000000e+02
4.760000000000000000e+02
4.720000000000000000e+02
4.600000000000000000e+02
4.650000000000000000e+02
6.426666666666666288e+02
4.950000000000000000e+02
6.030000000000000000e+02
4.893333333333333144e+02
4.880000000000000000e+02
4.830000000000000000e+02
4.160000000000000000e+02
4.240000000000000000e+02
4.280000000000000000e+02
3.920000000000000000e+02
4.310000000000000000e+02
4.130000000000000000e+02
4.560000000000000000e+02
4.070000000000000000e+02
4.600000000000000000e+02
3.750000000000000000e+02
3.750000000000000000e+02
3.720000000000000000e+02
3.750000000000000000e+02
4.320000000000000000e+02
3.880000000000000000e+02
3.590000000000000000e+02
4.190000000000000000e+02
3.680000000000000000e+02
4.840000000000000000e+02
3.690000000000000000e+02
5.773333333333333712e+02
6.613333333333333712e+02
7.350000000000000000e+02
5.170000000000000000e+02
4.040000000000000000e+02
3.790000000000000000e+02
3.680000000000000000e+02
3.626666666666666856e+02
3.680000000000000000e+02
3.700000000000000000e+02
3.640000000000000000e+02
3.670000000000000000e+02
3.660000000000000000e+02
3.480000000000000000e+02
4.000000000000000000e+02
3.800000000000000000e+02
3.630000000000000000e+02
3.946666666666666856e+02
3.880000000000000000e+02
4.653333333333333144e+02
3.920000000000000000e+02
3.880000000000000000e+02
4.360000000000000000e+02
3.850000000000000000e+02
3.510000000000000000e+02
3.540000000000000000e+02
3.530000000000000000e+02
3.386666666666666856e+02
3.700000000000000000e+02
3.640000000000000000e+02
4.360000000000000000e+02
3.720000000000000000e+02
3.840000000000000000e+02
4.493333333333333144e+02
4.053333333333333144e+02
3.600000000000000000e+02
3.560000000000000000e+02
3.520000000000000000e+02
3.130000000000000000e+02
3.260000000000000000e+02
3.230000000000000000e+02
7.426666666666666288e+02
3.630000000000000000e+02
3.490000000000000000e+02
3.320000000000000000e+02
3.440000000000000000e+02
3.380000000000000000e+02
3.250000000000000000e+02
3.900000000000000000e+02
3.660000000000000000e+02
4.150000000000000000e+02
3.880000000000000000e+02
3.760000000000000000e+02
3.900000000000000000e+02
3.626666666666666856e+02
3.560000000000000000e+02
3.640000000000000000e+02
3.586666666666666856e+02
3.510000000000000000e+02
3.600000000000000000e+02
3.480000000000000000e+02
3.590000000000000000e+02
3.560000000000000000e+02
3.640000000000000000e+02
3.320000000000000000e+02
3.480000000000000000e+02
3.600000000000000000e+02
3.600000000000000000e+02
3.640000000000000000e+02
3.600000000000000000e+02
3.390000000000000000e+02
3.380000000000000000e+02
3.400000000000000000e+02
3.680000000000000000e+02
3.610000000000000000e+02
3.560000000000000000e+02
3.550000000000000000e+02
3.520000000000000000e+02
3.520000000000000000e+02
3.540000000000000000e+02
3.746666666666666856e+02
3.990000000000000000e+02
4.090000000000000000e+02
3.890000000000000000e+02
3.890000000000000000e+02
4.090000000000000000e+02
3.860000000000000000e+02
3.620000000000000000e+02
4.586666666666666856e+02
3.520000000000000000e+02
3.400000000000000000e+02
3.480000000000000000e+02
3.706666666666666856e+02
3.760000000000000000e+02
3.680000000000000000e+02
3.680000000000000000e+02
3.640000000000000000e+02
3.630000000000000000e+02
3.580000000000000000e+02
3.506666666666666856e+02
3.690000000000000000e+02
3.510000000000000000e+02
4.850000000000000000e+02
3.690000000000000000e+02
3.650000000000000000e+02
3.640000000000000000e+02
3.666666666666666856e+02
3.670000000000000000e+02
3.666666666666666856e+02
3.610000000000000000e+02
3.813333333333333144e+02
5.120000000000000000e+02
5.050000000000000000e+02
3.680000000000000000e+02
4.360000000000000000e+02
4.470000000000000000e+02
5.020000000000000000e+02
4.400000000000000000e+02
4.400000000000000000e+02
4.700000000000000000e+02
4.120000000000000000e+02
4.160000000000000000e+02
4.260000000000000000e+02
4.320000000000000000e+02
4.280000000000000000e+02
3.680000000000000000e+02
3.710000000000000000e+02
3.680000000000000000e+02
3.680000000000000000e+02
3.600000000000000000e+02
3.706666666666666856e+02
5.106666666666666856e+02
5.110000000000000000e+02
4.960000000000000000e+02
5.100000000000000000e+02
3.750000000000000000e+02
3.720000000000000000e+02
4.810000000000000000e+02
4.470000000000000000e+02
4.430000000000000000e+02
3.906666666666666856e+02
4.293333333333333144e+02
4.080000000000000000e+02
4.186666666666666856e+02
4.430000000000000000e+02
4.666666666666666856e+02
4.900000000000000000e+02
5.070000000000000000e+02
4.800000000000000000e+02
5.100000000000000000e+02
4.186666666666666856e+02
4.810000000000000000e+02
4.820000000000000000e+02
4.170000000000000000e+02
4.493333333333333144e+02
4.360000000000000000e+02
4.360000000000000000e+02
4.760000000000000000e+02
4.720000000000000000e+02
4.780000000000000000e+02
5.340000000000000000e+02
5.093333333333333144e+02
4.960000000000000000e+02
4.920000000000000000e+02
4.973333333333333144e+02
5.350000000000000000e+02
4.870000000000000000e+02
4.960000000000000000e+02
4.830000000000000000e+02
4.720000000000000000e+02
4.770000000000000000e+02
4.890000000000000000e+02
4.700000000000000000e+02
4.980000000000000000e+02
5.133333333333333712e+02
4.980000000000000000e+02
4.840000000000000000e+02
4.900000000000000000e+02
5.160000000000000000e+02
5.240000000000000000e+02
4.840000000000000000e+02
4.986666666666666856e+02
4.960000000000000000e+02
4.840000000000000000e+02
6.780000000000000000e+02
5.030000000000000000e+02
5.453333333333333712e+02
4.890000000000000000e+02
5.746666666666666288e+02
5.090000000000000000e+02
5.293333333333333712e+02
5.140000000000000000e+02
6.980000000000000000e+02
6.933333333333333712e+02
5.130000000000000000e+02
4.900000000000000000e+02
