5.190000000000000000e+02
5.280000000000000000e+02
5.130000000000000000e+02
5.210000000000000000e+02
4.800000000000000000e+02
5.200000000000000000e+02
5.160000000000000000e+02
5.300000000000000000e+02
3.730000000000000000e+02
6.470000000000000000e+02
3.640000000000000000e+02
3.460000000000000000e+02
3.400000000000000000e+02
4.380000000000000000e+02
4.410000000000000000e+02
4.520000000000000000e+02
3.680000000000000000e+02
4.100000000000000000e+02
4.360000000000000000e+02
4.360000000000000000e+02
3.586666666666666856e+02
3.700000000000000000e+02
3.380000000000000000e+02
3.510000000000000000e+02
3.760000000000000000e+02
5.306666666666666288e+02
3.840000000000000000e+02
4.580000000000000000e+02
5.110000000000000000e+02
5.310000000000000000e+02
5.333333333333333712e+02
5.440000000000000000e+02
5.280000000000000000e+02
4.560000000000000000e+02
5.310000000000000000e+02
5.520000000000000000e+02
5.540000000000000000e+02
4.213333333333333144e+02
3.586666666666666856e+02
5.453333333333333712e+02
3.730000000000000000e+02
3.400000000000000000e+02
3.740000000000000000e+02
3.440000000000000000e+02
4.480000000000000000e+02
4.100000000000000000e+02
3.870000000000000000e+02
3.760000000000000000e+02
3.680000000000000000e+02
3.730000000000000000e+02
3.453333333333333144e+02
3.480000000000000000e+02
3.520000000000000000e+02
3.600000000000000000e+02
3.666666666666666856e+02
3.670000000000000000e+02
5.253333333333333712e+02
3.800000000000000000e+02
4.800000000000000000e+02
3.990000000000000000e+02
5.050000000000000000e+02
5.090000000000000000e+02
5.610000000000000000e+02
5.360000000000000000e+02
5.590000000000000000e+02
5.610000000000000000e+02
5.420000000000000000e+02
5.586666666666666288e+02
3.906666666666666856e+02
3.973333333333333144e+02
3.690000000000000000e+02
3.490000000000000000e+02
3.680000000000000000e+02
3.640000000000000000e+02
3.560000000000000000e+02
3.510000000000000000e+02
3.470000000000000000e+02
3.470000000000000000e+02
3.760000000000000000e+02
4.200000000000000000e+02
3.893333333333333144e+02
3.600000000000000000e+02
3.520000000000000000e+02
3.480000000000000000e+02
3.480000000000000000e+02
3.520000000000000000e+02
3.520000000000000000e+02
3.390000000000000000e+02
3.450000000000000000e+02
3.480000000000000000e+02
3.540000000000000000e+02
3.640000000000000000e+02
3.600000000000000000e+02
3.800000000000000000e+02
5.170000000000000000e+02
5.106666666666666856e+02
5.050000000000000000e+02
5.000000000000000000e+02
3.866666666666666856e+02
3.790000000000000000e+02
3.680000000000000000e+02
3.640000000000000000e+02
3.520000000000000000e+02
3.480000000000000000e+02
3.920000000000000000e+02
3.840000000000000000e+02
3.790000000000000000e+02
3.640000000000000000e+02
3.550000000000000000e+02
3.560000000000000000e+02
3.610000000000000000e+02
4.690000000000000000e+02
3.613333333333333144e+02
3.640000000000000000e+02
3.493333333333333144e+02
3.530000000000000000e+02
3.540000000000000000e+02
3.746666666666666856e+02
3.840000000000000000e+02
3.840000000000000000e+02
3.930000000000000000e+02
3.520000000000000000e+02
3.680000000000000000e+02
4.060000000000000000e+02
3.746666666666666856e+02
3.820000000000000000e+02
5.050000000000000000e+02
4.770000000000000000e+02
5.120000000000000000e+02
5.050000000000000000e+02
5.090000000000000000e+02
3.813333333333333144e+02
3.680000000000000000e+02
3.720000000000000000e+02
3.840000000000000000e+02
3.800000000000000000e+02
3.840000000000000000e+02
3.840000000000000000e+02
3.760000000000000000e+02
3.653333333333333144e+02
3.640000000000000000e+02
3.530000000000000000e+02
3.740000000000000000e+02
4.706666666666666856e+02
4.400000000000000000e+02
4.626666666666666856e+02
3.700000000000000000e+02
3.680000000000000000e+02
3.773333333333333144e+02
3.790000000000000000e+02
3.960000000000000000e+02
3.880000000000000000e+02
3.840000000000000000e+02
3.880000000000000000e+02
3.870000000000000000e+02
3.870000000000000000e+02
5.600000000000000000e+02
4.280000000000000000e+02
5.180000000000000000e+02
5.130000000000000000e+02
5.160000000000000000e+02
5.066666666666666856e+02
5.420000000000000000e+02
4.040000000000000000e+02
4.010000000000000000e+02
3.920000000000000000e+02
3.880000000000000000e+02
3.880000000000000000e+02
3.840000000000000000e+02
4.026666666666666856e+02
4.306666666666666856e+02
3.880000000000000000e+02
3.770000000000000000e+02
3.866666666666666856e+02
3.910000000000000000e+02
4.550000000000000000e+02
4.453333333333333144e+02
4.560000000000000000e+02
4.700000000000000000e+02
4.120000000000000000e+02
4.120000000000000000e+02
5.053333333333333144e+02
5.080000000000000000e+02
4.240000000000000000e+02
4.700000000000000000e+02
5.180000000000000000e+02
5.360000000000000000e+02
5.746666666666666288e+02
6.020000000000000000e+02
6.140000000000000000e+02
5.880000000000000000e+02
5.306666666666666288e+02
5.870000000000000000e+02
5.426666666666666288e+02
5.870000000000000000e+02
6.080000000000000000e+02
6.140000000000000000e+02
6.346666666666666288e+02
7.190000000000000000e+02
7.880000000000000000e+02
4.973333333333333144e+02
4.790000000000000000e+02
5.080000000000000000e+02
4.970000000000000000e+02
4.590000000000000000e+02
4.450000000000000000e+02
4.540000000000000000e+02
4.590000000000000000e+02
4.560000000000000000e+02
4.480000000000000000e+02
6.910000000000000000e+02
5.360000000000000000e+02
4.786666666666666856e+02
4.800000000000000000e+02
5.170000000000000000e+02
5.000000000000000000e+02
4.640000000000000000e+02
7.690000000000000000e+02
6.510000000000000000e+02
5.520000000000000000e+02
6.026666666666666288e+02
5.973333333333333712e+02
6.080000000000000000e+02
4.880000000000000000e+02
5.980000000000000000e+02
5.770000000000000000e+02
6.000000000000000000e+02
4.733333333333333144e+02
5.280000000000000000e+02
5.453333333333333712e+02
7.710000000000000000e+02
5.150000000000000000e+02
5.280000000000000000e+02
5.400000000000000000e+02
5.160000000000000000e+02
5.010000000000000000e+02
7.300000000000000000e+02
7.110000000000000000e+02
7.666666666666666288e+02
7.140000000000000000e+02
7.310000000000000000e+02
7.000000000000000000e+02
4.946666666666666856e+02
5.960000000000000000e+02
6.380000000000000000e+02
6.880000000000000000e+02
6.880000000000000000e+02
6.760000000000000000e+02
4.860000000000000000e+02
7.200000000000000000e+02
6.146666666666666288e+02
5.840000000000000000e+02
5.333333333333333712e+02
6.230000000000000000e+02
6.260000000000000000e+02
5.706666666666666288e+02
