5.190000000000000000e+02
5.180000000000000000e+02
5.260000000000000000e+02
5.210000000000000000e+02
5.100000000000000000e+02
4.653333333333333144e+02
5.160000000000000000e+02
5.320000000000000000e+02
3.400000000000000000e+02
6.470000000000000000e+02
3.450000000000000000e+02
3.450000000000000000e+02
3.400000000000000000e+02
3.746666666666666856e+02
4.410000000000000000e+02
4.360000000000000000e+02
4.190000000000000000e+02
3.746666666666666856e+02
4.470000000000000000e+02
4.426666666666666856e+02
3.586666666666666856e+02
3.700000000000000000e+02
3.380000000000000000e+02
3.510000000000000000e+02
3.813333333333333144e+02
3.760000000000000000e+02
3.880000000000000000e+02
4.053333333333333144e+02
4.680000000000000000e+02
5.470000000000000000e+02
5.293333333333333712e+02
5.440000000000000000e+02
5.346666666666666288e+02
4.960000000000000000e+02
5.310000000000000000e+02
5.520000000000000000e+02
5.540000000000000000e+02
4.450000000000000000e+02
3.920000000000000000e+02
5.453333333333333712e+02
7.020000000000000000e+02
3.440000000000000000e+02
3.410000000000000000e+02
3.750000000000000000e+02
3.626666666666666856e+02
4.290000000000000000e+02
3.830000000000000000e+02
3.720000000000000000e+02
3.680000000000000000e+02
3.710000000000000000e+02
3.453333333333333144e+02
3.480000000000000000e+02
3.520000000000000000e+02
3.600000000000000000e+02
3.480000000000000000e+02
3.740000000000000000e+02
7.653333333333333712e+02
4.560000000000000000e+02
3.800000000000000000e+02
4.586666666666666856e+02
5.050000000000000000e+02
5.270000000000000000e+02
5.280000000000000000e+02
5.350000000000000000e+02
5.320000000000000000e+02
5.600000000000000000e+02
3.826666666666666856e+02
5.380000000000000000e+02
3.730000000000000000e+02
3.970000000000000000e+02
3.586666666666666856e+02
3.500000000000000000e+02
3.693333333333333144e+02
3.640000000000000000e+02
3.580000000000000000e+02
3.530000000000000000e+02
3.470000000000000000e+02
3.573333333333333144e+02
3.760000000000000000e+02
3.890000000000000000e+02
3.733333333333333144e+02
3.620000000000000000e+02
3.620000000000000000e+02
3.493333333333333144e+02
3.530000000000000000e+02
3.550000000000000000e+02
3.530000000000000000e+02
3.500000000000000000e+02
3.400000000000000000e+02
3.440000000000000000e+02
3.680000000000000000e+02
3.640000000000000000e+02
3.600000000000000000e+02
4.106666666666666856e+02
4.013333333333333144e+02
5.120000000000000000e+02
5.050000000000000000e+02
4.990000000000000000e+02
4.733333333333333144e+02
3.680000000000000000e+02
3.680000000000000000e+02
3.650000000000000000e+02
3.430000000000000000e+02
3.480000000000000000e+02
3.910000000000000000e+02
3.800000000000000000e+02
4.020000000000000000e+02
3.620000000000000000e+02
3.550000000000000000e+02
3.560000000000000000e+02
3.680000000000000000e+02
3.720000000000000000e+02
3.660000000000000000e+02
3.613333333333333144e+02
3.506666666666666856e+02
3.560000000000000000e+02
3.520000000000000000e+02
3.500000000000000000e+02
3.840000000000000000e+02
3.840000000000000000e+02
3.930000000000000000e+02
3.360000000000000000e+02
3.680000000000000000e+02
4.060000000000000000e+02
3.720000000000000000e+02
3.820000000000000000e+02
5.093333333333333144e+02
4.700000000000000000e+02
4.330000000000000000e+02
5.220000000000000000e+02
5.090000000000000000e+02
3.800000000000000000e+02
3.600000000000000000e+02
3.720000000000000000e+02
3.840000000000000000e+02
3.790000000000000000e+02
3.520000000000000000e+02
3.840000000000000000e+02
3.706666666666666856e+02
3.653333333333333144e+02
3.630000000000000000e+02
3.610000000000000000e+02
3.740000000000000000e+02
4.220000000000000000e+02
4.400000000000000000e+02
4.410000000000000000e+02
3.860000000000000000e+02
3.706666666666666856e+02
3.773333333333333144e+02
4.000000000000000000e+02
3.960000000000000000e+02
3.920000000000000000e+02
3.840000000000000000e+02
3.870000000000000000e+02
3.870000000000000000e+02
3.880000000000000000e+02
3.860000000000000000e+02
5.510000000000000000e+02
5.130000000000000000e+02
4.970000000000000000e+02
5.120000000000000000e+02
5.240000000000000000e+02
5.490000000000000000e+02
4.013333333333333144e+02
4.020000000000000000e+02
3.920000000000000000e+02
3.800000000000000000e+02
3.893333333333333144e+02
3.900000000000000000e+02
3.970000000000000000e+02
4.000000000000000000e+02
3.880000000000000000e+02
3.760000000000000000e+02
3.866666666666666856e+02
4.680000000000000000e+02
4.550000000000000000e+02
4.440000000000000000e+02
4.560000000000000000e+02
4.760000000000000000e+02
4.120000000000000000e+02
3.880000000000000000e+02
3.866666666666666856e+02
5.040000000000000000e+02
5.100000000000000000e+02
4.866666666666666856e+02
5.180000000000000000e+02
4.586666666666666856e+02
5.746666666666666288e+02
4.740000000000000000e+02
6.100000000000000000e+02
5.760000000000000000e+02
5.790000000000000000e+02
5.870000000000000000e+02
5.426666666666666288e+02
4.520000000000000000e+02
6.100000000000000000e+02
4.910000000000000000e+02
7.960000000000000000e+02
7.960000000000000000e+02
7.780000000000000000e+02
4.973333333333333144e+02
5.186666666666666288e+02
5.060000000000000000e+02
4.740000000000000000e+02
4.810000000000000000e+02
4.420000000000000000e+02
4.586666666666666856e+02
4.640000000000000000e+02
5.706666666666666288e+02
7.866666666666666288e+02
6.910000000000000000e+02
4.790000000000000000e+02
2.720000000000000000e+02
4.906666666666666856e+02
5.170000000000000000e+02
5.040000000000000000e+02
5.030000000000000000e+02
5.460000000000000000e+02
5.920000000000000000e+02
5.866666666666666288e+02
6.050000000000000000e+02
5.973333333333333712e+02
6.080000000000000000e+02
5.906666666666666288e+02
6.270000000000000000e+02
5.770000000000000000e+02
5.720000000000000000e+02
4.820000000000000000e+02
5.280000000000000000e+02
5.453333333333333712e+02
5.880000000000000000e+02
5.150000000000000000e+02
4.946666666666666856e+02
4.980000000000000000e+02
5.080000000000000000e+02
4.740000000000000000e+02
5.920000000000000000e+02
7.000000000000000000e+02
6.160000000000000000e+02
4.586666666666666856e+02
7.613333333333333712e+02
7.090000000000000000e+02
7.280000000000000000e+02
6.470000000000000000e+02
7.060000000000000000e+02
7.546666666666666288e+02
6.320000000000000000e+02
5.500000000000000000e+02
5.266666666666666288e+02
5.600000000000000000e+02
5.600000000000000000e+02
5.080000000000000000e+02
6.050000000000000000e+02
6.120000000000000000e+02
6.210000000000000000e+02
6.040000000000000000e+02
