3.280000000000000000e+02
4.960000000000000000e+02
5.260000000000000000e+02
5.210000000000000000e+02
4.573333333333333144e+02
5.200000000000000000e+02
5.160000000000000000e+02
6.920000000000000000e+02
3.400000000000000000e+02
3.410000000000000000e+02
3.640000000000000000e+02
3.450000000000000000e+02
3.546666666666666856e+02
4.380000000000000000e+02
4.410000000000000000e+02
4.520000000000000000e+02
3.620000000000000000e+02
4.440000000000000000e+02
4.373333333333333144e+02
3.940000000000000000e+02
3.586666666666666856e+02
3.750000000000000000e+02
3.700000000000000000e+02
3.620000000000000000e+02
3.813333333333333144e+02
5.470000000000000000e+02
3.826666666666666856e+02
4.580000000000000000e+02
5.160000000000000000e+02
5.453333333333333712e+02
5.293333333333333712e+02
5.370000000000000000e+02
5.300000000000000000e+02
5.480000000000000000e+02
5.380000000000000000e+02
5.520000000000000000e+02
5.480000000000000000e+02
3.960000000000000000e+02
3.490000000000000000e+02
3.710000000000000000e+02
5.173333333333333712e+02
3.180000000000000000e+02
3.480000000000000000e+02
3.550000000000000000e+02
4.493333333333333144e+02
4.290000000000000000e+02
3.870000000000000000e+02
3.760000000000000000e+02
3.680000000000000000e+02
3.680000000000000000e+02
3.453333333333333144e+02
3.480000000000000000e+02
3.480000000000000000e+02
3.590000000000000000e+02
3.480000000000000000e+02
3.533333333333333144e+02
6.500000000000000000e+02
5.140000000000000000e+02
4.800000000000000000e+02
4.040000000000000000e+02
5.450000000000000000e+02
5.600000000000000000e+02
5.280000000000000000e+02
4.500000000000000000e+02
5.470000000000000000e+02
5.440000000000000000e+02
5.420000000000000000e+02
5.600000000000000000e+02
3.730000000000000000e+02
3.920000000000000000e+02
3.850000000000000000e+02
3.490000000000000000e+02
3.640000000000000000e+02
3.640000000000000000e+02
3.560000000000000000e+02
3.480000000000000000e+02
3.480000000000000000e+02
3.480000000000000000e+02
3.880000000000000000e+02
3.866666666666666856e+02
3.800000000000000000e+02
3.600000000000000000e+02
4.200000000000000000e+02
3.520000000000000000e+02
3.280000000000000000e+02
3.520000000000000000e+02
3.520000000000000000e+02
3.390000000000000000e+02
3.440000000000000000e+02
3.460000000000000000e+02
3.670000000000000000e+02
3.680000000000000000e+02
3.613333333333333144e+02
3.980000000000000000e+02
5.170000000000000000e+02
5.000000000000000000e+02
4.990000000000000000e+02
5.000000000000000000e+02
3.910000000000000000e+02
3.790000000000000000e+02
3.700000000000000000e+02
3.640000000000000000e+02
3.520000000000000000e+02
3.480000000000000000e+02
3.890000000000000000e+02
3.830000000000000000e+02
4.020000000000000000e+02
3.640000000000000000e+02
3.640000000000000000e+02
3.640000000000000000e+02
3.610000000000000000e+02
3.720000000000000000e+02
3.580000000000000000e+02
3.640000000000000000e+02
3.506666666666666856e+02
3.510000000000000000e+02
3.540000000000000000e+02
3.880000000000000000e+02
3.800000000000000000e+02
3.840000000000000000e+02
3.920000000000000000e+02
3.360000000000000000e+02
3.780000000000000000e+02
3.680000000000000000e+02
3.546666666666666856e+02
3.826666666666666856e+02
5.093333333333333144e+02
5.180000000000000000e+02
5.030000000000000000e+02
5.160000000000000000e+02
3.860000000000000000e+02
3.800000000000000000e+02
3.400000000000000000e+02
3.640000000000000000e+02
3.820000000000000000e+02
3.790000000000000000e+02
3.826666666666666856e+02
3.880000000000000000e+02
3.790000000000000000e+02
3.680000000000000000e+02
3.640000000000000000e+02
3.610000000000000000e+02
3.740000000000000000e+02
3.706666666666666856e+02
4.386666666666666856e+02
4.020000000000000000e+02
3.690000000000000000e+02
3.706666666666666856e+02
3.760000000000000000e+02
4.000000000000000000e+02
3.960000000000000000e+02
3.880000000000000000e+02
3.900000000000000000e+02
3.746666666666666856e+02
4.130000000000000000e+02
3.866666666666666856e+02
3.840000000000000000e+02
4.000000000000000000e+02
4.800000000000000000e+02
5.010000000000000000e+02
5.620000000000000000e+02
5.330000000000000000e+02
5.850000000000000000e+02
4.040000000000000000e+02
3.780000000000000000e+02
3.880000000000000000e+02
3.880000000000000000e+02
3.880000000000000000e+02
3.840000000000000000e+02
4.260000000000000000e+02
4.306666666666666856e+02
3.880000000000000000e+02
3.770000000000000000e+02
3.960000000000000000e+02
4.173333333333333144e+02
4.590000000000000000e+02
4.440000000000000000e+02
4.560000000000000000e+02
3.600000000000000000e+02
4.690000000000000000e+02
3.880000000000000000e+02
3.880000000000000000e+02
5.050000000000000000e+02
4.310000000000000000e+02
4.250000000000000000e+02
5.060000000000000000e+02
4.480000000000000000e+02
5.890000000000000000e+02
4.180000000000000000e+02
6.250000000000000000e+02
5.413333333333333712e+02
5.000000000000000000e+02
5.820000000000000000e+02
6.120000000000000000e+02
5.870000000000000000e+02
6.080000000000000000e+02
6.140000000000000000e+02
7.310000000000000000e+02
7.600000000000000000e+02
7.780000000000000000e+02
5.120000000000000000e+02
5.140000000000000000e+02
5.573333333333333712e+02
4.760000000000000000e+02
4.810000000000000000e+02
4.420000000000000000e+02
4.590000000000000000e+02
4.640000000000000000e+02
4.560000000000000000e+02
7.640000000000000000e+02
4.270000000000000000e+02
5.360000000000000000e+02
4.773333333333333144e+02
4.933333333333333144e+02
5.070000000000000000e+02
5.000000000000000000e+02
5.293333333333333712e+02
5.460000000000000000e+02
5.420000000000000000e+02
6.133333333333333712e+02
6.050000000000000000e+02
5.800000000000000000e+02
5.970000000000000000e+02
5.906666666666666288e+02
6.270000000000000000e+02
4.893333333333333144e+02
5.880000000000000000e+02
4.820000000000000000e+02
6.400000000000000000e+02
5.440000000000000000e+02
5.640000000000000000e+02
4.946666666666666856e+02
5.213333333333333712e+02
4.980000000000000000e+02
5.120000000000000000e+02
7.800000000000000000e+02
7.300000000000000000e+02
7.290000000000000000e+02
6.453333333333333712e+02
7.760000000000000000e+02
6.320000000000000000e+02
6.790000000000000000e+02
7.280000000000000000e+02
6.830000000000000000e+02
7.060000000000000000e+02
6.880000000000000000e+02
6.880000000000000000e+02
7.560000000000000000e+02
7.786666666666666288e+02
7.200000000000000000e+02
6.040000000000000000e+02
5.950000000000000000e+02
6.000000000000000000e+02
6.270000000000000000e+02
6.260000000000000000e+02
6.180000000000000000e+02
