5.370000000000000000e+02
5.180000000000000000e+02
5.140000000000000000e+02
5.170000000000000000e+02
4.573333333333333144e+02
5.210000000000000000e+02
3.880000000000000000e+02
7.380000000000000000e+02
3.306666666666666856e+02
3.410000000000000000e+02
3.450000000000000000e+02
3.440000000000000000e+02
3.400000000000000000e+02
4.386666666666666856e+02
4.410000000000000000e+02
4.150000000000000000e+02
4.190000000000000000e+02
3.746666666666666856e+02
4.413333333333333144e+02
4.360000000000000000e+02
3.510000000000000000e+02
3.400000000000000000e+02
3.700000000000000000e+02
3.620000000000000000e+02
4.010000000000000000e+02
5.370000000000000000e+02
5.360000000000000000e+02
5.266666666666666288e+02
4.400000000000000000e+02
4.160000000000000000e+02
4.640000000000000000e+02
5.370000000000000000e+02
5.140000000000000000e+02
4.960000000000000000e+02
5.280000000000000000e+02
5.520000000000000000e+02
5.370000000000000000e+02
3.960000000000000000e+02
3.490000000000000000e+02
3.710000000000000000e+02
3.730000000000000000e+02
3.440000000000000000e+02
3.470000000000000000e+02
3.440000000000000000e+02
4.493333333333333144e+02
4.100000000000000000e+02
3.790000000000000000e+02
3.770000000000000000e+02
3.740000000000000000e+02
3.760000000000000000e+02
3.480000000000000000e+02
3.986666666666666856e+02
3.480000000000000000e+02
3.520000000000000000e+02
3.480000000000000000e+02
3.740000000000000000e+02
6.320000000000000000e+02
5.520000000000000000e+02
3.850000000000000000e+02
4.586666666666666856e+02
5.450000000000000000e+02
5.386666666666666288e+02
5.280000000000000000e+02
5.320000000000000000e+02
5.320000000000000000e+02
5.440000000000000000e+02
3.826666666666666856e+02
5.600000000000000000e+02
3.840000000000000000e+02
3.920000000000000000e+02
3.670000000000000000e+02
3.630000000000000000e+02
3.626666666666666856e+02
3.510000000000000000e+02
3.590000000000000000e+02
3.470000000000000000e+02
3.470000000000000000e+02
3.480000000000000000e+02
3.920000000000000000e+02
4.200000000000000000e+02
3.893333333333333144e+02
3.640000000000000000e+02
3.620000000000000000e+02
3.520000000000000000e+02
3.530000000000000000e+02
3.546666666666666856e+02
3.530000000000000000e+02
3.520000000000000000e+02
3.400000000000000000e+02
3.440000000000000000e+02
3.650000000000000000e+02
3.640000000000000000e+02
3.600000000000000000e+02
4.106666666666666856e+02
4.000000000000000000e+02
5.080000000000000000e+02
5.020000000000000000e+02
4.293333333333333144e+02
5.180000000000000000e+02
3.700000000000000000e+02
3.680000000000000000e+02
3.640000000000000000e+02
3.430000000000000000e+02
3.480000000000000000e+02
3.160000000000000000e+02
3.800000000000000000e+02
3.790000000000000000e+02
3.620000000000000000e+02
3.620000000000000000e+02
3.640000000000000000e+02
3.680000000000000000e+02
3.666666666666666856e+02
3.613333333333333144e+02
3.626666666666666856e+02
3.520000000000000000e+02
3.540000000000000000e+02
3.540000000000000000e+02
3.870000000000000000e+02
3.840000000000000000e+02
3.853333333333333144e+02
3.920000000000000000e+02
3.360000000000000000e+02
3.650000000000000000e+02
3.680000000000000000e+02
3.786666666666666856e+02
3.430000000000000000e+02
5.173333333333333712e+02
5.090000000000000000e+02
5.030000000000000000e+02
5.160000000000000000e+02
5.090000000000000000e+02
4.253333333333333144e+02
3.650000000000000000e+02
3.640000000000000000e+02
3.960000000000000000e+02
3.800000000000000000e+02
3.830000000000000000e+02
3.860000000000000000e+02
3.706666666666666856e+02
3.640000000000000000e+02
3.640000000000000000e+02
4.920000000000000000e+02
3.653333333333333144e+02
3.720000000000000000e+02
4.280000000000000000e+02
4.700000000000000000e+02
3.700000000000000000e+02
3.680000000000000000e+02
3.773333333333333144e+02
3.790000000000000000e+02
3.970000000000000000e+02
3.880000000000000000e+02
3.880000000000000000e+02
3.840000000000000000e+02
3.840000000000000000e+02
3.870000000000000000e+02
3.840000000000000000e+02
3.960000000000000000e+02
5.240000000000000000e+02
5.000000000000000000e+02
5.160000000000000000e+02
5.130000000000000000e+02
5.850000000000000000e+02
4.013333333333333144e+02
4.010000000000000000e+02
3.893333333333333144e+02
4.150000000000000000e+02
3.880000000000000000e+02
4.070000000000000000e+02
4.026666666666666856e+02
4.306666666666666856e+02
3.880000000000000000e+02
3.770000000000000000e+02
3.920000000000000000e+02
4.120000000000000000e+02
4.580000000000000000e+02
4.480000000000000000e+02
4.560000000000000000e+02
4.700000000000000000e+02
4.050000000000000000e+02
4.120000000000000000e+02
3.893333333333333144e+02
5.050000000000000000e+02
4.310000000000000000e+02
4.150000000000000000e+02
5.026666666666666856e+02
4.480000000000000000e+02
5.746666666666666288e+02
6.190000000000000000e+02
6.100000000000000000e+02
5.880000000000000000e+02
5.800000000000000000e+02
5.853333333333333712e+02
6.120000000000000000e+02
5.870000000000000000e+02
6.100000000000000000e+02
6.080000000000000000e+02
7.960000000000000000e+02
5.900000000000000000e+02
7.880000000000000000e+02
4.940000000000000000e+02
4.790000000000000000e+02
4.780000000000000000e+02
4.740000000000000000e+02
4.810000000000000000e+02
4.420000000000000000e+02
4.560000000000000000e+02
4.590000000000000000e+02
4.560000000000000000e+02
4.480000000000000000e+02
4.270000000000000000e+02
4.906666666666666856e+02
4.786666666666666856e+02
4.906666666666666856e+02
5.070000000000000000e+02
5.110000000000000000e+02
5.030000000000000000e+02
7.690000000000000000e+02
7.830000000000000000e+02
6.133333333333333712e+02
6.050000000000000000e+02
5.880000000000000000e+02
5.970000000000000000e+02
5.906666666666666288e+02
5.870000000000000000e+02
5.770000000000000000e+02
6.020000000000000000e+02
5.830000000000000000e+02
5.280000000000000000e+02
5.453333333333333712e+02
5.740000000000000000e+02
4.946666666666666856e+02
5.280000000000000000e+02
7.746666666666666288e+02
5.160000000000000000e+02
4.986666666666666856e+02
7.150000000000000000e+02
7.820000000000000000e+02
6.160000000000000000e+02
7.140000000000000000e+02
7.613333333333333712e+02
7.000000000000000000e+02
4.946666666666666856e+02
7.680000000000000000e+02
7.060000000000000000e+02
5.933333333333333712e+02
5.480000000000000000e+02
7.210000000000000000e+02
5.720000000000000000e+02
5.600000000000000000e+02
6.040000000000000000e+02
5.560000000000000000e+02
5.333333333333333712e+02
6.120000000000000000e+02
6.210000000000000000e+02
6.040000000000000000e+02
