3.280000000000000000e+02
4.960000000000000000e+02
5.260000000000000000e+02
4.870000000000000000e+02
5.270000000000000000e+02
5.210000000000000000e+02
3.880000000000000000e+02
5.320000000000000000e+02
3.426666666666666856e+02
7.260000000000000000e+02
3.440000000000000000e+02
3.460000000000000000e+02
3.400000000000000000e+02
3.746666666666666856e+02
4.410000000000000000e+02
4.150000000000000000e+02
3.580000000000000000e+02
3.746666666666666856e+02
4.413333333333333144e+02
4.380000000000000000e+02
3.586666666666666856e+02
3.590000000000000000e+02
3.470000000000000000e+02
3.510000000000000000e+02
3.813333333333333144e+02
3.760000000000000000e+02
6.160000000000000000e+02
4.573333333333333144e+02
5.110000000000000000e+02
4.160000000000000000e+02
5.210000000000000000e+02
5.370000000000000000e+02
5.200000000000000000e+02
5.540000000000000000e+02
5.220000000000000000e+02
5.520000000000000000e+02
5.540000000000000000e+02
4.213333333333333144e+02
3.490000000000000000e+02
5.453333333333333712e+02
3.730000000000000000e+02
3.440000000000000000e+02
3.480000000000000000e+02
3.550000000000000000e+02
4.660000000000000000e+02
4.120000000000000000e+02
3.790000000000000000e+02
3.770000000000000000e+02
3.680000000000000000e+02
3.760000000000000000e+02
3.820000000000000000e+02
3.510000000000000000e+02
3.520000000000000000e+02
3.590000000000000000e+02
3.666666666666666856e+02
3.533333333333333144e+02
3.670000000000000000e+02
5.140000000000000000e+02
4.800000000000000000e+02
4.586666666666666856e+02
5.120000000000000000e+02
5.600000000000000000e+02
5.280000000000000000e+02
4.500000000000000000e+02
5.590000000000000000e+02
5.600000000000000000e+02
5.600000000000000000e+02
4.820000000000000000e+02
3.906666666666666856e+02
3.970000000000000000e+02
3.850000000000000000e+02
3.490000000000000000e+02
3.680000000000000000e+02
3.590000000000000000e+02
3.560000000000000000e+02
3.520000000000000000e+02
3.340000000000000000e+02
3.573333333333333144e+02
3.920000000000000000e+02
3.840000000000000000e+02
3.720000000000000000e+02
3.680000000000000000e+02
3.550000000000000000e+02
3.480000000000000000e+02
3.530000000000000000e+02
3.520000000000000000e+02
3.530000000000000000e+02
3.520000000000000000e+02
3.460000000000000000e+02
3.440000000000000000e+02
3.670000000000000000e+02
3.640000000000000000e+02
3.600000000000000000e+02
3.980000000000000000e+02
4.013333333333333144e+02
5.080000000000000000e+02
5.050000000000000000e+02
4.990000000000000000e+02
4.770000000000000000e+02
3.790000000000000000e+02
3.680000000000000000e+02
3.650000000000000000e+02
3.600000000000000000e+02
3.480000000000000000e+02
3.160000000000000000e+02
3.800000000000000000e+02
3.620000000000000000e+02
3.620000000000000000e+02
3.620000000000000000e+02
3.550000000000000000e+02
3.680000000000000000e+02
3.970000000000000000e+02
3.626666666666666856e+02
3.640000000000000000e+02
3.493333333333333144e+02
3.560000000000000000e+02
3.520000000000000000e+02
3.870000000000000000e+02
3.840000000000000000e+02
3.840000000000000000e+02
3.920000000000000000e+02
3.360000000000000000e+02
3.780000000000000000e+02
4.060000000000000000e+02
3.746666666666666856e+02
2.930000000000000000e+02
5.170000000000000000e+02
4.700000000000000000e+02
5.120000000000000000e+02
5.150000000000000000e+02
3.866666666666666856e+02
3.813333333333333144e+02
3.626666666666666856e+02
3.740000000000000000e+02
3.840000000000000000e+02
3.440000000000000000e+02
3.520000000000000000e+02
3.840000000000000000e+02
3.790000000000000000e+02
3.660000000000000000e+02
3.640000000000000000e+02
4.920000000000000000e+02
3.640000000000000000e+02
3.720000000000000000e+02
4.293333333333333144e+02
4.410000000000000000e+02
3.700000000000000000e+02
3.680000000000000000e+02
3.760000000000000000e+02
4.026666666666666856e+02
3.970000000000000000e+02
3.880000000000000000e+02
3.900000000000000000e+02
3.880000000000000000e+02
3.860000000000000000e+02
3.866666666666666856e+02
3.840000000000000000e+02
4.000000000000000000e+02
5.240000000000000000e+02
5.010000000000000000e+02
5.120000000000000000e+02
5.240000000000000000e+02
5.940000000000000000e+02
4.013333333333333144e+02
4.000000000000000000e+02
4.040000000000000000e+02
4.150000000000000000e+02
3.880000000000000000e+02
4.430000000000000000e+02
4.026666666666666856e+02
4.000000000000000000e+02
3.930000000000000000e+02
3.770000000000000000e+02
3.866666666666666856e+02
4.120000000000000000e+02
4.580000000000000000e+02
4.440000000000000000e+02
4.510000000000000000e+02
4.640000000000000000e+02
4.050000000000000000e+02
3.920000000000000000e+02
3.880000000000000000e+02
5.080000000000000000e+02
4.480000000000000000e+02
4.250000000000000000e+02
5.060000000000000000e+02
4.480000000000000000e+02
4.720000000000000000e+02
4.853333333333333144e+02
6.250000000000000000e+02
5.413333333333333712e+02
5.790000000000000000e+02
5.850000000000000000e+02
5.426666666666666288e+02
5.870000000000000000e+02
4.960000000000000000e+02
5.880000000000000000e+02
7.310000000000000000e+02
7.950000000000000000e+02
4.760000000000000000e+02
4.880000000000000000e+02
5.140000000000000000e+02
5.080000000000000000e+02
4.970000000000000000e+02
4.880000000000000000e+02
4.450000000000000000e+02
4.540000000000000000e+02
4.590000000000000000e+02
5.730000000000000000e+02
7.866666666666666288e+02
4.270000000000000000e+02
4.906666666666666856e+02
4.773333333333333144e+02
5.120000000000000000e+02
5.170000000000000000e+02
5.090000000000000000e+02
5.293333333333333712e+02
7.733333333333333712e+02
6.510000000000000000e+02
5.826666666666666288e+02
6.050000000000000000e+02
5.880000000000000000e+02
6.010000000000000000e+02
5.906666666666666288e+02
5.720000000000000000e+02
5.800000000000000000e+02
6.020000000000000000e+02
5.586666666666666288e+02
5.280000000000000000e+02
7.590000000000000000e+02
5.640000000000000000e+02
5.173333333333333712e+02
5.146666666666666288e+02
4.980000000000000000e+02
5.000000000000000000e+02
4.740000000000000000e+02
7.960000000000000000e+02
7.110000000000000000e+02
6.160000000000000000e+02
7.140000000000000000e+02
6.570000000000000000e+02
7.280000000000000000e+02
5.960000000000000000e+02
7.560000000000000000e+02
6.380000000000000000e+02
6.880000000000000000e+02
5.160000000000000000e+02
7.560000000000000000e+02
7.786666666666666288e+02
5.620000000000000000e+02
7.090000000000000000e+02
5.950000000000000000e+02
5.333333333333333712e+02
6.230000000000000000e+02
6.260000000000000000e+02
6.040000000000000000e+02
