7.440000000000000000e+02
7.410000000000000000e+02
7.480000000000000000e+02
7.470000000000000000e+02
4.830000000000000000e+02
7.520000000000000000e+02
4.960000000000000000e+02
5.013333333333333144e+02
7.230000000000000000e+02
6.906666666666666288e+02
5.293333333333333712e+02
7.413333333333333712e+02
7.520000000000000000e+02
7.440000000000000000e+02
7.680000000000000000e+02
7.580000000000000000e+02
7.586666666666666288e+02
7.600000000000000000e+02
5.453333333333333712e+02
7.680000000000000000e+02
7.620000000000000000e+02
6.880000000000000000e+02
5.066666666666666856e+02
7.520000000000000000e+02
7.440000000000000000e+02
7.440000000000000000e+02
7.430000000000000000e+02
7.440000000000000000e+02
4.760000000000000000e+02
7.350000000000000000e+02
7.400000000000000000e+02
7.000000000000000000e+02
7.440000000000000000e+02
7.453333333333333712e+02
7.590000000000000000e+02
4.840000000000000000e+02
6.360000000000000000e+02
4.800000000000000000e+02
4.760000000000000000e+02
4.750000000000000000e+02
7.360000000000000000e+02
4.733333333333333144e+02
7.493333333333333712e+02
7.520000000000000000e+02
7.560000000000000000e+02
5.240000000000000000e+02
7.600000000000000000e+02
7.600000000000000000e+02
7.600000000000000000e+02
7.560000000000000000e+02
7.600000000000000000e+02
7.560000000000000000e+02
7.560000000000000000e+02
5.450000000000000000e+02
4.800000000000000000e+02
4.800000000000000000e+02
4.680000000000000000e+02
4.780000000000000000e+02
4.613333333333333144e+02
5.030000000000000000e+02
4.820000000000000000e+02
4.810000000000000000e+02
7.600000000000000000e+02
7.420000000000000000e+02
7.030000000000000000e+02
7.000000000000000000e+02
4.720000000000000000e+02
5.400000000000000000e+02
5.000000000000000000e+02
5.200000000000000000e+02
5.490000000000000000e+02
5.453333333333333712e+02
5.520000000000000000e+02
5.460000000000000000e+02
5.626666666666666288e+02
5.773333333333333712e+02
5.680000000000000000e+02
7.560000000000000000e+02
7.560000000000000000e+02
7.560000000000000000e+02
7.560000000000000000e+02
7.560000000000000000e+02
7.520000000000000000e+02
5.680000000000000000e+02
5.720000000000000000e+02
5.600000000000000000e+02
5.480000000000000000e+02
5.480000000000000000e+02
5.500000000000000000e+02
5.400000000000000000e+02
5.080000000000000000e+02
5.160000000000000000e+02
5.173333333333333712e+02
7.420000000000000000e+02
5.400000000000000000e+02
5.253333333333333712e+02
5.190000000000000000e+02
4.660000000000000000e+02
5.090000000000000000e+02
4.980000000000000000e+02
5.000000000000000000e+02
5.560000000000000000e+02
5.293333333333333712e+02
5.253333333333333712e+02
5.640000000000000000e+02
5.570000000000000000e+02
5.560000000000000000e+02
5.640000000000000000e+02
5.640000000000000000e+02
5.613333333333333712e+02
7.560000000000000000e+02
7.840000000000000000e+02
7.660000000000000000e+02
7.560000000000000000e+02
7.520000000000000000e+02
5.640000000000000000e+02
5.640000000000000000e+02
5.670000000000000000e+02
5.560000000000000000e+02
5.560000000000000000e+02
5.590000000000000000e+02
5.040000000000000000e+02
5.240000000000000000e+02
5.160000000000000000e+02
5.040000000000000000e+02
5.706666666666666288e+02
4.626666666666666856e+02
7.140000000000000000e+02
4.866666666666666856e+02
7.506666666666666288e+02
5.600000000000000000e+02
5.040000000000000000e+02
5.000000000000000000e+02
5.280000000000000000e+02
5.080000000000000000e+02
4.440000000000000000e+02
4.440000000000000000e+02
4.440000000000000000e+02
4.440000000000000000e+02
4.400000000000000000e+02
5.540000000000000000e+02
4.480000000000000000e+02
5.520000000000000000e+02
7.400000000000000000e+02
7.490000000000000000e+02
4.413333333333333144e+02
5.180000000000000000e+02
4.540000000000000000e+02
4.440000000000000000e+02
4.480000000000000000e+02
4.480000000000000000e+02
4.440000000000000000e+02
4.440000000000000000e+02
4.440000000000000000e+02
5.110000000000000000e+02
5.120000000000000000e+02
5.640000000000000000e+02
4.790000000000000000e+02
4.600000000000000000e+02
4.580000000000000000e+02
4.640000000000000000e+02
5.200000000000000000e+02
4.720000000000000000e+02
4.730000000000000000e+02
4.480000000000000000e+02
4.720000000000000000e+02
4.360000000000000000e+02
4.320000000000000000e+02
4.360000000000000000e+02
4.653333333333333144e+02
4.510000000000000000e+02
4.480000000000000000e+02
4.280000000000000000e+02
4.280000000000000000e+02
4.200000000000000000e+02
5.460000000000000000e+02
4.170000000000000000e+02
4.200000000000000000e+02
4.200000000000000000e+02
4.200000000000000000e+02
4.160000000000000000e+02
4.400000000000000000e+02
4.320000000000000000e+02
4.320000000000000000e+02
4.360000000000000000e+02
4.360000000000000000e+02
4.480000000000000000e+02
4.620000000000000000e+02
4.653333333333333144e+02
5.253333333333333712e+02
5.310000000000000000e+02
5.170000000000000000e+02
4.960000000000000000e+02
5.260000000000000000e+02
5.253333333333333712e+02
5.320000000000000000e+02
4.720000000000000000e+02
4.640000000000000000e+02
4.360000000000000000e+02
4.280000000000000000e+02
4.280000000000000000e+02
4.266666666666666856e+02
4.440000000000000000e+02
4.120000000000000000e+02
4.160000000000000000e+02
4.160000000000000000e+02
4.120000000000000000e+02
4.200000000000000000e+02
4.200000000000000000e+02
4.200000000000000000e+02
4.160000000000000000e+02
4.160000000000000000e+02
4.360000000000000000e+02
4.400000000000000000e+02
4.400000000000000000e+02
4.400000000000000000e+02
4.320000000000000000e+02
4.290000000000000000e+02
4.440000000000000000e+02
4.760000000000000000e+02
4.760000000000000000e+02
4.920000000000000000e+02
4.920000000000000000e+02
5.080000000000000000e+02
4.720000000000000000e+02
5.040000000000000000e+02
4.940000000000000000e+02
4.480000000000000000e+02
5.013333333333333144e+02
5.040000000000000000e+02
4.360000000000000000e+02
4.440000000000000000e+02
4.420000000000000000e+02
4.440000000000000000e+02
4.440000000000000000e+02
4.440000000000000000e+02
4.200000000000000000e+02
4.093333333333333144e+02
4.213333333333333144e+02
4.090000000000000000e+02
4.253333333333333144e+02
4.400000000000000000e+02
4.260000000000000000e+02
4.426666666666666856e+02
4.440000000000000000e+02
4.400000000000000000e+02
4.400000000000000000e+02
4.400000000000000000e+02
4.480000000000000000e+02
4.950000000000000000e+02
5.000000000000000000e+02
5.280000000000000000e+02
5.320000000000000000e+02
5.266666666666666288e+02
7.506666666666666288e+02
7.470000000000000000e+02
4.800000000000000000e+02
4.880000000000000000e+02
4.990000000000000000e+02
5.133333333333333712e+02
5.320000000000000000e+02
4.800000000000000000e+02
5.080000000000000000e+02
5.160000000000000000e+02
5.280000000000000000e+02
4.453333333333333144e+02
4.400000000000000000e+02
5.710000000000000000e+02
7.490000000000000000e+02
7.360000000000000000e+02
7.400000000000000000e+02
7.520000000000000000e+02
7.440000000000000000e+02
7.480000000000000000e+02
7.360000000000000000e+02
5.680000000000000000e+02
5.680000000000000000e+02
5.760000000000000000e+02
5.160000000000000000e+02
5.160000000000000000e+02
5.200000000000000000e+02
5.200000000000000000e+02
5.120000000000000000e+02
4.760000000000000000e+02
4.960000000000000000e+02
5.000000000000000000e+02
7.520000000000000000e+02
7.440000000000000000e+02
5.280000000000000000e+02
7.480000000000000000e+02
7.480000000000000000e+02
5.360000000000000000e+02
5.420000000000000000e+02
4.970000000000000000e+02
4.786666666666666856e+02
5.090000000000000000e+02
5.373333333333333712e+02
5.560000000000000000e+02
5.586666666666666288e+02
5.706666666666666288e+02
7.480000000000000000e+02
7.240000000000000000e+02
7.400000000000000000e+02
7.440000000000000000e+02
7.440000000000000000e+02
7.880000000000000000e+02
7.750000000000000000e+02
7.470000000000000000e+02
7.480000000000000000e+02
7.610000000000000000e+02
5.080000000000000000e+02
7.480000000000000000e+02
7.450000000000000000e+02
4.740000000000000000e+02
4.880000000000000000e+02
5.280000000000000000e+02
7.190000000000000000e+02
5.480000000000000000e+02
5.440000000000000000e+02
5.400000000000000000e+02
5.360000000000000000e+02
5.440000000000000000e+02
5.293333333333333712e+02
5.213333333333333712e+02
7.466666666666666288e+02
5.840000000000000000e+02
4.800000000000000000e+02
4.600000000000000000e+02
7.453333333333333712e+02
5.470000000000000000e+02
6.880000000000000000e+02
7.533333333333333712e+02
7.480000000000000000e+02
7.560000000000000000e+02
7.560000000000000000e+02
7.520000000000000000e+02
