6.266666666666666288e+02
6.230000000000000000e+02
6.040000000000000000e+02
6.370000000000000000e+02
5.440000000000000000e+02
6.480000000000000000e+02
5.620000000000000000e+02
5.600000000000000000e+02
5.800000000000000000e+02
5.950000000000000000e+02
5.640000000000000000e+02
4.800000000000000000e+02
4.866666666666666856e+02
5.653333333333333712e+02
5.560000000000000000e+02
5.840000000000000000e+02
7.466666666666666288e+02
5.450000000000000000e+02
5.650000000000000000e+02
4.800000000000000000e+02
5.680000000000000000e+02
5.450000000000000000e+02
5.920000000000000000e+02
5.940000000000000000e+02
5.560000000000000000e+02
6.200000000000000000e+02
6.020000000000000000e+02
5.186666666666666288e+02
6.320000000000000000e+02
5.080000000000000000e+02
5.720000000000000000e+02
6.160000000000000000e+02
6.040000000000000000e+02
5.280000000000000000e+02
6.060000000000000000e+02
6.330000000000000000e+02
6.333333333333333712e+02
6.026666666666666288e+02
6.186666666666666288e+02
5.133333333333333712e+02
5.850000000000000000e+02
5.920000000000000000e+02
4.840000000000000000e+02
5.680000000000000000e+02
5.560000000000000000e+02
5.890000000000000000e+02
5.670000000000000000e+02
5.800000000000000000e+02
5.973333333333333712e+02
5.946666666666666288e+02
5.540000000000000000e+02
4.720000000000000000e+02
5.600000000000000000e+02
5.770000000000000000e+02
6.000000000000000000e+02
5.640000000000000000e+02
5.640000000000000000e+02
5.680000000000000000e+02
6.040000000000000000e+02
5.866666666666666288e+02
5.740000000000000000e+02
6.150000000000000000e+02
6.160000000000000000e+02
6.060000000000000000e+02
6.160000000000000000e+02
6.120000000000000000e+02
6.160000000000000000e+02
6.200000000000000000e+02
6.280000000000000000e+02
5.820000000000000000e+02
4.870000000000000000e+02
5.840000000000000000e+02
4.840000000000000000e+02
5.960000000000000000e+02
4.880000000000000000e+02
4.910000000000000000e+02
5.070000000000000000e+02
5.040000000000000000e+02
5.780000000000000000e+02
5.120000000000000000e+02
5.220000000000000000e+02
5.210000000000000000e+02
5.130000000000000000e+02
4.860000000000000000e+02
4.773333333333333144e+02
4.800000000000000000e+02
4.830000000000000000e+02
4.840000000000000000e+02
4.800000000000000000e+02
4.820000000000000000e+02
4.830000000000000000e+02
4.840000000000000000e+02
6.380000000000000000e+02
6.310000000000000000e+02
6.346666666666666288e+02
5.733333333333333712e+02
5.830000000000000000e+02
5.810000000000000000e+02
5.730000000000000000e+02
4.860000000000000000e+02
4.906666666666666856e+02
4.860000000000000000e+02
4.840000000000000000e+02
4.890000000000000000e+02
4.900000000000000000e+02
4.970000000000000000e+02
4.920000000000000000e+02
4.920000000000000000e+02
4.850000000000000000e+02
4.920000000000000000e+02
5.560000000000000000e+02
5.573333333333333712e+02
5.270000000000000000e+02
5.060000000000000000e+02
4.880000000000000000e+02
4.880000000000000000e+02
4.920000000000000000e+02
4.960000000000000000e+02
5.000000000000000000e+02
4.840000000000000000e+02
4.900000000000000000e+02
4.800000000000000000e+02
4.800000000000000000e+02
4.840000000000000000e+02
4.840000000000000000e+02
4.880000000000000000e+02
5.680000000000000000e+02
5.720000000000000000e+02
5.870000000000000000e+02
5.830000000000000000e+02
5.800000000000000000e+02
4.850000000000000000e+02
4.940000000000000000e+02
4.800000000000000000e+02
4.840000000000000000e+02
4.866666666666666856e+02
4.840000000000000000e+02
4.840000000000000000e+02
4.840000000000000000e+02
4.880000000000000000e+02
4.840000000000000000e+02
4.933333333333333144e+02
5.040000000000000000e+02
5.080000000000000000e+02
5.320000000000000000e+02
5.270000000000000000e+02
5.000000000000000000e+02
4.880000000000000000e+02
4.760000000000000000e+02
4.800000000000000000e+02
4.840000000000000000e+02
5.040000000000000000e+02
4.880000000000000000e+02
4.660000000000000000e+02
4.920000000000000000e+02
4.860000000000000000e+02
4.880000000000000000e+02
4.880000000000000000e+02
5.850000000000000000e+02
5.890000000000000000e+02
5.880000000000000000e+02
4.960000000000000000e+02
5.920000000000000000e+02
4.920000000000000000e+02
5.050000000000000000e+02
4.950000000000000000e+02
4.880000000000000000e+02
4.940000000000000000e+02
5.110000000000000000e+02
5.040000000000000000e+02
4.920000000000000000e+02
4.840000000000000000e+02
4.800000000000000000e+02
5.026666666666666856e+02
4.960000000000000000e+02
5.586666666666666288e+02
5.790000000000000000e+02
5.453333333333333712e+02
5.210000000000000000e+02
4.386666666666666856e+02
4.813333333333333144e+02
4.880000000000000000e+02
5.000000000000000000e+02
5.110000000000000000e+02
4.880000000000000000e+02
4.920000000000000000e+02
4.960000000000000000e+02
4.920000000000000000e+02
6.373333333333333712e+02
6.500000000000000000e+02
6.213333333333333712e+02
5.960000000000000000e+02
6.150000000000000000e+02
6.180000000000000000e+02
6.380000000000000000e+02
6.050000000000000000e+02
4.720000000000000000e+02
5.080000000000000000e+02
4.706666666666666856e+02
4.800000000000000000e+02
4.880000000000000000e+02
4.590000000000000000e+02
5.330000000000000000e+02
4.720000000000000000e+02
5.613333333333333712e+02
5.540000000000000000e+02
5.600000000000000000e+02
5.440000000000000000e+02
6.160000000000000000e+02
5.400000000000000000e+02
5.533333333333333712e+02
5.510000000000000000e+02
5.520000000000000000e+02
5.380000000000000000e+02
5.530000000000000000e+02
4.820000000000000000e+02
5.840000000000000000e+02
4.760000000000000000e+02
5.733333333333333712e+02
6.070000000000000000e+02
6.340000000000000000e+02
6.040000000000000000e+02
7.450000000000000000e+02
5.960000000000000000e+02
5.870000000000000000e+02
5.880000000000000000e+02
5.630000000000000000e+02
5.900000000000000000e+02
5.990000000000000000e+02
5.840000000000000000e+02
5.850000000000000000e+02
5.680000000000000000e+02
5.800000000000000000e+02
5.590000000000000000e+02
5.740000000000000000e+02
5.660000000000000000e+02
6.000000000000000000e+02
5.960000000000000000e+02
6.510000000000000000e+02
6.866666666666666288e+02
6.890000000000000000e+02
5.120000000000000000e+02
7.530000000000000000e+02
7.550000000000000000e+02
6.060000000000000000e+02
6.730000000000000000e+02
5.720000000000000000e+02
5.780000000000000000e+02
6.293333333333333712e+02
5.990000000000000000e+02
5.600000000000000000e+02
5.590000000000000000e+02
6.000000000000000000e+02
5.970000000000000000e+02
5.946666666666666288e+02
5.973333333333333712e+02
