5.370000000000000000e+02
5.280000000000000000e+02
5.170000000000000000e+02
4.870000000000000000e+02
4.800000000000000000e+02
4.653333333333333144e+02
5.160000000000000000e+02
5.320000000000000000e+02
3.426666666666666856e+02
7.260000000000000000e+02
3.410000000000000000e+02
3.460000000000000000e+02
3.440000000000000000e+02
3.746666666666666856e+02
4.410000000000000000e+02
4.520000000000000000e+02
3.620000000000000000e+02
4.440000000000000000e+02
4.470000000000000000e+02
4.426666666666666856e+02
3.586666666666666856e+02
3.700000000000000000e+02
3.470000000000000000e+02
3.610000000000000000e+02
3.790000000000000000e+02
3.760000000000000000e+02
5.360000000000000000e+02
4.080000000000000000e+02
4.680000000000000000e+02
5.470000000000000000e+02
5.333333333333333712e+02
5.200000000000000000e+02
5.300000000000000000e+02
5.480000000000000000e+02
5.280000000000000000e+02
5.500000000000000000e+02
5.453333333333333712e+02
4.213333333333333144e+02
3.613333333333333144e+02
3.710000000000000000e+02
7.020000000000000000e+02
6.760000000000000000e+02
3.470000000000000000e+02
3.750000000000000000e+02
4.660000000000000000e+02
4.050000000000000000e+02
3.870000000000000000e+02
3.740000000000000000e+02
3.660000000000000000e+02
3.720000000000000000e+02
3.453333333333333144e+02
3.986666666666666856e+02
3.480000000000000000e+02
3.580000000000000000e+02
3.666666666666666856e+02
3.493333333333333144e+02
5.253333333333333712e+02
4.560000000000000000e+02
3.986666666666666856e+02
4.013333333333333144e+02
5.120000000000000000e+02
5.386666666666666288e+02
5.300000000000000000e+02
5.350000000000000000e+02
5.120000000000000000e+02
5.400000000000000000e+02
3.826666666666666856e+02
5.586666666666666288e+02
3.906666666666666856e+02
3.973333333333333144e+02
3.670000000000000000e+02
3.500000000000000000e+02
3.680000000000000000e+02
3.640000000000000000e+02
3.590000000000000000e+02
3.510000000000000000e+02
3.340000000000000000e+02
3.480000000000000000e+02
3.760000000000000000e+02
3.840000000000000000e+02
3.720000000000000000e+02
3.640000000000000000e+02
3.500000000000000000e+02
3.480000000000000000e+02
3.280000000000000000e+02
3.520000000000000000e+02
3.520000000000000000e+02
3.493333333333333144e+02
3.450000000000000000e+02
3.470000000000000000e+02
3.670000000000000000e+02
3.680000000000000000e+02
3.600000000000000000e+02
3.980000000000000000e+02
4.040000000000000000e+02
5.080000000000000000e+02
5.050000000000000000e+02
4.990000000000000000e+02
3.910000000000000000e+02
3.700000000000000000e+02
3.700000000000000000e+02
3.640000000000000000e+02
3.520000000000000000e+02
3.480000000000000000e+02
3.426666666666666856e+02
3.800000000000000000e+02
3.600000000000000000e+02
3.620000000000000000e+02
3.640000000000000000e+02
4.180000000000000000e+02
3.610000000000000000e+02
3.666666666666666856e+02
3.600000000000000000e+02
3.640000000000000000e+02
3.506666666666666856e+02
3.560000000000000000e+02
3.520000000000000000e+02
3.746666666666666856e+02
3.830000000000000000e+02
3.840000000000000000e+02
3.920000000000000000e+02
3.360000000000000000e+02
3.650000000000000000e+02
4.060000000000000000e+02
3.746666666666666856e+02
3.820000000000000000e+02
5.173333333333333712e+02
5.090000000000000000e+02
5.070000000000000000e+02
5.150000000000000000e+02
5.090000000000000000e+02
3.813333333333333144e+02
3.626666666666666856e+02
3.640000000000000000e+02
3.870000000000000000e+02
3.790000000000000000e+02
3.520000000000000000e+02
3.880000000000000000e+02
3.640000000000000000e+02
3.640000000000000000e+02
3.640000000000000000e+02
3.640000000000000000e+02
3.653333333333333144e+02
4.220000000000000000e+02
4.400000000000000000e+02
4.020000000000000000e+02
4.020000000000000000e+02
3.820000000000000000e+02
3.730000000000000000e+02
4.026666666666666856e+02
3.960000000000000000e+02
3.920000000000000000e+02
3.900000000000000000e+02
3.840000000000000000e+02
3.870000000000000000e+02
3.866666666666666856e+02
5.600000000000000000e+02
4.280000000000000000e+02
5.130000000000000000e+02
5.180000000000000000e+02
5.120000000000000000e+02
5.066666666666666856e+02
5.160000000000000000e+02
4.040000000000000000e+02
4.000000000000000000e+02
3.920000000000000000e+02
4.150000000000000000e+02
3.880000000000000000e+02
3.800000000000000000e+02
3.830000000000000000e+02
4.000000000000000000e+02
3.880000000000000000e+02
3.770000000000000000e+02
3.960000000000000000e+02
4.680000000000000000e+02
4.610000000000000000e+02
4.480000000000000000e+02
4.560000000000000000e+02
3.600000000000000000e+02
4.120000000000000000e+02
3.880000000000000000e+02
3.880000000000000000e+02
5.080000000000000000e+02
4.480000000000000000e+02
4.150000000000000000e+02
5.026666666666666856e+02
4.480000000000000000e+02
5.746666666666666288e+02
4.740000000000000000e+02
6.140000000000000000e+02
5.413333333333333712e+02
5.306666666666666288e+02
5.853333333333333712e+02
5.400000000000000000e+02
4.520000000000000000e+02
4.960000000000000000e+02
5.880000000000000000e+02
7.960000000000000000e+02
7.950000000000000000e+02
7.880000000000000000e+02
4.940000000000000000e+02
5.186666666666666288e+02
5.573333333333333712e+02
4.740000000000000000e+02
4.810000000000000000e+02
4.440000000000000000e+02
4.560000000000000000e+02
4.590000000000000000e+02
4.560000000000000000e+02
7.340000000000000000e+02
7.560000000000000000e+02
4.906666666666666856e+02
4.820000000000000000e+02
4.800000000000000000e+02
5.170000000000000000e+02
5.020000000000000000e+02
4.280000000000000000e+02
7.733333333333333712e+02
5.420000000000000000e+02
5.320000000000000000e+02
5.190000000000000000e+02
5.973333333333333712e+02
6.080000000000000000e+02
5.740000000000000000e+02
5.870000000000000000e+02
4.893333333333333144e+02
6.120000000000000000e+02
5.586666666666666288e+02
5.280000000000000000e+02
5.440000000000000000e+02
5.640000000000000000e+02
5.150000000000000000e+02
4.946666666666666856e+02
7.746666666666666288e+02
5.106666666666666856e+02
4.740000000000000000e+02
7.730000000000000000e+02
7.820000000000000000e+02
6.160000000000000000e+02
5.610000000000000000e+02
6.570000000000000000e+02
7.530000000000000000e+02
7.270000000000000000e+02
6.830000000000000000e+02
7.706666666666666288e+02
5.530000000000000000e+02
6.320000000000000000e+02
6.760000000000000000e+02
4.860000000000000000e+02
5.430000000000000000e+02
7.480000000000000000e+02
5.950000000000000000e+02
5.706666666666666288e+02
6.130000000000000000e+02
5.850000000000000000e+02
5.350000000000000000e+02
