5.190000000000000000e+02
4.720000000000000000e+02
5.220000000000000000e+02
4.870000000000000000e+02
5.100000000000000000e+02
4.653333333333333144e+02
3.670000000000000000e+02
7.380000000000000000e+02
3.426666666666666856e+02
7.030000000000000000e+02
3.640000000000000000e+02
3.450000000000000000e+02
3.400000000000000000e+02
4.510000000000000000e+02
4.410000000000000000e+02
4.360000000000000000e+02
4.640000000000000000e+02
4.440000000000000000e+02
4.470000000000000000e+02
4.426666666666666856e+02
3.586666666666666856e+02
3.750000000000000000e+02
3.430000000000000000e+02
3.720000000000000000e+02
3.790000000000000000e+02
5.370000000000000000e+02
3.826666666666666856e+02
5.266666666666666288e+02
4.400000000000000000e+02
5.310000000000000000e+02
4.640000000000000000e+02
5.440000000000000000e+02
5.200000000000000000e+02
5.480000000000000000e+02
5.310000000000000000e+02
5.330000000000000000e+02
5.370000000000000000e+02
3.920000000000000000e+02
6.620000000000000000e+02
3.590000000000000000e+02
5.040000000000000000e+02
3.180000000000000000e+02
3.480000000000000000e+02
3.550000000000000000e+02
4.493333333333333144e+02
4.150000000000000000e+02
3.830000000000000000e+02
3.720000000000000000e+02
3.680000000000000000e+02
3.680000000000000000e+02
3.573333333333333144e+02
3.480000000000000000e+02
3.480000000000000000e+02
3.580000000000000000e+02
3.666666666666666856e+02
3.210000000000000000e+02
6.500000000000000000e+02
5.140000000000000000e+02
3.986666666666666856e+02
4.040000000000000000e+02
5.120000000000000000e+02
5.600000000000000000e+02
5.460000000000000000e+02
5.320000000000000000e+02
5.590000000000000000e+02
5.533333333333333712e+02
5.420000000000000000e+02
4.820000000000000000e+02
3.840000000000000000e+02
3.920000000000000000e+02
3.850000000000000000e+02
3.490000000000000000e+02
3.626666666666666856e+02
3.640000000000000000e+02
3.590000000000000000e+02
3.530000000000000000e+02
3.480000000000000000e+02
3.470000000000000000e+02
3.880000000000000000e+02
3.840000000000000000e+02
3.893333333333333144e+02
3.620000000000000000e+02
3.520000000000000000e+02
3.480000000000000000e+02
3.480000000000000000e+02
3.520000000000000000e+02
3.520000000000000000e+02
3.520000000000000000e+02
3.460000000000000000e+02
3.480000000000000000e+02
3.650000000000000000e+02
3.680000000000000000e+02
3.613333333333333144e+02
3.800000000000000000e+02
5.170000000000000000e+02
5.106666666666666856e+02
4.990000000000000000e+02
5.000000000000000000e+02
4.770000000000000000e+02
3.700000000000000000e+02
3.680000000000000000e+02
3.640000000000000000e+02
3.430000000000000000e+02
3.480000000000000000e+02
3.426666666666666856e+02
3.800000000000000000e+02
3.620000000000000000e+02
3.630000000000000000e+02
3.640000000000000000e+02
3.560000000000000000e+02
3.650000000000000000e+02
3.640000000000000000e+02
3.626666666666666856e+02
3.626666666666666856e+02
3.506666666666666856e+02
3.510000000000000000e+02
3.540000000000000000e+02
3.880000000000000000e+02
3.800000000000000000e+02
3.840000000000000000e+02
3.610000000000000000e+02
3.920000000000000000e+02
3.680000000000000000e+02
3.690000000000000000e+02
3.720000000000000000e+02
3.820000000000000000e+02
5.050000000000000000e+02
5.040000000000000000e+02
4.330000000000000000e+02
5.150000000000000000e+02
3.880000000000000000e+02
3.800000000000000000e+02
3.600000000000000000e+02
3.740000000000000000e+02
3.870000000000000000e+02
3.790000000000000000e+02
3.520000000000000000e+02
3.880000000000000000e+02
3.800000000000000000e+02
3.640000000000000000e+02
3.630000000000000000e+02
3.530000000000000000e+02
3.653333333333333144e+02
4.706666666666666856e+02
3.720000000000000000e+02
4.410000000000000000e+02
3.690000000000000000e+02
3.650000000000000000e+02
3.730000000000000000e+02
3.790000000000000000e+02
3.970000000000000000e+02
3.880000000000000000e+02
3.900000000000000000e+02
3.880000000000000000e+02
4.130000000000000000e+02
3.900000000000000000e+02
3.840000000000000000e+02
3.960000000000000000e+02
5.180000000000000000e+02
4.970000000000000000e+02
4.733333333333333144e+02
5.066666666666666856e+02
5.940000000000000000e+02
4.040000000000000000e+02
4.020000000000000000e+02
3.920000000000000000e+02
4.150000000000000000e+02
3.890000000000000000e+02
4.430000000000000000e+02
3.960000000000000000e+02
4.000000000000000000e+02
3.930000000000000000e+02
3.760000000000000000e+02
3.960000000000000000e+02
4.120000000000000000e+02
4.610000000000000000e+02
4.453333333333333144e+02
4.560000000000000000e+02
3.600000000000000000e+02
4.120000000000000000e+02
4.120000000000000000e+02
3.866666666666666856e+02
5.040000000000000000e+02
4.310000000000000000e+02
4.893333333333333144e+02
5.060000000000000000e+02
5.360000000000000000e+02
5.700000000000000000e+02
4.180000000000000000e+02
6.250000000000000000e+02
5.720000000000000000e+02
5.000000000000000000e+02
5.850000000000000000e+02
6.120000000000000000e+02
5.860000000000000000e+02
5.960000000000000000e+02
4.910000000000000000e+02
7.310000000000000000e+02
5.900000000000000000e+02
4.760000000000000000e+02
4.940000000000000000e+02
5.140000000000000000e+02
4.780000000000000000e+02
4.970000000000000000e+02
4.810000000000000000e+02
4.420000000000000000e+02
4.530000000000000000e+02
4.560000000000000000e+02
5.390000000000000000e+02
7.866666666666666288e+02
6.890000000000000000e+02
4.466666666666666856e+02
4.430000000000000000e+02
4.933333333333333144e+02
5.133333333333333712e+02
5.000000000000000000e+02
5.030000000000000000e+02
5.460000000000000000e+02
7.830000000000000000e+02
6.133333333333333712e+02
4.460000000000000000e+02
5.880000000000000000e+02
5.813333333333333712e+02
5.740000000000000000e+02
5.980000000000000000e+02
6.000000000000000000e+02
6.120000000000000000e+02
5.830000000000000000e+02
6.940000000000000000e+02
7.480000000000000000e+02
5.640000000000000000e+02
5.360000000000000000e+02
4.946666666666666856e+02
7.746666666666666288e+02
5.080000000000000000e+02
5.010000000000000000e+02
7.960000000000000000e+02
7.290000000000000000e+02
6.160000000000000000e+02
7.760000000000000000e+02
7.613333333333333712e+02
7.280000000000000000e+02
7.280000000000000000e+02
6.470000000000000000e+02
6.880000000000000000e+02
7.546666666666666288e+02
6.980000000000000000e+02
5.500000000000000000e+02
5.720000000000000000e+02
5.620000000000000000e+02
6.040000000000000000e+02
5.080000000000000000e+02
6.000000000000000000e+02
6.280000000000000000e+02
6.210000000000000000e+02
6.180000000000000000e+02
