5.880000000000000000e+02
5.880000000000000000e+02
5.920000000000000000e+02
5.740000000000000000e+02
6.300000000000000000e+02
6.173333333333333712e+02
5.620000000000000000e+02
4.060000000000000000e+02
5.320000000000000000e+02
5.520000000000000000e+02
5.506666666666666288e+02
5.530000000000000000e+02
5.500000000000000000e+02
4.040000000000000000e+02
4.540000000000000000e+02
4.613333333333333144e+02
5.613333333333333712e+02
4.580000000000000000e+02
4.800000000000000000e+02
4.946666666666666856e+02
4.900000000000000000e+02
4.790000000000000000e+02
5.160000000000000000e+02
5.693333333333333712e+02
5.350000000000000000e+02
3.360000000000000000e+02
4.900000000000000000e+02
5.680000000000000000e+02
5.990000000000000000e+02
5.700000000000000000e+02
5.973333333333333712e+02
6.000000000000000000e+02
4.946666666666666856e+02
4.786666666666666856e+02
5.853333333333333712e+02
5.200000000000000000e+02
4.813333333333333144e+02
4.800000000000000000e+02
5.040000000000000000e+02
5.186666666666666288e+02
5.230000000000000000e+02
5.090000000000000000e+02
4.880000000000000000e+02
5.070000000000000000e+02
4.880000000000000000e+02
4.940000000000000000e+02
4.840000000000000000e+02
4.880000000000000000e+02
4.880000000000000000e+02
4.560000000000000000e+02
4.320000000000000000e+02
4.270000000000000000e+02
5.070000000000000000e+02
5.040000000000000000e+02
5.130000000000000000e+02
5.090000000000000000e+02
5.010000000000000000e+02
4.830000000000000000e+02
4.760000000000000000e+02
4.700000000000000000e+02
4.720000000000000000e+02
5.800000000000000000e+02
5.340000000000000000e+02
5.350000000000000000e+02
4.760000000000000000e+02
6.050000000000000000e+02
4.853333333333333144e+02
4.660000000000000000e+02
4.720000000000000000e+02
4.720000000000000000e+02
4.830000000000000000e+02
4.910000000000000000e+02
4.940000000000000000e+02
5.000000000000000000e+02
4.840000000000000000e+02
4.360000000000000000e+02
4.293333333333333144e+02
3.680000000000000000e+02
4.770000000000000000e+02
4.380000000000000000e+02
4.290000000000000000e+02
4.260000000000000000e+02
4.240000000000000000e+02
4.293333333333333144e+02
4.040000000000000000e+02
4.000000000000000000e+02
4.070000000000000000e+02
4.200000000000000000e+02
4.200000000000000000e+02
4.120000000000000000e+02
4.720000000000000000e+02
4.650000000000000000e+02
4.640000000000000000e+02
4.610000000000000000e+02
4.640000000000000000e+02
4.800000000000000000e+02
4.720000000000000000e+02
4.200000000000000000e+02
4.680000000000000000e+02
4.090000000000000000e+02
3.880000000000000000e+02
3.893333333333333144e+02
4.026666666666666856e+02
4.200000000000000000e+02
4.220000000000000000e+02
3.650000000000000000e+02
4.080000000000000000e+02
4.160000000000000000e+02
4.226666666666666856e+02
4.000000000000000000e+02
4.010000000000000000e+02
4.213333333333333144e+02
3.620000000000000000e+02
4.040000000000000000e+02
4.040000000000000000e+02
4.040000000000000000e+02
4.000000000000000000e+02
4.010000000000000000e+02
4.060000000000000000e+02
4.080000000000000000e+02
4.330000000000000000e+02
4.050000000000000000e+02
3.960000000000000000e+02
3.960000000000000000e+02
4.060000000000000000e+02
4.040000000000000000e+02
4.480000000000000000e+02
5.560000000000000000e+02
5.390000000000000000e+02
5.480000000000000000e+02
3.680000000000000000e+02
4.360000000000000000e+02
4.150000000000000000e+02
4.280000000000000000e+02
3.960000000000000000e+02
4.093333333333333144e+02
4.350000000000000000e+02
3.310000000000000000e+02
4.070000000000000000e+02
4.080000000000000000e+02
4.150000000000000000e+02
4.200000000000000000e+02
4.200000000000000000e+02
4.310000000000000000e+02
4.293333333333333144e+02
4.200000000000000000e+02
4.200000000000000000e+02
4.200000000000000000e+02
4.110000000000000000e+02
4.160000000000000000e+02
4.360000000000000000e+02
4.293333333333333144e+02
3.940000000000000000e+02
4.550000000000000000e+02
4.330000000000000000e+02
4.340000000000000000e+02
4.320000000000000000e+02
4.890000000000000000e+02
5.540000000000000000e+02
5.610000000000000000e+02
4.773333333333333144e+02
5.573333333333333712e+02
4.760000000000000000e+02
4.810000000000000000e+02
4.320000000000000000e+02
4.253333333333333144e+02
4.890000000000000000e+02
4.320000000000000000e+02
4.190000000000000000e+02
4.520000000000000000e+02
4.490000000000000000e+02
5.050000000000000000e+02
4.270000000000000000e+02
4.140000000000000000e+02
4.560000000000000000e+02
4.346666666666666856e+02
4.660000000000000000e+02
4.320000000000000000e+02
4.973333333333333144e+02
4.840000000000000000e+02
5.920000000000000000e+02
5.390000000000000000e+02
5.170000000000000000e+02
4.890000000000000000e+02
4.970000000000000000e+02
5.000000000000000000e+02
4.933333333333333144e+02
6.080000000000000000e+02
6.060000000000000000e+02
5.970000000000000000e+02
5.810000000000000000e+02
5.880000000000000000e+02
4.790000000000000000e+02
5.866666666666666288e+02
5.960000000000000000e+02
4.893333333333333144e+02
6.066666666666666288e+02
6.133333333333333712e+02
4.946666666666666856e+02
4.960000000000000000e+02
5.660000000000000000e+02
5.330000000000000000e+02
4.980000000000000000e+02
5.250000000000000000e+02
4.740000000000000000e+02
4.620000000000000000e+02
4.440000000000000000e+02
4.500000000000000000e+02
4.973333333333333144e+02
4.920000000000000000e+02
4.920000000000000000e+02
5.340000000000000000e+02
5.560000000000000000e+02
5.730000000000000000e+02
5.150000000000000000e+02
5.610000000000000000e+02
5.140000000000000000e+02
6.130000000000000000e+02
3.920000000000000000e+02
5.540000000000000000e+02
5.780000000000000000e+02
5.890000000000000000e+02
4.880000000000000000e+02
5.620000000000000000e+02
5.906666666666666288e+02
5.620000000000000000e+02
5.900000000000000000e+02
5.920000000000000000e+02
5.610000000000000000e+02
6.026666666666666288e+02
5.213333333333333712e+02
4.866666666666666856e+02
5.506666666666666288e+02
5.866666666666666288e+02
5.100000000000000000e+02
5.170000000000000000e+02
5.560000000000000000e+02
4.860000000000000000e+02
5.026666666666666856e+02
4.860000000000000000e+02
4.850000000000000000e+02
6.850000000000000000e+02
5.026666666666666856e+02
4.960000000000000000e+02
5.210000000000000000e+02
5.090000000000000000e+02
5.220000000000000000e+02
5.266666666666666288e+02
5.413333333333333712e+02
6.013333333333333712e+02
5.920000000000000000e+02
5.910000000000000000e+02
5.490000000000000000e+02
5.866666666666666288e+02
5.920000000000000000e+02
5.893333333333333712e+02
