7.410000000000000000e+02
7.440000000000000000e+02
7.480000000000000000e+02
7.493333333333333712e+02
7.480000000000000000e+02
7.520000000000000000e+02
4.880000000000000000e+02
6.950000000000000000e+02
6.880000000000000000e+02
6.973333333333333712e+02
6.860000000000000000e+02
5.190000000000000000e+02
7.520000000000000000e+02
7.430000000000000000e+02
7.480000000000000000e+02
7.453333333333333712e+02
7.586666666666666288e+02
7.590000000000000000e+02
5.390000000000000000e+02
7.680000000000000000e+02
7.670000000000000000e+02
7.550000000000000000e+02
5.066666666666666856e+02
7.520000000000000000e+02
7.440000000000000000e+02
7.440000000000000000e+02
7.440000000000000000e+02
7.440000000000000000e+02
4.760000000000000000e+02
7.350000000000000000e+02
6.990000000000000000e+02
6.420000000000000000e+02
7.440000000000000000e+02
4.866666666666666856e+02
7.520000000000000000e+02
7.460000000000000000e+02
5.060000000000000000e+02
4.740000000000000000e+02
4.773333333333333144e+02
4.880000000000000000e+02
4.760000000000000000e+02
4.733333333333333144e+02
7.493333333333333712e+02
7.520000000000000000e+02
7.560000000000000000e+02
7.613333333333333712e+02
7.600000000000000000e+02
7.600000000000000000e+02
7.600000000000000000e+02
7.600000000000000000e+02
7.600000000000000000e+02
7.600000000000000000e+02
7.560000000000000000e+02
5.426666666666666288e+02
7.400000000000000000e+02
4.800000000000000000e+02
4.670000000000000000e+02
4.660000000000000000e+02
5.300000000000000000e+02
6.910000000000000000e+02
4.910000000000000000e+02
6.940000000000000000e+02
7.666666666666666288e+02
7.000000000000000000e+02
7.030000000000000000e+02
7.213333333333333712e+02
4.760000000000000000e+02
5.400000000000000000e+02
5.100000000000000000e+02
5.420000000000000000e+02
5.480000000000000000e+02
7.533333333333333712e+02
5.493333333333333712e+02
5.333333333333333712e+02
5.680000000000000000e+02
7.630000000000000000e+02
5.680000000000000000e+02
7.560000000000000000e+02
7.560000000000000000e+02
7.560000000000000000e+02
7.560000000000000000e+02
7.560000000000000000e+02
7.520000000000000000e+02
5.640000000000000000e+02
5.720000000000000000e+02
5.680000000000000000e+02
5.440000000000000000e+02
5.480000000000000000e+02
5.400000000000000000e+02
5.400000000000000000e+02
5.080000000000000000e+02
5.173333333333333712e+02
5.200000000000000000e+02
5.200000000000000000e+02
5.400000000000000000e+02
5.253333333333333712e+02
7.466666666666666288e+02
7.550000000000000000e+02
5.090000000000000000e+02
4.960000000000000000e+02
5.000000000000000000e+02
5.600000000000000000e+02
5.293333333333333712e+02
5.300000000000000000e+02
5.573333333333333712e+02
5.520000000000000000e+02
5.560000000000000000e+02
5.640000000000000000e+02
5.640000000000000000e+02
7.520000000000000000e+02
7.560000000000000000e+02
7.840000000000000000e+02
7.660000000000000000e+02
7.560000000000000000e+02
7.480000000000000000e+02
5.640000000000000000e+02
5.640000000000000000e+02
5.680000000000000000e+02
5.560000000000000000e+02
5.560000000000000000e+02
4.980000000000000000e+02
5.040000000000000000e+02
5.240000000000000000e+02
5.120000000000000000e+02
5.000000000000000000e+02
5.706666666666666288e+02
4.630000000000000000e+02
4.920000000000000000e+02
4.820000000000000000e+02
5.373333333333333712e+02
5.600000000000000000e+02
5.026666666666666856e+02
5.000000000000000000e+02
5.280000000000000000e+02
5.080000000000000000e+02
4.440000000000000000e+02
4.400000000000000000e+02
4.440000000000000000e+02
4.440000000000000000e+02
4.360000000000000000e+02
5.540000000000000000e+02
4.466666666666666856e+02
7.740000000000000000e+02
7.640000000000000000e+02
7.490000000000000000e+02
5.653333333333333712e+02
5.180000000000000000e+02
4.426666666666666856e+02
4.440000000000000000e+02
4.480000000000000000e+02
4.440000000000000000e+02
4.400000000000000000e+02
4.400000000000000000e+02
4.400000000000000000e+02
4.400000000000000000e+02
5.120000000000000000e+02
5.640000000000000000e+02
5.550000000000000000e+02
4.640000000000000000e+02
4.660000000000000000e+02
4.640000000000000000e+02
4.840000000000000000e+02
4.760000000000000000e+02
4.730000000000000000e+02
4.480000000000000000e+02
4.760000000000000000e+02
4.400000000000000000e+02
4.320000000000000000e+02
4.280000000000000000e+02
4.653333333333333144e+02
4.510000000000000000e+02
4.440000000000000000e+02
4.320000000000000000e+02
4.280000000000000000e+02
4.490000000000000000e+02
5.426666666666666288e+02
4.200000000000000000e+02
4.040000000000000000e+02
4.200000000000000000e+02
4.200000000000000000e+02
4.120000000000000000e+02
4.253333333333333144e+02
4.330000000000000000e+02
4.320000000000000000e+02
4.320000000000000000e+02
4.360000000000000000e+02
4.440000000000000000e+02
4.680000000000000000e+02
5.280000000000000000e+02
5.280000000000000000e+02
5.310000000000000000e+02
7.453333333333333712e+02
6.780000000000000000e+02
5.350000000000000000e+02
5.280000000000000000e+02
5.320000000000000000e+02
4.720000000000000000e+02
4.640000000000000000e+02
4.320000000000000000e+02
4.280000000000000000e+02
4.280000000000000000e+02
4.266666666666666856e+02
4.440000000000000000e+02
4.080000000000000000e+02
4.160000000000000000e+02
4.160000000000000000e+02
4.120000000000000000e+02
4.160000000000000000e+02
4.200000000000000000e+02
4.200000000000000000e+02
4.160000000000000000e+02
4.160000000000000000e+02
4.040000000000000000e+02
4.440000000000000000e+02
4.360000000000000000e+02
4.360000000000000000e+02
4.320000000000000000e+02
4.280000000000000000e+02
4.386666666666666856e+02
4.760000000000000000e+02
5.360000000000000000e+02
4.810000000000000000e+02
5.080000000000000000e+02
5.080000000000000000e+02
4.720000000000000000e+02
5.060000000000000000e+02
4.920000000000000000e+02
4.466666666666666856e+02
5.040000000000000000e+02
5.000000000000000000e+02
4.986666666666666856e+02
4.466666666666666856e+02
4.400000000000000000e+02
4.360000000000000000e+02
4.440000000000000000e+02
4.400000000000000000e+02
4.160000000000000000e+02
4.093333333333333144e+02
4.400000000000000000e+02
4.140000000000000000e+02
4.280000000000000000e+02
4.360000000000000000e+02
4.190000000000000000e+02
4.480000000000000000e+02
4.480000000000000000e+02
4.400000000000000000e+02
4.440000000000000000e+02
4.400000000000000000e+02
4.466666666666666856e+02
4.960000000000000000e+02
5.000000000000000000e+02
5.240000000000000000e+02
5.360000000000000000e+02
4.760000000000000000e+02
7.506666666666666288e+02
7.530000000000000000e+02
6.050000000000000000e+02
4.880000000000000000e+02
5.120000000000000000e+02
5.240000000000000000e+02
5.320000000000000000e+02
4.800000000000000000e+02
5.080000000000000000e+02
5.160000000000000000e+02
5.133333333333333712e+02
5.190000000000000000e+02
5.693333333333333712e+02
5.720000000000000000e+02
5.680000000000000000e+02
7.360000000000000000e+02
7.440000000000000000e+02
7.520000000000000000e+02
7.480000000000000000e+02
7.480000000000000000e+02
7.400000000000000000e+02
7.400000000000000000e+02
5.680000000000000000e+02
5.760000000000000000e+02
5.160000000000000000e+02
6.600000000000000000e+02
5.200000000000000000e+02
5.160000000000000000e+02
5.120000000000000000e+02
4.760000000000000000e+02
4.990000000000000000e+02
5.000000000000000000e+02
4.990000000000000000e+02
7.440000000000000000e+02
4.866666666666666856e+02
4.950000000000000000e+02
7.480000000000000000e+02
4.880000000000000000e+02
5.420000000000000000e+02
5.253333333333333712e+02
4.760000000000000000e+02
5.090000000000000000e+02
5.280000000000000000e+02
4.880000000000000000e+02
5.666666666666666288e+02
5.640000000000000000e+02
7.480000000000000000e+02
7.280000000000000000e+02
7.400000000000000000e+02
7.440000000000000000e+02
7.400000000000000000e+02
7.880000000000000000e+02
7.750000000000000000e+02
7.440000000000000000e+02
6.850000000000000000e+02
4.826666666666666856e+02
7.200000000000000000e+02
7.540000000000000000e+02
6.810000000000000000e+02
7.140000000000000000e+02
5.480000000000000000e+02
5.280000000000000000e+02
6.840000000000000000e+02
5.860000000000000000e+02
5.420000000000000000e+02
7.170000000000000000e+02
5.226666666666666288e+02
5.400000000000000000e+02
5.293333333333333712e+02
5.360000000000000000e+02
7.470000000000000000e+02
5.840000000000000000e+02
4.680000000000000000e+02
7.410000000000000000e+02
7.453333333333333712e+02
5.560000000000000000e+02
5.350000000000000000e+02
7.520000000000000000e+02
7.480000000000000000e+02
7.560000000000000000e+02
7.560000000000000000e+02
7.520000000000000000e+02
