5.370000000000000000e+02
5.280000000000000000e+02
5.130000000000000000e+02
5.170000000000000000e+02
5.170000000000000000e+02
4.653333333333333144e+02
5.160000000000000000e+02
5.320000000000000000e+02
3.920000000000000000e+02
7.030000000000000000e+02
3.450000000000000000e+02
3.460000000000000000e+02
3.400000000000000000e+02
3.746666666666666856e+02
4.410000000000000000e+02
4.520000000000000000e+02
3.580000000000000000e+02
3.746666666666666856e+02
4.470000000000000000e+02
4.360000000000000000e+02
3.600000000000000000e+02
3.700000000000000000e+02
3.380000000000000000e+02
3.510000000000000000e+02
3.693333333333333144e+02
3.760000000000000000e+02
5.360000000000000000e+02
4.080000000000000000e+02
4.400000000000000000e+02
5.453333333333333712e+02
4.640000000000000000e+02
5.440000000000000000e+02
5.300000000000000000e+02
4.960000000000000000e+02
5.220000000000000000e+02
5.520000000000000000e+02
5.370000000000000000e+02
3.960000000000000000e+02
3.920000000000000000e+02
3.693333333333333144e+02
2.720000000000000000e+02
3.440000000000000000e+02
3.740000000000000000e+02
3.790000000000000000e+02
4.480000000000000000e+02
4.100000000000000000e+02
4.180000000000000000e+02
3.820000000000000000e+02
3.680000000000000000e+02
3.680000000000000000e+02
3.453333333333333144e+02
3.500000000000000000e+02
3.480000000000000000e+02
3.600000000000000000e+02
3.693333333333333144e+02
3.533333333333333144e+02
7.653333333333333712e+02
3.800000000000000000e+02
3.986666666666666856e+02
3.990000000000000000e+02
5.050000000000000000e+02
5.600000000000000000e+02
5.610000000000000000e+02
5.320000000000000000e+02
5.320000000000000000e+02
5.440000000000000000e+02
3.826666666666666856e+02
5.586666666666666288e+02
3.730000000000000000e+02
3.973333333333333144e+02
3.690000000000000000e+02
3.510000000000000000e+02
3.680000000000000000e+02
3.640000000000000000e+02
3.580000000000000000e+02
3.530000000000000000e+02
3.470000000000000000e+02
3.480000000000000000e+02
3.813333333333333144e+02
3.880000000000000000e+02
3.800000000000000000e+02
3.620000000000000000e+02
3.520000000000000000e+02
3.493333333333333144e+02
3.280000000000000000e+02
3.546666666666666856e+02
3.530000000000000000e+02
3.390000000000000000e+02
3.460000000000000000e+02
3.470000000000000000e+02
3.670000000000000000e+02
3.680000000000000000e+02
3.600000000000000000e+02
3.980000000000000000e+02
4.000000000000000000e+02
5.106666666666666856e+02
5.020000000000000000e+02
5.070000000000000000e+02
4.770000000000000000e+02
3.700000000000000000e+02
3.700000000000000000e+02
3.640000000000000000e+02
3.600000000000000000e+02
3.480000000000000000e+02
3.890000000000000000e+02
3.800000000000000000e+02
3.600000000000000000e+02
3.620000000000000000e+02
3.550000000000000000e+02
3.540000000000000000e+02
3.680000000000000000e+02
3.666666666666666856e+02
3.600000000000000000e+02
3.613333333333333144e+02
3.390000000000000000e+02
3.510000000000000000e+02
3.520000000000000000e+02
3.866666666666666856e+02
3.830000000000000000e+02
3.840000000000000000e+02
3.920000000000000000e+02
3.360000000000000000e+02
3.680000000000000000e+02
3.650000000000000000e+02
3.800000000000000000e+02
3.826666666666666856e+02
5.050000000000000000e+02
5.040000000000000000e+02
4.860000000000000000e+02
5.150000000000000000e+02
3.866666666666666856e+02
3.800000000000000000e+02
3.650000000000000000e+02
3.746666666666666856e+02
3.960000000000000000e+02
3.810000000000000000e+02
3.840000000000000000e+02
3.840000000000000000e+02
3.640000000000000000e+02
3.640000000000000000e+02
3.640000000000000000e+02
3.610000000000000000e+02
3.653333333333333144e+02
4.706666666666666856e+02
4.293333333333333144e+02
4.020000000000000000e+02
3.660000000000000000e+02
3.820000000000000000e+02
3.760000000000000000e+02
4.000000000000000000e+02
3.970000000000000000e+02
3.880000000000000000e+02
3.880000000000000000e+02
3.880000000000000000e+02
4.130000000000000000e+02
3.880000000000000000e+02
4.293333333333333144e+02
3.960000000000000000e+02
4.800000000000000000e+02
5.000000000000000000e+02
5.120000000000000000e+02
5.330000000000000000e+02
5.490000000000000000e+02
4.013333333333333144e+02
4.010000000000000000e+02
4.040000000000000000e+02
3.900000000000000000e+02
3.893333333333333144e+02
4.430000000000000000e+02
4.260000000000000000e+02
4.000000000000000000e+02
3.880000000000000000e+02
4.093333333333333144e+02
3.920000000000000000e+02
4.680000000000000000e+02
4.610000000000000000e+02
4.440000000000000000e+02
4.530000000000000000e+02
4.760000000000000000e+02
4.050000000000000000e+02
3.880000000000000000e+02
3.893333333333333144e+02
4.980000000000000000e+02
4.310000000000000000e+02
4.150000000000000000e+02
5.733333333333333712e+02
5.093333333333333144e+02
5.700000000000000000e+02
4.740000000000000000e+02
6.053333333333333712e+02
5.413333333333333712e+02
5.000000000000000000e+02
5.850000000000000000e+02
5.426666666666666288e+02
5.920000000000000000e+02
6.080000000000000000e+02
6.040000000000000000e+02
6.653333333333333712e+02
7.950000000000000000e+02
7.780000000000000000e+02
4.973333333333333144e+02
5.140000000000000000e+02
5.060000000000000000e+02
4.740000000000000000e+02
4.590000000000000000e+02
4.420000000000000000e+02
4.560000000000000000e+02
4.590000000000000000e+02
5.730000000000000000e+02
7.866666666666666288e+02
4.760000000000000000e+02
4.466666666666666856e+02
2.720000000000000000e+02
5.110000000000000000e+02
5.070000000000000000e+02
5.110000000000000000e+02
5.580000000000000000e+02
5.140000000000000000e+02
6.093333333333333712e+02
5.320000000000000000e+02
6.120000000000000000e+02
5.620000000000000000e+02
6.010000000000000000e+02
5.920000000000000000e+02
5.720000000000000000e+02
5.800000000000000000e+02
5.720000000000000000e+02
6.000000000000000000e+02
7.640000000000000000e+02
7.480000000000000000e+02
5.880000000000000000e+02
5.173333333333333712e+02
5.146666666666666288e+02
6.840000000000000000e+02
5.000000000000000000e+02
4.740000000000000000e+02
5.920000000000000000e+02
7.000000000000000000e+02
6.453333333333333712e+02
4.586666666666666856e+02
4.160000000000000000e+02
7.280000000000000000e+02
7.270000000000000000e+02
6.470000000000000000e+02
6.960000000000000000e+02
5.530000000000000000e+02
5.480000000000000000e+02
7.210000000000000000e+02
7.140000000000000000e+02
5.370000000000000000e+02
7.480000000000000000e+02
5.080000000000000000e+02
6.050000000000000000e+02
6.130000000000000000e+02
5.850000000000000000e+02
6.180000000000000000e+02
