5.000000000000000000e+02
5.230000000000000000e+02
5.130000000000000000e+02
5.170000000000000000e+02
4.573333333333333144e+02
4.653333333333333144e+02
3.880000000000000000e+02
5.320000000000000000e+02
3.426666666666666856e+02
3.410000000000000000e+02
3.440000000000000000e+02
3.440000000000000000e+02
3.440000000000000000e+02
4.420000000000000000e+02
4.410000000000000000e+02
4.150000000000000000e+02
3.580000000000000000e+02
3.746666666666666856e+02
4.373333333333333144e+02
4.360000000000000000e+02
3.610000000000000000e+02
3.700000000000000000e+02
3.700000000000000000e+02
3.620000000000000000e+02
3.790000000000000000e+02
5.306666666666666288e+02
5.360000000000000000e+02
4.573333333333333144e+02
5.160000000000000000e+02
5.470000000000000000e+02
5.210000000000000000e+02
5.370000000000000000e+02
5.280000000000000000e+02
5.460000000000000000e+02
5.280000000000000000e+02
5.520000000000000000e+02
5.480000000000000000e+02
3.960000000000000000e+02
3.920000000000000000e+02
3.693333333333333144e+02
2.720000000000000000e+02
3.440000000000000000e+02
3.410000000000000000e+02
3.750000000000000000e+02
4.493333333333333144e+02
4.290000000000000000e+02
3.830000000000000000e+02
3.760000000000000000e+02
3.660000000000000000e+02
3.720000000000000000e+02
3.480000000000000000e+02
3.500000000000000000e+02
3.480000000000000000e+02
3.600000000000000000e+02
3.550000000000000000e+02
3.533333333333333144e+02
6.500000000000000000e+02
4.560000000000000000e+02
3.986666666666666856e+02
4.040000000000000000e+02
5.450000000000000000e+02
5.600000000000000000e+02
5.230000000000000000e+02
5.373333333333333712e+02
5.590000000000000000e+02
5.533333333333333712e+02
5.470000000000000000e+02
5.600000000000000000e+02
3.840000000000000000e+02
4.140000000000000000e+02
3.690000000000000000e+02
3.490000000000000000e+02
3.640000000000000000e+02
3.510000000000000000e+02
3.560000000000000000e+02
3.480000000000000000e+02
3.470000000000000000e+02
3.573333333333333144e+02
3.380000000000000000e+02
4.200000000000000000e+02
3.720000000000000000e+02
3.680000000000000000e+02
3.500000000000000000e+02
3.480000000000000000e+02
3.550000000000000000e+02
3.520000000000000000e+02
3.530000000000000000e+02
3.500000000000000000e+02
3.440000000000000000e+02
3.470000000000000000e+02
3.670000000000000000e+02
3.680000000000000000e+02
3.600000000000000000e+02
4.106666666666666856e+02
4.030000000000000000e+02
5.120000000000000000e+02
5.026666666666666856e+02
4.293333333333333144e+02
3.910000000000000000e+02
3.700000000000000000e+02
3.680000000000000000e+02
3.650000000000000000e+02
3.520000000000000000e+02
3.480000000000000000e+02
3.426666666666666856e+02
3.830000000000000000e+02
4.020000000000000000e+02
3.640000000000000000e+02
3.620000000000000000e+02
3.550000000000000000e+02
3.610000000000000000e+02
3.640000000000000000e+02
3.580000000000000000e+02
3.613333333333333144e+02
3.506666666666666856e+02
3.510000000000000000e+02
3.540000000000000000e+02
3.870000000000000000e+02
3.840000000000000000e+02
3.840000000000000000e+02
3.880000000000000000e+02
3.520000000000000000e+02
3.780000000000000000e+02
3.650000000000000000e+02
3.546666666666666856e+02
3.820000000000000000e+02
5.093333333333333144e+02
5.090000000000000000e+02
5.070000000000000000e+02
5.220000000000000000e+02
3.860000000000000000e+02
3.853333333333333144e+02
3.680000000000000000e+02
3.720000000000000000e+02
3.820000000000000000e+02
3.790000000000000000e+02
3.840000000000000000e+02
3.880000000000000000e+02
3.760000000000000000e+02
3.640000000000000000e+02
3.630000000000000000e+02
3.640000000000000000e+02
3.653333333333333144e+02
4.706666666666666856e+02
4.293333333333333144e+02
3.746666666666666856e+02
4.020000000000000000e+02
3.640000000000000000e+02
3.773333333333333144e+02
4.173333333333333144e+02
3.980000000000000000e+02
3.880000000000000000e+02
3.870000000000000000e+02
3.840000000000000000e+02
4.650000000000000000e+02
3.870000000000000000e+02
5.093333333333333144e+02
4.280000000000000000e+02
5.180000000000000000e+02
5.000000000000000000e+02
5.620000000000000000e+02
5.330000000000000000e+02
5.420000000000000000e+02
6.040000000000000000e+02
4.010000000000000000e+02
3.893333333333333144e+02
3.800000000000000000e+02
3.880000000000000000e+02
3.800000000000000000e+02
3.960000000000000000e+02
4.000000000000000000e+02
3.880000000000000000e+02
3.840000000000000000e+02
4.040000000000000000e+02
3.910000000000000000e+02
4.550000000000000000e+02
4.280000000000000000e+02
4.560000000000000000e+02
4.640000000000000000e+02
4.690000000000000000e+02
3.920000000000000000e+02
3.866666666666666856e+02
5.080000000000000000e+02
4.240000000000000000e+02
4.893333333333333144e+02
5.060000000000000000e+02
4.480000000000000000e+02
4.720000000000000000e+02
4.740000000000000000e+02
5.920000000000000000e+02
5.413333333333333712e+02
5.790000000000000000e+02
5.853333333333333712e+02
5.400000000000000000e+02
5.920000000000000000e+02
5.960000000000000000e+02
6.140000000000000000e+02
7.960000000000000000e+02
7.600000000000000000e+02
7.960000000000000000e+02
4.940000000000000000e+02
5.140000000000000000e+02
5.060000000000000000e+02
4.970000000000000000e+02
4.810000000000000000e+02
4.400000000000000000e+02
4.530000000000000000e+02
4.590000000000000000e+02
5.730000000000000000e+02
4.480000000000000000e+02
4.760000000000000000e+02
6.570000000000000000e+02
4.820000000000000000e+02
4.800000000000000000e+02
5.070000000000000000e+02
5.020000000000000000e+02
5.030000000000000000e+02
5.460000000000000000e+02
6.510000000000000000e+02
5.320000000000000000e+02
6.026666666666666288e+02
5.800000000000000000e+02
5.970000000000000000e+02
5.906666666666666288e+02
5.870000000000000000e+02
5.770000000000000000e+02
6.020000000000000000e+02
6.000000000000000000e+02
7.640000000000000000e+02
7.590000000000000000e+02
5.740000000000000000e+02
4.946666666666666856e+02
4.946666666666666856e+02
7.670000000000000000e+02
5.120000000000000000e+02
7.800000000000000000e+02
7.730000000000000000e+02
7.000000000000000000e+02
6.160000000000000000e+02
7.140000000000000000e+02
6.320000000000000000e+02
7.530000000000000000e+02
7.280000000000000000e+02
7.680000000000000000e+02
6.380000000000000000e+02
6.880000000000000000e+02
6.320000000000000000e+02
6.760000000000000000e+02
4.860000000000000000e+02
5.370000000000000000e+02
6.040000000000000000e+02
5.813333333333333712e+02
6.050000000000000000e+02
6.130000000000000000e+02
5.850000000000000000e+02
5.350000000000000000e+02
