6.000000000000000000e+02
6.010000000000000000e+02
6.220000000000000000e+02
6.160000000000000000e+02
6.160000000000000000e+02
6.110000000000000000e+02
5.580000000000000000e+02
5.950000000000000000e+02
5.840000000000000000e+02
5.760000000000000000e+02
5.470000000000000000e+02
5.470000000000000000e+02
5.306666666666666288e+02
6.030000000000000000e+02
5.400000000000000000e+02
5.450000000000000000e+02
5.120000000000000000e+02
5.453333333333333712e+02
5.200000000000000000e+02
4.760000000000000000e+02
5.450000000000000000e+02
5.350000000000000000e+02
5.770000000000000000e+02
5.826666666666666288e+02
5.840000000000000000e+02
5.200000000000000000e+02
6.100000000000000000e+02
5.480000000000000000e+02
6.110000000000000000e+02
6.200000000000000000e+02
6.090000000000000000e+02
6.030000000000000000e+02
5.940000000000000000e+02
6.426666666666666288e+02
6.290000000000000000e+02
6.000000000000000000e+02
6.550000000000000000e+02
4.960000000000000000e+02
4.640000000000000000e+02
5.866666666666666288e+02
5.853333333333333712e+02
5.680000000000000000e+02
5.470000000000000000e+02
4.960000000000000000e+02
5.450000000000000000e+02
5.500000000000000000e+02
5.520000000000000000e+02
5.900000000000000000e+02
5.690000000000000000e+02
5.440000000000000000e+02
5.520000000000000000e+02
5.530000000000000000e+02
4.870000000000000000e+02
4.690000000000000000e+02
4.760000000000000000e+02
4.680000000000000000e+02
4.640000000000000000e+02
4.680000000000000000e+02
4.680000000000000000e+02
6.470000000000000000e+02
6.400000000000000000e+02
6.310000000000000000e+02
5.970000000000000000e+02
6.080000000000000000e+02
5.440000000000000000e+02
5.600000000000000000e+02
5.653333333333333712e+02
6.220000000000000000e+02
4.770000000000000000e+02
4.720000000000000000e+02
4.760000000000000000e+02
4.720000000000000000e+02
4.760000000000000000e+02
4.760000000000000000e+02
4.810000000000000000e+02
4.740000000000000000e+02
4.800000000000000000e+02
5.053333333333333144e+02
5.666666666666666288e+02
4.800000000000000000e+02
5.580000000000000000e+02
4.680000000000000000e+02
4.800000000000000000e+02
4.760000000000000000e+02
4.680000000000000000e+02
4.720000000000000000e+02
4.730000000000000000e+02
4.666666666666666856e+02
4.760000000000000000e+02
4.760000000000000000e+02
4.813333333333333144e+02
4.810000000000000000e+02
4.840000000000000000e+02
4.810000000000000000e+02
4.826666666666666856e+02
5.760000000000000000e+02
5.720000000000000000e+02
5.560000000000000000e+02
4.830000000000000000e+02
4.840000000000000000e+02
4.880000000000000000e+02
4.920000000000000000e+02
4.840000000000000000e+02
4.850000000000000000e+02
4.880000000000000000e+02
4.920000000000000000e+02
4.680000000000000000e+02
4.800000000000000000e+02
4.760000000000000000e+02
4.773333333333333144e+02
4.810000000000000000e+02
5.290000000000000000e+02
5.133333333333333712e+02
4.800000000000000000e+02
4.800000000000000000e+02
4.580000000000000000e+02
4.800000000000000000e+02
4.840000000000000000e+02
5.026666666666666856e+02
4.880000000000000000e+02
4.760000000000000000e+02
4.780000000000000000e+02
4.840000000000000000e+02
4.720000000000000000e+02
4.750000000000000000e+02
4.760000000000000000e+02
5.666666666666666288e+02
5.750000000000000000e+02
5.740000000000000000e+02
5.820000000000000000e+02
4.813333333333333144e+02
4.760000000000000000e+02
4.680000000000000000e+02
4.680000000000000000e+02
4.920000000000000000e+02
4.920000000000000000e+02
5.020000000000000000e+02
4.666666666666666856e+02
4.790000000000000000e+02
4.760000000000000000e+02
4.970000000000000000e+02
5.020000000000000000e+02
4.760000000000000000e+02
5.140000000000000000e+02
5.680000000000000000e+02
5.890000000000000000e+02
5.790000000000000000e+02
5.610000000000000000e+02
4.870000000000000000e+02
5.000000000000000000e+02
5.000000000000000000e+02
4.960000000000000000e+02
4.946666666666666856e+02
4.870000000000000000e+02
4.853333333333333144e+02
4.870000000000000000e+02
4.760000000000000000e+02
4.760000000000000000e+02
5.670000000000000000e+02
5.550000000000000000e+02
5.700000000000000000e+02
6.010000000000000000e+02
6.090000000000000000e+02
4.840000000000000000e+02
4.840000000000000000e+02
4.800000000000000000e+02
4.800000000000000000e+02
4.920000000000000000e+02
4.920000000000000000e+02
4.940000000000000000e+02
4.760000000000000000e+02
4.800000000000000000e+02
4.960000000000000000e+02
5.040000000000000000e+02
5.110000000000000000e+02
5.840000000000000000e+02
5.060000000000000000e+02
5.580000000000000000e+02
5.620000000000000000e+02
5.600000000000000000e+02
5.200000000000000000e+02
5.106666666666666856e+02
4.906666666666666856e+02
4.850000000000000000e+02
4.720000000000000000e+02
4.700000000000000000e+02
4.800000000000000000e+02
4.800000000000000000e+02
4.840000000000000000e+02
5.640000000000000000e+02
6.030000000000000000e+02
5.850000000000000000e+02
5.730000000000000000e+02
6.170000000000000000e+02
6.250000000000000000e+02
4.950000000000000000e+02
4.733333333333333144e+02
4.746666666666666856e+02
4.770000000000000000e+02
4.880000000000000000e+02
4.800000000000000000e+02
4.980000000000000000e+02
4.840000000000000000e+02
5.600000000000000000e+02
5.450000000000000000e+02
5.340000000000000000e+02
5.320000000000000000e+02
5.680000000000000000e+02
5.710000000000000000e+02
5.820000000000000000e+02
5.520000000000000000e+02
5.000000000000000000e+02
5.340000000000000000e+02
5.280000000000000000e+02
5.400000000000000000e+02
5.293333333333333712e+02
4.900000000000000000e+02
5.866666666666666288e+02
4.786666666666666856e+02
5.740000000000000000e+02
6.120000000000000000e+02
6.360000000000000000e+02
6.253333333333333712e+02
6.080000000000000000e+02
6.013333333333333712e+02
6.240000000000000000e+02
6.300000000000000000e+02
6.346666666666666288e+02
6.230000000000000000e+02
4.720000000000000000e+02
4.853333333333333144e+02
4.850000000000000000e+02
5.013333333333333144e+02
5.586666666666666288e+02
5.610000000000000000e+02
5.630000000000000000e+02
5.750000000000000000e+02
5.826666666666666288e+02
5.813333333333333712e+02
5.660000000000000000e+02
7.120000000000000000e+02
6.900000000000000000e+02
5.573333333333333712e+02
5.600000000000000000e+02
5.626666666666666288e+02
5.470000000000000000e+02
4.880000000000000000e+02
6.026666666666666288e+02
5.760000000000000000e+02
5.050000000000000000e+02
6.666666666666666288e+02
6.260000000000000000e+02
6.400000000000000000e+02
6.440000000000000000e+02
4.840000000000000000e+02
6.390000000000000000e+02
