6.080000000000000000e+02
6.026666666666666288e+02
5.410000000000000000e+02
5.600000000000000000e+02
4.480000000000000000e+02
5.660000000000000000e+02
5.590000000000000000e+02
5.110000000000000000e+02
5.600000000000000000e+02
5.520000000000000000e+02
5.520000000000000000e+02
4.800000000000000000e+02
4.840000000000000000e+02
5.330000000000000000e+02
5.190000000000000000e+02
5.240000000000000000e+02
4.730000000000000000e+02
4.790000000000000000e+02
4.920000000000000000e+02
4.710000000000000000e+02
4.740000000000000000e+02
5.070000000000000000e+02
5.320000000000000000e+02
5.370000000000000000e+02
5.380000000000000000e+02
5.790000000000000000e+02
5.390000000000000000e+02
5.540000000000000000e+02
5.370000000000000000e+02
6.220000000000000000e+02
6.030000000000000000e+02
6.066666666666666288e+02
6.100000000000000000e+02
6.293333333333333712e+02
5.560000000000000000e+02
6.340000000000000000e+02
5.560000000000000000e+02
5.610000000000000000e+02
5.480000000000000000e+02
5.226666666666666288e+02
5.360000000000000000e+02
5.440000000000000000e+02
4.880000000000000000e+02
4.720000000000000000e+02
4.680000000000000000e+02
4.610000000000000000e+02
4.580000000000000000e+02
4.570000000000000000e+02
4.600000000000000000e+02
4.520000000000000000e+02
4.550000000000000000e+02
4.600000000000000000e+02
4.760000000000000000e+02
4.666666666666666856e+02
4.470000000000000000e+02
4.310000000000000000e+02
4.240000000000000000e+02
4.200000000000000000e+02
4.200000000000000000e+02
4.210000000000000000e+02
6.000000000000000000e+02
6.180000000000000000e+02
5.860000000000000000e+02
5.600000000000000000e+02
5.640000000000000000e+02
4.893333333333333144e+02
4.760000000000000000e+02
4.160000000000000000e+02
4.200000000000000000e+02
4.200000000000000000e+02
4.200000000000000000e+02
4.020000000000000000e+02
4.200000000000000000e+02
4.160000000000000000e+02
4.120000000000000000e+02
4.040000000000000000e+02
4.040000000000000000e+02
4.080000000000000000e+02
4.280000000000000000e+02
4.480000000000000000e+02
4.580000000000000000e+02
4.120000000000000000e+02
4.373333333333333144e+02
4.090000000000000000e+02
4.430000000000000000e+02
4.200000000000000000e+02
4.190000000000000000e+02
4.200000000000000000e+02
4.040000000000000000e+02
4.080000000000000000e+02
4.140000000000000000e+02
4.170000000000000000e+02
4.200000000000000000e+02
4.180000000000000000e+02
4.160000000000000000e+02
5.666666666666666288e+02
5.630000000000000000e+02
4.173333333333333144e+02
4.240000000000000000e+02
4.200000000000000000e+02
4.120000000000000000e+02
4.150000000000000000e+02
4.093333333333333144e+02
4.080000000000000000e+02
4.146666666666666856e+02
4.160000000000000000e+02
4.120000000000000000e+02
4.120000000000000000e+02
4.093333333333333144e+02
4.240000000000000000e+02
4.100000000000000000e+02
4.580000000000000000e+02
4.386666666666666856e+02
4.240000000000000000e+02
4.200000000000000000e+02
4.130000000000000000e+02
4.200000000000000000e+02
4.160000000000000000e+02
4.200000000000000000e+02
4.213333333333333144e+02
4.100000000000000000e+02
4.080000000000000000e+02
4.080000000000000000e+02
4.200000000000000000e+02
4.200000000000000000e+02
4.160000000000000000e+02
5.600000000000000000e+02
5.530000000000000000e+02
5.540000000000000000e+02
5.586666666666666288e+02
5.630000000000000000e+02
4.120000000000000000e+02
4.160000000000000000e+02
4.170000000000000000e+02
4.240000000000000000e+02
4.360000000000000000e+02
4.293333333333333144e+02
4.240000000000000000e+02
4.160000000000000000e+02
4.160000000000000000e+02
4.200000000000000000e+02
4.200000000000000000e+02
4.320000000000000000e+02
4.520000000000000000e+02
4.560000000000000000e+02
4.560000000000000000e+02
4.500000000000000000e+02
4.160000000000000000e+02
4.210000000000000000e+02
4.250000000000000000e+02
4.240000000000000000e+02
4.240000000000000000e+02
4.240000000000000000e+02
4.260000000000000000e+02
4.240000000000000000e+02
4.200000000000000000e+02
5.770000000000000000e+02
5.310000000000000000e+02
5.590000000000000000e+02
5.530000000000000000e+02
5.660000000000000000e+02
5.780000000000000000e+02
5.773333333333333712e+02
5.680000000000000000e+02
5.720000000000000000e+02
4.180000000000000000e+02
4.786666666666666856e+02
4.120000000000000000e+02
4.150000000000000000e+02
4.040000000000000000e+02
4.080000000000000000e+02
4.910000000000000000e+02
4.080000000000000000e+02
4.630000000000000000e+02
4.460000000000000000e+02
5.080000000000000000e+02
5.220000000000000000e+02
4.280000000000000000e+02
4.600000000000000000e+02
5.080000000000000000e+02
4.880000000000000000e+02
4.800000000000000000e+02
4.860000000000000000e+02
5.170000000000000000e+02
5.400000000000000000e+02
5.820000000000000000e+02
6.240000000000000000e+02
5.893333333333333712e+02
6.040000000000000000e+02
5.800000000000000000e+02
5.693333333333333712e+02
5.680000000000000000e+02
5.680000000000000000e+02
5.770000000000000000e+02
5.680000000000000000e+02
6.080000000000000000e+02
6.120000000000000000e+02
5.720000000000000000e+02
5.670000000000000000e+02
4.370000000000000000e+02
5.280000000000000000e+02
4.960000000000000000e+02
5.000000000000000000e+02
4.960000000000000000e+02
4.800000000000000000e+02
4.900000000000000000e+02
6.140000000000000000e+02
5.500000000000000000e+02
6.840000000000000000e+02
5.360000000000000000e+02
5.250000000000000000e+02
5.400000000000000000e+02
5.386666666666666288e+02
5.260000000000000000e+02
5.520000000000000000e+02
5.610000000000000000e+02
5.480000000000000000e+02
5.690000000000000000e+02
5.650000000000000000e+02
6.213333333333333712e+02
6.260000000000000000e+02
5.920000000000000000e+02
6.030000000000000000e+02
5.693333333333333712e+02
5.680000000000000000e+02
5.720000000000000000e+02
5.830000000000000000e+02
5.840000000000000000e+02
6.190000000000000000e+02
6.160000000000000000e+02
5.653333333333333712e+02
5.840000000000000000e+02
5.470000000000000000e+02
7.210000000000000000e+02
5.220000000000000000e+02
5.173333333333333712e+02
7.100000000000000000e+02
4.520000000000000000e+02
5.880000000000000000e+02
6.920000000000000000e+02
6.550000000000000000e+02
6.573333333333333712e+02
6.520000000000000000e+02
5.860000000000000000e+02
5.720000000000000000e+02
6.426666666666666288e+02
5.640000000000000000e+02
6.920000000000000000e+02
5.460000000000000000e+02
7.400000000000000000e+02
5.810000000000000000e+02
6.690000000000000000e+02
5.680000000000000000e+02
5.720000000000000000e+02
5.640000000000000000e+02
5.690000000000000000e+02
