6.320000000000000000e+02
6.080000000000000000e+02
6.240000000000000000e+02
5.920000000000000000e+02
6.426666666666666288e+02
6.586666666666666288e+02
6.740000000000000000e+02
4.800000000000000000e+02
5.800000000000000000e+02
5.780000000000000000e+02
5.640000000000000000e+02
4.866666666666666856e+02
4.826666666666666856e+02
5.653333333333333712e+02
6.930000000000000000e+02
5.840000000000000000e+02
7.466666666666666288e+02
5.450000000000000000e+02
5.650000000000000000e+02
5.250000000000000000e+02
5.670000000000000000e+02
5.450000000000000000e+02
5.850000000000000000e+02
5.710000000000000000e+02
5.370000000000000000e+02
6.080000000000000000e+02
5.840000000000000000e+02
6.260000000000000000e+02
5.130000000000000000e+02
6.400000000000000000e+02
6.440000000000000000e+02
6.160000000000000000e+02
6.040000000000000000e+02
5.240000000000000000e+02
5.310000000000000000e+02
6.160000000000000000e+02
5.306666666666666288e+02
6.333333333333333712e+02
6.960000000000000000e+02
5.820000000000000000e+02
5.850000000000000000e+02
5.970000000000000000e+02
4.840000000000000000e+02
5.280000000000000000e+02
5.800000000000000000e+02
5.890000000000000000e+02
5.830000000000000000e+02
5.800000000000000000e+02
5.700000000000000000e+02
5.920000000000000000e+02
5.890000000000000000e+02
5.780000000000000000e+02
5.653333333333333712e+02
5.826666666666666288e+02
6.000000000000000000e+02
5.820000000000000000e+02
5.640000000000000000e+02
5.373333333333333712e+02
5.600000000000000000e+02
5.626666666666666288e+02
5.800000000000000000e+02
6.190000000000000000e+02
6.170000000000000000e+02
5.880000000000000000e+02
6.130000000000000000e+02
6.010000000000000000e+02
6.320000000000000000e+02
6.290000000000000000e+02
6.250000000000000000e+02
5.640000000000000000e+02
4.840000000000000000e+02
5.800000000000000000e+02
4.880000000000000000e+02
4.800000000000000000e+02
4.880000000000000000e+02
4.910000000000000000e+02
5.040000000000000000e+02
5.040000000000000000e+02
5.550000000000000000e+02
5.260000000000000000e+02
5.250000000000000000e+02
5.150000000000000000e+02
5.346666666666666288e+02
4.840000000000000000e+02
4.750000000000000000e+02
4.810000000000000000e+02
4.840000000000000000e+02
4.810000000000000000e+02
4.800000000000000000e+02
4.850000000000000000e+02
4.920000000000000000e+02
4.840000000000000000e+02
6.380000000000000000e+02
6.520000000000000000e+02
5.900000000000000000e+02
5.790000000000000000e+02
5.830000000000000000e+02
5.770000000000000000e+02
4.870000000000000000e+02
4.840000000000000000e+02
4.906666666666666856e+02
4.840000000000000000e+02
4.880000000000000000e+02
4.880000000000000000e+02
4.880000000000000000e+02
4.970000000000000000e+02
4.920000000000000000e+02
4.920000000000000000e+02
4.906666666666666856e+02
4.980000000000000000e+02
4.880000000000000000e+02
5.510000000000000000e+02
5.270000000000000000e+02
4.826666666666666856e+02
4.880000000000000000e+02
4.893333333333333144e+02
4.960000000000000000e+02
4.960000000000000000e+02
4.960000000000000000e+02
4.850000000000000000e+02
4.880000000000000000e+02
4.840000000000000000e+02
4.853333333333333144e+02
4.866666666666666856e+02
4.840000000000000000e+02
4.880000000000000000e+02
5.820000000000000000e+02
5.830000000000000000e+02
5.840000000000000000e+02
4.733333333333333144e+02
5.800000000000000000e+02
4.880000000000000000e+02
4.870000000000000000e+02
4.810000000000000000e+02
4.840000000000000000e+02
4.870000000000000000e+02
5.030000000000000000e+02
4.800000000000000000e+02
4.880000000000000000e+02
4.880000000000000000e+02
4.840000000000000000e+02
4.860000000000000000e+02
4.893333333333333144e+02
5.573333333333333712e+02
5.360000000000000000e+02
4.920000000000000000e+02
4.880000000000000000e+02
4.920000000000000000e+02
4.826666666666666856e+02
4.840000000000000000e+02
4.840000000000000000e+02
5.000000000000000000e+02
4.840000000000000000e+02
4.973333333333333144e+02
4.880000000000000000e+02
4.920000000000000000e+02
4.960000000000000000e+02
4.920000000000000000e+02
5.870000000000000000e+02
5.890000000000000000e+02
5.880000000000000000e+02
5.870000000000000000e+02
4.813333333333333144e+02
4.910000000000000000e+02
5.240000000000000000e+02
4.900000000000000000e+02
4.880000000000000000e+02
4.960000000000000000e+02
5.040000000000000000e+02
4.880000000000000000e+02
4.920000000000000000e+02
4.840000000000000000e+02
4.820000000000000000e+02
5.270000000000000000e+02
4.900000000000000000e+02
5.500000000000000000e+02
5.600000000000000000e+02
5.240000000000000000e+02
5.210000000000000000e+02
5.450000000000000000e+02
4.906666666666666856e+02
5.813333333333333712e+02
4.960000000000000000e+02
5.110000000000000000e+02
4.880000000000000000e+02
4.960000000000000000e+02
4.960000000000000000e+02
4.920000000000000000e+02
6.373333333333333712e+02
6.170000000000000000e+02
6.150000000000000000e+02
5.960000000000000000e+02
6.240000000000000000e+02
6.180000000000000000e+02
6.380000000000000000e+02
6.160000000000000000e+02
5.720000000000000000e+02
4.720000000000000000e+02
4.706666666666666856e+02
4.746666666666666856e+02
4.880000000000000000e+02
4.626666666666666856e+02
4.600000000000000000e+02
4.640000000000000000e+02
5.670000000000000000e+02
5.466666666666666288e+02
4.980000000000000000e+02
4.920000000000000000e+02
6.160000000000000000e+02
4.800000000000000000e+02
5.533333333333333712e+02
5.493333333333333712e+02
5.560000000000000000e+02
5.690000000000000000e+02
5.530000000000000000e+02
4.820000000000000000e+02
6.030000000000000000e+02
4.770000000000000000e+02
6.820000000000000000e+02
6.070000000000000000e+02
6.170000000000000000e+02
6.160000000000000000e+02
6.040000000000000000e+02
5.360000000000000000e+02
5.950000000000000000e+02
5.920000000000000000e+02
6.106666666666666288e+02
5.973333333333333712e+02
5.960000000000000000e+02
5.866666666666666288e+02
5.813333333333333712e+02
5.910000000000000000e+02
5.840000000000000000e+02
5.590000000000000000e+02
5.740000000000000000e+02
5.530000000000000000e+02
5.986666666666666288e+02
5.960000000000000000e+02
5.930000000000000000e+02
5.540000000000000000e+02
5.050000000000000000e+02
6.853333333333333712e+02
5.510000000000000000e+02
5.880000000000000000e+02
6.900000000000000000e+02
5.960000000000000000e+02
5.290000000000000000e+02
7.000000000000000000e+02
5.853333333333333712e+02
6.000000000000000000e+02
5.820000000000000000e+02
5.590000000000000000e+02
5.810000000000000000e+02
6.040000000000000000e+02
5.946666666666666288e+02
5.960000000000000000e+02
