5.000000000000000000e+02
5.230000000000000000e+02
5.260000000000000000e+02
5.210000000000000000e+02
5.170000000000000000e+02
4.653333333333333144e+02
3.670000000000000000e+02
7.380000000000000000e+02
3.920000000000000000e+02
5.640000000000000000e+02
3.410000000000000000e+02
3.460000000000000000e+02
3.370000000000000000e+02
3.746666666666666856e+02
4.410000000000000000e+02
4.150000000000000000e+02
3.680000000000000000e+02
4.460000000000000000e+02
4.470000000000000000e+02
4.380000000000000000e+02
3.610000000000000000e+02
3.700000000000000000e+02
3.380000000000000000e+02
3.610000000000000000e+02
3.813333333333333144e+02
5.370000000000000000e+02
6.160000000000000000e+02
4.573333333333333144e+02
5.110000000000000000e+02
4.160000000000000000e+02
5.410000000000000000e+02
5.200000000000000000e+02
5.200000000000000000e+02
4.960000000000000000e+02
5.310000000000000000e+02
5.640000000000000000e+02
5.480000000000000000e+02
3.960000000000000000e+02
3.586666666666666856e+02
3.693333333333333144e+02
7.020000000000000000e+02
3.180000000000000000e+02
3.410000000000000000e+02
3.790000000000000000e+02
4.480000000000000000e+02
4.050000000000000000e+02
3.830000000000000000e+02
3.770000000000000000e+02
3.660000000000000000e+02
3.730000000000000000e+02
3.453333333333333144e+02
3.986666666666666856e+02
3.520000000000000000e+02
3.600000000000000000e+02
3.630000000000000000e+02
3.210000000000000000e+02
5.253333333333333712e+02
3.800000000000000000e+02
3.800000000000000000e+02
4.040000000000000000e+02
5.120000000000000000e+02
5.386666666666666288e+02
5.280000000000000000e+02
5.350000000000000000e+02
5.120000000000000000e+02
5.440000000000000000e+02
5.600000000000000000e+02
4.820000000000000000e+02
3.730000000000000000e+02
3.970000000000000000e+02
3.920000000000000000e+02
4.506666666666666856e+02
3.626666666666666856e+02
3.640000000000000000e+02
3.560000000000000000e+02
3.530000000000000000e+02
3.480000000000000000e+02
3.480000000000000000e+02
3.880000000000000000e+02
3.840000000000000000e+02
3.733333333333333144e+02
3.680000000000000000e+02
3.550000000000000000e+02
3.506666666666666856e+02
3.530000000000000000e+02
3.520000000000000000e+02
3.520000000000000000e+02
3.500000000000000000e+02
3.400000000000000000e+02
3.460000000000000000e+02
3.680000000000000000e+02
3.680000000000000000e+02
3.586666666666666856e+02
5.550000000000000000e+02
4.030000000000000000e+02
5.120000000000000000e+02
5.020000000000000000e+02
5.070000000000000000e+02
5.180000000000000000e+02
3.700000000000000000e+02
3.700000000000000000e+02
3.650000000000000000e+02
3.520000000000000000e+02
3.480000000000000000e+02
3.160000000000000000e+02
3.830000000000000000e+02
3.600000000000000000e+02
3.630000000000000000e+02
3.620000000000000000e+02
3.640000000000000000e+02
3.680000000000000000e+02
3.666666666666666856e+02
3.580000000000000000e+02
3.640000000000000000e+02
3.390000000000000000e+02
3.520000000000000000e+02
3.520000000000000000e+02
3.866666666666666856e+02
3.830000000000000000e+02
3.866666666666666856e+02
3.610000000000000000e+02
3.360000000000000000e+02
3.680000000000000000e+02
3.650000000000000000e+02
3.720000000000000000e+02
3.820000000000000000e+02
3.820000000000000000e+02
5.040000000000000000e+02
4.860000000000000000e+02
5.070000000000000000e+02
3.880000000000000000e+02
4.253333333333333144e+02
3.600000000000000000e+02
3.720000000000000000e+02
3.960000000000000000e+02
3.790000000000000000e+02
3.840000000000000000e+02
3.880000000000000000e+02
3.706666666666666856e+02
3.680000000000000000e+02
3.640000000000000000e+02
3.620000000000000000e+02
3.740000000000000000e+02
4.220000000000000000e+02
4.386666666666666856e+02
4.700000000000000000e+02
3.700000000000000000e+02
3.706666666666666856e+02
3.760000000000000000e+02
3.790000000000000000e+02
3.980000000000000000e+02
3.920000000000000000e+02
3.840000000000000000e+02
3.870000000000000000e+02
3.860000000000000000e+02
3.866666666666666856e+02
4.293333333333333144e+02
3.960000000000000000e+02
5.180000000000000000e+02
5.130000000000000000e+02
5.620000000000000000e+02
5.330000000000000000e+02
5.160000000000000000e+02
4.060000000000000000e+02
3.780000000000000000e+02
3.893333333333333144e+02
4.110000000000000000e+02
3.880000000000000000e+02
4.430000000000000000e+02
4.026666666666666856e+02
4.306666666666666856e+02
3.930000000000000000e+02
3.770000000000000000e+02
4.040000000000000000e+02
4.680000000000000000e+02
4.610000000000000000e+02
4.453333333333333144e+02
4.510000000000000000e+02
4.640000000000000000e+02
4.120000000000000000e+02
3.920000000000000000e+02
3.893333333333333144e+02
5.080000000000000000e+02
5.100000000000000000e+02
4.893333333333333144e+02
5.180000000000000000e+02
5.820000000000000000e+02
4.720000000000000000e+02
4.853333333333333144e+02
6.250000000000000000e+02
5.413333333333333712e+02
5.790000000000000000e+02
5.850000000000000000e+02
5.400000000000000000e+02
5.860000000000000000e+02
6.080000000000000000e+02
6.140000000000000000e+02
6.346666666666666288e+02
7.960000000000000000e+02
7.780000000000000000e+02
5.253333333333333712e+02
5.140000000000000000e+02
4.780000000000000000e+02
4.760000000000000000e+02
4.880000000000000000e+02
4.400000000000000000e+02
4.540000000000000000e+02
4.590000000000000000e+02
5.730000000000000000e+02
7.866666666666666288e+02
6.890000000000000000e+02
6.570000000000000000e+02
2.720000000000000000e+02
5.110000000000000000e+02
5.170000000000000000e+02
5.110000000000000000e+02
4.280000000000000000e+02
5.460000000000000000e+02
5.420000000000000000e+02
6.133333333333333712e+02
4.460000000000000000e+02
5.620000000000000000e+02
6.010000000000000000e+02
5.920000000000000000e+02
5.720000000000000000e+02
4.893333333333333144e+02
6.000000000000000000e+02
4.733333333333333144e+02
6.940000000000000000e+02
7.610000000000000000e+02
7.710000000000000000e+02
5.360000000000000000e+02
5.146666666666666288e+02
7.746666666666666288e+02
5.080000000000000000e+02
4.740000000000000000e+02
7.960000000000000000e+02
7.820000000000000000e+02
7.666666666666666288e+02
6.293333333333333712e+02
4.160000000000000000e+02
6.790000000000000000e+02
7.280000000000000000e+02
7.680000000000000000e+02
6.880000000000000000e+02
7.546666666666666288e+02
5.480000000000000000e+02
5.500000000000000000e+02
7.786666666666666288e+02
5.600000000000000000e+02
7.480000000000000000e+02
5.950000000000000000e+02
5.333333333333333712e+02
6.280000000000000000e+02
6.260000000000000000e+02
6.060000000000000000e+02
