6.320000000000000000e+02
6.410000000000000000e+02
6.440000000000000000e+02
6.800000000000000000e+02
6.670000000000000000e+02
6.640000000000000000e+02
6.690000000000000000e+02
6.420000000000000000e+02
6.460000000000000000e+02
6.480000000000000000e+02
6.506666666666666288e+02
6.480000000000000000e+02
6.440000000000000000e+02
6.520000000000000000e+02
6.480000000000000000e+02
6.520000000000000000e+02
6.400000000000000000e+02
6.290000000000000000e+02
6.280000000000000000e+02
6.280000000000000000e+02
6.320000000000000000e+02
5.650000000000000000e+02
6.280000000000000000e+02
6.280000000000000000e+02
5.890000000000000000e+02
5.880000000000000000e+02
6.106666666666666288e+02
5.240000000000000000e+02
6.400000000000000000e+02
6.480000000000000000e+02
6.480000000000000000e+02
6.480000000000000000e+02
6.320000000000000000e+02
6.160000000000000000e+02
6.500000000000000000e+02
6.720000000000000000e+02
6.720000000000000000e+02
6.800000000000000000e+02
6.580000000000000000e+02
6.530000000000000000e+02
6.530000000000000000e+02
6.400000000000000000e+02
6.450000000000000000e+02
6.400000000000000000e+02
6.520000000000000000e+02
6.720000000000000000e+02
6.760000000000000000e+02
6.800000000000000000e+02
6.760000000000000000e+02
6.640000000000000000e+02
6.680000000000000000e+02
6.470000000000000000e+02
6.440000000000000000e+02
6.440000000000000000e+02
6.440000000000000000e+02
6.160000000000000000e+02
5.280000000000000000e+02
5.280000000000000000e+02
6.460000000000000000e+02
6.460000000000000000e+02
6.400000000000000000e+02
6.320000000000000000e+02
6.120000000000000000e+02
6.000000000000000000e+02
5.880000000000000000e+02
5.760000000000000000e+02
5.880000000000000000e+02
5.320000000000000000e+02
5.400000000000000000e+02
5.400000000000000000e+02
5.400000000000000000e+02
5.400000000000000000e+02
6.530000000000000000e+02
5.533333333333333712e+02
5.400000000000000000e+02
5.400000000000000000e+02
6.760000000000000000e+02
6.840000000000000000e+02
6.800000000000000000e+02
6.770000000000000000e+02
6.453333333333333712e+02
6.400000000000000000e+02
6.420000000000000000e+02
6.440000000000000000e+02
6.140000000000000000e+02
6.000000000000000000e+02
6.053333333333333712e+02
6.240000000000000000e+02
6.226666666666666288e+02
6.800000000000000000e+02
5.400000000000000000e+02
5.440000000000000000e+02
6.570000000000000000e+02
5.466666666666666288e+02
5.320000000000000000e+02
5.280000000000000000e+02
5.360000000000000000e+02
5.440000000000000000e+02
5.440000000000000000e+02
5.480000000000000000e+02
5.440000000000000000e+02
5.640000000000000000e+02
6.100000000000000000e+02
6.146666666666666288e+02
6.120000000000000000e+02
5.680000000000000000e+02
5.340000000000000000e+02
5.440000000000000000e+02
5.520000000000000000e+02
5.420000000000000000e+02
5.400000000000000000e+02
5.440000000000000000e+02
5.480000000000000000e+02
5.480000000000000000e+02
5.440000000000000000e+02
5.630000000000000000e+02
5.573333333333333712e+02
5.280000000000000000e+02
5.320000000000000000e+02
5.280000000000000000e+02
5.960000000000000000e+02
6.180000000000000000e+02
6.106666666666666288e+02
6.440000000000000000e+02
6.180000000000000000e+02
6.150000000000000000e+02
6.120000000000000000e+02
6.120000000000000000e+02
6.160000000000000000e+02
6.213333333333333712e+02
5.320000000000000000e+02
5.320000000000000000e+02
5.360000000000000000e+02
5.240000000000000000e+02
5.240000000000000000e+02
5.300000000000000000e+02
5.520000000000000000e+02
5.560000000000000000e+02
5.600000000000000000e+02
5.560000000000000000e+02
5.520000000000000000e+02
5.480000000000000000e+02
5.480000000000000000e+02
5.640000000000000000e+02
5.640000000000000000e+02
5.840000000000000000e+02
5.800000000000000000e+02
5.800000000000000000e+02
5.760000000000000000e+02
5.720000000000000000e+02
5.480000000000000000e+02
5.440000000000000000e+02
5.470000000000000000e+02
5.520000000000000000e+02
5.560000000000000000e+02
5.560000000000000000e+02
5.120000000000000000e+02
5.160000000000000000e+02
5.240000000000000000e+02
5.253333333333333712e+02
5.280000000000000000e+02
5.320000000000000000e+02
5.360000000000000000e+02
5.360000000000000000e+02
6.160000000000000000e+02
6.200000000000000000e+02
6.160000000000000000e+02
6.160000000000000000e+02
6.200000000000000000e+02
6.160000000000000000e+02
6.200000000000000000e+02
6.220000000000000000e+02
5.360000000000000000e+02
5.320000000000000000e+02
5.320000000000000000e+02
5.320000000000000000e+02
5.320000000000000000e+02
5.360000000000000000e+02
5.400000000000000000e+02
5.400000000000000000e+02
5.640000000000000000e+02
5.640000000000000000e+02
5.560000000000000000e+02
5.520000000000000000e+02
5.560000000000000000e+02
5.600000000000000000e+02
5.640000000000000000e+02
6.240000000000000000e+02
6.240000000000000000e+02
6.280000000000000000e+02
6.240000000000000000e+02
6.240000000000000000e+02
5.600000000000000000e+02
5.520000000000000000e+02
5.746666666666666288e+02
5.640000000000000000e+02
5.680000000000000000e+02
5.640000000000000000e+02
5.933333333333333712e+02
5.440000000000000000e+02
5.380000000000000000e+02
5.440000000000000000e+02
5.280000000000000000e+02
5.360000000000000000e+02
5.360000000000000000e+02
5.400000000000000000e+02
5.440000000000000000e+02
5.520000000000000000e+02
6.270000000000000000e+02
6.240000000000000000e+02
6.240000000000000000e+02
6.280000000000000000e+02
6.310000000000000000e+02
6.240000000000000000e+02
5.440000000000000000e+02
5.400000000000000000e+02
5.400000000000000000e+02
5.400000000000000000e+02
5.480000000000000000e+02
5.520000000000000000e+02
5.790000000000000000e+02
5.680000000000000000e+02
5.740000000000000000e+02
5.700000000000000000e+02
5.560000000000000000e+02
5.600000000000000000e+02
5.640000000000000000e+02
5.693333333333333712e+02
6.133333333333333712e+02
6.360000000000000000e+02
6.410000000000000000e+02
6.493333333333333712e+02
6.240000000000000000e+02
6.000000000000000000e+02
6.120000000000000000e+02
6.090000000000000000e+02
5.520000000000000000e+02
5.600000000000000000e+02
5.413333333333333712e+02
5.680000000000000000e+02
5.760000000000000000e+02
5.680000000000000000e+02
5.640000000000000000e+02
5.640000000000000000e+02
5.640000000000000000e+02
5.600000000000000000e+02
5.440000000000000000e+02
5.590000000000000000e+02
5.400000000000000000e+02
5.573333333333333712e+02
6.920000000000000000e+02
6.890000000000000000e+02
6.750000000000000000e+02
6.720000000000000000e+02
6.560000000000000000e+02
6.970000000000000000e+02
5.770000000000000000e+02
5.590000000000000000e+02
5.480000000000000000e+02
5.813333333333333712e+02
5.560000000000000000e+02
5.640000000000000000e+02
5.720000000000000000e+02
5.760000000000000000e+02
5.720000000000000000e+02
5.720000000000000000e+02
5.680000000000000000e+02
5.680000000000000000e+02
6.320000000000000000e+02
6.320000000000000000e+02
6.390000000000000000e+02
6.360000000000000000e+02
6.230000000000000000e+02
6.400000000000000000e+02
6.360000000000000000e+02
6.320000000000000000e+02
6.320000000000000000e+02
6.350000000000000000e+02
6.600000000000000000e+02
6.600000000000000000e+02
5.746666666666666288e+02
5.720000000000000000e+02
5.720000000000000000e+02
5.760000000000000000e+02
5.720000000000000000e+02
5.720000000000000000e+02
5.760000000000000000e+02
5.760000000000000000e+02
5.510000000000000000e+02
7.130000000000000000e+02
7.840000000000000000e+02
7.120000000000000000e+02
6.680000000000000000e+02
6.666666666666666288e+02
6.580000000000000000e+02
6.680000000000000000e+02
6.620000000000000000e+02
7.800000000000000000e+02
7.800000000000000000e+02
5.870000000000000000e+02
5.760000000000000000e+02
5.573333333333333712e+02
5.600000000000000000e+02
5.680000000000000000e+02
5.640000000000000000e+02
5.640000000000000000e+02
5.640000000000000000e+02
6.560000000000000000e+02
6.440000000000000000e+02
6.440000000000000000e+02
6.160000000000000000e+02
6.200000000000000000e+02
6.220000000000000000e+02
5.880000000000000000e+02
6.613333333333333712e+02
5.853333333333333712e+02
6.333333333333333712e+02
6.080000000000000000e+02
6.213333333333333712e+02
6.693333333333333712e+02
6.480000000000000000e+02
6.520000000000000000e+02
6.810000000000000000e+02
6.746666666666666288e+02
5.640000000000000000e+02
6.580000000000000000e+02
6.880000000000000000e+02
5.460000000000000000e+02
5.693333333333333712e+02
6.490000000000000000e+02
7.053333333333333712e+02
7.800000000000000000e+02
7.800000000000000000e+02
7.800000000000000000e+02
6.740000000000000000e+02
6.706666666666666288e+02
7.120000000000000000e+02
7.120000000000000000e+02
7.000000000000000000e+02
7.760000000000000000e+02
7.760000000000000000e+02
7.800000000000000000e+02
6.960000000000000000e+02
6.880000000000000000e+02
5.650000000000000000e+02
6.813333333333333712e+02
6.920000000000000000e+02
6.920000000000000000e+02
6.960000000000000000e+02
7.000000000000000000e+02
6.490000000000000000e+02
6.640000000000000000e+02
6.573333333333333712e+02
5.810000000000000000e+02
6.120000000000000000e+02
6.093333333333333712e+02
6.666666666666666288e+02
6.080000000000000000e+02
5.933333333333333712e+02
5.746666666666666288e+02
6.500000000000000000e+02
6.560000000000000000e+02
6.520000000000000000e+02
6.360000000000000000e+02
7.000000000000000000e+02
6.960000000000000000e+02
6.930000000000000000e+02
5.680000000000000000e+02
6.960000000000000000e+02
5.740000000000000000e+02
6.580000000000000000e+02
6.520000000000000000e+02
7.400000000000000000e+02
7.840000000000000000e+02
7.290000000000000000e+02
7.213333333333333712e+02
7.130000000000000000e+02
7.160000000000000000e+02
7.173333333333333712e+02
7.120000000000000000e+02
7.080000000000000000e+02
6.960000000000000000e+02
7.330000000000000000e+02
6.840000000000000000e+02
6.560000000000000000e+02
6.600000000000000000e+02
6.820000000000000000e+02
6.820000000000000000e+02
6.520000000000000000e+02
6.820000000000000000e+02
5.800000000000000000e+02
7.400000000000000000e+02
6.560000000000000000e+02
6.426666666666666288e+02
5.946666666666666288e+02
6.373333333333333712e+02
6.386666666666666288e+02
6.370000000000000000e+02
6.506666666666666288e+02
6.440000000000000000e+02
6.720000000000000000e+02
6.410000000000000000e+02
7.453333333333333712e+02
6.390000000000000000e+02
6.290000000000000000e+02
7.426666666666666288e+02
6.800000000000000000e+02
6.560000000000000000e+02
6.920000000000000000e+02
7.050000000000000000e+02
6.826666666666666288e+02
7.453333333333333712e+02
6.920000000000000000e+02
5.720000000000000000e+02
7.700000000000000000e+02
6.973333333333333712e+02
7.960000000000000000e+02
6.440000000000000000e+02
7.020000000000000000e+02
6.880000000000000000e+02
6.760000000000000000e+02
7.120000000000000000e+02
7.093333333333333712e+02
6.480000000000000000e+02
7.960000000000000000e+02
6.840000000000000000e+02
6.853333333333333712e+02
6.160000000000000000e+02
6.920000000000000000e+02
6.906666666666666288e+02
6.730000000000000000e+02
7.506666666666666288e+02
6.740000000000000000e+02
6.880000000000000000e+02
6.733333333333333712e+02
6.186666666666666288e+02
7.026666666666666288e+02
5.560000000000000000e+02
5.640000000000000000e+02
5.786666666666666288e+02
6.480000000000000000e+02
