5.100000000000000000e+02
5.280000000000000000e+02
5.260000000000000000e+02
5.210000000000000000e+02
4.573333333333333144e+02
4.653333333333333144e+02
3.960000000000000000e+02
5.320000000000000000e+02
3.730000000000000000e+02
5.640000000000000000e+02
3.450000000000000000e+02
3.460000000000000000e+02
3.370000000000000000e+02
4.510000000000000000e+02
4.410000000000000000e+02
4.520000000000000000e+02
4.640000000000000000e+02
3.746666666666666856e+02
4.470000000000000000e+02
3.940000000000000000e+02
3.533333333333333144e+02
3.700000000000000000e+02
3.470000000000000000e+02
3.510000000000000000e+02
3.790000000000000000e+02
5.240000000000000000e+02
3.826666666666666856e+02
4.080000000000000000e+02
4.400000000000000000e+02
5.470000000000000000e+02
5.333333333333333712e+02
5.370000000000000000e+02
5.300000000000000000e+02
4.560000000000000000e+02
5.380000000000000000e+02
5.500000000000000000e+02
5.480000000000000000e+02
5.450000000000000000e+02
3.490000000000000000e+02
3.693333333333333144e+02
7.020000000000000000e+02
3.440000000000000000e+02
3.410000000000000000e+02
3.460000000000000000e+02
4.520000000000000000e+02
4.100000000000000000e+02
3.870000000000000000e+02
3.820000000000000000e+02
3.680000000000000000e+02
3.680000000000000000e+02
3.453333333333333144e+02
3.500000000000000000e+02
3.500000000000000000e+02
3.590000000000000000e+02
3.693333333333333144e+02
3.493333333333333144e+02
6.320000000000000000e+02
5.500000000000000000e+02
3.800000000000000000e+02
4.013333333333333144e+02
5.050000000000000000e+02
5.270000000000000000e+02
5.300000000000000000e+02
5.360000000000000000e+02
5.470000000000000000e+02
5.600000000000000000e+02
5.420000000000000000e+02
5.600000000000000000e+02
3.730000000000000000e+02
3.970000000000000000e+02
3.920000000000000000e+02
3.630000000000000000e+02
3.680000000000000000e+02
3.640000000000000000e+02
3.560000000000000000e+02
3.520000000000000000e+02
3.470000000000000000e+02
3.573333333333333144e+02
3.760000000000000000e+02
3.880000000000000000e+02
3.800000000000000000e+02
3.640000000000000000e+02
4.200000000000000000e+02
3.480000000000000000e+02
3.530000000000000000e+02
3.520000000000000000e+02
3.530000000000000000e+02
3.390000000000000000e+02
3.440000000000000000e+02
3.470000000000000000e+02
3.680000000000000000e+02
3.680000000000000000e+02
3.600000000000000000e+02
4.106666666666666856e+02
4.000000000000000000e+02
5.120000000000000000e+02
5.130000000000000000e+02
4.293333333333333144e+02
4.770000000000000000e+02
3.790000000000000000e+02
3.680000000000000000e+02
3.650000000000000000e+02
3.520000000000000000e+02
3.480000000000000000e+02
3.160000000000000000e+02
3.800000000000000000e+02
3.620000000000000000e+02
3.640000000000000000e+02
3.620000000000000000e+02
3.550000000000000000e+02
3.680000000000000000e+02
4.690000000000000000e+02
3.613333333333333144e+02
3.613333333333333144e+02
3.506666666666666856e+02
3.530000000000000000e+02
3.540000000000000000e+02
3.500000000000000000e+02
3.800000000000000000e+02
3.853333333333333144e+02
4.093333333333333144e+02
3.360000000000000000e+02
3.680000000000000000e+02
3.680000000000000000e+02
3.800000000000000000e+02
3.820000000000000000e+02
5.050000000000000000e+02
4.770000000000000000e+02
5.030000000000000000e+02
5.220000000000000000e+02
3.860000000000000000e+02
3.800000000000000000e+02
3.680000000000000000e+02
3.720000000000000000e+02
3.840000000000000000e+02
3.810000000000000000e+02
3.830000000000000000e+02
3.880000000000000000e+02
3.800000000000000000e+02
3.680000000000000000e+02
3.640000000000000000e+02
3.640000000000000000e+02
3.740000000000000000e+02
4.706666666666666856e+02
4.386666666666666856e+02
4.020000000000000000e+02
3.660000000000000000e+02
3.640000000000000000e+02
3.750000000000000000e+02
3.790000000000000000e+02
3.970000000000000000e+02
3.880000000000000000e+02
3.880000000000000000e+02
3.840000000000000000e+02
3.840000000000000000e+02
3.880000000000000000e+02
5.600000000000000000e+02
3.990000000000000000e+02
5.240000000000000000e+02
5.180000000000000000e+02
5.620000000000000000e+02
5.130000000000000000e+02
5.420000000000000000e+02
6.040000000000000000e+02
4.000000000000000000e+02
3.880000000000000000e+02
4.150000000000000000e+02
3.880000000000000000e+02
4.430000000000000000e+02
4.026666666666666856e+02
4.000000000000000000e+02
3.880000000000000000e+02
3.770000000000000000e+02
3.950000000000000000e+02
4.120000000000000000e+02
4.580000000000000000e+02
4.480000000000000000e+02
4.560000000000000000e+02
4.590000000000000000e+02
3.866666666666666856e+02
3.920000000000000000e+02
3.866666666666666856e+02
5.080000000000000000e+02
4.310000000000000000e+02
4.866666666666666856e+02
5.180000000000000000e+02
4.480000000000000000e+02
5.700000000000000000e+02
4.740000000000000000e+02
5.920000000000000000e+02
5.413333333333333712e+02
5.790000000000000000e+02
5.870000000000000000e+02
5.826666666666666288e+02
5.920000000000000000e+02
5.960000000000000000e+02
6.140000000000000000e+02
7.310000000000000000e+02
5.900000000000000000e+02
7.880000000000000000e+02
5.253333333333333712e+02
5.140000000000000000e+02
5.573333333333333712e+02
4.740000000000000000e+02
4.590000000000000000e+02
4.420000000000000000e+02
4.590000000000000000e+02
4.640000000000000000e+02
5.390000000000000000e+02
7.640000000000000000e+02
7.560000000000000000e+02
4.466666666666666856e+02
2.720000000000000000e+02
4.800000000000000000e+02
5.133333333333333712e+02
5.040000000000000000e+02
4.280000000000000000e+02
5.140000000000000000e+02
6.093333333333333712e+02
5.826666666666666288e+02
5.190000000000000000e+02
5.800000000000000000e+02
5.933333333333333712e+02
4.880000000000000000e+02
5.720000000000000000e+02
6.000000000000000000e+02
5.880000000000000000e+02
6.000000000000000000e+02
6.400000000000000000e+02
7.480000000000000000e+02
5.740000000000000000e+02
5.360000000000000000e+02
4.946666666666666856e+02
5.400000000000000000e+02
5.160000000000000000e+02
4.986666666666666856e+02
7.300000000000000000e+02
7.000000000000000000e+02
6.453333333333333712e+02
7.140000000000000000e+02
6.570000000000000000e+02
7.000000000000000000e+02
4.946666666666666856e+02
7.560000000000000000e+02
7.706666666666666288e+02
5.933333333333333712e+02
6.980000000000000000e+02
7.560000000000000000e+02
5.720000000000000000e+02
5.600000000000000000e+02
6.146666666666666288e+02
5.950000000000000000e+02
6.050000000000000000e+02
6.280000000000000000e+02
6.200000000000000000e+02
6.040000000000000000e+02
