5.370000000000000000e+02
4.720000000000000000e+02
5.220000000000000000e+02
5.170000000000000000e+02
4.573333333333333144e+02
5.210000000000000000e+02
3.960000000000000000e+02
6.920000000000000000e+02
3.730000000000000000e+02
3.410000000000000000e+02
3.450000000000000000e+02
3.460000000000000000e+02
3.400000000000000000e+02
4.420000000000000000e+02
4.410000000000000000e+02
4.360000000000000000e+02
3.580000000000000000e+02
3.746666666666666856e+02
4.373333333333333144e+02
4.360000000000000000e+02
3.610000000000000000e+02
3.700000000000000000e+02
3.470000000000000000e+02
3.610000000000000000e+02
3.693333333333333144e+02
5.470000000000000000e+02
3.826666666666666856e+02
4.573333333333333144e+02
5.110000000000000000e+02
5.453333333333333712e+02
5.333333333333333712e+02
4.680000000000000000e+02
5.140000000000000000e+02
4.960000000000000000e+02
5.310000000000000000e+02
5.640000000000000000e+02
5.480000000000000000e+02
4.213333333333333144e+02
3.586666666666666856e+02
3.693333333333333144e+02
7.020000000000000000e+02
3.400000000000000000e+02
3.410000000000000000e+02
3.750000000000000000e+02
4.493333333333333144e+02
4.100000000000000000e+02
3.870000000000000000e+02
3.720000000000000000e+02
3.660000000000000000e+02
3.720000000000000000e+02
3.573333333333333144e+02
3.480000000000000000e+02
3.500000000000000000e+02
3.520000000000000000e+02
3.666666666666666856e+02
3.210000000000000000e+02
6.500000000000000000e+02
3.800000000000000000e+02
3.986666666666666856e+02
4.040000000000000000e+02
5.450000000000000000e+02
5.600000000000000000e+02
5.300000000000000000e+02
4.500000000000000000e+02
5.120000000000000000e+02
5.610000000000000000e+02
5.600000000000000000e+02
4.820000000000000000e+02
3.840000000000000000e+02
3.626666666666666856e+02
3.920000000000000000e+02
3.630000000000000000e+02
3.640000000000000000e+02
3.640000000000000000e+02
3.560000000000000000e+02
3.480000000000000000e+02
3.470000000000000000e+02
3.573333333333333144e+02
3.760000000000000000e+02
3.866666666666666856e+02
3.720000000000000000e+02
3.640000000000000000e+02
4.200000000000000000e+02
3.520000000000000000e+02
3.530000000000000000e+02
3.520000000000000000e+02
3.530000000000000000e+02
3.493333333333333144e+02
3.400000000000000000e+02
3.460000000000000000e+02
3.650000000000000000e+02
3.640000000000000000e+02
3.613333333333333144e+02
4.106666666666666856e+02
5.170000000000000000e+02
4.800000000000000000e+02
4.990000000000000000e+02
5.000000000000000000e+02
3.910000000000000000e+02
3.680000000000000000e+02
3.680000000000000000e+02
3.640000000000000000e+02
3.520000000000000000e+02
3.480000000000000000e+02
3.920000000000000000e+02
3.830000000000000000e+02
3.950000000000000000e+02
3.640000000000000000e+02
3.640000000000000000e+02
4.180000000000000000e+02
3.610000000000000000e+02
3.640000000000000000e+02
3.613333333333333144e+02
3.626666666666666856e+02
3.390000000000000000e+02
3.540000000000000000e+02
3.520000000000000000e+02
3.870000000000000000e+02
3.830000000000000000e+02
3.866666666666666856e+02
3.930000000000000000e+02
3.360000000000000000e+02
3.680000000000000000e+02
3.690000000000000000e+02
3.746666666666666856e+02
3.820000000000000000e+02
5.093333333333333144e+02
5.090000000000000000e+02
4.330000000000000000e+02
5.050000000000000000e+02
3.860000000000000000e+02
4.253333333333333144e+02
3.626666666666666856e+02
3.720000000000000000e+02
3.870000000000000000e+02
3.440000000000000000e+02
3.840000000000000000e+02
3.880000000000000000e+02
3.790000000000000000e+02
3.680000000000000000e+02
3.640000000000000000e+02
3.640000000000000000e+02
3.640000000000000000e+02
3.706666666666666856e+02
3.720000000000000000e+02
4.626666666666666856e+02
3.690000000000000000e+02
3.650000000000000000e+02
3.730000000000000000e+02
4.050000000000000000e+02
5.020000000000000000e+02
3.920000000000000000e+02
3.880000000000000000e+02
3.746666666666666856e+02
3.870000000000000000e+02
3.866666666666666856e+02
3.860000000000000000e+02
3.960000000000000000e+02
4.800000000000000000e+02
5.010000000000000000e+02
4.733333333333333144e+02
5.680000000000000000e+02
5.160000000000000000e+02
6.040000000000000000e+02
4.020000000000000000e+02
3.920000000000000000e+02
3.880000000000000000e+02
3.893333333333333144e+02
3.840000000000000000e+02
3.830000000000000000e+02
4.000000000000000000e+02
3.930000000000000000e+02
3.770000000000000000e+02
4.040000000000000000e+02
4.680000000000000000e+02
4.620000000000000000e+02
4.480000000000000000e+02
4.560000000000000000e+02
4.700000000000000000e+02
4.050000000000000000e+02
3.920000000000000000e+02
3.866666666666666856e+02
5.080000000000000000e+02
4.040000000000000000e+02
4.150000000000000000e+02
5.026666666666666856e+02
5.360000000000000000e+02
5.700000000000000000e+02
4.853333333333333144e+02
6.140000000000000000e+02
5.413333333333333712e+02
5.306666666666666288e+02
5.870000000000000000e+02
6.120000000000000000e+02
5.870000000000000000e+02
6.100000000000000000e+02
6.140000000000000000e+02
6.120000000000000000e+02
7.950000000000000000e+02
7.960000000000000000e+02
4.973333333333333144e+02
5.186666666666666288e+02
5.080000000000000000e+02
4.740000000000000000e+02
4.670000000000000000e+02
4.440000000000000000e+02
4.540000000000000000e+02
4.590000000000000000e+02
4.560000000000000000e+02
5.320000000000000000e+02
4.270000000000000000e+02
4.906666666666666856e+02
4.786666666666666856e+02
5.120000000000000000e+02
5.170000000000000000e+02
5.040000000000000000e+02
4.280000000000000000e+02
7.690000000000000000e+02
6.093333333333333712e+02
5.826666666666666288e+02
5.190000000000000000e+02
5.740000000000000000e+02
6.010000000000000000e+02
5.740000000000000000e+02
5.980000000000000000e+02
6.000000000000000000e+02
5.880000000000000000e+02
4.733333333333333144e+02
5.280000000000000000e+02
5.453333333333333712e+02
5.640000000000000000e+02
5.150000000000000000e+02
4.946666666666666856e+02
5.400000000000000000e+02
5.160000000000000000e+02
4.986666666666666856e+02
7.730000000000000000e+02
7.290000000000000000e+02
6.570000000000000000e+02
7.760000000000000000e+02
6.320000000000000000e+02
7.530000000000000000e+02
4.946666666666666856e+02
7.680000000000000000e+02
6.880000000000000000e+02
5.530000000000000000e+02
6.980000000000000000e+02
6.760000000000000000e+02
7.786666666666666288e+02
5.600000000000000000e+02
6.146666666666666288e+02
5.950000000000000000e+02
5.333333333333333712e+02
6.120000000000000000e+02
6.260000000000000000e+02
5.350000000000000000e+02
