5.100000000000000000e+02
5.280000000000000000e+02
5.130000000000000000e+02
5.170000000000000000e+02
5.270000000000000000e+02
5.200000000000000000e+02
3.670000000000000000e+02
6.920000000000000000e+02
3.400000000000000000e+02
7.030000000000000000e+02
3.450000000000000000e+02
3.460000000000000000e+02
3.370000000000000000e+02
3.746666666666666856e+02
4.410000000000000000e+02
4.150000000000000000e+02
3.620000000000000000e+02
4.100000000000000000e+02
4.360000000000000000e+02
4.360000000000000000e+02
3.610000000000000000e+02
3.590000000000000000e+02
3.380000000000000000e+02
3.510000000000000000e+02
3.693333333333333144e+02
5.470000000000000000e+02
3.840000000000000000e+02
4.080000000000000000e+02
5.110000000000000000e+02
5.310000000000000000e+02
4.640000000000000000e+02
5.370000000000000000e+02
5.200000000000000000e+02
4.560000000000000000e+02
5.310000000000000000e+02
5.640000000000000000e+02
5.370000000000000000e+02
4.213333333333333144e+02
6.620000000000000000e+02
3.590000000000000000e+02
2.720000000000000000e+02
3.440000000000000000e+02
3.410000000000000000e+02
3.440000000000000000e+02
4.480000000000000000e+02
4.150000000000000000e+02
3.830000000000000000e+02
3.770000000000000000e+02
3.660000000000000000e+02
3.680000000000000000e+02
3.820000000000000000e+02
3.986666666666666856e+02
3.480000000000000000e+02
3.590000000000000000e+02
3.630000000000000000e+02
3.210000000000000000e+02
7.653333333333333712e+02
5.140000000000000000e+02
3.986666666666666856e+02
4.586666666666666856e+02
5.120000000000000000e+02
5.600000000000000000e+02
5.460000000000000000e+02
5.320000000000000000e+02
5.120000000000000000e+02
5.533333333333333712e+02
5.470000000000000000e+02
5.600000000000000000e+02
3.660000000000000000e+02
3.920000000000000000e+02
3.586666666666666856e+02
4.506666666666666856e+02
3.680000000000000000e+02
3.640000000000000000e+02
3.560000000000000000e+02
3.510000000000000000e+02
3.470000000000000000e+02
3.480000000000000000e+02
3.880000000000000000e+02
3.880000000000000000e+02
3.733333333333333144e+02
3.600000000000000000e+02
4.200000000000000000e+02
3.520000000000000000e+02
3.530000000000000000e+02
3.520000000000000000e+02
3.520000000000000000e+02
3.390000000000000000e+02
3.440000000000000000e+02
3.480000000000000000e+02
3.670000000000000000e+02
3.640000000000000000e+02
3.600000000000000000e+02
5.550000000000000000e+02
4.000000000000000000e+02
4.800000000000000000e+02
5.020000000000000000e+02
4.893333333333333144e+02
5.180000000000000000e+02
3.700000000000000000e+02
3.680000000000000000e+02
3.640000000000000000e+02
3.520000000000000000e+02
3.480000000000000000e+02
3.920000000000000000e+02
3.800000000000000000e+02
3.600000000000000000e+02
3.640000000000000000e+02
3.640000000000000000e+02
3.540000000000000000e+02
3.640000000000000000e+02
3.640000000000000000e+02
3.626666666666666856e+02
3.626666666666666856e+02
3.390000000000000000e+02
3.530000000000000000e+02
3.540000000000000000e+02
3.866666666666666856e+02
3.830000000000000000e+02
3.840000000000000000e+02
3.920000000000000000e+02
3.920000000000000000e+02
3.680000000000000000e+02
3.690000000000000000e+02
3.546666666666666856e+02
3.826666666666666856e+02
3.820000000000000000e+02
4.770000000000000000e+02
5.070000000000000000e+02
5.150000000000000000e+02
3.820000000000000000e+02
3.853333333333333144e+02
3.400000000000000000e+02
3.740000000000000000e+02
3.820000000000000000e+02
3.790000000000000000e+02
3.830000000000000000e+02
3.860000000000000000e+02
3.640000000000000000e+02
3.680000000000000000e+02
3.640000000000000000e+02
3.620000000000000000e+02
3.740000000000000000e+02
3.720000000000000000e+02
4.386666666666666856e+02
3.746666666666666856e+02
3.660000000000000000e+02
3.820000000000000000e+02
3.773333333333333144e+02
4.173333333333333144e+02
5.020000000000000000e+02
3.880000000000000000e+02
3.840000000000000000e+02
3.880000000000000000e+02
3.840000000000000000e+02
3.910000000000000000e+02
5.600000000000000000e+02
4.000000000000000000e+02
5.130000000000000000e+02
5.180000000000000000e+02
4.733333333333333144e+02
5.130000000000000000e+02
5.490000000000000000e+02
6.040000000000000000e+02
4.000000000000000000e+02
3.880000000000000000e+02
3.800000000000000000e+02
3.880000000000000000e+02
3.900000000000000000e+02
4.260000000000000000e+02
4.000000000000000000e+02
3.880000000000000000e+02
3.840000000000000000e+02
3.866666666666666856e+02
4.120000000000000000e+02
4.620000000000000000e+02
4.480000000000000000e+02
4.560000000000000000e+02
4.760000000000000000e+02
4.120000000000000000e+02
3.920000000000000000e+02
3.893333333333333144e+02
5.040000000000000000e+02
5.100000000000000000e+02
4.150000000000000000e+02
5.733333333333333712e+02
5.093333333333333144e+02
5.746666666666666288e+02
6.020000000000000000e+02
6.053333333333333712e+02
5.720000000000000000e+02
5.680000000000000000e+02
5.850000000000000000e+02
5.400000000000000000e+02
5.860000000000000000e+02
6.100000000000000000e+02
5.880000000000000000e+02
6.653333333333333712e+02
7.190000000000000000e+02
4.760000000000000000e+02
4.940000000000000000e+02
4.790000000000000000e+02
5.093333333333333144e+02
4.760000000000000000e+02
4.590000000000000000e+02
4.720000000000000000e+02
4.560000000000000000e+02
4.640000000000000000e+02
5.706666666666666288e+02
4.480000000000000000e+02
6.910000000000000000e+02
6.570000000000000000e+02
2.720000000000000000e+02
4.800000000000000000e+02
5.070000000000000000e+02
5.040000000000000000e+02
5.293333333333333712e+02
5.560000000000000000e+02
6.510000000000000000e+02
6.133333333333333712e+02
4.460000000000000000e+02
5.740000000000000000e+02
5.813333333333333712e+02
5.940000000000000000e+02
5.870000000000000000e+02
5.800000000000000000e+02
6.000000000000000000e+02
4.733333333333333144e+02
5.280000000000000000e+02
7.480000000000000000e+02
5.880000000000000000e+02
4.946666666666666856e+02
4.946666666666666856e+02
6.840000000000000000e+02
5.160000000000000000e+02
5.920000000000000000e+02
7.730000000000000000e+02
7.000000000000000000e+02
6.160000000000000000e+02
7.760000000000000000e+02
7.613333333333333712e+02
7.280000000000000000e+02
4.946666666666666856e+02
7.560000000000000000e+02
7.706666666666666288e+02
5.530000000000000000e+02
5.160000000000000000e+02
7.210000000000000000e+02
5.720000000000000000e+02
5.600000000000000000e+02
7.480000000000000000e+02
5.813333333333333712e+02
6.050000000000000000e+02
6.270000000000000000e+02
6.200000000000000000e+02
5.706666666666666288e+02
