6.000000000000000000e+02
6.110000000000000000e+02
5.630000000000000000e+02
5.706666666666666288e+02
5.640000000000000000e+02
5.240000000000000000e+02
5.590000000000000000e+02
5.490000000000000000e+02
5.720000000000000000e+02
5.506666666666666288e+02
5.660000000000000000e+02
4.880000000000000000e+02
4.820000000000000000e+02
5.026666666666666856e+02
5.160000000000000000e+02
4.650000000000000000e+02
4.730000000000000000e+02
4.920000000000000000e+02
4.920000000000000000e+02
4.820000000000000000e+02
4.680000000000000000e+02
4.700000000000000000e+02
5.310000000000000000e+02
5.160000000000000000e+02
5.380000000000000000e+02
5.790000000000000000e+02
5.340000000000000000e+02
5.590000000000000000e+02
5.280000000000000000e+02
5.226666666666666288e+02
6.013333333333333712e+02
6.110000000000000000e+02
5.740000000000000000e+02
6.080000000000000000e+02
6.290000000000000000e+02
4.960000000000000000e+02
5.550000000000000000e+02
5.610000000000000000e+02
5.480000000000000000e+02
4.333333333333333144e+02
5.220000000000000000e+02
5.460000000000000000e+02
4.880000000000000000e+02
4.760000000000000000e+02
4.640000000000000000e+02
4.586666666666666856e+02
4.560000000000000000e+02
4.600000000000000000e+02
4.600000000000000000e+02
4.520000000000000000e+02
4.440000000000000000e+02
4.640000000000000000e+02
4.800000000000000000e+02
4.653333333333333144e+02
4.600000000000000000e+02
4.310000000000000000e+02
4.200000000000000000e+02
4.200000000000000000e+02
4.240000000000000000e+02
4.240000000000000000e+02
5.860000000000000000e+02
6.210000000000000000e+02
5.640000000000000000e+02
5.600000000000000000e+02
5.680000000000000000e+02
4.893333333333333144e+02
5.213333333333333712e+02
4.080000000000000000e+02
4.240000000000000000e+02
4.200000000000000000e+02
4.160000000000000000e+02
4.020000000000000000e+02
4.200000000000000000e+02
4.200000000000000000e+02
4.240000000000000000e+02
4.040000000000000000e+02
4.060000000000000000e+02
4.040000000000000000e+02
4.280000000000000000e+02
4.490000000000000000e+02
4.480000000000000000e+02
4.120000000000000000e+02
4.090000000000000000e+02
4.090000000000000000e+02
4.430000000000000000e+02
4.200000000000000000e+02
4.160000000000000000e+02
4.186666666666666856e+02
4.120000000000000000e+02
4.030000000000000000e+02
4.066666666666666856e+02
4.160000000000000000e+02
4.170000000000000000e+02
4.200000000000000000e+02
4.240000000000000000e+02
5.580000000000000000e+02
5.560000000000000000e+02
5.600000000000000000e+02
4.160000000000000000e+02
4.200000000000000000e+02
4.120000000000000000e+02
4.200000000000000000e+02
4.053333333333333144e+02
4.080000000000000000e+02
4.146666666666666856e+02
4.170000000000000000e+02
4.120000000000000000e+02
4.120000000000000000e+02
4.120000000000000000e+02
4.120000000000000000e+02
4.100000000000000000e+02
4.280000000000000000e+02
4.480000000000000000e+02
4.200000000000000000e+02
4.200000000000000000e+02
4.130000000000000000e+02
4.200000000000000000e+02
4.180000000000000000e+02
4.200000000000000000e+02
4.140000000000000000e+02
4.050000000000000000e+02
4.120000000000000000e+02
4.080000000000000000e+02
4.160000000000000000e+02
4.200000000000000000e+02
4.160000000000000000e+02
5.600000000000000000e+02
5.600000000000000000e+02
5.540000000000000000e+02
5.420000000000000000e+02
5.630000000000000000e+02
4.120000000000000000e+02
4.540000000000000000e+02
4.160000000000000000e+02
4.200000000000000000e+02
4.240000000000000000e+02
4.160000000000000000e+02
4.230000000000000000e+02
4.170000000000000000e+02
4.160000000000000000e+02
4.200000000000000000e+02
4.210000000000000000e+02
4.320000000000000000e+02
4.520000000000000000e+02
4.560000000000000000e+02
4.560000000000000000e+02
4.240000000000000000e+02
4.173333333333333144e+02
4.220000000000000000e+02
4.260000000000000000e+02
4.240000000000000000e+02
4.240000000000000000e+02
4.240000000000000000e+02
4.280000000000000000e+02
3.800000000000000000e+02
4.200000000000000000e+02
5.380000000000000000e+02
4.760000000000000000e+02
5.590000000000000000e+02
5.540000000000000000e+02
5.660000000000000000e+02
5.880000000000000000e+02
5.773333333333333712e+02
5.706666666666666288e+02
5.680000000000000000e+02
4.180000000000000000e+02
4.260000000000000000e+02
4.120000000000000000e+02
4.140000000000000000e+02
4.170000000000000000e+02
4.040000000000000000e+02
4.760000000000000000e+02
4.040000000000000000e+02
4.630000000000000000e+02
4.470000000000000000e+02
4.810000000000000000e+02
4.280000000000000000e+02
4.200000000000000000e+02
4.600000000000000000e+02
5.010000000000000000e+02
4.930000000000000000e+02
4.800000000000000000e+02
5.093333333333333144e+02
5.186666666666666288e+02
5.530000000000000000e+02
4.200000000000000000e+02
5.940000000000000000e+02
5.940000000000000000e+02
5.670000000000000000e+02
5.800000000000000000e+02
5.720000000000000000e+02
5.653333333333333712e+02
5.500000000000000000e+02
5.770000000000000000e+02
5.840000000000000000e+02
6.080000000000000000e+02
6.140000000000000000e+02
5.670000000000000000e+02
5.613333333333333712e+02
5.600000000000000000e+02
5.280000000000000000e+02
4.960000000000000000e+02
4.910000000000000000e+02
5.020000000000000000e+02
4.900000000000000000e+02
4.870000000000000000e+02
4.880000000000000000e+02
5.430000000000000000e+02
6.720000000000000000e+02
5.360000000000000000e+02
5.300000000000000000e+02
4.760000000000000000e+02
5.300000000000000000e+02
5.260000000000000000e+02
6.133333333333333712e+02
5.610000000000000000e+02
5.480000000000000000e+02
5.920000000000000000e+02
5.650000000000000000e+02
6.160000000000000000e+02
6.240000000000000000e+02
5.630000000000000000e+02
6.030000000000000000e+02
5.693333333333333712e+02
5.660000000000000000e+02
5.670000000000000000e+02
5.770000000000000000e+02
6.200000000000000000e+02
6.230000000000000000e+02
6.160000000000000000e+02
5.946666666666666288e+02
5.840000000000000000e+02
5.470000000000000000e+02
7.110000000000000000e+02
7.060000000000000000e+02
5.173333333333333712e+02
6.020000000000000000e+02
6.120000000000000000e+02
6.840000000000000000e+02
6.360000000000000000e+02
6.906666666666666288e+02
6.573333333333333712e+02
6.693333333333333712e+02
6.370000000000000000e+02
6.240000000000000000e+02
6.426666666666666288e+02
5.960000000000000000e+02
5.906666666666666288e+02
5.666666666666666288e+02
5.640000000000000000e+02
5.810000000000000000e+02
5.720000000000000000e+02
5.680000000000000000e+02
5.460000000000000000e+02
5.660000000000000000e+02
5.670000000000000000e+02
