6.013333333333333712e+02
6.026666666666666288e+02
5.630000000000000000e+02
5.706666666666666288e+02
5.573333333333333712e+02
5.660000000000000000e+02
5.560000000000000000e+02
5.600000000000000000e+02
5.600000000000000000e+02
5.493333333333333712e+02
5.400000000000000000e+02
5.350000000000000000e+02
4.840000000000000000e+02
5.340000000000000000e+02
5.190000000000000000e+02
5.240000000000000000e+02
4.720000000000000000e+02
4.790000000000000000e+02
5.080000000000000000e+02
4.710000000000000000e+02
4.640000000000000000e+02
5.010000000000000000e+02
5.320000000000000000e+02
5.370000000000000000e+02
6.973333333333333712e+02
5.480000000000000000e+02
5.340000000000000000e+02
5.590000000000000000e+02
5.370000000000000000e+02
6.140000000000000000e+02
6.030000000000000000e+02
5.860000000000000000e+02
6.053333333333333712e+02
5.580000000000000000e+02
6.300000000000000000e+02
5.570000000000000000e+02
5.610000000000000000e+02
5.570000000000000000e+02
4.440000000000000000e+02
4.333333333333333144e+02
5.260000000000000000e+02
5.493333333333333712e+02
4.880000000000000000e+02
4.720000000000000000e+02
4.640000000000000000e+02
4.560000000000000000e+02
4.560000000000000000e+02
4.600000000000000000e+02
4.560000000000000000e+02
4.520000000000000000e+02
4.440000000000000000e+02
4.506666666666666856e+02
4.800000000000000000e+02
4.173333333333333144e+02
4.280000000000000000e+02
4.320000000000000000e+02
4.240000000000000000e+02
4.200000000000000000e+02
4.200000000000000000e+02
4.210000000000000000e+02
5.860000000000000000e+02
6.120000000000000000e+02
5.560000000000000000e+02
5.620000000000000000e+02
5.620000000000000000e+02
4.893333333333333144e+02
4.760000000000000000e+02
4.160000000000000000e+02
4.240000000000000000e+02
4.200000000000000000e+02
4.200000000000000000e+02
4.020000000000000000e+02
4.200000000000000000e+02
4.200000000000000000e+02
4.160000000000000000e+02
4.030000000000000000e+02
4.040000000000000000e+02
4.080000000000000000e+02
4.280000000000000000e+02
4.360000000000000000e+02
4.540000000000000000e+02
4.120000000000000000e+02
4.080000000000000000e+02
4.120000000000000000e+02
4.160000000000000000e+02
4.200000000000000000e+02
4.160000000000000000e+02
4.200000000000000000e+02
4.120000000000000000e+02
4.120000000000000000e+02
4.140000000000000000e+02
4.160000000000000000e+02
4.200000000000000000e+02
4.200000000000000000e+02
4.240000000000000000e+02
5.630000000000000000e+02
5.290000000000000000e+02
4.173333333333333144e+02
4.200000000000000000e+02
4.250000000000000000e+02
4.160000000000000000e+02
4.200000000000000000e+02
4.050000000000000000e+02
4.080000000000000000e+02
4.160000000000000000e+02
4.160000000000000000e+02
4.120000000000000000e+02
4.120000000000000000e+02
4.120000000000000000e+02
4.120000000000000000e+02
4.160000000000000000e+02
4.260000000000000000e+02
4.480000000000000000e+02
4.560000000000000000e+02
4.200000000000000000e+02
4.200000000000000000e+02
4.160000000000000000e+02
4.160000000000000000e+02
4.200000000000000000e+02
3.960000000000000000e+02
4.100000000000000000e+02
4.120000000000000000e+02
4.020000000000000000e+02
4.200000000000000000e+02
4.186666666666666856e+02
4.170000000000000000e+02
5.610000000000000000e+02
5.600000000000000000e+02
5.560000000000000000e+02
5.420000000000000000e+02
5.140000000000000000e+02
5.586666666666666288e+02
4.160000000000000000e+02
4.200000000000000000e+02
4.240000000000000000e+02
4.360000000000000000e+02
4.280000000000000000e+02
4.240000000000000000e+02
4.170000000000000000e+02
4.170000000000000000e+02
4.220000000000000000e+02
4.200000000000000000e+02
4.340000000000000000e+02
4.390000000000000000e+02
4.560000000000000000e+02
4.560000000000000000e+02
4.220000000000000000e+02
4.240000000000000000e+02
4.370000000000000000e+02
4.250000000000000000e+02
4.280000000000000000e+02
4.240000000000000000e+02
4.280000000000000000e+02
4.240000000000000000e+02
4.240000000000000000e+02
4.300000000000000000e+02
5.770000000000000000e+02
5.310000000000000000e+02
5.660000000000000000e+02
5.530000000000000000e+02
5.660000000000000000e+02
5.680000000000000000e+02
5.790000000000000000e+02
5.690000000000000000e+02
5.720000000000000000e+02
4.220000000000000000e+02
4.200000000000000000e+02
4.120000000000000000e+02
4.160000000000000000e+02
4.270000000000000000e+02
4.080000000000000000e+02
4.980000000000000000e+02
4.120000000000000000e+02
4.560000000000000000e+02
4.460000000000000000e+02
4.810000000000000000e+02
5.240000000000000000e+02
4.200000000000000000e+02
4.640000000000000000e+02
5.120000000000000000e+02
4.870000000000000000e+02
4.760000000000000000e+02
5.040000000000000000e+02
5.200000000000000000e+02
5.450000000000000000e+02
5.750000000000000000e+02
6.150000000000000000e+02
5.940000000000000000e+02
5.670000000000000000e+02
5.990000000000000000e+02
5.820000000000000000e+02
5.680000000000000000e+02
5.680000000000000000e+02
5.740000000000000000e+02
6.050000000000000000e+02
6.160000000000000000e+02
6.240000000000000000e+02
5.660000000000000000e+02
5.730000000000000000e+02
5.680000000000000000e+02
5.280000000000000000e+02
4.960000000000000000e+02
4.960000000000000000e+02
4.970000000000000000e+02
4.840000000000000000e+02
4.880000000000000000e+02
5.626666666666666288e+02
5.430000000000000000e+02
6.720000000000000000e+02
6.106666666666666288e+02
5.300000000000000000e+02
5.340000000000000000e+02
5.390000000000000000e+02
5.470000000000000000e+02
6.133333333333333712e+02
5.700000000000000000e+02
5.770000000000000000e+02
5.920000000000000000e+02
5.650000000000000000e+02
6.120000000000000000e+02
6.260000000000000000e+02
5.626666666666666288e+02
4.880000000000000000e+02
5.690000000000000000e+02
5.690000000000000000e+02
5.730000000000000000e+02
5.830000000000000000e+02
6.200000000000000000e+02
5.880000000000000000e+02
5.750000000000000000e+02
5.790000000000000000e+02
6.533333333333333712e+02
5.970000000000000000e+02
7.210000000000000000e+02
5.840000000000000000e+02
5.990000000000000000e+02
5.066666666666666856e+02
4.970000000000000000e+02
6.580000000000000000e+02
6.360000000000000000e+02
6.550000000000000000e+02
6.140000000000000000e+02
6.650000000000000000e+02
6.120000000000000000e+02
5.200000000000000000e+02
6.053333333333333712e+02
5.640000000000000000e+02
6.920000000000000000e+02
5.710000000000000000e+02
7.400000000000000000e+02
5.730000000000000000e+02
5.413333333333333712e+02
5.700000000000000000e+02
5.460000000000000000e+02
5.660000000000000000e+02
5.670000000000000000e+02
