7.413333333333333712e+02
7.410000000000000000e+02
7.420000000000000000e+02
7.470000000000000000e+02
4.830000000000000000e+02
6.910000000000000000e+02
4.960000000000000000e+02
4.830000000000000000e+02
6.850000000000000000e+02
4.933333333333333144e+02
6.560000000000000000e+02
5.293333333333333712e+02
7.520000000000000000e+02
7.453333333333333712e+02
5.533333333333333712e+02
7.720000000000000000e+02
7.600000000000000000e+02
7.600000000000000000e+02
5.760000000000000000e+02
7.560000000000000000e+02
7.640000000000000000e+02
6.880000000000000000e+02
6.826666666666666288e+02
7.490000000000000000e+02
7.493333333333333712e+02
7.440000000000000000e+02
7.440000000000000000e+02
7.470000000000000000e+02
7.410000000000000000e+02
7.330000000000000000e+02
7.400000000000000000e+02
4.880000000000000000e+02
7.480000000000000000e+02
4.866666666666666856e+02
7.510000000000000000e+02
7.460000000000000000e+02
7.180000000000000000e+02
4.800000000000000000e+02
4.773333333333333144e+02
4.800000000000000000e+02
7.360000000000000000e+02
4.853333333333333144e+02
5.220000000000000000e+02
7.520000000000000000e+02
7.560000000000000000e+02
5.240000000000000000e+02
7.600000000000000000e+02
7.600000000000000000e+02
7.600000000000000000e+02
7.560000000000000000e+02
7.600000000000000000e+02
7.600000000000000000e+02
7.560000000000000000e+02
5.450000000000000000e+02
7.470000000000000000e+02
4.893333333333333144e+02
4.670000000000000000e+02
5.360000000000000000e+02
4.720000000000000000e+02
7.220000000000000000e+02
4.820000000000000000e+02
4.760000000000000000e+02
7.580000000000000000e+02
7.546666666666666288e+02
6.933333333333333712e+02
7.000000000000000000e+02
4.720000000000000000e+02
7.386666666666666288e+02
5.100000000000000000e+02
5.440000000000000000e+02
5.340000000000000000e+02
7.490000000000000000e+02
5.520000000000000000e+02
5.480000000000000000e+02
5.680000000000000000e+02
5.773333333333333712e+02
5.680000000000000000e+02
7.560000000000000000e+02
7.600000000000000000e+02
7.560000000000000000e+02
7.560000000000000000e+02
7.560000000000000000e+02
7.520000000000000000e+02
5.640000000000000000e+02
5.720000000000000000e+02
5.600000000000000000e+02
5.440000000000000000e+02
5.480000000000000000e+02
5.400000000000000000e+02
5.400000000000000000e+02
5.080000000000000000e+02
5.200000000000000000e+02
5.200000000000000000e+02
4.920000000000000000e+02
5.253333333333333712e+02
5.160000000000000000e+02
7.466666666666666288e+02
5.380000000000000000e+02
5.000000000000000000e+02
4.980000000000000000e+02
5.000000000000000000e+02
4.973333333333333144e+02
5.200000000000000000e+02
5.300000000000000000e+02
5.640000000000000000e+02
5.480000000000000000e+02
5.560000000000000000e+02
5.680000000000000000e+02
5.640000000000000000e+02
7.520000000000000000e+02
7.560000000000000000e+02
7.613333333333333712e+02
7.660000000000000000e+02
7.560000000000000000e+02
7.550000000000000000e+02
5.620000000000000000e+02
5.640000000000000000e+02
5.640000000000000000e+02
5.600000000000000000e+02
5.560000000000000000e+02
5.586666666666666288e+02
5.040000000000000000e+02
5.240000000000000000e+02
5.160000000000000000e+02
5.040000000000000000e+02
5.670000000000000000e+02
5.290000000000000000e+02
4.970000000000000000e+02
4.866666666666666856e+02
5.120000000000000000e+02
5.600000000000000000e+02
5.040000000000000000e+02
5.040000000000000000e+02
5.070000000000000000e+02
5.080000000000000000e+02
4.480000000000000000e+02
4.400000000000000000e+02
4.440000000000000000e+02
4.440000000000000000e+02
4.360000000000000000e+02
5.630000000000000000e+02
4.460000000000000000e+02
7.640000000000000000e+02
7.400000000000000000e+02
7.400000000000000000e+02
4.400000000000000000e+02
4.430000000000000000e+02
4.540000000000000000e+02
4.400000000000000000e+02
4.480000000000000000e+02
4.480000000000000000e+02
4.400000000000000000e+02
4.440000000000000000e+02
4.410000000000000000e+02
5.120000000000000000e+02
4.960000000000000000e+02
5.640000000000000000e+02
5.573333333333333712e+02
4.600000000000000000e+02
4.580000000000000000e+02
5.100000000000000000e+02
4.840000000000000000e+02
4.720000000000000000e+02
4.730000000000000000e+02
4.480000000000000000e+02
4.493333333333333144e+02
4.400000000000000000e+02
4.320000000000000000e+02
4.360000000000000000e+02
4.160000000000000000e+02
4.480000000000000000e+02
4.400000000000000000e+02
4.320000000000000000e+02
4.220000000000000000e+02
4.400000000000000000e+02
5.430000000000000000e+02
4.200000000000000000e+02
4.140000000000000000e+02
4.200000000000000000e+02
4.200000000000000000e+02
4.120000000000000000e+02
4.400000000000000000e+02
4.360000000000000000e+02
4.280000000000000000e+02
4.320000000000000000e+02
4.360000000000000000e+02
4.480000000000000000e+02
4.680000000000000000e+02
5.280000000000000000e+02
5.280000000000000000e+02
5.160000000000000000e+02
7.453333333333333712e+02
6.780000000000000000e+02
5.260000000000000000e+02
5.280000000000000000e+02
5.280000000000000000e+02
4.720000000000000000e+02
4.650000000000000000e+02
4.360000000000000000e+02
4.280000000000000000e+02
4.280000000000000000e+02
4.400000000000000000e+02
4.440000000000000000e+02
4.000000000000000000e+02
4.120000000000000000e+02
4.160000000000000000e+02
4.120000000000000000e+02
4.160000000000000000e+02
4.200000000000000000e+02
4.200000000000000000e+02
4.160000000000000000e+02
4.200000000000000000e+02
4.040000000000000000e+02
4.440000000000000000e+02
4.360000000000000000e+02
4.360000000000000000e+02
4.280000000000000000e+02
4.280000000000000000e+02
4.386666666666666856e+02
4.760000000000000000e+02
4.760000000000000000e+02
4.960000000000000000e+02
4.920000000000000000e+02
5.100000000000000000e+02
5.120000000000000000e+02
5.040000000000000000e+02
5.000000000000000000e+02
4.480000000000000000e+02
5.040000000000000000e+02
5.000000000000000000e+02
4.360000000000000000e+02
4.466666666666666856e+02
4.400000000000000000e+02
4.440000000000000000e+02
4.440000000000000000e+02
4.440000000000000000e+02
4.160000000000000000e+02
4.013333333333333144e+02
4.120000000000000000e+02
4.160000000000000000e+02
4.280000000000000000e+02
4.400000000000000000e+02
4.280000000000000000e+02
4.480000000000000000e+02
4.480000000000000000e+02
4.400000000000000000e+02
4.440000000000000000e+02
4.400000000000000000e+02
4.480000000000000000e+02
4.920000000000000000e+02
5.000000000000000000e+02
5.240000000000000000e+02
5.360000000000000000e+02
5.266666666666666288e+02
7.520000000000000000e+02
5.040000000000000000e+02
4.760000000000000000e+02
4.880000000000000000e+02
4.830000000000000000e+02
5.240000000000000000e+02
5.320000000000000000e+02
4.850000000000000000e+02
5.090000000000000000e+02
5.120000000000000000e+02
4.400000000000000000e+02
5.020000000000000000e+02
5.693333333333333712e+02
5.680000000000000000e+02
5.720000000000000000e+02
7.400000000000000000e+02
7.440000000000000000e+02
7.520000000000000000e+02
7.480000000000000000e+02
7.440000000000000000e+02
7.360000000000000000e+02
5.720000000000000000e+02
5.680000000000000000e+02
5.760000000000000000e+02
5.160000000000000000e+02
5.106666666666666856e+02
5.200000000000000000e+02
5.200000000000000000e+02
5.120000000000000000e+02
4.760000000000000000e+02
4.906666666666666856e+02
5.000000000000000000e+02
4.990000000000000000e+02
7.260000000000000000e+02
4.866666666666666856e+02
7.510000000000000000e+02
7.480000000000000000e+02
5.220000000000000000e+02
5.120000000000000000e+02
7.573333333333333712e+02
5.093333333333333144e+02
4.840000000000000000e+02
4.866666666666666856e+02
7.560000000000000000e+02
5.586666666666666288e+02
5.640000000000000000e+02
7.480000000000000000e+02
7.360000000000000000e+02
7.360000000000000000e+02
7.400000000000000000e+02
7.440000000000000000e+02
7.840000000000000000e+02
7.546666666666666288e+02
7.440000000000000000e+02
7.480000000000000000e+02
7.500000000000000000e+02
4.893333333333333144e+02
7.560000000000000000e+02
6.810000000000000000e+02
5.020000000000000000e+02
5.000000000000000000e+02
5.333333333333333712e+02
5.470000000000000000e+02
5.860000000000000000e+02
5.420000000000000000e+02
5.400000000000000000e+02
5.280000000000000000e+02
5.440000000000000000e+02
5.420000000000000000e+02
5.330000000000000000e+02
7.470000000000000000e+02
4.960000000000000000e+02
4.680000000000000000e+02
4.386666666666666856e+02
4.466666666666666856e+02
5.426666666666666288e+02
5.520000000000000000e+02
7.586666666666666288e+02
7.480000000000000000e+02
7.560000000000000000e+02
7.590000000000000000e+02
7.520000000000000000e+02
