6.400000000000000000e+02
6.600000000000000000e+02
6.560000000000000000e+02
6.370000000000000000e+02
6.333333333333333712e+02
6.280000000000000000e+02
6.320000000000000000e+02
6.360000000000000000e+02
7.720000000000000000e+02
5.040000000000000000e+02
6.080000000000000000e+02
5.770000000000000000e+02
6.040000000000000000e+02
6.040000000000000000e+02
6.000000000000000000e+02
5.950000000000000000e+02
5.066666666666666856e+02
5.680000000000000000e+02
5.920000000000000000e+02
5.970000000000000000e+02
6.200000000000000000e+02
6.186666666666666288e+02
5.040000000000000000e+02
5.040000000000000000e+02
6.280000000000000000e+02
6.280000000000000000e+02
6.280000000000000000e+02
6.270000000000000000e+02
5.250000000000000000e+02
6.600000000000000000e+02
6.860000000000000000e+02
6.440000000000000000e+02
6.440000000000000000e+02
6.466666666666666288e+02
5.160000000000000000e+02
5.160000000000000000e+02
5.040000000000000000e+02
5.000000000000000000e+02
6.200000000000000000e+02
6.240000000000000000e+02
4.920000000000000000e+02
5.160000000000000000e+02
5.120000000000000000e+02
6.000000000000000000e+02
5.920000000000000000e+02
5.840000000000000000e+02
5.840000000000000000e+02
6.320000000000000000e+02
5.800000000000000000e+02
5.813333333333333712e+02
5.770000000000000000e+02
5.910000000000000000e+02
5.000000000000000000e+02
5.013333333333333144e+02
5.080000000000000000e+02
5.080000000000000000e+02
4.860000000000000000e+02
4.920000000000000000e+02
5.160000000000000000e+02
5.240000000000000000e+02
5.040000000000000000e+02
6.600000000000000000e+02
6.600000000000000000e+02
6.560000000000000000e+02
6.600000000000000000e+02
6.620000000000000000e+02
5.066666666666666856e+02
5.120000000000000000e+02
5.013333333333333144e+02
4.960000000000000000e+02
4.920000000000000000e+02
5.000000000000000000e+02
5.000000000000000000e+02
5.040000000000000000e+02
4.920000000000000000e+02
4.920000000000000000e+02
5.760000000000000000e+02
5.840000000000000000e+02
5.946666666666666288e+02
6.080000000000000000e+02
5.773333333333333712e+02
6.240000000000000000e+02
6.230000000000000000e+02
5.000000000000000000e+02
5.040000000000000000e+02
5.000000000000000000e+02
5.080000000000000000e+02
4.960000000000000000e+02
4.920000000000000000e+02
4.920000000000000000e+02
5.000000000000000000e+02
4.920000000000000000e+02
4.880000000000000000e+02
4.880000000000000000e+02
6.000000000000000000e+02
6.110000000000000000e+02
6.000000000000000000e+02
4.960000000000000000e+02
4.920000000000000000e+02
4.920000000000000000e+02
4.960000000000000000e+02
5.080000000000000000e+02
4.960000000000000000e+02
5.000000000000000000e+02
5.000000000000000000e+02
5.000000000000000000e+02
5.000000000000000000e+02
5.040000000000000000e+02
5.080000000000000000e+02
5.560000000000000000e+02
6.120000000000000000e+02
6.120000000000000000e+02
6.080000000000000000e+02
6.080000000000000000e+02
5.480000000000000000e+02
4.930000000000000000e+02
5.000000000000000000e+02
5.040000000000000000e+02
5.000000000000000000e+02
5.000000000000000000e+02
5.160000000000000000e+02
4.960000000000000000e+02
4.840000000000000000e+02
4.860000000000000000e+02
4.880000000000000000e+02
4.960000000000000000e+02
5.000000000000000000e+02
5.000000000000000000e+02
6.060000000000000000e+02
5.000000000000000000e+02
4.960000000000000000e+02
4.920000000000000000e+02
4.880000000000000000e+02
4.866666666666666856e+02
4.880000000000000000e+02
5.080000000000000000e+02
5.040000000000000000e+02
5.160000000000000000e+02
4.960000000000000000e+02
5.120000000000000000e+02
5.480000000000000000e+02
5.520000000000000000e+02
5.480000000000000000e+02
5.520000000000000000e+02
5.600000000000000000e+02
5.520000000000000000e+02
5.320000000000000000e+02
5.320000000000000000e+02
5.120000000000000000e+02
5.070000000000000000e+02
5.160000000000000000e+02
5.160000000000000000e+02
5.280000000000000000e+02
5.280000000000000000e+02
4.800000000000000000e+02
5.080000000000000000e+02
4.946666666666666856e+02
4.850000000000000000e+02
4.960000000000000000e+02
5.040000000000000000e+02
6.410000000000000000e+02
6.680000000000000000e+02
5.280000000000000000e+02
5.200000000000000000e+02
5.080000000000000000e+02
5.280000000000000000e+02
5.200000000000000000e+02
5.240000000000000000e+02
5.340000000000000000e+02
5.200000000000000000e+02
5.960000000000000000e+02
6.040000000000000000e+02
5.960000000000000000e+02
5.840000000000000000e+02
6.090000000000000000e+02
5.840000000000000000e+02
5.840000000000000000e+02
5.080000000000000000e+02
5.760000000000000000e+02
6.030000000000000000e+02
6.000000000000000000e+02
6.040000000000000000e+02
5.160000000000000000e+02
5.200000000000000000e+02
6.226666666666666288e+02
5.240000000000000000e+02
5.200000000000000000e+02
5.173333333333333712e+02
5.500000000000000000e+02
5.440000000000000000e+02
6.640000000000000000e+02
6.520000000000000000e+02
6.640000000000000000e+02
6.640000000000000000e+02
6.746666666666666288e+02
6.670000000000000000e+02
7.920000000000000000e+02
7.960000000000000000e+02
7.960000000000000000e+02
5.160000000000000000e+02
5.240000000000000000e+02
5.240000000000000000e+02
5.200000000000000000e+02
6.200000000000000000e+02
5.800000000000000000e+02
5.540000000000000000e+02
6.053333333333333712e+02
5.730000000000000000e+02
5.826666666666666288e+02
5.840000000000000000e+02
5.730000000000000000e+02
5.600000000000000000e+02
6.040000000000000000e+02
5.200000000000000000e+02
5.280000000000000000e+02
5.200000000000000000e+02
6.490000000000000000e+02
7.960000000000000000e+02
7.786666666666666288e+02
7.960000000000000000e+02
7.960000000000000000e+02
7.680000000000000000e+02
6.840000000000000000e+02
6.880000000000000000e+02
6.600000000000000000e+02
7.800000000000000000e+02
7.730000000000000000e+02
7.960000000000000000e+02
7.960000000000000000e+02
7.960000000000000000e+02
7.960000000000000000e+02
7.960000000000000000e+02
7.960000000000000000e+02
7.960000000000000000e+02
7.350000000000000000e+02
5.360000000000000000e+02
7.150000000000000000e+02
6.540000000000000000e+02
7.880000000000000000e+02
7.910000000000000000e+02
6.640000000000000000e+02
6.426666666666666288e+02
5.680000000000000000e+02
5.160000000000000000e+02
6.786666666666666288e+02
7.960000000000000000e+02
7.960000000000000000e+02
7.960000000000000000e+02
7.960000000000000000e+02
7.960000000000000000e+02
7.960000000000000000e+02
7.960000000000000000e+02
7.960000000000000000e+02
7.960000000000000000e+02
7.960000000000000000e+02
7.960000000000000000e+02
