5.100000000000000000e+02
5.180000000000000000e+02
5.140000000000000000e+02
5.170000000000000000e+02
5.100000000000000000e+02
4.653333333333333144e+02
4.333333333333333144e+02
5.320000000000000000e+02
3.306666666666666856e+02
6.470000000000000000e+02
3.450000000000000000e+02
3.450000000000000000e+02
3.440000000000000000e+02
4.380000000000000000e+02
4.410000000000000000e+02
4.520000000000000000e+02
3.580000000000000000e+02
3.746666666666666856e+02
4.360000000000000000e+02
4.360000000000000000e+02
3.533333333333333144e+02
3.700000000000000000e+02
3.380000000000000000e+02
3.750000000000000000e+02
3.760000000000000000e+02
5.306666666666666288e+02
3.840000000000000000e+02
4.053333333333333144e+02
4.400000000000000000e+02
5.310000000000000000e+02
5.410000000000000000e+02
5.370000000000000000e+02
5.346666666666666288e+02
4.560000000000000000e+02
5.310000000000000000e+02
5.330000000000000000e+02
5.540000000000000000e+02
3.920000000000000000e+02
3.920000000000000000e+02
3.710000000000000000e+02
3.730000000000000000e+02
3.440000000000000000e+02
3.470000000000000000e+02
3.790000000000000000e+02
4.520000000000000000e+02
4.290000000000000000e+02
3.870000000000000000e+02
3.740000000000000000e+02
3.660000000000000000e+02
3.710000000000000000e+02
3.820000000000000000e+02
3.510000000000000000e+02
3.480000000000000000e+02
3.590000000000000000e+02
3.666666666666666856e+02
3.740000000000000000e+02
3.670000000000000000e+02
4.560000000000000000e+02
3.800000000000000000e+02
3.990000000000000000e+02
5.050000000000000000e+02
5.590000000000000000e+02
5.610000000000000000e+02
5.373333333333333712e+02
5.590000000000000000e+02
5.400000000000000000e+02
5.470000000000000000e+02
5.586666666666666288e+02
3.660000000000000000e+02
3.626666666666666856e+02
3.850000000000000000e+02
3.630000000000000000e+02
3.626666666666666856e+02
3.590000000000000000e+02
3.560000000000000000e+02
3.470000000000000000e+02
3.470000000000000000e+02
3.573333333333333144e+02
3.920000000000000000e+02
3.840000000000000000e+02
3.813333333333333144e+02
3.680000000000000000e+02
3.500000000000000000e+02
3.520000000000000000e+02
3.530000000000000000e+02
3.546666666666666856e+02
3.520000000000000000e+02
3.500000000000000000e+02
3.440000000000000000e+02
3.480000000000000000e+02
3.670000000000000000e+02
3.680000000000000000e+02
3.600000000000000000e+02
4.106666666666666856e+02
4.040000000000000000e+02
4.800000000000000000e+02
5.050000000000000000e+02
4.293333333333333144e+02
3.910000000000000000e+02
3.790000000000000000e+02
3.680000000000000000e+02
3.650000000000000000e+02
3.520000000000000000e+02
3.480000000000000000e+02
3.160000000000000000e+02
3.800000000000000000e+02
3.600000000000000000e+02
3.640000000000000000e+02
3.550000000000000000e+02
3.550000000000000000e+02
3.680000000000000000e+02
3.666666666666666856e+02
3.660000000000000000e+02
3.613333333333333144e+02
3.493333333333333144e+02
3.560000000000000000e+02
3.520000000000000000e+02
3.866666666666666856e+02
3.840000000000000000e+02
3.866666666666666856e+02
3.930000000000000000e+02
3.893333333333333144e+02
3.650000000000000000e+02
3.680000000000000000e+02
3.720000000000000000e+02
3.430000000000000000e+02
5.093333333333333144e+02
4.700000000000000000e+02
5.070000000000000000e+02
5.070000000000000000e+02
3.880000000000000000e+02
4.253333333333333144e+02
3.600000000000000000e+02
3.640000000000000000e+02
3.960000000000000000e+02
3.800000000000000000e+02
3.830000000000000000e+02
3.880000000000000000e+02
3.760000000000000000e+02
3.660000000000000000e+02
3.640000000000000000e+02
3.640000000000000000e+02
3.653333333333333144e+02
3.720000000000000000e+02
4.280000000000000000e+02
3.746666666666666856e+02
3.700000000000000000e+02
3.640000000000000000e+02
3.773333333333333144e+02
4.000000000000000000e+02
5.020000000000000000e+02
3.920000000000000000e+02
3.900000000000000000e+02
3.746666666666666856e+02
3.840000000000000000e+02
3.870000000000000000e+02
5.093333333333333144e+02
3.960000000000000000e+02
5.130000000000000000e+02
5.180000000000000000e+02
5.200000000000000000e+02
5.240000000000000000e+02
5.490000000000000000e+02
4.013333333333333144e+02
4.000000000000000000e+02
3.890000000000000000e+02
3.900000000000000000e+02
3.880000000000000000e+02
3.840000000000000000e+02
4.026666666666666856e+02
4.000000000000000000e+02
3.880000000000000000e+02
3.770000000000000000e+02
3.950000000000000000e+02
4.120000000000000000e+02
4.580000000000000000e+02
4.440000000000000000e+02
4.560000000000000000e+02
4.640000000000000000e+02
4.120000000000000000e+02
4.120000000000000000e+02
3.893333333333333144e+02
4.980000000000000000e+02
4.040000000000000000e+02
4.866666666666666856e+02
5.733333333333333712e+02
5.093333333333333144e+02
4.720000000000000000e+02
4.180000000000000000e+02
6.250000000000000000e+02
5.760000000000000000e+02
5.680000000000000000e+02
5.820000000000000000e+02
5.826666666666666288e+02
5.860000000000000000e+02
6.100000000000000000e+02
6.080000000000000000e+02
6.120000000000000000e+02
7.960000000000000000e+02
7.960000000000000000e+02
4.940000000000000000e+02
5.050000000000000000e+02
5.060000000000000000e+02
4.970000000000000000e+02
4.880000000000000000e+02
4.450000000000000000e+02
4.530000000000000000e+02
4.590000000000000000e+02
4.560000000000000000e+02
7.640000000000000000e+02
6.910000000000000000e+02
4.790000000000000000e+02
4.786666666666666856e+02
4.800000000000000000e+02
5.170000000000000000e+02
5.020000000000000000e+02
4.640000000000000000e+02
7.690000000000000000e+02
5.920000000000000000e+02
6.133333333333333712e+02
6.120000000000000000e+02
5.620000000000000000e+02
6.080000000000000000e+02
5.920000000000000000e+02
5.870000000000000000e+02
5.600000000000000000e+02
6.000000000000000000e+02
5.586666666666666288e+02
5.280000000000000000e+02
7.590000000000000000e+02
5.480000000000000000e+02
5.333333333333333712e+02
5.146666666666666288e+02
7.670000000000000000e+02
5.106666666666666856e+02
7.800000000000000000e+02
7.960000000000000000e+02
7.110000000000000000e+02
7.666666666666666288e+02
7.140000000000000000e+02
4.160000000000000000e+02
7.530000000000000000e+02
4.946666666666666856e+02
6.470000000000000000e+02
7.706666666666666288e+02
5.933333333333333712e+02
6.980000000000000000e+02
5.500000000000000000e+02
7.786666666666666288e+02
5.620000000000000000e+02
7.480000000000000000e+02
5.080000000000000000e+02
5.706666666666666288e+02
6.270000000000000000e+02
6.210000000000000000e+02
5.706666666666666288e+02
