5.190000000000000000e+02
4.960000000000000000e+02
5.220000000000000000e+02
5.170000000000000000e+02
4.800000000000000000e+02
4.653333333333333144e+02
3.880000000000000000e+02
5.320000000000000000e+02
3.306666666666666856e+02
3.410000000000000000e+02
3.640000000000000000e+02
3.460000000000000000e+02
3.440000000000000000e+02
3.746666666666666856e+02
4.410000000000000000e+02
4.360000000000000000e+02
3.620000000000000000e+02
3.746666666666666856e+02
4.360000000000000000e+02
4.360000000000000000e+02
3.610000000000000000e+02
3.560000000000000000e+02
3.700000000000000000e+02
3.720000000000000000e+02
3.693333333333333144e+02
5.370000000000000000e+02
6.160000000000000000e+02
4.573333333333333144e+02
5.160000000000000000e+02
5.330000000000000000e+02
4.640000000000000000e+02
5.440000000000000000e+02
5.300000000000000000e+02
4.960000000000000000e+02
4.840000000000000000e+02
5.640000000000000000e+02
5.540000000000000000e+02
4.450000000000000000e+02
3.920000000000000000e+02
3.710000000000000000e+02
5.040000000000000000e+02
6.760000000000000000e+02
3.410000000000000000e+02
3.460000000000000000e+02
4.480000000000000000e+02
4.290000000000000000e+02
3.870000000000000000e+02
3.820000000000000000e+02
3.660000000000000000e+02
3.710000000000000000e+02
3.480000000000000000e+02
3.480000000000000000e+02
3.520000000000000000e+02
3.520000000000000000e+02
3.630000000000000000e+02
3.493333333333333144e+02
5.253333333333333712e+02
4.560000000000000000e+02
3.800000000000000000e+02
4.013333333333333144e+02
5.050000000000000000e+02
5.590000000000000000e+02
5.300000000000000000e+02
4.500000000000000000e+02
5.120000000000000000e+02
5.400000000000000000e+02
3.826666666666666856e+02
4.820000000000000000e+02
3.840000000000000000e+02
3.970000000000000000e+02
3.690000000000000000e+02
3.510000000000000000e+02
3.680000000000000000e+02
3.640000000000000000e+02
3.510000000000000000e+02
3.510000000000000000e+02
3.480000000000000000e+02
3.573333333333333144e+02
3.880000000000000000e+02
3.890000000000000000e+02
3.893333333333333144e+02
3.620000000000000000e+02
3.500000000000000000e+02
3.493333333333333144e+02
3.280000000000000000e+02
3.520000000000000000e+02
3.520000000000000000e+02
3.390000000000000000e+02
3.460000000000000000e+02
3.440000000000000000e+02
3.670000000000000000e+02
3.640000000000000000e+02
3.780000000000000000e+02
3.800000000000000000e+02
4.040000000000000000e+02
5.080000000000000000e+02
5.026666666666666856e+02
5.000000000000000000e+02
3.866666666666666856e+02
3.700000000000000000e+02
3.700000000000000000e+02
3.640000000000000000e+02
3.600000000000000000e+02
3.480000000000000000e+02
3.920000000000000000e+02
3.840000000000000000e+02
3.600000000000000000e+02
3.630000000000000000e+02
3.550000000000000000e+02
4.180000000000000000e+02
3.610000000000000000e+02
3.970000000000000000e+02
3.613333333333333144e+02
3.613333333333333144e+02
3.520000000000000000e+02
3.530000000000000000e+02
3.560000000000000000e+02
3.880000000000000000e+02
3.840000000000000000e+02
3.866666666666666856e+02
3.610000000000000000e+02
3.360000000000000000e+02
3.650000000000000000e+02
3.690000000000000000e+02
3.720000000000000000e+02
3.430000000000000000e+02
5.173333333333333712e+02
5.180000000000000000e+02
4.330000000000000000e+02
5.220000000000000000e+02
3.860000000000000000e+02
4.253333333333333144e+02
3.626666666666666856e+02
3.640000000000000000e+02
3.840000000000000000e+02
3.440000000000000000e+02
3.520000000000000000e+02
3.840000000000000000e+02
3.800000000000000000e+02
3.680000000000000000e+02
3.640000000000000000e+02
3.530000000000000000e+02
3.653333333333333144e+02
4.220000000000000000e+02
4.400000000000000000e+02
4.020000000000000000e+02
3.860000000000000000e+02
3.820000000000000000e+02
3.773333333333333144e+02
3.790000000000000000e+02
5.020000000000000000e+02
3.880000000000000000e+02
3.840000000000000000e+02
3.870000000000000000e+02
3.870000000000000000e+02
3.866666666666666856e+02
4.293333333333333144e+02
5.510000000000000000e+02
5.180000000000000000e+02
5.010000000000000000e+02
5.200000000000000000e+02
5.066666666666666856e+02
5.940000000000000000e+02
4.000000000000000000e+02
4.020000000000000000e+02
3.890000000000000000e+02
4.110000000000000000e+02
3.880000000000000000e+02
4.070000000000000000e+02
3.970000000000000000e+02
4.000000000000000000e+02
3.880000000000000000e+02
3.840000000000000000e+02
3.866666666666666856e+02
4.680000000000000000e+02
4.620000000000000000e+02
4.480000000000000000e+02
4.560000000000000000e+02
4.590000000000000000e+02
3.866666666666666856e+02
3.920000000000000000e+02
3.893333333333333144e+02
5.050000000000000000e+02
5.100000000000000000e+02
4.150000000000000000e+02
5.026666666666666856e+02
5.360000000000000000e+02
5.746666666666666288e+02
6.190000000000000000e+02
6.140000000000000000e+02
5.720000000000000000e+02
5.000000000000000000e+02
5.820000000000000000e+02
5.826666666666666288e+02
5.860000000000000000e+02
4.960000000000000000e+02
6.040000000000000000e+02
6.120000000000000000e+02
7.960000000000000000e+02
4.800000000000000000e+02
4.880000000000000000e+02
5.140000000000000000e+02
4.780000000000000000e+02
4.970000000000000000e+02
4.670000000000000000e+02
4.420000000000000000e+02
4.530000000000000000e+02
4.590000000000000000e+02
5.730000000000000000e+02
5.320000000000000000e+02
4.760000000000000000e+02
4.906666666666666856e+02
2.720000000000000000e+02
4.933333333333333144e+02
5.170000000000000000e+02
5.040000000000000000e+02
4.640000000000000000e+02
7.690000000000000000e+02
6.510000000000000000e+02
6.133333333333333712e+02
6.026666666666666288e+02
5.800000000000000000e+02
5.933333333333333712e+02
5.920000000000000000e+02
5.980000000000000000e+02
5.800000000000000000e+02
5.880000000000000000e+02
4.733333333333333144e+02
6.400000000000000000e+02
5.453333333333333712e+02
5.880000000000000000e+02
4.946666666666666856e+02
5.280000000000000000e+02
7.670000000000000000e+02
5.000000000000000000e+02
7.800000000000000000e+02
7.730000000000000000e+02
7.290000000000000000e+02
6.570000000000000000e+02
6.293333333333333712e+02
7.310000000000000000e+02
7.090000000000000000e+02
5.960000000000000000e+02
7.560000000000000000e+02
6.880000000000000000e+02
7.560000000000000000e+02
5.480000000000000000e+02
7.210000000000000000e+02
5.720000000000000000e+02
5.620000000000000000e+02
7.090000000000000000e+02
5.813333333333333712e+02
6.000000000000000000e+02
6.120000000000000000e+02
6.200000000000000000e+02
5.706666666666666288e+02
