6.080000000000000000e+02
6.026666666666666288e+02
4.640000000000000000e+02
5.706666666666666288e+02
5.430000000000000000e+02
5.500000000000000000e+02
4.360000000000000000e+02
5.610000000000000000e+02
5.600000000000000000e+02
5.560000000000000000e+02
5.570000000000000000e+02
5.350000000000000000e+02
4.820000000000000000e+02
5.026666666666666856e+02
5.180000000000000000e+02
5.240000000000000000e+02
4.640000000000000000e+02
4.790000000000000000e+02
5.080000000000000000e+02
4.680000000000000000e+02
4.610000000000000000e+02
5.180000000000000000e+02
5.310000000000000000e+02
5.360000000000000000e+02
5.380000000000000000e+02
5.480000000000000000e+02
5.186666666666666288e+02
5.590000000000000000e+02
5.370000000000000000e+02
6.200000000000000000e+02
6.030000000000000000e+02
6.110000000000000000e+02
6.053333333333333712e+02
5.580000000000000000e+02
5.850000000000000000e+02
5.570000000000000000e+02
5.550000000000000000e+02
5.570000000000000000e+02
5.190000000000000000e+02
5.330000000000000000e+02
5.220000000000000000e+02
5.180000000000000000e+02
4.910000000000000000e+02
4.720000000000000000e+02
4.640000000000000000e+02
4.610000000000000000e+02
4.600000000000000000e+02
4.600000000000000000e+02
4.600000000000000000e+02
4.520000000000000000e+02
4.440000000000000000e+02
4.600000000000000000e+02
4.590000000000000000e+02
4.190000000000000000e+02
4.470000000000000000e+02
4.280000000000000000e+02
4.210000000000000000e+02
4.200000000000000000e+02
4.200000000000000000e+02
4.240000000000000000e+02
6.106666666666666288e+02
6.120000000000000000e+02
5.640000000000000000e+02
5.660000000000000000e+02
5.640000000000000000e+02
5.670000000000000000e+02
5.213333333333333712e+02
4.160000000000000000e+02
4.240000000000000000e+02
4.200000000000000000e+02
4.200000000000000000e+02
4.040000000000000000e+02
4.120000000000000000e+02
4.200000000000000000e+02
4.120000000000000000e+02
4.013333333333333144e+02
4.060000000000000000e+02
4.080000000000000000e+02
4.280000000000000000e+02
4.360000000000000000e+02
4.520000000000000000e+02
4.070000000000000000e+02
4.373333333333333144e+02
4.120000000000000000e+02
4.430000000000000000e+02
4.200000000000000000e+02
4.160000000000000000e+02
4.200000000000000000e+02
4.190000000000000000e+02
4.080000000000000000e+02
4.066666666666666856e+02
4.160000000000000000e+02
4.200000000000000000e+02
4.180000000000000000e+02
4.240000000000000000e+02
5.666666666666666288e+02
5.290000000000000000e+02
4.200000000000000000e+02
4.160000000000000000e+02
4.160000000000000000e+02
4.120000000000000000e+02
4.200000000000000000e+02
4.260000000000000000e+02
4.080000000000000000e+02
4.200000000000000000e+02
4.160000000000000000e+02
4.120000000000000000e+02
4.080000000000000000e+02
4.120000000000000000e+02
4.110000000000000000e+02
4.093333333333333144e+02
4.280000000000000000e+02
4.240000000000000000e+02
4.280000000000000000e+02
4.200000000000000000e+02
4.200000000000000000e+02
4.180000000000000000e+02
4.160000000000000000e+02
4.200000000000000000e+02
4.440000000000000000e+02
4.050000000000000000e+02
4.020000000000000000e+02
4.106666666666666856e+02
4.200000000000000000e+02
4.170000000000000000e+02
4.160000000000000000e+02
5.550000000000000000e+02
5.666666666666666288e+02
5.540000000000000000e+02
5.300000000000000000e+02
5.140000000000000000e+02
5.586666666666666288e+02
4.190000000000000000e+02
4.160000000000000000e+02
4.200000000000000000e+02
4.280000000000000000e+02
4.293333333333333144e+02
4.240000000000000000e+02
4.200000000000000000e+02
4.170000000000000000e+02
4.200000000000000000e+02
4.210000000000000000e+02
4.320000000000000000e+02
4.390000000000000000e+02
4.520000000000000000e+02
4.560000000000000000e+02
4.240000000000000000e+02
4.226666666666666856e+02
4.210000000000000000e+02
3.870000000000000000e+02
4.280000000000000000e+02
4.240000000000000000e+02
4.270000000000000000e+02
4.280000000000000000e+02
4.240000000000000000e+02
4.300000000000000000e+02
4.540000000000000000e+02
5.310000000000000000e+02
5.660000000000000000e+02
5.450000000000000000e+02
5.630000000000000000e+02
5.690000000000000000e+02
5.730000000000000000e+02
5.706666666666666288e+02
5.750000000000000000e+02
5.630000000000000000e+02
5.720000000000000000e+02
5.920000000000000000e+02
4.120000000000000000e+02
4.093333333333333144e+02
4.080000000000000000e+02
4.080000000000000000e+02
4.120000000000000000e+02
4.560000000000000000e+02
4.450000000000000000e+02
5.080000000000000000e+02
5.240000000000000000e+02
5.200000000000000000e+02
4.600000000000000000e+02
5.080000000000000000e+02
4.920000000000000000e+02
4.800000000000000000e+02
4.860000000000000000e+02
5.186666666666666288e+02
5.530000000000000000e+02
4.200000000000000000e+02
6.240000000000000000e+02
6.200000000000000000e+02
5.670000000000000000e+02
5.800000000000000000e+02
5.670000000000000000e+02
5.570000000000000000e+02
5.500000000000000000e+02
5.770000000000000000e+02
5.670000000000000000e+02
5.426666666666666288e+02
6.120000000000000000e+02
5.660000000000000000e+02
5.040000000000000000e+02
5.360000000000000000e+02
5.280000000000000000e+02
4.960000000000000000e+02
4.970000000000000000e+02
4.970000000000000000e+02
4.840000000000000000e+02
4.820000000000000000e+02
5.413333333333333712e+02
5.460000000000000000e+02
5.986666666666666288e+02
6.106666666666666288e+02
5.290000000000000000e+02
5.400000000000000000e+02
5.710000000000000000e+02
5.260000000000000000e+02
5.520000000000000000e+02
6.520000000000000000e+02
5.760000000000000000e+02
5.920000000000000000e+02
6.060000000000000000e+02
6.160000000000000000e+02
6.320000000000000000e+02
5.920000000000000000e+02
5.733333333333333712e+02
5.720000000000000000e+02
5.653333333333333712e+02
5.720000000000000000e+02
5.830000000000000000e+02
5.790000000000000000e+02
6.230000000000000000e+02
5.530000000000000000e+02
5.790000000000000000e+02
5.670000000000000000e+02
5.470000000000000000e+02
6.600000000000000000e+02
5.840000000000000000e+02
6.950000000000000000e+02
7.050000000000000000e+02
5.990000000000000000e+02
5.880000000000000000e+02
5.293333333333333712e+02
6.040000000000000000e+02
6.140000000000000000e+02
6.520000000000000000e+02
6.290000000000000000e+02
5.720000000000000000e+02
6.066666666666666288e+02
6.020000000000000000e+02
7.210000000000000000e+02
5.630000000000000000e+02
5.640000000000000000e+02
5.746666666666666288e+02
5.826666666666666288e+02
5.650000000000000000e+02
5.720000000000000000e+02
5.640000000000000000e+02
5.680000000000000000e+02
