5.190000000000000000e+02
5.280000000000000000e+02
5.140000000000000000e+02
5.210000000000000000e+02
4.573333333333333144e+02
4.653333333333333144e+02
3.670000000000000000e+02
6.920000000000000000e+02
3.400000000000000000e+02
5.640000000000000000e+02
3.640000000000000000e+02
3.440000000000000000e+02
3.400000000000000000e+02
4.420000000000000000e+02
4.410000000000000000e+02
4.150000000000000000e+02
4.640000000000000000e+02
4.100000000000000000e+02
4.440000000000000000e+02
4.380000000000000000e+02
3.586666666666666856e+02
3.590000000000000000e+02
3.380000000000000000e+02
3.510000000000000000e+02
3.813333333333333144e+02
5.470000000000000000e+02
6.160000000000000000e+02
4.573333333333333144e+02
5.493333333333333712e+02
4.160000000000000000e+02
5.293333333333333712e+02
4.680000000000000000e+02
5.346666666666666288e+02
5.480000000000000000e+02
5.220000000000000000e+02
5.330000000000000000e+02
5.540000000000000000e+02
3.920000000000000000e+02
3.586666666666666856e+02
3.710000000000000000e+02
3.730000000000000000e+02
6.760000000000000000e+02
3.740000000000000000e+02
3.440000000000000000e+02
4.660000000000000000e+02
4.120000000000000000e+02
3.790000000000000000e+02
3.720000000000000000e+02
3.660000000000000000e+02
3.760000000000000000e+02
3.820000000000000000e+02
3.480000000000000000e+02
3.480000000000000000e+02
3.600000000000000000e+02
3.550000000000000000e+02
3.493333333333333144e+02
7.653333333333333712e+02
3.800000000000000000e+02
3.986666666666666856e+02
4.586666666666666856e+02
5.450000000000000000e+02
5.090000000000000000e+02
5.280000000000000000e+02
5.360000000000000000e+02
5.590000000000000000e+02
5.533333333333333712e+02
5.060000000000000000e+02
5.380000000000000000e+02
3.660000000000000000e+02
3.970000000000000000e+02
3.850000000000000000e+02
3.500000000000000000e+02
3.693333333333333144e+02
3.640000000000000000e+02
3.560000000000000000e+02
3.510000000000000000e+02
3.340000000000000000e+02
3.480000000000000000e+02
3.880000000000000000e+02
3.866666666666666856e+02
3.813333333333333144e+02
3.600000000000000000e+02
3.620000000000000000e+02
3.480000000000000000e+02
3.280000000000000000e+02
3.520000000000000000e+02
3.520000000000000000e+02
3.493333333333333144e+02
3.440000000000000000e+02
3.480000000000000000e+02
3.650000000000000000e+02
3.680000000000000000e+02
3.600000000000000000e+02
4.106666666666666856e+02
5.170000000000000000e+02
5.000000000000000000e+02
5.050000000000000000e+02
4.893333333333333144e+02
5.180000000000000000e+02
3.700000000000000000e+02
3.680000000000000000e+02
3.650000000000000000e+02
3.520000000000000000e+02
3.480000000000000000e+02
3.426666666666666856e+02
3.800000000000000000e+02
4.020000000000000000e+02
3.640000000000000000e+02
3.620000000000000000e+02
4.180000000000000000e+02
3.610000000000000000e+02
3.720000000000000000e+02
3.580000000000000000e+02
3.626666666666666856e+02
3.506666666666666856e+02
3.520000000000000000e+02
3.540000000000000000e+02
3.870000000000000000e+02
3.800000000000000000e+02
3.840000000000000000e+02
3.880000000000000000e+02
3.360000000000000000e+02
3.650000000000000000e+02
4.060000000000000000e+02
3.786666666666666856e+02
3.826666666666666856e+02
5.050000000000000000e+02
5.090000000000000000e+02
5.120000000000000000e+02
5.050000000000000000e+02
3.820000000000000000e+02
3.800000000000000000e+02
3.650000000000000000e+02
3.746666666666666856e+02
3.960000000000000000e+02
3.790000000000000000e+02
3.840000000000000000e+02
3.880000000000000000e+02
3.760000000000000000e+02
3.680000000000000000e+02
3.640000000000000000e+02
4.920000000000000000e+02
3.640000000000000000e+02
4.220000000000000000e+02
4.400000000000000000e+02
3.746666666666666856e+02
3.690000000000000000e+02
3.706666666666666856e+02
3.730000000000000000e+02
3.790000000000000000e+02
5.020000000000000000e+02
3.920000000000000000e+02
3.880000000000000000e+02
3.840000000000000000e+02
4.650000000000000000e+02
3.900000000000000000e+02
5.600000000000000000e+02
3.990000000000000000e+02
5.180000000000000000e+02
5.180000000000000000e+02
5.120000000000000000e+02
5.130000000000000000e+02
5.850000000000000000e+02
4.040000000000000000e+02
3.780000000000000000e+02
3.893333333333333144e+02
4.110000000000000000e+02
3.880000000000000000e+02
3.800000000000000000e+02
3.960000000000000000e+02
4.000000000000000000e+02
3.930000000000000000e+02
3.770000000000000000e+02
3.866666666666666856e+02
4.680000000000000000e+02
4.620000000000000000e+02
4.280000000000000000e+02
4.560000000000000000e+02
3.600000000000000000e+02
3.880000000000000000e+02
3.880000000000000000e+02
3.893333333333333144e+02
5.050000000000000000e+02
5.100000000000000000e+02
4.250000000000000000e+02
5.180000000000000000e+02
4.480000000000000000e+02
4.720000000000000000e+02
4.180000000000000000e+02
6.053333333333333712e+02
5.740000000000000000e+02
5.790000000000000000e+02
5.850000000000000000e+02
5.826666666666666288e+02
5.870000000000000000e+02
5.960000000000000000e+02
6.140000000000000000e+02
6.120000000000000000e+02
7.190000000000000000e+02
7.880000000000000000e+02
4.940000000000000000e+02
5.140000000000000000e+02
5.080000000000000000e+02
4.970000000000000000e+02
4.590000000000000000e+02
4.440000000000000000e+02
4.590000000000000000e+02
4.560000000000000000e+02
4.560000000000000000e+02
7.340000000000000000e+02
6.910000000000000000e+02
4.906666666666666856e+02
4.430000000000000000e+02
5.110000000000000000e+02
5.133333333333333712e+02
5.090000000000000000e+02
5.030000000000000000e+02
5.140000000000000000e+02
6.093333333333333712e+02
5.866666666666666288e+02
6.026666666666666288e+02
5.620000000000000000e+02
6.080000000000000000e+02
4.880000000000000000e+02
5.720000000000000000e+02
5.770000000000000000e+02
6.020000000000000000e+02
5.830000000000000000e+02
5.280000000000000000e+02
7.610000000000000000e+02
5.640000000000000000e+02
4.946666666666666856e+02
5.280000000000000000e+02
7.746666666666666288e+02
5.106666666666666856e+02
4.740000000000000000e+02
7.300000000000000000e+02
7.000000000000000000e+02
7.666666666666666288e+02
6.293333333333333712e+02
4.160000000000000000e+02
7.530000000000000000e+02
7.270000000000000000e+02
7.680000000000000000e+02
6.960000000000000000e+02
7.560000000000000000e+02
5.160000000000000000e+02
7.560000000000000000e+02
5.266666666666666288e+02
7.200000000000000000e+02
6.146666666666666288e+02
5.840000000000000000e+02
5.306666666666666288e+02
6.120000000000000000e+02
6.210000000000000000e+02
6.040000000000000000e+02
