5.100000000000000000e+02
4.960000000000000000e+02
5.220000000000000000e+02
5.210000000000000000e+02
4.573333333333333144e+02
5.200000000000000000e+02
3.670000000000000000e+02
6.920000000000000000e+02
3.426666666666666856e+02
7.030000000000000000e+02
3.450000000000000000e+02
3.460000000000000000e+02
3.440000000000000000e+02
3.746666666666666856e+02
4.210000000000000000e+02
4.360000000000000000e+02
4.640000000000000000e+02
4.100000000000000000e+02
4.360000000000000000e+02
4.426666666666666856e+02
3.510000000000000000e+02
3.750000000000000000e+02
3.380000000000000000e+02
3.750000000000000000e+02
3.693333333333333144e+02
5.306666666666666288e+02
5.360000000000000000e+02
4.573333333333333144e+02
4.400000000000000000e+02
5.330000000000000000e+02
5.333333333333333712e+02
5.200000000000000000e+02
5.200000000000000000e+02
5.480000000000000000e+02
5.380000000000000000e+02
5.500000000000000000e+02
5.070000000000000000e+02
5.450000000000000000e+02
3.586666666666666856e+02
3.330000000000000000e+02
3.730000000000000000e+02
6.760000000000000000e+02
3.740000000000000000e+02
3.440000000000000000e+02
4.480000000000000000e+02
4.050000000000000000e+02
3.810000000000000000e+02
3.760000000000000000e+02
3.660000000000000000e+02
3.680000000000000000e+02
3.453333333333333144e+02
3.500000000000000000e+02
3.520000000000000000e+02
3.590000000000000000e+02
3.666666666666666856e+02
3.533333333333333144e+02
3.670000000000000000e+02
4.560000000000000000e+02
4.800000000000000000e+02
4.040000000000000000e+02
5.050000000000000000e+02
5.590000000000000000e+02
5.610000000000000000e+02
5.373333333333333712e+02
4.980000000000000000e+02
5.610000000000000000e+02
3.826666666666666856e+02
5.600000000000000000e+02
3.906666666666666856e+02
3.626666666666666856e+02
3.586666666666666856e+02
3.500000000000000000e+02
3.640000000000000000e+02
3.640000000000000000e+02
3.590000000000000000e+02
3.470000000000000000e+02
3.480000000000000000e+02
3.490000000000000000e+02
3.813333333333333144e+02
3.840000000000000000e+02
3.733333333333333144e+02
3.640000000000000000e+02
4.200000000000000000e+02
3.520000000000000000e+02
3.480000000000000000e+02
3.520000000000000000e+02
3.520000000000000000e+02
3.390000000000000000e+02
3.440000000000000000e+02
3.480000000000000000e+02
3.650000000000000000e+02
3.680000000000000000e+02
3.586666666666666856e+02
3.800000000000000000e+02
5.170000000000000000e+02
4.800000000000000000e+02
5.050000000000000000e+02
5.000000000000000000e+02
4.770000000000000000e+02
3.706666666666666856e+02
3.346666666666666856e+02
3.650000000000000000e+02
3.520000000000000000e+02
3.480000000000000000e+02
3.910000000000000000e+02
3.800000000000000000e+02
4.020000000000000000e+02
3.630000000000000000e+02
3.620000000000000000e+02
3.540000000000000000e+02
3.680000000000000000e+02
3.640000000000000000e+02
3.626666666666666856e+02
3.640000000000000000e+02
3.493333333333333144e+02
3.530000000000000000e+02
3.520000000000000000e+02
3.746666666666666856e+02
3.800000000000000000e+02
3.840000000000000000e+02
3.880000000000000000e+02
3.893333333333333144e+02
3.680000000000000000e+02
3.650000000000000000e+02
3.546666666666666856e+02
3.826666666666666856e+02
5.093333333333333144e+02
4.700000000000000000e+02
5.030000000000000000e+02
5.150000000000000000e+02
5.090000000000000000e+02
3.800000000000000000e+02
3.600000000000000000e+02
3.720000000000000000e+02
3.840000000000000000e+02
3.790000000000000000e+02
3.840000000000000000e+02
3.840000000000000000e+02
3.790000000000000000e+02
3.640000000000000000e+02
3.626666666666666856e+02
4.920000000000000000e+02
3.720000000000000000e+02
4.220000000000000000e+02
4.400000000000000000e+02
3.746666666666666856e+02
3.690000000000000000e+02
3.680000000000000000e+02
3.760000000000000000e+02
3.790000000000000000e+02
3.970000000000000000e+02
3.880000000000000000e+02
3.880000000000000000e+02
3.880000000000000000e+02
4.650000000000000000e+02
3.870000000000000000e+02
3.860000000000000000e+02
4.000000000000000000e+02
5.180000000000000000e+02
5.180000000000000000e+02
5.160000000000000000e+02
5.130000000000000000e+02
5.940000000000000000e+02
6.040000000000000000e+02
4.010000000000000000e+02
3.880000000000000000e+02
4.150000000000000000e+02
3.880000000000000000e+02
3.900000000000000000e+02
3.970000000000000000e+02
4.306666666666666856e+02
3.880000000000000000e+02
3.770000000000000000e+02
3.960000000000000000e+02
4.120000000000000000e+02
4.610000000000000000e+02
4.453333333333333144e+02
4.560000000000000000e+02
4.590000000000000000e+02
4.050000000000000000e+02
3.920000000000000000e+02
3.880000000000000000e+02
5.050000000000000000e+02
5.100000000000000000e+02
4.150000000000000000e+02
5.733333333333333712e+02
5.360000000000000000e+02
4.720000000000000000e+02
4.853333333333333144e+02
6.140000000000000000e+02
5.740000000000000000e+02
5.790000000000000000e+02
5.870000000000000000e+02
5.426666666666666288e+02
5.920000000000000000e+02
5.430000000000000000e+02
6.140000000000000000e+02
6.120000000000000000e+02
7.190000000000000000e+02
7.880000000000000000e+02
4.940000000000000000e+02
5.140000000000000000e+02
4.780000000000000000e+02
4.740000000000000000e+02
4.670000000000000000e+02
4.450000000000000000e+02
4.590000000000000000e+02
4.640000000000000000e+02
5.730000000000000000e+02
7.640000000000000000e+02
6.890000000000000000e+02
6.570000000000000000e+02
4.430000000000000000e+02
4.906666666666666856e+02
5.170000000000000000e+02
5.090000000000000000e+02
4.640000000000000000e+02
5.140000000000000000e+02
6.510000000000000000e+02
5.520000000000000000e+02
5.190000000000000000e+02
5.620000000000000000e+02
6.010000000000000000e+02
5.920000000000000000e+02
6.270000000000000000e+02
5.800000000000000000e+02
6.120000000000000000e+02
6.000000000000000000e+02
6.400000000000000000e+02
5.440000000000000000e+02
5.640000000000000000e+02
5.173333333333333712e+02
5.280000000000000000e+02
6.840000000000000000e+02
5.000000000000000000e+02
4.986666666666666856e+02
7.150000000000000000e+02
7.820000000000000000e+02
6.570000000000000000e+02
5.610000000000000000e+02
4.160000000000000000e+02
6.790000000000000000e+02
4.946666666666666856e+02
5.960000000000000000e+02
7.706666666666666288e+02
5.933333333333333712e+02
5.480000000000000000e+02
4.880000000000000000e+02
7.140000000000000000e+02
7.200000000000000000e+02
6.040000000000000000e+02
5.950000000000000000e+02
6.050000000000000000e+02
6.270000000000000000e+02
6.200000000000000000e+02
5.706666666666666288e+02
