6.000000000000000000e+02
6.040000000000000000e+02
5.410000000000000000e+02
5.570000000000000000e+02
5.573333333333333712e+02
5.500000000000000000e+02
5.630000000000000000e+02
5.600000000000000000e+02
5.720000000000000000e+02
5.340000000000000000e+02
5.570000000000000000e+02
5.350000000000000000e+02
4.820000000000000000e+02
4.666666666666666856e+02
5.190000000000000000e+02
4.813333333333333144e+02
4.730000000000000000e+02
4.880000000000000000e+02
4.920000000000000000e+02
4.680000000000000000e+02
4.680000000000000000e+02
5.180000000000000000e+02
5.210000000000000000e+02
5.370000000000000000e+02
5.066666666666666856e+02
5.190000000000000000e+02
5.340000000000000000e+02
5.590000000000000000e+02
5.560000000000000000e+02
6.220000000000000000e+02
6.200000000000000000e+02
5.860000000000000000e+02
5.600000000000000000e+02
5.580000000000000000e+02
5.560000000000000000e+02
5.170000000000000000e+02
5.610000000000000000e+02
5.610000000000000000e+02
5.190000000000000000e+02
4.333333333333333144e+02
5.220000000000000000e+02
5.180000000000000000e+02
4.920000000000000000e+02
4.720000000000000000e+02
4.640000000000000000e+02
4.610000000000000000e+02
4.600000000000000000e+02
4.600000000000000000e+02
4.600000000000000000e+02
4.520000000000000000e+02
4.480000000000000000e+02
4.640000000000000000e+02
4.800000000000000000e+02
4.666666666666666856e+02
4.250000000000000000e+02
4.280000000000000000e+02
4.240000000000000000e+02
4.240000000000000000e+02
4.200000000000000000e+02
4.210000000000000000e+02
6.000000000000000000e+02
6.180000000000000000e+02
5.293333333333333712e+02
5.680000000000000000e+02
5.680000000000000000e+02
4.893333333333333144e+02
5.580000000000000000e+02
4.160000000000000000e+02
4.240000000000000000e+02
4.200000000000000000e+02
4.160000000000000000e+02
4.170000000000000000e+02
4.200000000000000000e+02
4.200000000000000000e+02
4.120000000000000000e+02
4.040000000000000000e+02
4.040000000000000000e+02
4.500000000000000000e+02
4.280000000000000000e+02
4.360000000000000000e+02
4.580000000000000000e+02
4.120000000000000000e+02
4.120000000000000000e+02
4.120000000000000000e+02
4.160000000000000000e+02
4.470000000000000000e+02
4.160000000000000000e+02
4.186666666666666856e+02
4.310000000000000000e+02
4.040000000000000000e+02
4.066666666666666856e+02
4.160000000000000000e+02
4.200000000000000000e+02
4.200000000000000000e+02
4.330000000000000000e+02
5.630000000000000000e+02
5.290000000000000000e+02
5.270000000000000000e+02
4.240000000000000000e+02
4.120000000000000000e+02
4.140000000000000000e+02
4.160000000000000000e+02
4.260000000000000000e+02
4.000000000000000000e+02
4.200000000000000000e+02
4.160000000000000000e+02
4.120000000000000000e+02
4.160000000000000000e+02
4.080000000000000000e+02
4.210000000000000000e+02
4.100000000000000000e+02
4.720000000000000000e+02
4.386666666666666856e+02
4.200000000000000000e+02
4.200000000000000000e+02
4.200000000000000000e+02
4.160000000000000000e+02
4.160000000000000000e+02
4.250000000000000000e+02
3.960000000000000000e+02
4.100000000000000000e+02
4.120000000000000000e+02
4.100000000000000000e+02
4.200000000000000000e+02
4.186666666666666856e+02
4.160000000000000000e+02
5.610000000000000000e+02
5.666666666666666288e+02
5.540000000000000000e+02
5.570000000000000000e+02
5.680000000000000000e+02
4.050000000000000000e+02
4.160000000000000000e+02
4.200000000000000000e+02
4.200000000000000000e+02
4.360000000000000000e+02
4.320000000000000000e+02
4.240000000000000000e+02
4.160000000000000000e+02
4.160000000000000000e+02
4.200000000000000000e+02
4.210000000000000000e+02
4.340000000000000000e+02
4.560000000000000000e+02
4.520000000000000000e+02
4.540000000000000000e+02
4.200000000000000000e+02
4.173333333333333144e+02
4.200000000000000000e+02
4.240000000000000000e+02
4.240000000000000000e+02
4.240000000000000000e+02
4.240000000000000000e+02
4.240000000000000000e+02
4.240000000000000000e+02
4.380000000000000000e+02
5.510000000000000000e+02
4.760000000000000000e+02
5.653333333333333712e+02
5.540000000000000000e+02
5.660000000000000000e+02
5.680000000000000000e+02
5.890000000000000000e+02
5.706666666666666288e+02
5.773333333333333712e+02
5.630000000000000000e+02
4.260000000000000000e+02
4.960000000000000000e+02
4.120000000000000000e+02
4.093333333333333144e+02
4.080000000000000000e+02
4.760000000000000000e+02
4.120000000000000000e+02
4.560000000000000000e+02
4.390000000000000000e+02
4.320000000000000000e+02
4.280000000000000000e+02
4.760000000000000000e+02
4.620000000000000000e+02
5.010000000000000000e+02
4.880000000000000000e+02
4.860000000000000000e+02
5.160000000000000000e+02
5.186666666666666288e+02
5.520000000000000000e+02
4.200000000000000000e+02
7.013333333333333712e+02
5.893333333333333712e+02
6.040000000000000000e+02
6.040000000000000000e+02
5.720000000000000000e+02
5.570000000000000000e+02
5.700000000000000000e+02
5.710000000000000000e+02
5.770000000000000000e+02
6.080000000000000000e+02
5.973333333333333712e+02
5.660000000000000000e+02
5.670000000000000000e+02
5.360000000000000000e+02
5.280000000000000000e+02
4.880000000000000000e+02
4.960000000000000000e+02
4.946666666666666856e+02
4.800000000000000000e+02
4.870000000000000000e+02
5.413333333333333712e+02
5.373333333333333712e+02
6.840000000000000000e+02
5.890000000000000000e+02
5.160000000000000000e+02
4.760000000000000000e+02
5.780000000000000000e+02
5.270000000000000000e+02
7.240000000000000000e+02
5.610000000000000000e+02
5.760000000000000000e+02
5.690000000000000000e+02
5.693333333333333712e+02
6.120000000000000000e+02
6.260000000000000000e+02
5.626666666666666288e+02
4.880000000000000000e+02
5.690000000000000000e+02
5.653333333333333712e+02
5.730000000000000000e+02
5.680000000000000000e+02
5.750000000000000000e+02
6.190000000000000000e+02
5.530000000000000000e+02
5.653333333333333712e+02
7.160000000000000000e+02
6.830000000000000000e+02
6.600000000000000000e+02
5.840000000000000000e+02
5.990000000000000000e+02
5.180000000000000000e+02
4.970000000000000000e+02
5.880000000000000000e+02
5.293333333333333712e+02
6.040000000000000000e+02
6.573333333333333712e+02
5.813333333333333712e+02
6.290000000000000000e+02
6.240000000000000000e+02
5.760000000000000000e+02
5.960000000000000000e+02
7.210000000000000000e+02
5.460000000000000000e+02
6.220000000000000000e+02
5.730000000000000000e+02
5.826666666666666288e+02
5.680000000000000000e+02
5.690000000000000000e+02
5.640000000000000000e+02
5.680000000000000000e+02
