5.190000000000000000e+02
4.960000000000000000e+02
5.170000000000000000e+02
5.170000000000000000e+02
5.270000000000000000e+02
5.200000000000000000e+02
3.960000000000000000e+02
5.320000000000000000e+02
3.426666666666666856e+02
7.260000000000000000e+02
3.450000000000000000e+02
3.440000000000000000e+02
3.440000000000000000e+02
4.420000000000000000e+02
4.410000000000000000e+02
4.360000000000000000e+02
3.680000000000000000e+02
4.440000000000000000e+02
4.373333333333333144e+02
4.380000000000000000e+02
3.533333333333333144e+02
3.400000000000000000e+02
3.380000000000000000e+02
3.610000000000000000e+02
3.760000000000000000e+02
5.470000000000000000e+02
3.880000000000000000e+02
4.080000000000000000e+02
5.160000000000000000e+02
4.160000000000000000e+02
5.410000000000000000e+02
5.200000000000000000e+02
5.140000000000000000e+02
4.560000000000000000e+02
5.310000000000000000e+02
5.330000000000000000e+02
5.370000000000000000e+02
4.450000000000000000e+02
3.613333333333333144e+02
3.590000000000000000e+02
7.020000000000000000e+02
6.760000000000000000e+02
3.740000000000000000e+02
3.550000000000000000e+02
3.626666666666666856e+02
4.290000000000000000e+02
3.830000000000000000e+02
3.740000000000000000e+02
3.680000000000000000e+02
3.760000000000000000e+02
3.453333333333333144e+02
3.480000000000000000e+02
3.480000000000000000e+02
3.600000000000000000e+02
3.630000000000000000e+02
3.533333333333333144e+02
5.253333333333333712e+02
5.520000000000000000e+02
4.800000000000000000e+02
4.040000000000000000e+02
5.480000000000000000e+02
5.386666666666666288e+02
5.300000000000000000e+02
5.360000000000000000e+02
5.590000000000000000e+02
5.600000000000000000e+02
5.420000000000000000e+02
4.820000000000000000e+02
3.660000000000000000e+02
4.140000000000000000e+02
3.920000000000000000e+02
3.490000000000000000e+02
3.693333333333333144e+02
3.640000000000000000e+02
3.560000000000000000e+02
3.520000000000000000e+02
3.480000000000000000e+02
3.480000000000000000e+02
3.813333333333333144e+02
3.866666666666666856e+02
3.720000000000000000e+02
3.640000000000000000e+02
4.200000000000000000e+02
3.480000000000000000e+02
3.480000000000000000e+02
3.546666666666666856e+02
3.530000000000000000e+02
3.500000000000000000e+02
3.440000000000000000e+02
3.480000000000000000e+02
3.670000000000000000e+02
3.640000000000000000e+02
3.586666666666666856e+02
5.790000000000000000e+02
4.030000000000000000e+02
5.080000000000000000e+02
5.020000000000000000e+02
4.293333333333333144e+02
4.770000000000000000e+02
3.680000000000000000e+02
3.700000000000000000e+02
3.640000000000000000e+02
3.520000000000000000e+02
3.450000000000000000e+02
3.426666666666666856e+02
3.840000000000000000e+02
3.600000000000000000e+02
3.640000000000000000e+02
3.640000000000000000e+02
3.640000000000000000e+02
3.640000000000000000e+02
3.720000000000000000e+02
3.626666666666666856e+02
3.626666666666666856e+02
3.390000000000000000e+02
3.540000000000000000e+02
3.540000000000000000e+02
3.746666666666666856e+02
3.800000000000000000e+02
3.840000000000000000e+02
3.610000000000000000e+02
3.893333333333333144e+02
3.780000000000000000e+02
4.060000000000000000e+02
3.786666666666666856e+02
3.820000000000000000e+02
5.093333333333333144e+02
4.700000000000000000e+02
5.070000000000000000e+02
5.220000000000000000e+02
5.090000000000000000e+02
3.800000000000000000e+02
3.600000000000000000e+02
3.746666666666666856e+02
3.960000000000000000e+02
3.440000000000000000e+02
3.840000000000000000e+02
3.880000000000000000e+02
3.790000000000000000e+02
3.653333333333333144e+02
3.640000000000000000e+02
4.920000000000000000e+02
3.720000000000000000e+02
4.706666666666666856e+02
4.280000000000000000e+02
4.410000000000000000e+02
3.660000000000000000e+02
3.706666666666666856e+02
3.760000000000000000e+02
4.026666666666666856e+02
3.980000000000000000e+02
3.880000000000000000e+02
3.870000000000000000e+02
3.880000000000000000e+02
4.130000000000000000e+02
3.910000000000000000e+02
5.600000000000000000e+02
4.280000000000000000e+02
5.240000000000000000e+02
5.000000000000000000e+02
4.733333333333333144e+02
5.680000000000000000e+02
5.420000000000000000e+02
4.040000000000000000e+02
4.000000000000000000e+02
3.880000000000000000e+02
4.150000000000000000e+02
3.880000000000000000e+02
4.070000000000000000e+02
3.960000000000000000e+02
4.306666666666666856e+02
3.880000000000000000e+02
3.770000000000000000e+02
3.920000000000000000e+02
4.680000000000000000e+02
4.580000000000000000e+02
4.546666666666666856e+02
4.510000000000000000e+02
4.640000000000000000e+02
4.120000000000000000e+02
3.880000000000000000e+02
3.866666666666666856e+02
5.040000000000000000e+02
4.040000000000000000e+02
4.250000000000000000e+02
5.060000000000000000e+02
5.360000000000000000e+02
4.720000000000000000e+02
4.853333333333333144e+02
6.053333333333333712e+02
5.413333333333333712e+02
5.000000000000000000e+02
5.870000000000000000e+02
5.826666666666666288e+02
5.813333333333333712e+02
4.960000000000000000e+02
5.880000000000000000e+02
7.310000000000000000e+02
7.190000000000000000e+02
4.800000000000000000e+02
4.940000000000000000e+02
5.050000000000000000e+02
5.080000000000000000e+02
4.740000000000000000e+02
4.810000000000000000e+02
4.400000000000000000e+02
4.590000000000000000e+02
4.570000000000000000e+02
5.730000000000000000e+02
7.340000000000000000e+02
6.890000000000000000e+02
4.790000000000000000e+02
4.786666666666666856e+02
4.933333333333333144e+02
5.133333333333333712e+02
5.040000000000000000e+02
5.293333333333333712e+02
7.733333333333333712e+02
5.420000000000000000e+02
5.520000000000000000e+02
6.050000000000000000e+02
5.800000000000000000e+02
5.970000000000000000e+02
5.906666666666666288e+02
5.870000000000000000e+02
5.800000000000000000e+02
6.020000000000000000e+02
4.733333333333333144e+02
6.810000000000000000e+02
7.610000000000000000e+02
7.710000000000000000e+02
4.946666666666666856e+02
4.946666666666666856e+02
5.400000000000000000e+02
5.120000000000000000e+02
4.986666666666666856e+02
7.300000000000000000e+02
7.290000000000000000e+02
7.666666666666666288e+02
5.610000000000000000e+02
6.570000000000000000e+02
7.530000000000000000e+02
7.270000000000000000e+02
5.960000000000000000e+02
7.706666666666666288e+02
5.530000000000000000e+02
6.980000000000000000e+02
4.880000000000000000e+02
7.786666666666666288e+02
5.620000000000000000e+02
6.040000000000000000e+02
5.813333333333333712e+02
5.333333333333333712e+02
6.120000000000000000e+02
5.910000000000000000e+02
6.060000000000000000e+02
