4.864000000000000341e+02
5.728000000000000682e+02
6.304000000000000909e+02
6.336000000000000227e+02
5.600000000000000000e+02
5.632000000000000455e+02
5.440000000000000000e+02
5.408000000000000682e+02
5.343999999999999773e+02
5.728000000000000682e+02
5.760000000000000000e+02
4.384000000000000341e+02
4.384000000000000341e+02
5.280000000000000000e+02
5.376000000000000227e+02
5.440000000000000000e+02
5.376000000000000227e+02
5.343999999999999773e+02
5.280000000000000000e+02
5.280000000000000000e+02
5.280000000000000000e+02
5.216000000000000227e+02
5.343999999999999773e+02
5.343999999999999773e+02
5.312000000000000455e+02
4.384000000000000341e+02
4.352000000000000455e+02
4.960000000000000000e+02
4.992000000000000455e+02
4.992000000000000455e+02
4.480000000000000000e+02
4.448000000000000114e+02
5.088000000000000114e+02
5.056000000000000227e+02
5.056000000000000227e+02
5.056000000000000227e+02
5.024000000000000341e+02
4.992000000000000455e+02
5.343999999999999773e+02
5.343999999999999773e+02
5.312000000000000455e+02
5.408000000000000682e+02
5.408000000000000682e+02
5.376000000000000227e+02
5.376000000000000227e+02
5.312000000000000455e+02
5.183999999999999773e+02
4.704000000000000341e+02
4.832000000000000455e+02
4.832000000000000455e+02
5.280000000000000000e+02
5.024000000000000341e+02
5.088000000000000114e+02
4.160000000000000000e+02
4.256000000000000227e+02
4.320000000000000000e+02
4.320000000000000000e+02
4.992000000000000455e+02
5.024000000000000341e+02
5.088000000000000114e+02
5.120000000000000000e+02
5.056000000000000227e+02
5.024000000000000341e+02
4.448000000000000114e+02
4.960000000000000000e+02
4.576000000000000227e+02
4.096000000000000227e+02
4.032000000000000455e+02
4.032000000000000455e+02
4.128000000000000114e+02
4.096000000000000227e+02
3.968000000000000114e+02
3.968000000000000114e+02
4.000000000000000000e+02
4.032000000000000455e+02
4.384000000000000341e+02
4.128000000000000114e+02
4.000000000000000000e+02
4.064000000000000341e+02
3.936000000000000227e+02
4.320000000000000000e+02
5.632000000000000455e+02
5.600000000000000000e+02
5.600000000000000000e+02
5.568000000000000682e+02
4.512000000000000455e+02
4.544000000000000341e+02
4.672000000000000455e+02
4.576000000000000227e+02
4.608000000000000114e+02
4.640000000000000000e+02
4.640000000000000000e+02
4.672000000000000455e+02
4.704000000000000341e+02
4.640000000000000000e+02
4.128000000000000114e+02
4.128000000000000114e+02
4.128000000000000114e+02
3.776000000000000227e+02
3.840000000000000000e+02
3.872000000000000455e+02
3.840000000000000000e+02
4.000000000000000000e+02
4.000000000000000000e+02
4.000000000000000000e+02
4.032000000000000455e+02
3.840000000000000000e+02
3.840000000000000000e+02
3.904000000000000341e+02
3.936000000000000227e+02
3.968000000000000114e+02
4.064000000000000341e+02
4.032000000000000455e+02
4.032000000000000455e+02
4.096000000000000227e+02
4.128000000000000114e+02
3.872000000000000455e+02
3.872000000000000455e+02
3.968000000000000114e+02
3.968000000000000114e+02
4.000000000000000000e+02
4.096000000000000227e+02
4.064000000000000341e+02
3.616000000000000227e+02
3.840000000000000000e+02
3.872000000000000455e+02
3.616000000000000227e+02
3.616000000000000227e+02
3.648000000000000114e+02
3.520000000000000000e+02
3.584000000000000341e+02
3.808000000000000114e+02
3.872000000000000455e+02
3.936000000000000227e+02
4.448000000000000114e+02
4.448000000000000114e+02
4.448000000000000114e+02
4.704000000000000341e+02
4.672000000000000455e+02
4.640000000000000000e+02
4.640000000000000000e+02
4.672000000000000455e+02
4.736000000000000227e+02
4.512000000000000455e+02
4.512000000000000455e+02
4.512000000000000455e+02
4.640000000000000000e+02
4.672000000000000455e+02
4.672000000000000455e+02
4.608000000000000114e+02
4.608000000000000114e+02
4.512000000000000455e+02
4.544000000000000341e+02
4.352000000000000455e+02
3.712000000000000455e+02
3.680000000000000000e+02
3.712000000000000455e+02
3.712000000000000455e+02
3.680000000000000000e+02
3.648000000000000114e+02
3.648000000000000114e+02
3.712000000000000455e+02
3.744000000000000341e+02
3.680000000000000000e+02
3.584000000000000341e+02
3.552000000000000455e+02
3.520000000000000000e+02
3.904000000000000341e+02
3.904000000000000341e+02
3.872000000000000455e+02
3.904000000000000341e+02
3.936000000000000227e+02
4.032000000000000455e+02
4.032000000000000455e+02
4.032000000000000455e+02
3.936000000000000227e+02
4.384000000000000341e+02
3.904000000000000341e+02
3.904000000000000341e+02
4.032000000000000455e+02
4.096000000000000227e+02
4.064000000000000341e+02
4.096000000000000227e+02
3.552000000000000455e+02
3.648000000000000114e+02
3.744000000000000341e+02
3.744000000000000341e+02
3.776000000000000227e+02
3.680000000000000000e+02
3.680000000000000000e+02
3.712000000000000455e+02
3.648000000000000114e+02
3.744000000000000341e+02
3.808000000000000114e+02
3.872000000000000455e+02
4.512000000000000455e+02
4.992000000000000455e+02
4.832000000000000455e+02
4.736000000000000227e+02
4.640000000000000000e+02
4.672000000000000455e+02
4.640000000000000000e+02
4.608000000000000114e+02
4.544000000000000341e+02
4.544000000000000341e+02
4.544000000000000341e+02
4.608000000000000114e+02
4.576000000000000227e+02
4.416000000000000227e+02
4.416000000000000227e+02
4.608000000000000114e+02
4.768000000000000114e+02
4.832000000000000455e+02
4.832000000000000455e+02
4.800000000000000000e+02
4.672000000000000455e+02
4.096000000000000227e+02
4.160000000000000000e+02
4.128000000000000114e+02
4.032000000000000455e+02
3.872000000000000455e+02
3.872000000000000455e+02
3.840000000000000000e+02
3.904000000000000341e+02
4.032000000000000455e+02
4.000000000000000000e+02
4.000000000000000000e+02
4.064000000000000341e+02
4.096000000000000227e+02
4.064000000000000341e+02
4.096000000000000227e+02
4.096000000000000227e+02
4.352000000000000455e+02
4.224000000000000341e+02
4.288000000000000114e+02
4.224000000000000341e+02
4.224000000000000341e+02
4.448000000000000114e+02
4.352000000000000455e+02
4.128000000000000114e+02
4.064000000000000341e+02
4.064000000000000341e+02
4.096000000000000227e+02
4.128000000000000114e+02
4.128000000000000114e+02
4.096000000000000227e+02
5.183999999999999773e+02
4.000000000000000000e+02
4.000000000000000000e+02
4.032000000000000455e+02
4.032000000000000455e+02
3.968000000000000114e+02
4.000000000000000000e+02
5.216000000000000227e+02
5.248000000000000682e+02
5.312000000000000455e+02
4.768000000000000114e+02
4.896000000000000227e+02
4.864000000000000341e+02
4.640000000000000000e+02
4.512000000000000455e+02
4.448000000000000114e+02
4.480000000000000000e+02
4.416000000000000227e+02
4.384000000000000341e+02
4.416000000000000227e+02
4.480000000000000000e+02
4.576000000000000227e+02
5.152000000000000455e+02
4.928000000000000114e+02
5.503999999999999773e+02
5.408000000000000682e+02
5.440000000000000000e+02
5.408000000000000682e+02
4.384000000000000341e+02
5.152000000000000455e+02
5.183999999999999773e+02
5.183999999999999773e+02
5.183999999999999773e+02
5.183999999999999773e+02
5.120000000000000000e+02
5.183999999999999773e+02
5.216000000000000227e+02
5.216000000000000227e+02
5.216000000000000227e+02
5.183999999999999773e+02
5.183999999999999773e+02
5.472000000000000455e+02
5.440000000000000000e+02
5.472000000000000455e+02
5.024000000000000341e+02
4.928000000000000114e+02
4.928000000000000114e+02
4.672000000000000455e+02
4.736000000000000227e+02
4.736000000000000227e+02
4.320000000000000000e+02
4.512000000000000455e+02
4.576000000000000227e+02
4.896000000000000227e+02
4.864000000000000341e+02
4.832000000000000455e+02
4.832000000000000455e+02
4.864000000000000341e+02
4.960000000000000000e+02
5.088000000000000114e+02
7.904000000000000909e+02
7.904000000000000909e+02
7.872000000000000455e+02
7.872000000000000455e+02
7.872000000000000455e+02
7.552000000000000455e+02
4.928000000000000114e+02
4.896000000000000227e+02
4.864000000000000341e+02
4.928000000000000114e+02
4.832000000000000455e+02
4.832000000000000455e+02
4.832000000000000455e+02
4.832000000000000455e+02
