-3.926990816987240840e-01
-3.926990816987240840e-01
-3.926990816987240840e-01
-3.455751918948771761e-01
-3.455751918948771761e-01
-3.455751918948771761e-01
-3.455751918948771761e-01
-3.455751918948771761e-01
-3.455751918948771761e-01
-3.455751918948771761e-01
-3.455751918948771761e-01
-2.984513020910303238e-01
-2.984513020910303238e-01
-2.984513020910303238e-01
-2.984513020910303238e-01
-2.984513020910303238e-01
-2.984513020910303238e-01
-2.984513020910303238e-01
-2.513274122871834160e-01
-2.513274122871834160e-01
-2.513274122871834160e-01
-2.513274122871834160e-01
-2.513274122871834160e-01
-2.513274122871834160e-01
-2.513274122871834160e-01
-2.513274122871834160e-01
-2.513274122871834160e-01
-2.513274122871834160e-01
-2.513274122871834160e-01
-2.513274122871834160e-01
-2.042035224833365359e-01
-2.042035224833365359e-01
-2.042035224833365359e-01
-2.042035224833365359e-01
-2.042035224833365359e-01
-2.042035224833365359e-01
-2.042035224833365359e-01
-2.042035224833365359e-01
-2.042035224833365359e-01
-2.042035224833365359e-01
-2.042035224833365359e-01
-2.042035224833365359e-01
-2.042035224833365359e-01
-2.042035224833365359e-01
-2.042035224833365359e-01
-2.042035224833365359e-01
-1.570796326794896003e-01
-1.570796326794896003e-01
-1.570796326794896003e-01
-1.570796326794896003e-01
-1.570796326794896003e-01
-1.570796326794896003e-01
-1.570796326794896003e-01
-1.570796326794896003e-01
-1.570796326794896003e-01
-1.570796326794896003e-01
-1.570796326794896003e-01
-1.570796326794896003e-01
-1.570796326794896003e-01
-1.570796326794896003e-01
-1.570796326794896003e-01
-1.570796326794896003e-01
-1.570796326794896003e-01
-1.570796326794896003e-01
-1.570796326794896003e-01
-1.570796326794896003e-01
-1.099557428756427063e-01
-1.099557428756427063e-01
-1.099557428756427063e-01
-1.099557428756427063e-01
-1.099557428756427063e-01
-1.099557428756427063e-01
-1.099557428756427063e-01
-1.099557428756427063e-01
-1.099557428756427063e-01
-1.099557428756427063e-01
-1.099557428756427063e-01
-1.099557428756427063e-01
-1.099557428756427063e-01
-1.099557428756427063e-01
-1.099557428756427063e-01
-1.099557428756427063e-01
-1.099557428756427063e-01
-1.099557428756427063e-01
-1.099557428756427063e-01
-1.099557428756427063e-01
-1.099557428756427063e-01
-6.283185307179581236e-02
-6.283185307179581236e-02
-6.283185307179581236e-02
-6.283185307179581236e-02
-6.283185307179581236e-02
-6.283185307179581236e-02
-6.283185307179581236e-02
-6.283185307179581236e-02
-6.283185307179581236e-02
-6.283185307179581236e-02
-6.283185307179581236e-02
-6.283185307179581236e-02
-6.283185307179581236e-02
-6.283185307179581236e-02
-6.283185307179581236e-02
-6.283185307179581236e-02
-6.283185307179581236e-02
-6.283185307179581236e-02
-6.283185307179581236e-02
-6.283185307179581236e-02
-6.283185307179581236e-02
-6.283185307179581236e-02
-6.283185307179581236e-02
-6.283185307179581236e-02
-6.283185307179581236e-02
-1.570796326794890799e-02
-1.570796326794890799e-02
-1.570796326794890799e-02
-1.570796326794890799e-02
-1.570796326794890799e-02
-1.570796326794890799e-02
-1.570796326794890799e-02
-1.570796326794890799e-02
-1.570796326794890799e-02
-1.570796326794890799e-02
-1.570796326794890799e-02
-1.570796326794890799e-02
-1.570796326794890799e-02
-1.570796326794890799e-02
-1.570796326794890799e-02
-1.570796326794890799e-02
-1.570796326794890799e-02
-1.570796326794890799e-02
-1.570796326794890799e-02
-1.570796326794890799e-02
-1.570796326794890799e-02
-1.570796326794890799e-02
-1.570796326794890799e-02
-1.570796326794890799e-02
-1.570796326794890799e-02
-1.570796326794890799e-02
-1.570796326794890799e-02
-1.570796326794890799e-02
-1.570796326794890799e-02
-1.570796326794890799e-02
3.141592653589798251e-02
3.141592653589798251e-02
3.141592653589798251e-02
3.141592653589798251e-02
3.141592653589798251e-02
3.141592653589798251e-02
3.141592653589798251e-02
3.141592653589798251e-02
3.141592653589798251e-02
3.141592653589798251e-02
3.141592653589798251e-02
3.141592653589798251e-02
3.141592653589798251e-02
3.141592653589798251e-02
3.141592653589798251e-02
3.141592653589798251e-02
3.141592653589798251e-02
3.141592653589798251e-02
3.141592653589798251e-02
3.141592653589798251e-02
3.141592653589798251e-02
3.141592653589798251e-02
3.141592653589798251e-02
3.141592653589798251e-02
3.141592653589798251e-02
3.141592653589798251e-02
3.141592653589798251e-02
3.141592653589798251e-02
3.141592653589798251e-02
3.141592653589798251e-02
3.141592653589798251e-02
3.141592653589798251e-02
3.141592653589798251e-02
7.853981633974488341e-02
7.853981633974488341e-02
7.853981633974488341e-02
7.853981633974488341e-02
7.853981633974488341e-02
7.853981633974488341e-02
7.853981633974488341e-02
7.853981633974488341e-02
7.853981633974488341e-02
7.853981633974488341e-02
7.853981633974488341e-02
7.853981633974488341e-02
7.853981633974488341e-02
7.853981633974488341e-02
7.853981633974488341e-02
7.853981633974488341e-02
7.853981633974488341e-02
7.853981633974488341e-02
7.853981633974488341e-02
7.853981633974488341e-02
7.853981633974488341e-02
7.853981633974488341e-02
7.853981633974488341e-02
7.853981633974488341e-02
7.853981633974488341e-02
7.853981633974488341e-02
7.853981633974488341e-02
7.853981633974488341e-02
7.853981633974488341e-02
1.256637061435917913e-01
1.256637061435917913e-01
1.256637061435917913e-01
1.256637061435917913e-01
1.256637061435917913e-01
1.256637061435917913e-01
1.256637061435917913e-01
1.256637061435917913e-01
1.256637061435917913e-01
1.256637061435917913e-01
1.256637061435917913e-01
1.256637061435917913e-01
1.256637061435917913e-01
1.256637061435917913e-01
1.256637061435917913e-01
1.256637061435917913e-01
1.256637061435917913e-01
1.256637061435917913e-01
1.256637061435917913e-01
1.256637061435917913e-01
1.256637061435917913e-01
1.256637061435917913e-01
1.256637061435917913e-01
1.256637061435917913e-01
1.256637061435917913e-01
1.256637061435917913e-01
1.256637061435917913e-01
1.256637061435917913e-01
1.256637061435917913e-01
1.256637061435917913e-01
1.256637061435917913e-01
1.256637061435917913e-01
1.256637061435917913e-01
1.727875959474386991e-01
1.727875959474386991e-01
1.727875959474386991e-01
1.727875959474386991e-01
1.727875959474386991e-01
1.727875959474386991e-01
1.727875959474386991e-01
1.727875959474386991e-01
1.727875959474386991e-01
1.727875959474386991e-01
1.727875959474386991e-01
1.727875959474386991e-01
1.727875959474386991e-01
1.727875959474386991e-01
1.727875959474386991e-01
1.727875959474386991e-01
1.727875959474386991e-01
1.727875959474386991e-01
1.727875959474386991e-01
1.727875959474386991e-01
1.727875959474386991e-01
1.727875959474386991e-01
1.727875959474386991e-01
1.727875959474386991e-01
1.727875959474386991e-01
1.727875959474386991e-01
2.199114857512855792e-01
2.199114857512855792e-01
2.199114857512855792e-01
2.199114857512855792e-01
2.199114857512855792e-01
2.199114857512855792e-01
2.199114857512855792e-01
2.199114857512855792e-01
2.199114857512855792e-01
2.199114857512855792e-01
2.199114857512855792e-01
2.199114857512855792e-01
2.199114857512855792e-01
2.199114857512855792e-01
2.199114857512855792e-01
2.199114857512855792e-01
2.199114857512855792e-01
2.199114857512855792e-01
2.670353755551325148e-01
2.670353755551325148e-01
2.670353755551325148e-01
2.670353755551325148e-01
2.670353755551325148e-01
2.670353755551325148e-01
2.670353755551325148e-01
2.670353755551325148e-01
2.670353755551325148e-01
2.670353755551325148e-01
2.670353755551325148e-01
2.670353755551325148e-01
2.670353755551325148e-01
2.670353755551325148e-01
2.670353755551325148e-01
3.141592653589793671e-01
3.141592653589793671e-01
3.141592653589793671e-01
3.141592653589793671e-01
3.141592653589793671e-01
3.141592653589793671e-01
3.141592653589793671e-01
3.141592653589793671e-01
3.141592653589793671e-01
3.141592653589793671e-01
3.141592653589793671e-01
3.141592653589793671e-01
3.141592653589793671e-01
3.141592653589793671e-01
3.141592653589793671e-01
3.612831551628262750e-01
3.612831551628262750e-01
3.612831551628262750e-01
3.612831551628262750e-01
3.612831551628262750e-01
3.612831551628262750e-01
3.612831551628262750e-01
3.612831551628262750e-01
3.612831551628262750e-01
