-5.930064474814029154e+02
-5.966211771963172623e+02
-6.021796009553988824e+02
-6.076130939288527770e+02
-6.194765745317928349e+02
-6.220620642413234691e+02
-6.244940694446171392e+02
-6.224344676580763007e+02
-6.201908313857783241e+02
-6.177658582744188607e+02
-6.173514873704347110e+02
-6.189677124516886124e+02
-6.226313272085575363e+02
-6.195368808695982352e+02
-6.251075154263905915e+02
-6.261143988911042015e+02
-6.291822283782560135e+02
-6.298823981945713513e+02
-6.241528081352399795e+02
-6.108257019117116897e+02
-6.148884564976456204e+02
-6.121392320482453897e+02
-6.092433549437338343e+02
-6.062026335553447325e+02
-6.074366315980827267e+02
-6.085130929537691600e+02
-6.050304416337573912e+02
-6.036032656887033454e+02
-5.998379699982236843e+02
-5.959366760032379489e+02
-6.201908313857783241e+02
-6.202657064467241526e+02
-6.180114320455380721e+02
-6.177571364611068248e+02
-6.194765745317928349e+02
-6.146041959000482393e+02
-6.117236904384188847e+02
-6.086922513095917111e+02
-6.034081590227708602e+02
-6.000886995631925629e+02
-5.945423577635773427e+02
-6.116024684825619033e+02
-6.077234811166546251e+02
-5.861266600810241698e+02
-5.898677989047178016e+02
-5.954683405831000300e+02
-5.989291627407062606e+02
-6.002144565469870940e+02
-6.094834717045050638e+02
-5.907046488344012687e+02
-5.933273952010642915e+02
-5.958037469111100108e+02
-6.002171803937307004e+02
-6.044982374276028168e+02
-6.086448314155112485e+02
-6.021281887268455648e+02
-6.017466891486718623e+02
-6.033220608963064251e+02
-6.068704967669871166e+02
-6.081522769114720859e+02
-6.114143682339899897e+02
-5.803922690455325437e+02
-6.068228224851077357e+02
-5.903854873695919423e+02
-5.866142284206758859e+02
-5.848341373069658857e+02
-5.871937177273160842e+02
-5.894094744768962073e+02
-5.914798032581724101e+02
-5.869763868941710143e+02
-5.844733005797246506e+02
-5.704989211391681465e+02
-5.718570886183923676e+02
-5.730678224910917606e+02
-5.720033653468041166e+02
-5.707977749311872913e+02
-5.694513487056366330e+02
-5.954125134734226776e+02
-5.916014721407119623e+02
-5.897558538888230260e+02
-5.877647222046933848e+02
-5.877126558021946039e+02
-5.854238906931462907e+02
-5.829906809989552130e+02
-5.804136270777044047e+02
-5.715476906854953540e+02
-5.666769402469979013e+02
-5.637149287839946510e+02
-5.646470221124503723e+02
-5.653941819677919511e+02
-5.639614428717403598e+02
-5.702853989977533047e+02
-5.527678801168643759e+02
-5.543778335747836081e+02
-5.577570987359359833e+02
-5.454693686358598370e+02
-5.465347850560606275e+02
-5.494065243264009268e+02
-5.541146439926593530e+02
-5.507802067081873929e+02
-5.512356668956521162e+02
-5.515380155524580914e+02
-5.536943009148740202e+02
-5.577274269084769003e+02
-5.636573577694961159e+02
-5.694745010779361110e+02
-5.711105805384829637e+02
-5.705680041370748086e+02
-5.719170706130370263e+02
-5.731250251096043939e+02
-5.762422537591585296e+02
-5.566305552769692895e+02
-5.573883583050959487e+02
-5.538904891951127638e+02
-5.543695231149259826e+02
-5.547117746501196507e+02
-5.507913812187787244e+02
-5.549856265547110752e+02
-5.569800484234840496e+02
-5.505875235374794556e+02
-5.708563490811691281e+02
-5.683039963488889725e+02
-5.635587091350416813e+02
-5.627925171435040284e+02
-5.598367803425277316e+02
-5.587968994818642159e+02
-5.596617048141861233e+02
-5.563038040336479071e+02
-5.548512045800919168e+02
-5.471819049503300221e+02
-5.454748623575769670e+02
-5.476601448343167249e+02
-5.456697458291511111e+02
-5.535363416957641221e+02
-5.432755850632238435e+02
-5.666299968292862559e+02
-5.639743351669060303e+02
-5.611795212762523306e+02
-5.621500646290909344e+02
-5.532340571573668058e+02
-5.481073219411964601e+02
-5.409499967753944247e+02
-5.622983608085344258e+02
-5.401380651045967625e+02
-5.435856671727882485e+02
-5.450452521958197849e+02
-5.463483486053521574e+02
-5.531205066875486409e+02
-5.258694618069980606e+02
-5.303826465380542459e+02
-5.271707005369781882e+02
-5.448041009602992517e+02
-5.489975042309970377e+02
-5.453626279738414269e+02
-5.299449556306583418e+02
-5.317402151148323810e+02
-5.392444684566964952e+02
-5.368890504966894923e+02
-5.343797550627693909e+02
-5.336811938476838577e+02
-5.367745970992716593e+02
-5.377734960382805411e+02
-5.366666681927226819e+02
-5.354215668241241701e+02
-5.360173974168933455e+02
-5.364809737374505403e+02
-5.348313246473220488e+02
-5.211582172621974678e+02
-5.212225191908926263e+02
-5.251213976216058654e+02
-5.288887543734629162e+02
-5.166846278430796247e+02
-5.201940056112285902e+02
-5.235672147911177490e+02
-5.248284328649419876e+02
-5.239844320372990296e+02
-5.230111458915980620e+02
-5.238708777843073676e+02
-5.206777100611599280e+02
-5.212704599367858691e+02
-5.217238900591864876e+02
-5.200962687984491595e+02
-5.202744272432374828e+02
-5.145294051908681467e+02
-5.144452137549202462e+02
-5.142186075730544417e+02
-5.157518405975490623e+02
-5.152288566369669525e+02
-5.164452779036467973e+02
-5.137458265504687915e+02
-5.146489563654511130e+02
-5.135290301300750571e+02
-5.122603914374071792e+02
-5.108424412345169685e+02
-4.896004710237447171e+02
-4.944915421325183615e+02
-4.975057644545721018e+02
-5.003972346735852170e+02
-5.013682206505380350e+02
-5.040026345021560701e+02
-5.046972355633814686e+02
-5.034257584468729760e+02
-5.001646688785331776e+02
-5.022521902758251713e+02
-5.005218999003771501e+02
-4.986402539779550125e+02
-4.928896212546358129e+02
-4.944321003587527912e+02
-4.958525857404525823e+02
-4.990267673951515803e+02
-5.002066798291106693e+02
-4.993787257279603296e+02
-4.965321239507217115e+02
-5.011138980281288582e+02
-5.036896903260714566e+02
-5.061458863652043192e+02
-5.027889942968944865e+02
-5.030994015216815569e+02
-5.013864852651162209e+02
-5.014483477033478493e+02
-4.956889115689218102e+02
-5.068963781369395747e+02
-5.046863112565054621e+02
-5.023545314111578364e+02
-4.999025497973039478e+02
-5.011138980281288582e+02
-4.984200787946408013e+02
-4.974942777063454287e+02
-4.983262035891515893e+02
-5.009028078740806791e+02
-4.995948694064182973e+02
-4.962978818695405607e+02
-4.966095429244821275e+02
-4.967865727364012969e+02
-4.986749556203019438e+02
-4.985726870503613100e+02
-4.983325638643261186e+02
-4.961297329621357903e+02
-4.919890317902028301e+02
-4.913574071132130712e+02
-4.959771645145107186e+02
-5.003972346735852170e+02
-4.992825707561955255e+02
-4.944915421325183615e+02
-4.966198326154829488e+02
-4.781530849568891313e+02
-4.773130432794481521e+02
-4.795606312829273179e+02
-4.834414944941897261e+02
-4.819413984826665001e+02
-4.838255898779767108e+02
-4.873626323024494127e+02
-4.602194504011781646e+02
-4.651194862902576688e+02
-4.681307727603935405e+02
-4.764290152279567678e+02
-4.638837981535778567e+02
-4.646309926991286829e+02
-4.634531825054917249e+02
-4.875298468352116856e+02
-4.828075377347311701e+02
-4.648862717332958709e+02
-4.666446578358750799e+02
-4.701020762153961527e+02
-4.734399201135835256e+02
-4.766555751585898406e+02
-4.779360944587883182e+02
-4.772863115664200677e+02
-4.765187654184613280e+02
-4.684270750106594505e+02
-4.638440978445768224e+02
-4.627499592803890209e+02
-4.615416440880249525e+02
-4.620032467205625721e+02
-4.623401672765605213e+02
-4.625514437488702129e+02
-4.608703611611384190e+02
-4.608344759213817952e+02
-4.606706994636663239e+02
-4.603782060316102047e+02
-4.582205215482701988e+02
-4.559497780077389280e+02
-4.570026458008103987e+02
-4.561971937663721519e+02
-4.586573192776135670e+02
-4.592553443242417757e+02
-4.580203234850201852e+02
-4.383146416042291662e+02
-4.411123234610350892e+02
-4.438011674525322405e+02
-4.431222582478189338e+02
-4.422971645434944321e+02
-4.446211925309343087e+02
-4.468355168921269751e+02
-4.506023305026167804e+02
-4.492627746936827862e+02
-4.494607560979502523e+02
-4.478506634040035692e+02
-4.461046741424791549e+02
-4.459203986252301775e+02
-4.473158893544284638e+02
-4.468953043128901186e+02
-4.480652754141206628e+02
-4.474104767272591516e+02
-4.466376219992466190e+02
-4.457477487282425841e+02
-4.430181190563457676e+02
-4.436212488503413738e+02
-4.441149217392303399e+02
-4.427694477612968740e+02
-4.395815287926174051e+02
-4.362817325371088373e+02
-4.380670524986589385e+02
-4.397442859699430073e+02
-4.447734366130026160e+02
-4.427694477612968740e+02
-4.406587744883414075e+02
-4.401689434118172812e+02
-4.361228954134454625e+02
-4.337005122761278813e+02
-4.346127629454206840e+02
-4.336967456398335798e+02
-4.360940657656518056e+02
-4.383667679710410994e+02
-4.354101432499380735e+02
-4.374428245068797878e+02
-4.359659315483318665e+02
-4.343814705196726322e+02
-4.310127399894523137e+02
-4.292213126255630300e+02
-4.306494597792536183e+02
-4.298004861132365590e+02
-4.488497151293239540e+02
-4.447513841972594832e+02
-4.421814551625594731e+02
-4.362826264888339551e+02
-4.351152646582128796e+02
-4.121256274827505877e+02
-4.147561496722747165e+02
-4.157445423865648877e+02
-4.197095656375263957e+02
-4.204739263934896485e+02
-4.242487789336437345e+02
-4.188851185419161993e+02
-4.207449810381279462e+02
-4.112422505893870834e+02
-4.126353887687760675e+02
-4.139267153403822590e+02
-4.151159116886965421e+02
-4.178284761332414519e+02
-4.188164011233681663e+02
-4.197009894334020146e+02
-4.188459059841632666e+02
-4.178818041815841298e+02
-4.151687467395854014e+02
-4.156307569681542873e+02
-4.159902165266578322e+02
-4.162470367238285576e+02
-4.180470085575254870e+02
-4.197446457772110193e+02
-4.213387172863249361e+02
-4.211827723371545744e+02
-4.176344466315061936e+02
-4.172735662842339366e+02
-4.135277635508913932e+02
-4.129655476618007697e+02
-4.123014387031606702e+02
-4.131686783138159740e+02
-4.155571295192952448e+02
-4.145768926613874328e+02
-4.167374582187305236e+02
-4.171605178039790189e+02
-4.158591027435321053e+02
-4.160614957134814631e+02
-4.145493747476471640e+02
-4.129349699266294920e+02
-4.112186795806608757e+02
-4.125623242997740476e+02
-4.137753220150650009e+02
-4.148558170384338837e+02
-4.142446830395120401e+02
-4.150633342836053998e+02
-4.142047477851331791e+02
-4.132256841753290928e+02
-4.075633511637533957e+02
-3.861839370202593500e+02
-3.886488781639937429e+02
-3.910179260125190694e+02
-3.918229941878368550e+02
-3.939904080142991916e+02
-3.990273567498278453e+02
-4.025053730855676122e+02
-4.073962649415251462e+02
-3.956652414019391699e+02
-3.837202307286526661e+02
-3.837038021922761004e+02
-3.835812621881636346e+02
-3.879353037571992218e+02
-3.876172483774993793e+02
-3.887308585873045104e+02
-3.882080471508435835e+02
-3.829493346233498414e+02
-3.822107556061727109e+02
-3.813717307585785647e+02
-3.819860201090243663e+02
-3.856158654916560522e+02
-3.891582545668460398e+02
-3.894948192989534732e+02
-3.881763408844847731e+02
-3.852010283764898304e+02
-3.852485555347299737e+02
-3.820819917094736979e+02
-3.922715206033807931e+02
-3.933903789088265057e+02
-3.913027523068054734e+02
-3.906734802892756306e+02
-3.884004034702402919e+02
-3.922142378803663405e+02
-3.912890633980724715e+02
-3.918038298014334373e+02
-3.906814163488630243e+02
-3.894626081027000168e+02
-3.881477057856417900e+02
-3.867370338301597030e+02
-3.852309402984505482e+02
-3.866386579479025158e+02
-3.834317787684942118e+02
-3.968540144604670559e+02
-3.915492429264115799e+02
-3.905068915391428277e+02
-3.686713697700275247e+02
-3.682863429896344769e+02
-3.565592429283886418e+02
-3.579532419904305698e+02
-3.578218857603959577e+02
-3.644968872206194987e+02
-3.640935017563755309e+02
-3.635923285734568822e+02
-3.702832484024629025e+02
-3.710653291234175413e+02
-3.717558550267806936e+02
-3.650248396778304141e+02
-3.581819936030508984e+02
-3.600501801106098014e+02
-3.603615706335965001e+02
-3.591122757094751137e+02
-3.577729222061525434e+02
-3.592895634202456563e+02
-3.592452387584412463e+02
-3.591122757094751137e+02
-3.603615706335965001e+02
-3.615197726824898155e+02
-3.640538295637566648e+02
-3.606269500431577626e+02
-3.585834034707136198e+02
-3.579173450206193365e+02
-3.586207838858499031e+02
-3.577748513162815698e+02
-3.568406431556509233e+02
-3.572648061249722673e+02
-3.561502476291053085e+02
-3.563848500746112791e+02
-3.550896160545071325e+02
-3.551330059566751061e+02
-3.550772682084646590e+02
-3.549217142196883401e+02
-3.546656830400291938e+02
-3.501072546390014963e+02
-3.538496855122317015e+02
-3.546739836937114205e+02
-3.526245533806560957e+02
-3.504881182354885709e+02
-3.469047944330517339e+02
-3.389566927801527072e+02
-3.411201910976244562e+02
-3.431995231122337486e+02
-3.464967953111648171e+02
-3.510331323116814701e+02
-3.383938352454159144e+02
-3.400791208900249671e+02
-3.416804971002674165e+02
-3.431975687605254848e+02
-3.406070437168914395e+02
-3.405924610215845405e+02
-3.418348148459735967e+02
-3.416371231750412676e+02
-3.399863724269551994e+02
-3.382354357413362322e+02
-3.377535123754631172e+02
-3.385521059477987365e+02
-3.392671668538556560e+02
-3.398985186630549151e+02
-3.376893577801711785e+02
-3.381490918272261297e+02
-3.357619200526800114e+02
-3.360523047980843785e+02
-3.390273438193659103e+02
-3.391528703256042263e+02
-3.378102477076331525e+02
-3.363842754658033982e+02
-3.348759885889247130e+02
-3.360523047980843785e+02
-3.357619200526800114e+02
-3.340084907028111161e+02
-3.335543860522507202e+02
-3.343940892110216510e+02
-3.323994104398099694e+02
-3.344401370496472623e+02
-3.322838198673584316e+02
-3.327800254874437087e+02
-3.345465904681238953e+02
-3.321472030868456500e+02
-3.323769345933181967e+02
-3.352075999777650281e+02
-3.339021806515983144e+02
-3.338497750588769577e+02
-3.323740244166025946e+02
-3.308162654572226984e+02
-3.265434674741756567e+02
-3.274562801414938917e+02
-3.308222230644886395e+02
-3.274449560442230336e+02
-3.136251851962333603e+02
-3.156269971531634724e+02
-3.151268799486919079e+02
-3.157393056143721424e+02
-3.162600396849358617e+02
-3.166895569157802015e+02
-3.157899657990067226e+02
-3.172769684039898266e+02
-3.137409568629882983e+02
-3.149675541487554256e+02
-3.161164379034970580e+02
-3.159185753587083809e+02
-3.169072303842551150e+02
-3.165413170144052515e+02
-3.160903037827515618e+02
-3.155549326480335139e+02
-3.149359679540895627e+02
-3.142341960852681950e+02
-3.121605056711308634e+02
-3.125854844550235043e+02
-3.129333374479439271e+02
-3.157924414572667047e+02
-3.146923721396186693e+02
-3.161043983346764890e+02
-3.148477304886012007e+02
-3.135133786761955434e+02
-3.121023114635724482e+02
-3.093212848700276254e+02
-3.103471115186220572e+02
-3.100021333438249940e+02
-3.082907473363647455e+02
-3.077949707556520593e+02
-3.085087033019652836e+02
-3.091412145047808053e+02
-3.109714324664316791e+02
-3.088830593447019055e+02
-3.105436313805552118e+02
-3.095748288655616420e+02
-3.123230406486550805e+02
-3.124478137155654167e+02
-3.112310292080844079e+02
-3.099374531011961835e+02
-3.085674045654488964e+02
-3.083596136625594681e+02
-3.068315162335769060e+02
-3.089051550411001017e+02
-3.108630229021810578e+02
-3.114908005646685183e+02
-3.083988979817169707e+02
-3.040488436635239395e+02
-2.886138004487731905e+02
-2.949417758065790167e+02
-2.967396227030261571e+02
-2.927900281853524120e+02
-2.921273846110353247e+02
-2.936623531167330157e+02
-2.939720333277173836e+02
-2.953562989051383170e+02
-2.943408843256268028e+02
-2.932328488050914643e+02
-2.932064421081070122e+02
-2.930988456727653215e+02
-2.905484830676664387e+02
-2.961968936642161339e+02
-2.970478565310073122e+02
-2.990168293931581047e+02
-2.830061689143172430e+02
-2.848005513981754007e+02
-2.853305447513596960e+02
-2.869909359573380812e+02
-2.897865159614943877e+02
-2.889052259139265857e+02
-2.867454607801930706e+02
-2.869224890439591604e+02
-2.822047113175918867e+02
-2.846518341876039244e+02
-2.846167173972294222e+02
-2.857169323673038548e+02
-2.879502736406140571e+02
-2.925165412378506744e+02
-2.837743475805505113e+02
-2.929949304334330122e+02
-2.889271482566289251e+02
-2.883904743149591354e+02
-2.877826443390314353e+02
-2.871038083017972440e+02
-2.875423251220150860e+02
-2.855338054923043387e+02
-2.870052088839144062e+02
-2.872133266833523635e+02
-2.873423132659448811e+02
-2.862232986344517940e+02
-2.885238708014049394e+02
-2.860902189394868742e+02
-2.870550443082416905e+02
-2.844854045818350983e+02
-2.841395264380773256e+02
-2.848461126919513617e+02
-2.865850348538731964e+02
-2.859701628542875937e+02
-2.841564444572863408e+02
-2.702841862828215653e+02
-2.727657260498371556e+02
-2.730575363513912066e+02
-2.679133974894982657e+02
-2.701793527779402666e+02
-2.702260874142497755e+02
-2.701974293327409669e+02
-2.700939200409901559e+02
-2.731944549942091385e+02
-2.751456041551466569e+02
-2.583465360450713320e+02
-2.684739770037479616e+02
-2.668266954353555320e+02
-2.684324657999376313e+02
-2.699758514934156324e+02
-2.703433996199839839e+02
-2.695304822346475930e+02
-2.697635865141625118e+02
-2.655667665940941333e+02
-2.622516396768754703e+02
-2.622192863429081058e+02
-2.621222343237070049e+02
-2.608457820012976640e+02
-2.606203836483782652e+02
-2.625557296720832028e+02
-2.621987693516300055e+02
-2.606678903429146885e+02
-2.579693777445553451e+02
-2.585304963739795312e+02
-2.601251118610658750e+02
-2.605452299688591893e+02
-2.597988373895209406e+02
-2.600811211544871071e+02
-2.581139477811075835e+02
-2.593461269498999400e+02
-2.572552352183657831e+02
-2.561859998452182481e+02
-2.561252079999603666e+02
-2.549248093280566820e+02
-2.526001665364250641e+02
-2.660609958721524322e+02
-2.656473347781587790e+02
-2.651562538358037955e+02
-2.625121626092378619e+02
-2.639402727652658314e+02
-2.443574824373307877e+02
-2.449640040383192456e+02
-2.454982290046876017e+02
-2.488541502271517061e+02
-2.492608290034558252e+02
-2.486205919428431912e+02
-2.478991077188516954e+02
-2.480819712595243516e+02
-2.491834626563491781e+02
-2.373151180603484249e+02
-2.382429219486098191e+02
-2.391119429607857967e+02
-2.399219666789449263e+02
-2.406727932418555156e+02
-2.423741296009686721e+02
-2.440212007380692114e+02
-2.425683107476003499e+02
-2.430806428613773278e+02
-2.425140319430528280e+02
-2.429046581356653860e+02
-2.452793457867664699e+02
-2.363440876093440011e+02
-2.385965294108634112e+02
-2.387438319321563256e+02
-2.388322279853205714e+02
-2.388616957599528234e+02
-2.388322279853205714e+02
-2.397684835713500888e+02
-2.385965294108634112e+02
-2.383903567661348575e+02
-2.350593730456511992e+02
-2.418840503283726662e+02
-2.404760989015145469e+02
-2.410464952223699697e+02
-2.415533805771082996e+02
-2.399710563274788342e+02
-2.403543451876272741e+02
-2.406727932418555156e+02
-2.399219666789449263e+02
-2.381114745801967274e+02
-2.362492573297930107e+02
-2.363221677755770997e+02
-2.363287602177279894e+02
-2.362685440566898762e+02
-2.361410472736887982e+02
-2.359458166673256869e+02
-2.366523045791565210e+02
-2.353504366489341635e+02
-2.320725446059937553e+02
-2.178991778132636910e+02
-2.179659708714160615e+02
-2.197801335170937875e+02
-2.206393828734197200e+02
-2.205328997891841141e+02
-2.203656044100228257e+02
-2.192207468524511853e+02
-2.198505600584369120e+02
-2.195038433722369291e+02
-2.200228442175194914e+02
-2.214139760280045266e+02
-2.208978692133674997e+02
-2.203240401643369637e+02
-2.196930888439641194e+02
-2.199375688415287584e+02
-2.182622928524784243e+02
-2.165304002293547967e+02
-2.166105716524883462e+02
-2.185048605691274588e+02
-2.184779041667339357e+02
-2.174637209199985648e+02
-2.182622928524784243e+02
-2.171417522884584628e+02
-2.159694771686427259e+02
-2.156758536629796481e+02
-2.153290153676523744e+02
-2.140026295500797175e+02
-2.135515840934748155e+02
-2.130478479789358346e+02
-2.124915454958114083e+02
-2.128000555220446586e+02
-2.112218033971588227e+02
-2.086860911228230009e+02
-2.179154398749824395e+02
-2.152579085476062630e+02
-2.161645992113217289e+02
-2.161057689423726345e+02
-2.159854337709920173e+02
-2.149151029902422749e+02
-2.155586190503153432e+02
-2.143727913706581774e+02
-2.157545712781861766e+02
-2.153155939724251766e+02
-2.148126920516166081e+02
-1.936727488662535563e+02
-1.956916932253696757e+02
-1.968845513830978859e+02
-1.972367158989238476e+02
-1.983277534119505106e+02
-1.993698565194646051e+02
-2.003627680981177264e+02
-1.996893255460773844e+02
-1.989518553652781350e+02
-1.981513391872575198e+02
-1.981074032764130379e+02
-1.988300249379789193e+02
-1.970304032875441465e+02
-1.984739772584632647e+02
-1.998735365264575137e+02
-2.003968050848422138e+02
-1.925357478700007618e+02
-1.929424054683484258e+02
-1.933014574152059311e+02
-1.936128151198780074e+02
-1.938764017595100029e+02
-1.949323780655667235e+02
-1.951009659416628494e+02
-1.952214155737712815e+02
-1.961354804205180926e+02
-1.936340190356012272e+02
-1.936101308872067079e+02
-1.935384723360663486e+02
-1.942600135022591417e+02
-1.949323780655667235e+02
-1.947156935420187267e+02
-1.919365136902686686e+02
-1.924646545692526445e+02
-1.946129024853904070e+02
-1.942027240420353849e+02
-1.937446289824408154e+02
-1.932387303347078671e+02
-1.935121278270016774e+02
-1.945572183090393708e+02
-1.930787432248968969e+02
-1.940142751095449967e+02
-1.932587135283128816e+02
-1.916434198620638369e+02
-1.932216550830465280e+02
-1.931207403355351744e+02
-1.905623528178014965e+02
-1.895662863937518807e+02
-1.925606261337637477e+02
-1.928949466619714315e+02
-1.710403481849598961e+02
-1.728289582750628881e+02
-1.738824543605234680e+02
-1.748930475522296035e+02
-1.744422587554537927e+02
-1.760716976254810220e+02
-1.755157965530687250e+02
-1.727434494820955706e+02
-1.727874754332175087e+02
-1.742346105771644034e+02
-1.734581641582418570e+02
-1.726279260947398768e+02
-1.732127263051429793e+02
-1.744910379725373275e+02
-1.749923443571708503e+02
-1.747101766406540833e+02
-1.751232661244778228e+02
-1.747495315350025749e+02
-1.743297290093496770e+02
-1.738643294207084864e+02
-1.733538155301779966e+02
-1.727986817768714332e+02
-1.714507408734175158e+02
-1.715565895480422114e+02
-1.708706764099804047e+02
-1.701422336438379261e+02
-1.708706764099804047e+02
-1.700582787222951140e+02
-1.692046612986565890e+02
-1.690584505695798612e+02
-1.681233124753881611e+02
-1.686409375497000553e+02
-1.698597359578278940e+02
-1.710314563959599639e+02
-1.714130274353999255e+02
-1.710086898474198733e+02
-1.713005227462600715e+02
-1.715460415510599148e+02
-1.710108696148233491e+02
-1.718964518316265639e+02
-1.705429008950781053e+02
-1.706047228568068306e+02
-1.698956348401929688e+02
-1.691446276178852486e+02
-1.690682774960172310e+02
-1.675176070525831449e+02
-1.673511100255573183e+02
-1.720721919465485144e+02
-1.731813154316503756e+02
-1.714351763534897941e+02
-1.710403481849598961e+02
-1.504753561161231232e+02
-1.514358126780159353e+02
-1.548163064081310836e+02
-1.501547995512285354e+02
-1.509853980446415846e+02
-1.524033470316072112e+02
-1.537900682508386865e+02
-1.545142401906624059e+02
-1.552002880537652629e+02
-1.552119281086409615e+02
-1.507099312765141974e+02
-1.499778031344078784e+02
-1.504858730209722637e+02
-1.516019273546249337e+02
-1.513905061845663056e+02
-1.504895227846180319e+02
-1.501951488474849157e+02
-1.498608095039587909e+02
-1.507924709572142490e+02
-1.510353578876434710e+02
-1.512409791035044577e+02
-1.527201867614956541e+02
-1.515402306629642055e+02
-1.490080938863770257e+02
-1.484065984855322426e+02
-1.477681619119766481e+02
-1.484065984855322426e+02
-1.490080938863770257e+02
-1.495721757192893620e+02
-1.494429295348541018e+02
-1.492768105437187103e+02
-1.490738597332584732e+02
-1.488341271785491529e+02
-1.485576720300113323e+02
-1.482445624988162649e+02
-1.485435375761962291e+02
-1.488026342839754363e+02
-1.490214690166738762e+02
-1.491996689780579572e+02
-1.506187339170335520e+02
-1.500713298728001632e+02
-1.501230124329478031e+02
-1.488655824189177110e+02
-1.482075365094108861e+02
-1.481406371722364668e+02
-1.480311198626676514e+02
-1.472573635250208213e+02
-1.470651946221909157e+02
-1.480584517633317319e+02
-1.471614147395235648e+02
-1.474415787750722302e+02
-1.270515459497320450e+02
-1.283865192424860311e+02
-1.286418911601242598e+02
-1.293895492251816961e+02
-1.295720639847575626e+02
-1.297168736750286939e+02
-1.303628960380233934e+02
-1.304355270537475633e+02
-1.310146647079695867e+02
-1.315614764540894157e+02
-1.298836974595615459e+02
-1.292574015841637163e+02
-1.291433835350776747e+02
-1.306547766545751585e+02
-1.310301430600986237e+02
-1.302598477067861609e+02
-1.305678376263592497e+02
-1.274886474784002530e+02
-1.277258946868002738e+02
-1.273705238127588046e+02
-1.281057949821902753e+02
-1.282483543344669670e+02
-1.283592703243329538e+02
-1.284385155849273872e+02
-1.279225351664589141e+02
-1.285019235270753768e+02
-1.279225351664589141e+02
-1.278751887621864682e+02
-1.289222495801414254e+02
-1.282483543344669670e+02
-1.286676625040419992e+02
-1.279316274418899013e+02
-1.271656933943143031e+02
-1.269294867438458709e+02
-1.266619621418100508e+02
-1.269198516117403557e+02
-1.271436557659431372e+02
-1.267794231097360722e+02
-1.258320147264859514e+02
-1.259572126075467651e+02
-1.254994376297029106e+02
-1.244647993009642732e+02
-1.244911129382781496e+02
-1.244820382670619807e+02
-1.249759995075265664e+02
-1.243566722834985683e+02
-1.295720639847575626e+02
-1.288592641873735829e+02
-1.281146702947139318e+02
-1.273384660241800077e+02
-1.265308428925609974e+02
-1.059842263163577769e+02
-1.066607041679478129e+02
-1.077506637141875956e+02
-1.083769033629885428e+02
-1.085316009891648434e+02
-1.086547359433517101e+02
-1.087464979168073853e+02
-1.092585671501534677e+02
-1.101971647415829949e+02
-1.083801962694785601e+02
-1.083467586597166274e+02
-1.087419670844049335e+02
-1.081895826503214693e+02
-1.076045138902113223e+02
-1.074505089863235838e+02
-1.058743691523385735e+02
-1.061247013845202218e+02
-1.063488489346132724e+02
-1.065467564975636634e+02
-1.062503121933317800e+02
-1.063949625499393790e+02
-1.060441396845485116e+02
-1.061358522900133892e+02
-1.066712950614602562e+02
-1.071808822106506938e+02
-1.067239568917165826e+02
-1.071808822106506938e+02
-1.066712950614602562e+02
-1.070751076200135117e+02
-1.065133615415597887e+02
-1.063949625499393790e+02
-1.062503121933317800e+02
-1.060794461620480291e+02
-1.054159642948359590e+02
-1.051937829513226887e+02
-1.049456466159145549e+02
-1.046716165125393445e+02
-1.048335822020513746e+02
-1.054272954337175321e+02
-1.064478327577297279e+02
-1.074324400212379942e+02
-1.065586803657898542e+02
-1.065692745443292466e+02
-1.060981953730829161e+02
-1.060503037535807636e+02
-1.059719029570961055e+02
-1.063075927721737628e+02
-1.066074845325723857e+02
-1.059914692045682187e+02
-1.053493020675222311e+02
-1.051155031498302463e+02
-8.416251268968238719e+01
-8.504970533835431468e+01
-8.556813426680352563e+01
-8.571127172970543029e+01
-8.618539345861441348e+01
-8.663825023130721092e+01
-8.742952258616855943e+01
-8.711824076369549630e+01
-8.714195687992683759e+01
-8.750565849842902821e+01
-8.711570466002976332e+01
-8.780083766748744267e+01
-8.809827475952164377e+01
-8.652514699329458381e+01
-8.529041894926284328e+01
-8.477011164180687786e+01
-8.422518874211075968e+01
-8.477654697256006955e+01
-8.493431003229008525e+01
-8.507111682191897728e+01
-8.518693358641850466e+01
-8.490604130149833395e+01
-8.497947255654584353e+01
-8.465568889212792669e+01
-8.468703306850059676e+01
-8.507391523993693738e+01
-8.543980669577615572e+01
-8.503193639831515327e+01
-8.535548792184029310e+01
-8.528173174973504445e+01
-8.518693358641850466e+01
-8.469635419274752053e+01
-8.456015007620069923e+01
-8.515001193719690775e+01
-8.459786656840327623e+01
-8.477011164180687786e+01
-8.417793522383767879e+01
-8.393678789520457428e+01
-8.404354244841395882e+01
-8.375979492965328177e+01
-8.308934856229730315e+01
-8.240116175268734366e+01
-8.568959093192805199e+01
-8.567229485890388219e+01
-8.491097666804847677e+01
-8.449019444044834870e+01
-8.440470351112239200e+01
-8.429455649450369492e+01
-8.345534082811701637e+01
-8.294971261395050988e+01
-8.277139677745623203e+01
-6.316280028893491760e+01
-6.330328759959258633e+01
-6.342488870862227657e+01
-6.379350991856193787e+01
-6.334456114656082804e+01
-6.367740192592383153e+01
-6.399453125918704188e+01
-6.402458030492039143e+01
-6.403635622982805842e+01
-6.430362273654495198e+01
-6.455502328654736743e+01
-6.534190432583488928e+01
-6.556325877445935646e+01
-6.271589300517184284e+01
-6.345267589732278424e+01
-6.333976508631585034e+01
-6.404890644168362712e+01
-6.418418508348658236e+01
-6.402282537236050075e+01
-6.412594927127524613e+01
-6.393161398572807030e+01
-6.428470917336022694e+01
-6.405811168031728187e+01
-6.438002782867808094e+01
-6.412139175250756296e+01
-6.356428733804999354e+01
-6.355644556966608860e+01
-6.325055365624513826e+01
-6.321152870656860046e+01
-6.315690725803811034e+01
-6.308670278767880291e+01
-6.243842429045221820e+01
-6.261881604401926182e+01
-6.278278366244975928e+01
-6.293014825056252448e+01
-6.333976508631585034e+01
-6.289607347717083030e+01
-6.243838905382153115e+01
-6.279687654768892457e+01
-6.230915771155562766e+01
-6.235740547253724486e+01
-6.238819567630744700e+01
-6.212889029957786136e+01
-6.131167435979665470e+01
-6.075430182834212189e+01
-6.099059171807894586e+01
-6.485673508387129971e+01
-6.395342944786079187e+01
-6.356595684274441993e+01
-6.342380359591398786e+01
-4.230210646141369324e+01
-4.274730691859616627e+01
-4.300787737479858919e+01
-4.308055006653390251e+01
-4.331885506968806965e+01
-4.354647179354773101e+01
-4.412353620941392762e+01
-4.433130662769956132e+01
-4.180192637006624068e+01
-4.161138162336091284e+01
-4.159084531989109479e+01
-4.174255315742735917e+01
-4.225298333307775067e+01
-4.220012415475517287e+01
-4.250698358716514491e+01
-4.224605485652211456e+01
-4.215939657277905894e+01
-4.206150204820406913e+01
-4.232706337093470950e+01
-4.258283067748475759e+01
-4.264080341672387675e+01
-4.212409321309261401e+01
-4.216052436669441761e+01
-4.218655304177019616e+01
-4.220217281613386717e+01
-4.201895403300125054e+01
-4.220217281613386717e+01
-4.199822021569087127e+01
-4.216052436669441761e+01
-4.193603922553416652e+01
-4.188942362083447080e+01
-4.164488286520536064e+01
-4.157791180684736787e+01
-4.168762202999781152e+01
-4.197285057024463839e+01
-4.224605485652211456e+01
-4.287822361849409702e+01
-4.294047721010175422e+01
-4.299102671007474186e+01
-4.247810475491506566e+01
-4.195728448570510949e+01
-4.142887556360932422e+01
-4.107493634623899936e+01
-4.234092143217019100e+01
-4.214247948164432245e+01
-4.175443591727004389e+01
-4.171445303006998984e+01
-4.183954656667489758e+01
-4.142152124212159237e+01
-4.152094975289873702e+01
-4.125761000557631775e+01
-2.080866360164732853e+01
-2.094148147971235474e+01
-2.106913236057637206e+01
-2.128025246690672390e+01
-2.130880842957270360e+01
-2.133114780975179414e+01
-2.143738224265964121e+01
-2.126683580140455021e+01
-2.136126119053703221e+01
-2.145041600810615989e+01
-2.125937257662460667e+01
-2.115297985577877427e+01
-2.104007633381547748e+01
-2.092078079010410718e+01
-2.098088542988077876e+01
-2.094273452998808338e+01
-2.108555099818343237e+01
-2.094309418963907987e+01
-2.107573772788304112e+01
-2.120350601005527125e+01
-2.104447559540671975e+01
-2.097384131732922086e+01
-2.108611505170532396e+01
-2.100494044458554654e+01
-2.110694505820541167e+01
-2.092107117224581359e+01
-2.091849019161429268e+01
-2.081655532849060819e+01
-2.089784616731509459e+01
-2.097384131732922086e+01
-2.076262994011109342e+01
-2.064058107173521961e+01
-2.079472789151126477e+01
-2.084959823343533714e+01
-2.080565430351727940e+01
-2.094273452998808338e+01
-2.088804965364236921e+01
-2.073564113709433698e+01
-2.076323322416001105e+01
-2.069313246760967218e+01
-2.061792599026093242e+01
-2.062891071417869071e+01
-2.063406932022087759e+01
-2.063335558604356734e+01
-2.053665189632940269e+01
-2.025562775211724897e+01
-2.023891009838076727e+01
-2.030490756217349713e+01
-2.018757870532212806e+01
-1.997764760407705609e+01
-1.967681160657864581e+01
0.000000000000000000e+00
0.000000000000000000e+00
0.000000000000000000e+00
0.000000000000000000e+00
0.000000000000000000e+00
0.000000000000000000e+00
0.000000000000000000e+00
0.000000000000000000e+00
0.000000000000000000e+00
0.000000000000000000e+00
0.000000000000000000e+00
0.000000000000000000e+00
0.000000000000000000e+00
0.000000000000000000e+00
0.000000000000000000e+00
0.000000000000000000e+00
0.000000000000000000e+00
0.000000000000000000e+00
0.000000000000000000e+00
0.000000000000000000e+00
0.000000000000000000e+00
0.000000000000000000e+00
0.000000000000000000e+00
0.000000000000000000e+00
0.000000000000000000e+00
0.000000000000000000e+00
0.000000000000000000e+00
0.000000000000000000e+00
0.000000000000000000e+00
0.000000000000000000e+00
0.000000000000000000e+00
0.000000000000000000e+00
0.000000000000000000e+00
0.000000000000000000e+00
0.000000000000000000e+00
0.000000000000000000e+00
0.000000000000000000e+00
0.000000000000000000e+00
0.000000000000000000e+00
0.000000000000000000e+00
0.000000000000000000e+00
0.000000000000000000e+00
0.000000000000000000e+00
0.000000000000000000e+00
0.000000000000000000e+00
0.000000000000000000e+00
0.000000000000000000e+00
0.000000000000000000e+00
0.000000000000000000e+00
2.098279467781174290e+01
2.120434526397652419e+01
2.133359845715264314e+01
2.145758790413094630e+01
2.157628301237068413e+01
2.168965449562997350e+01
2.179767438119173661e+01
2.180981884314253705e+01
2.072496830401039603e+01
2.081146744616257394e+01
2.107610212337784361e+01
2.115297985577877427e+01
2.113235737036730200e+01
2.119849026961876248e+01
2.098088542988077876e+01
2.103581335012136222e+01
2.108555099818343237e+01
2.113008610204657245e+01
2.116940767334029871e+01
2.110968518700192931e+01
2.113842414717192852e+01
2.097384131732922086e+01
2.099198060951021105e+01
2.100494044458554654e+01
2.091849019161429268e+01
2.092107117224581359e+01
2.091849019161429268e+01
2.081655532849060819e+01
2.080371172511998168e+01
2.078573511717380384e+01
2.076262994011109342e+01
2.082822271784190349e+01
2.070105794605400718e+01
2.066260632102784456e+01
2.061905650707317861e+01
2.066349806958824331e+01
2.060954232492713700e+01
2.055050148408456323e+01
2.104007633381547748e+01
2.087707142287731443e+01
2.080119644350769903e+01
2.072018908017063055e+01
2.090676627158943646e+01
2.081434993328955940e+01
2.071679796559545039e+01
2.061413443799542833e+01
2.023891009838076727e+01
2.021623984356138592e+01
2.009942333979670437e+01
1.997764760407705609e+01
2.089572913972953572e+01
4.195394097613456807e+01
4.222172527615441595e+01
4.247909199723959262e+01
4.290326385226833139e+01
4.296232128310627729e+01
4.265045385540889100e+01
4.340315194477043548e+01
4.215997732348570537e+01
4.198367387602304746e+01
4.215889980261565739e+01
4.214050406861212394e+01
4.247810475491506566e+01
4.262200502157624982e+01
4.294047721010175422e+01
4.287822361849409702e+01
4.317658469917678588e+01
4.290558058291674115e+01
4.206150204820406913e+01
4.213977547991287054e+01
4.183247242766123719e+01
4.170157867186212286e+01
4.155993125041726444e+01
4.197230774005738851e+01
4.162155456353220728e+01
4.163696514448921704e+01
4.183052823016267752e+01
4.163696514448921704e+01
4.162155456353220728e+01
4.159587448678333033e+01
4.155993125041726444e+01
4.170157867186212286e+01
4.164488286520536064e+01
4.157791180684736787e+01
4.168762202999781152e+01
4.141321256264136963e+01
4.168773695092930609e+01
4.176450352450723358e+01
4.145977109940859151e+01
4.133042911183151347e+01
4.137477735868350948e+01
4.122440615407707298e+01
4.161138162336091284e+01
4.162017886410942680e+01
4.179808910611672701e+01
4.142209521700083030e+01
4.121682515438673988e+01
4.100138545690639802e+01
4.059854306681589975e+01
4.001142690196426344e+01
4.169614363371265853e+01
4.160577549085544291e+01
6.316280028893491760e+01
6.356595684274441993e+01
6.395342944786079187e+01
6.485673508387129971e+01
6.266812733235852306e+01
6.267388056536363194e+01
6.293546055066101275e+01
6.345621437954230970e+01
6.368767889986438036e+01
6.390342943839709733e+01
6.410341276192343685e+01
6.345267589732278424e+01
6.417685449274293319e+01
6.293014825056252448e+01
6.306306394665712389e+01
6.289961790968750677e+01
6.300093261739322514e+01
6.280506572166237333e+01
6.287495677920758652e+01
6.264714005740280811e+01
6.268581657002866336e+01
6.270902629540387352e+01
6.271676350687599211e+01
6.270902629540387352e+01
6.268581657002866336e+01
6.292933438198570428e+01
6.287495677920758652e+01
6.224179158962953551e+01
6.243842429045221820e+01
6.233801417835101688e+01
6.222222309403503004e+01
6.209107960722168684e+01
6.194461607560404559e+01
6.206116984694290295e+01
6.160587719977057475e+01
6.169032365698074472e+01
6.175774923623212231e+01
6.208270324578597865e+01
6.238819567630744700e+01
6.212889029957786136e+01
6.212554614333377145e+01
6.183437830529042856e+01
6.179663478043240588e+01
6.147362474138813582e+01
6.113544700528851905e+01
6.025364427319115634e+01
5.988858743861871403e+01
5.924775068424887081e+01
8.416251268968238719e+01
8.399970897615241938e+01
8.451173754746027100e+01
8.500291411210456261e+01
8.618539345861441348e+01
8.556422233587778692e+01
8.599035349009993467e+01
8.097297066833108659e+01
8.242176754893078794e+01
8.349498248391769550e+01
8.382141330733955442e+01
8.486189749451715159e+01
8.478076650497898470e+01
8.467631906608743009e+01
8.417793522383767879e+01
8.439831290653580709e+01
8.422518874211075968e+01
8.365615207864958336e+01
8.381183016402192720e+01
8.394682893440462124e+01
8.406111508087113293e+01
8.340327950855146355e+01
8.347541109536804527e+01
8.390319387975345933e+01
8.355787262758725831e+01
8.356818222684070463e+01
8.355787262758725831e+01
8.315069886737899196e+01
8.347541109536804527e+01
8.377896995678817404e+01
8.368584224568866148e+01
8.357206630523317870e+01
8.343767020793254119e+01
8.290922214937593537e+01
8.273447743694065082e+01
8.216752049490929721e+01
8.232379568146239990e+01
8.245772555343886268e+01
8.220048230700136571e+01
8.229032484316813623e+01
8.235728381725502345e+01
8.240116175268734366e+01
8.169558457493140224e+01
8.169594362072690785e+01
8.203263847591124147e+01
8.162612005263655135e+01
8.262401356363035632e+01
8.287784125930195955e+01
8.239894410877376174e+01
8.189971625174860037e+01
8.103250188717353808e+01
1.057864361009974061e+02
1.055516705771633639e+02
1.055247641260535119e+02
1.060503037535807636e+02
1.065496770555215562e+02
1.074762470936426695e+02
1.079248172935563872e+02
1.088039179789559370e+02
1.059890058923946867e+02
1.045065330281828864e+02
1.048335822020513746e+02
1.042084677669086403e+02
1.040169240794905221e+02
1.037974053015263678e+02
1.044830796550586456e+02
1.037428944844698862e+02
1.039099969467826270e+02
1.040514611721874161e+02
1.041672522565034029e+02
1.042573416300131584e+02
1.047916246639014872e+02
1.048304242674346796e+02
1.048433585323911785e+02
1.043603326787914654e+02
1.043217070645117843e+02
1.042573416300131584e+02
1.041672522565034029e+02
1.045201614477378058e+02
1.043780599960924462e+02
1.037428944844698862e+02
1.040166373351699889e+02
1.037974053015263678e+02
1.035525628112785199e+02
1.037453190212779361e+02
1.034481163579714007e+02
1.035857706226482264e+02
1.027772178350493846e+02
1.028608468288448989e+02
1.029156485584124283e+02
1.029413843470754699e+02
1.038407869608896448e+02
1.033541095903541276e+02
1.037362088018831088e+02
1.045283861985808898e+02
1.043957109945522177e+02
1.042322746949488277e+02
1.036007659336214317e+02
1.042467799833027300e+02
1.260101398353899640e+02
1.268144394150270102e+02
1.286418911601242598e+02
1.288592641873735829e+02
1.295720639847575626e+02
1.302528938141817036e+02
1.314402753441227674e+02
1.309767533070826175e+02
1.277528888231238824e+02
1.271942905137047148e+02
1.276915675446322211e+02
1.270572755997524155e+02
1.280395939322137622e+02
1.273330450447130886e+02
1.265884432953494922e+02
1.263631855958993953e+02
1.272199443538885077e+02
1.280478082129546351e+02
1.266054921018283466e+02
1.234427984088411279e+02
1.241727223292282929e+02
1.254358904236233911e+02
1.249813947894820814e+02
1.256218814712228351e+02
1.251048581804135722e+02
1.256838988883237107e+02
1.256683935776226377e+02
1.250585546484819162e+02
1.249813947894820814e+02
1.248733976414546731e+02
1.252964573729317124e+02
1.245650056671033212e+02
1.238044856393985071e+02
1.241336830710739321e+02
1.233140688693393088e+02
1.241365215325355251e+02
1.243675934129749407e+02
1.234576914998739881e+02
1.230725407193261560e+02
1.226570236309298139e+02
1.233073077147736143e+02
1.217353080882238174e+02
1.228602249958552903e+02
1.217759070003867237e+02
1.206664822831290849e+02
1.270367729792636311e+02
1.263727537629116853e+02
1.256775539605248468e+02
1.249513451022518353e+02
1.247183329784150061e+02
1.244480306638768639e+02
1.450145569022315613e+02
1.465507864625960792e+02
1.468297509188227536e+02
1.483010365938059749e+02
1.485000416982277329e+02
1.499049315064988832e+02
1.500237808651038733e+02
1.494688772456611900e+02
1.501325235458871816e+02
1.501230124329478031e+02
1.481555256616580323e+02
1.474140800039051840e+02
1.472703629136865118e+02
1.470861252632105902e+02
1.475086983336800017e+02
1.472462141039150652e+02
1.475943670492600575e+02
1.466029658190901444e+02
1.462230021403289868e+02
1.471123615788735037e+02
1.473126419839329344e+02
1.474765751988691989e+02
1.476041207756144900e+02
1.470388239231209297e+02
1.470932657555717640e+02
1.471114145257012069e+02
1.457799330256113137e+02
1.457259772809502181e+02
1.449800475173813652e+02
1.435438665268993361e+02
1.446937505708852143e+02
1.458046961426168480e+02
1.449174396212189038e+02
1.452998283451426573e+02
1.456437807005914351e+02
1.459488906316338728e+02
1.455677944082368356e+02
1.457958960942350473e+02
1.459841588707722337e+02
1.454912876560281632e+02
1.449625186430878045e+02
1.450340967572546731e+02
1.450647590380091572e+02
1.450541846687850978e+02
1.456297789150798963e+02
1.449081004562822557e+02
1.441506680920034853e+02
1.445935106789608255e+02
1.449866996520592863e+02
1.465507864625960792e+02
1.462280678386518957e+02
1.682704640038269304e+02
1.700413944319167001e+02
1.703767597161580909e+02
1.720721919465485144e+02
1.716057992634952143e+02
1.710818114579572580e+02
1.712174505150344146e+02
1.720236851092534778e+02
1.720645152849613737e+02
1.720566779449498540e+02
1.720005325266599812e+02
1.711649775685132795e+02
1.680750606943972230e+02
1.678647960242131205e+02
1.683470654575314427e+02
1.687877977714793474e+02
1.691868842219531359e+02
1.688006113125343859e+02
1.698597359578278940e+02
1.678947387109845693e+02
1.681233124753881611e+02
1.683104043281215354e+02
1.677072749154826568e+02
1.678108124836744821e+02
1.686223780361648892e+02
1.686431831271521276e+02
1.686223780361648892e+02
1.670616570708009192e+02
1.669585817238956622e+02
1.668143118452048839e+02
1.673760977532753031e+02
1.678947387109845693e+02
1.668797405901466959e+02
1.680569962847258694e+02
1.669607410085064032e+02
1.665669056955388498e+02
1.646552438466206638e+02
1.641835504973663546e+02
1.658732040040776212e+02
1.660446577267201462e+02
1.654411901845415969e+02
1.655228800483062059e+02
1.655578739506561021e+02
1.655458057536748981e+02
1.647699314579828922e+02
1.625277208850593809e+02
1.616781910416401047e+02
1.636096251295051331e+02
1.654687872140465288e+02
1.658600486671974465e+02
1.655005798226939646e+02
1.858947268234321371e+02
1.870812587234534021e+02
1.897967075333063747e+02
1.916919086246569179e+02
1.919557773987151279e+02
1.835229359696035090e+02
1.875506502595441418e+02
1.899211469426769554e+02
1.897922965317071657e+02
1.904352433448648299e+02
1.902042282060272953e+02
1.915800287867704697e+02
1.912500629440402804e+02
1.925357478700007618e+02
1.929424054683484258e+02
1.924646545692526445e+02
1.927746644050733380e+02
1.913585264119839167e+02
1.890507976928987546e+02
1.892142988658368097e+02
1.893311142418040731e+02
1.910847813538953233e+02
1.927921319963159874e+02
1.936101308872067079e+02
1.935384723360663486e+02
1.883733464264331019e+02
1.873703461578507756e+02
1.880013592819491066e+02
1.877457601162453216e+02
1.874438374935330103e+02
1.870956659087015055e+02
1.867013312678795387e+02
1.895870189184399237e+02
1.890919764648643593e+02
1.893772533007837069e+02
1.871376633735251858e+02
1.881490731851122860e+02
1.882838956759297275e+02
1.883660878693682434e+02
1.875831779158336872e+02
1.859455258121368217e+02
1.850740428215545137e+02
1.857582598896216268e+02
1.855838013854797737e+02
1.861471013503899883e+02
1.874340929167091758e+02
1.862984919505519201e+02
1.851169246191499838e+02
2.087737810300852175e+02
2.109745537713681927e+02
2.122605701238835820e+02
2.143727913706581774e+02
2.146751820869943970e+02
2.131389451142898395e+02
2.124154266012235439e+02
2.125189512005905499e+02
2.134625417211802016e+02
2.161623535415037622e+02
2.115595728786287566e+02
2.095973840971584821e+02
2.093930431945859993e+02
2.109655722847856509e+02
2.124915454958114083e+02
2.112032778665640933e+02
2.107781868974556403e+02
2.112233746208578964e+02
2.116164461371755863e+02
2.128869417621652644e+02
2.122458654933212756e+02
2.152778745864116274e+02
2.163968031699785968e+02
2.090638347042046234e+02
2.100749078526287974e+02
2.110346089257384676e+02
2.119422403668743584e+02
2.109304760854921881e+02
2.108003341224791427e+02
2.106181803312944680e+02
2.094531567368302092e+02
2.082387552608079488e+02
2.088320192143180236e+02
2.084441196916360752e+02
2.080047897014364935e+02
2.075141376418206107e+02
2.060524077535140748e+02
2.109655722847856509e+02
2.103074232958724110e+02
2.114199700458294160e+02
2.088356298801915045e+02
2.080223485964262125e+02
2.089591125709443133e+02
2.089321334588084085e+02
2.079529176390129805e+02
2.086985504244088077e+02
2.076076863804266566e+02
2.064655982463306145e+02
2.061460681038539917e+02
2.075017216105226510e+02
2.087737810300852175e+02
2.339391401628709559e+02
2.344791633985468309e+02
2.349494769771424103e+02
2.343858856790614880e+02
2.347125315908027687e+02
2.359458166673256869e+02
2.381007240145492858e+02
2.392219008573984809e+02
2.392952300112559669e+02
2.363221677755770997e+02
2.352524250203846066e+02
2.361105378190185888e+02
2.359065362742763625e+02
2.346307984324365350e+02
2.342949919476030516e+02
2.349083758142408556e+02
2.354637995541559690e+02
2.359611261248516314e+02
2.353812662976689012e+02
2.357604034846164041e+02
2.360813703197627262e+02
2.332746838741577164e+02
2.324524127736737853e+02
2.325959220969934904e+02
2.326820418569432434e+02
2.337359082972928945e+02
2.347321038997356766e+02
2.356698770145748938e+02
2.334764322132053849e+02
2.322515492957622882e+02
2.309713839492050624e+02
2.296367566408601419e+02
2.302864336938232555e+02
2.318928308468369437e+02
2.324190090426798463e+02
2.318707675062981082e+02
2.312653153275909403e+02
2.306028018928238907e+02
2.288795330661064611e+02
2.281067907743060914e+02
2.272777665451173164e+02
2.263926649278637910e+02
2.244628810436161359e+02
2.234706645869524948e+02
2.390805623849795154e+02
2.359458166673256869e+02
2.279233261315646928e+02
2.237758250104620004e+02
2.224827700354981346e+02
2.239943227587743877e+02
2.225736758634602097e+02
2.536301058603726233e+02
2.552489802445553835e+02
2.588927202806273726e+02
2.555030198454797414e+02
2.579068927241650613e+02
2.581247023321745360e+02
2.571968615899183419e+02
2.561859998452182481e+02
2.572552352183657831e+02
2.582609967116158600e+02
2.570248593938455315e+02
2.568027876945565708e+02
2.543178492589403277e+02
2.539491481974956741e+02
2.557162116600308366e+02
2.541111716496380382e+02
2.546478836105052608e+02
2.551217650164696806e+02
2.555326989443851744e+02
2.547680597241824501e+02
2.550515720319598927e+02
2.541574286166489856e+02
2.520835104559905631e+02
2.521768455893499095e+02
2.510919954353063019e+02
2.532926723397452520e+02
2.520835104559905631e+02
2.530427030525408725e+02
2.550515720319598927e+02
2.547680597241824501e+02
2.544216872098443503e+02
2.540125399511806847e+02
2.546478836105052608e+02
2.530063404685526507e+02
2.502050864087371167e+02
2.506511073118138881e+02
2.499330587544758373e+02
2.502461207746955552e+02
2.494012406830111104e+02
2.495799548053430499e+02
2.507698091204237585e+02
2.497275292608850066e+02
2.507669400501703763e+02
2.506582853225661722e+02
2.494161308237810317e+02
2.491682342294760986e+02
2.488475033297376910e+02
2.505413422070587330e+02
2.490233953605418264e+02
2.474440057174367382e+02
2.674413594892106403e+02
2.691483885687413249e+02
2.696607217719515575e+02
2.723628169166069029e+02
2.750105456689824450e+02
2.764555746137994561e+02
2.789852237855200201e+02
2.826154389523676400e+02
2.815434545723386464e+02
2.780454901020388547e+02
2.779597071184854826e+02
2.777964963002916647e+02
2.763753863326583087e+02
2.760555048950494097e+02
2.756604108607747889e+02
2.739994851013003085e+02
2.770355746334244600e+02
2.764240645923467241e+02
2.745407342355519518e+02
2.749829470051482190e+02
2.765597455234178597e+02
2.780712799421543195e+02
2.783117707572461654e+02
2.784835923073720778e+02
2.737626900388605122e+02
2.713841639500461156e+02
2.846167173972294222e+02
2.833058190139932435e+02
2.783117707572461654e+02
2.744599646182302877e+02
2.717500108186627585e+02
2.701797514242722400e+02
2.709441307302827227e+02
2.728341416755630462e+02
2.734532180648888016e+02
2.728081829921641770e+02
2.732840280085267182e+02
2.736859297457356774e+02
2.728321121489062762e+02
2.707338735129961265e+02
2.709227525078908911e+02
2.710359399313992412e+02
2.722362329335836648e+02
2.756658789781290579e+02
2.720682347660443270e+02
2.718671003463505258e+02
2.715871778805718577e+02
2.689582817051493180e+02
2.696607217719515575e+02
2.702698401877777314e+02
2.696700374849540935e+02
2.944725021308145188e+02
2.963520660293061724e+02
3.005825624125984064e+02
3.011104574777988887e+02
3.015502703972643985e+02
3.019024958924752582e+02
3.021676535488534796e+02
2.998578407269080230e+02
3.074379575116703904e+02
2.999363547610168439e+02
3.011089817662102064e+02
3.022073146357432165e+02
3.019623330737855440e+02
3.054527521775953005e+02
2.935665440052952135e+02
2.956148185174720879e+02
3.104239581334313698e+02
3.020814386498410045e+02
3.013557454260359236e+02
3.018411501117546436e+02
3.009604044546300656e+02
2.987090948366737280e+02
2.989674343304450872e+02
3.030370990974105894e+02
3.031493000422717046e+02
3.031867034334678124e+02
3.031493000422717046e+02
3.030370990974105894e+02
3.015558969653407644e+02
3.012953207659955979e+02
3.009604044546300656e+02
2.979713917769885256e+02
2.962043651623429810e+02
2.956541739977167254e+02
2.950310345896248236e+02
2.943351006883921741e+02
2.935665440052952135e+02
2.965437135724154132e+02
2.981560851778974666e+02
2.996783831325152505e+02
2.998491115496152020e+02
2.986813909335648418e+02
2.974399751535673317e+02
2.961251705103904897e+02
2.947373014124062820e+02
2.932767102955474456e+02
2.941953857534286954e+02
2.950151040875600756e+02
2.993705359512572954e+02
2.987614324197883207e+02
2.956695448224032248e+02
3.133750555891978138e+02
3.166625170189268488e+02
3.341338753319105876e+02
3.373784585924499879e+02
3.209071545386640310e+02
3.239100524139000754e+02
3.268464702717359955e+02
3.283855361236033445e+02
3.311789768584059743e+02
3.352431532646569963e+02
3.203992321072613549e+02
3.229190543406627967e+02
3.253686887381344945e+02
3.263869175298769960e+02
3.273246152335511852e+02
3.268141273592538028e+02
3.275868555527283092e+02
3.282787565913826029e+02
3.261374450329717547e+02
3.170144991405688870e+02
3.146856854555410337e+02
3.136541393084706328e+02
3.139254040706385354e+02
3.321084184352972102e+02
3.294627883163012712e+02
3.253500336528433650e+02
3.266941934565004431e+02
3.251894930512285100e+02
3.291376483207575347e+02
3.274715022736015158e+02
3.257272884539810889e+02
3.239061186871029463e+02
3.233852303069550658e+02
3.241581027429551796e+02
3.221042303551931241e+02
3.213444348511491171e+02
3.205053524161855307e+02
3.223070810607535464e+02
3.226572829986500892e+02
3.215679285902834863e+02
3.203992321072613549e+02
3.191514819079534391e+02
3.178249858560508869e+02
3.164200712446056514e+02
3.162603497771049206e+02
3.133763921727975799e+02
3.104285535741362310e+02
3.178391656237752159e+02
3.172976723113104072e+02
3.166625170189268488e+02
3.146541374487455300e+02
3.373819177231248432e+02
3.381662703287722138e+02
3.374727171025809866e+02
3.519030931961042938e+02
3.538496855122317015e+02
3.529081126761134897e+02
3.588878935524105032e+02
3.421954376142015235e+02
3.422944865529598815e+02
3.422968732112531143e+02
3.436351123108133265e+02
3.434515289025487732e+02
3.431731131001096173e+02
3.428006439336778612e+02
3.437854976743466295e+02
3.461398968019310018e+02
3.469583193692369036e+02
3.476911351628873490e+02
3.468745576430985125e+02
3.488992443506973586e+02
3.479062806718158072e+02
3.512326246793295468e+02
3.500655257583508728e+02
3.458663311136338052e+02
3.459943897878430334e+02
3.460370795235972423e+02
3.459943897878430334e+02
3.473381027353939885e+02
3.485946622047443384e+02
3.468238469636894479e+02
3.479062806718158072e+02
3.474332811391398081e+02
3.498017691000022751e+02
3.476911351628873490e+02
3.484161274338135286e+02
3.519573740591062574e+02
3.481372128347813941e+02
3.456934763719367538e+02
3.446150169366646878e+02
3.477626359599029229e+02
3.479305512146985393e+02
3.465755841263937782e+02
3.465554137714614740e+02
3.407814068802585439e+02
3.377768409905040130e+02
3.375033934719974127e+02
3.371323775352759071e+02
3.394340859568722522e+02
3.388501567642242094e+02
3.354280819050574109e+02
3.319402738888808813e+02
3.746560583032366480e+02
3.741470543519043872e+02
3.764277048926489329e+02
3.771479756789291287e+02
3.792342129575838499e+02
3.797435067953751968e+02
3.816347241107604304e+02
3.834317787684942118e+02
3.851342273722297591e+02
3.852309402984505482e+02
3.867370338301597030e+02
3.805369664565115499e+02
3.741895646476921229e+02
3.753605764920448564e+02
3.779754593378534082e+02
3.805055065327712782e+02
3.767727324520054708e+02
3.775685197081220394e+02
3.767208559932300886e+02
3.773276540101338128e+02
3.778413520744855418e+02
3.798184564572417230e+02
3.707990679726036660e+02
3.725869296039833785e+02
3.727248817084254142e+02
3.712111587743552263e+02
3.711653633749173196e+02
3.694690473478831336e+02
3.676831094182120978e+02
3.658087592928352478e+02
3.638472279235786573e+02
3.617997670138320245e+02
3.627682316971845466e+02
3.651892239799868776e+02
3.659636786521529075e+02
3.666409334202411401e+02
3.656835744813378710e+02
3.631039046065903335e+02
3.619711298836858759e+02
3.607490442007729712e+02
3.579213332702654498e+02
3.580381680420892963e+02
3.535411852831015835e+02
3.519783906663911921e+02
3.503287506485496010e+02
3.500760453269865025e+02
3.570999203725108941e+02
3.551354479155675108e+02
3.720506385566878862e+02
3.697965072082776032e+02
3.688921189447253255e+02
3.908350046607635022e+02
3.948600982119811533e+02
3.957272125679525061e+02
3.964784088679215870e+02
3.971142638160735601e+02
3.921660766657267914e+02
3.938028477678666945e+02
3.969430306463958118e+02
3.967845152171039445e+02
3.997405328697518030e+02
4.026084067177936845e+02
4.021435394484248036e+02
3.901900166224822897e+02
3.943718640928213972e+02
3.919386671751614131e+02
3.926680368601530517e+02
3.916617694094062472e+02
3.921949820978692287e+02
3.959170451751983251e+02
3.995479154781732518e+02
3.997945846794084446e+02
4.015884649135284121e+02
3.983458991297453622e+02
3.982967561847290199e+02
3.965040942705244333e+02
3.946152251636279402e+02
3.926314265430390265e+02
3.921949820978692287e+02
3.900230172361451650e+02
3.910319200399023885e+02
3.935717449550579090e+02
3.943718640928213972e+02
3.934416000943363088e+02
3.972788998583228590e+02
3.961408017906002215e+02
3.932931049202396707e+02
3.935716851343743201e+02
3.921413004369635473e+02
3.906141607414062378e+02
3.842274921178375848e+02
3.809483530890634029e+02
3.791629376639949101e+02
3.960698932480142389e+02
3.955569529775791580e+02
3.933809212986409420e+02
3.926476233650890890e+02
3.902687017211441116e+02
3.877934871147653553e+02
4.095202490900827570e+02
4.137440406185621100e+02
4.146463462330228253e+02
4.154271171073302753e+02
4.177250998466336682e+02
4.199200151681046691e+02
4.203563751503713206e+02
4.223357636445190337e+02
4.258810689475431559e+02
4.276585552424526782e+02
4.293305231880485167e+02
4.292067698189003977e+02
4.357473096832097212e+02
4.201027554013074337e+02
4.196039880189732116e+02
4.207025105033346790e+02
4.182687981664797690e+02
4.225879038915948627e+02
4.199322420451396738e+02
4.188848363061946429e+02
4.177289580614109354e+02
4.181938173575632050e+02
4.185554935868509574e+02
4.188138975110763909e+02
4.258940722386062134e+02
4.242151298900056986e+02
4.224315188057720434e+02
4.222751693913332360e+02
4.202850617421685229e+02
4.216499646084521942e+02
4.229074162191969890e+02
4.206086422169197476e+02
4.233743096028867399e+02
4.260235779069736850e+02
4.131261490086952222e+02
4.053109552410175525e+02
4.093697444087543431e+02
4.098978301688869692e+02
4.103145873281585523e+02
4.123088654953215837e+02
4.175449794142589894e+02
4.175960010014538284e+02
4.158603379134832494e+02
4.123593282828374527e+02
4.120816433560726182e+02
4.067460539079287969e+02
4.029818610285171303e+02
4.391111565466578668e+02
4.415401502661964628e+02
4.438602005605640102e+02
4.460707349920660363e+02
4.308935059622126005e+02
4.344508227197759993e+02
4.396809192686722554e+02
4.448291662105992827e+02
4.463360845631411280e+02
4.459490798461028476e+02
4.472302752790939167e+02
4.519883323203799819e+02
4.548548711421625512e+02
4.576172194334903338e+02
4.313938823295918610e+02
4.302808414879090719e+02
4.544013625346813683e+02
4.512822745798056303e+02
4.444167832483829557e+02
4.446911531767260612e+02
4.448558022170793151e+02
4.467266517437140010e+02
4.484872781535452759e+02
4.465062191080596676e+02
4.516725674646830839e+02
4.494698959670353133e+02
4.453495425638709548e+02
4.447440630505278136e+02
4.404188589473657203e+02
4.396007934715419196e+02
4.368764177373338953e+02
4.376394963737012063e+02
4.382856697735120974e+02
4.352463019297964024e+02
4.356666960875281802e+02
4.324235719338096828e+02
4.308519851468113870e+02
4.274151818660144500e+02
4.273903067267474398e+02
4.464273513033795666e+02
4.443350511983225601e+02
4.421331180681104911e+02
4.415401502661964628e+02
4.356939491027150098e+02
4.331763570955239402e+02
4.305518853039766327e+02
4.311766415225281435e+02
4.492391418712496147e+02
4.574046764725795242e+02
4.619696384221026619e+02
4.646545750540433346e+02
4.726159212583924045e+02
4.805186407798333903e+02
4.756499126532588093e+02
4.742416565079238921e+02
4.745151986796340680e+02
4.728161644721138259e+02
4.802055128195499947e+02
4.819571228039714015e+02
4.798698954101737968e+02
4.795058482724508622e+02
4.827545929095726933e+02
4.858944840426475480e+02
4.644776312698884908e+02
4.654586613388913179e+02
4.701007561358543967e+02
4.727489604038951825e+02
4.714989958315480862e+02
4.663366593477163633e+02
4.686372890238978925e+02
4.651296353691018339e+02
4.634026606238195427e+02
4.596609853947355191e+02
4.728986167841437691e+02
4.708251002919888037e+02
4.667399720642869738e+02
4.644409818706931219e+02
4.639247147740131254e+02
4.632939811958172527e+02
4.644368916040970703e+02
4.635742133172763602e+02
4.644776312698884908e+02
4.652580387744270070e+02
4.659143164127271461e+02
4.683111592077244154e+02
4.668501695657117239e+02
4.671276728715415061e+02
4.617360700187980456e+02
4.599379031829901123e+02
4.598583585659774258e+02
4.578255991672649543e+02
4.556798781525494064e+02
4.480023417796942908e+02
4.557189101491579208e+02
4.548624132156087398e+02
4.538725940287758363e+02
4.509939822691841300e+02
4.705609584131571523e+02
5.012044117660963138e+02
5.061134484675469025e+02
4.773555537302734706e+02
4.818710854871185916e+02
4.844030526322527521e+02
4.887097243100642459e+02
5.106752523429964299e+02
5.144721102107851038e+02
5.123336379208603830e+02
5.100435044608464636e+02
4.900332788169783953e+02
4.952310550581709094e+02
4.964019928068531158e+02
4.954842434762508105e+02
4.983761703211903296e+02
4.932598053241936213e+02
4.919556093697671599e+02
4.905251459756071881e+02
4.929290127698345714e+02
4.892716192144019374e+02
4.894527743869306846e+02
4.914949990849482333e+02
4.914343645666348834e+02
4.892716192144019374e+02
4.850104744120862392e+02
5.063485377812719435e+02
5.057856867416080036e+02
4.794485307751161827e+02
4.826172400343543245e+02
4.817207922685771564e+02
4.905158031688271763e+02
4.952310550581709094e+02
4.919856026369664050e+02
4.964163879294498543e+02
4.968083761656827733e+02
4.970651591134276828e+02
4.952586409515097330e+02
4.952494968237665489e+02
4.951026742060263359e+02
4.910109773954525849e+02
4.868155005724283342e+02
4.900575629742634760e+02
4.856210550239833310e+02
4.866789043890678386e+02
4.875744943112264878e+02
4.864631055376817130e+02
4.852087703481970493e+02
5.108337650735160196e+02
5.140943231766160579e+02
5.172280361980305088e+02
5.221753030713391581e+02
5.211599557498863078e+02
5.238983642683895141e+02
5.205916940002209685e+02
5.210618502311268685e+02
5.233753804821534459e+02
5.235614495461740034e+02
5.236022193434134806e+02
5.214852114415001552e+02
5.232518124096756083e+02
5.228627091747598570e+02
5.263972966529076984e+02
5.216621752110398802e+02
5.208530464511586615e+02
5.240000229573524848e+02
5.249751493321871294e+02
5.299287205219854968e+02
5.285933877653492345e+02
5.291816197886394093e+02
5.296392841655612074e+02
5.279041424179578144e+02
5.260367123999571959e+02
5.261016162507484069e+02
5.280996014681924180e+02
5.196556401926771969e+02
5.193350179366592556e+02
5.209453299864815108e+02
5.224230369354035020e+02
5.196587840777609699e+02
5.208737809780293446e+02
5.178593976883209962e+02
5.208530464511586615e+02
5.216621752110398802e+02
5.182676086737122887e+02
5.188095098788314772e+02
5.151707033377115295e+02
5.134313857821719012e+02
5.155776642576906852e+02
5.175664711162560252e+02
5.174053191078323835e+02
5.170994027008521243e+02
5.146758792956729849e+02
5.101632011602294483e+02
5.074965861234848035e+02
5.047047538979486490e+02
5.288077683517177547e+02
5.236856351761797441e+02
5.222703419035201478e+02
5.425631921020292339e+02
5.460262733104482322e+02
5.473496867986071948e+02
5.505308465596390306e+02
5.515484195296638745e+02
5.544465026877102218e+02
5.592563424987104099e+02
5.618897879156500039e+02
5.623172525947369422e+02
5.439044658212919785e+02
5.460309071637411762e+02
5.501143129531471914e+02
5.477803482739601577e+02
5.473892624789506272e+02
5.489618918549286946e+02
5.482821535864679845e+02
5.432127523508696640e+02
5.443600800326462377e+02
5.475034586624927897e+02
5.483853424437568265e+02
5.491319203474390633e+02
5.518820860194011857e+02
5.523593829654539604e+02
5.505581439116858746e+02
5.507619907150374274e+02
5.465433308785765121e+02
5.486189479496091508e+02
5.419891455628659287e+02
5.437956716016484506e+02
5.411866967554592520e+02
5.427218201099202588e+02
5.441177522301868521e+02
5.411123677053431038e+02
5.422336734700187435e+02
5.474566019786108200e+02
5.461652340745511083e+02
5.426277161796795099e+02
5.368625458928169110e+02
5.351876965895013427e+02
5.375641765359652027e+02
5.376945574360504452e+02
5.356005808469211615e+02
5.375091385096750400e+02
5.371913356995775075e+02
5.346736461251407491e+02
5.381392526086599446e+02
5.332986556481675962e+02
5.303648814841944841e+02
5.293051916294223247e+02
5.300839003670774900e+02
5.326624039249849147e+02
