7.433999999999999773e+02
7.433999999999999773e+02
7.413000000000000682e+02
7.392000000000000455e+02
7.413000000000000682e+02
7.413000000000000682e+02
7.433999999999999773e+02
7.497000000000000455e+02
7.476000000000000227e+02
7.433999999999999773e+02
7.413000000000000682e+02
7.392000000000000455e+02
7.413000000000000682e+02
7.413000000000000682e+02
7.413000000000000682e+02
7.433999999999999773e+02
7.455000000000000000e+02
7.433999999999999773e+02
7.455000000000000000e+02
7.455000000000000000e+02
7.497000000000000455e+02
7.476000000000000227e+02
7.433999999999999773e+02
7.433999999999999773e+02
7.413000000000000682e+02
7.413000000000000682e+02
7.392000000000000455e+02
7.371000000000000227e+02
7.413000000000000682e+02
7.392000000000000455e+02
7.392000000000000455e+02
7.433999999999999773e+02
7.413000000000000682e+02
7.455000000000000000e+02
7.433999999999999773e+02
7.497000000000000455e+02
7.476000000000000227e+02
7.518000000000000682e+02
7.476000000000000227e+02
7.497000000000000455e+02
7.497000000000000455e+02
7.433999999999999773e+02
7.433999999999999773e+02
7.455000000000000000e+02
7.392000000000000455e+02
7.371000000000000227e+02
7.413000000000000682e+02
7.413000000000000682e+02
7.433999999999999773e+02
7.433999999999999773e+02
7.455000000000000000e+02
7.413000000000000682e+02
7.392000000000000455e+02
7.433999999999999773e+02
7.433999999999999773e+02
7.476000000000000227e+02
7.497000000000000455e+02
7.455000000000000000e+02
7.476000000000000227e+02
7.518000000000000682e+02
7.455000000000000000e+02
7.455000000000000000e+02
7.433999999999999773e+02
7.455000000000000000e+02
7.455000000000000000e+02
7.433999999999999773e+02
7.413000000000000682e+02
7.433999999999999773e+02
7.433999999999999773e+02
7.497000000000000455e+02
7.476000000000000227e+02
7.476000000000000227e+02
7.455000000000000000e+02
7.497000000000000455e+02
7.476000000000000227e+02
7.433999999999999773e+02
7.455000000000000000e+02
7.455000000000000000e+02
7.433999999999999773e+02
7.455000000000000000e+02
7.433999999999999773e+02
7.433999999999999773e+02
7.455000000000000000e+02
7.497000000000000455e+02
7.433999999999999773e+02
7.455000000000000000e+02
7.433999999999999773e+02
7.433999999999999773e+02
7.433999999999999773e+02
7.433999999999999773e+02
7.455000000000000000e+02
7.497000000000000455e+02
7.455000000000000000e+02
7.497000000000000455e+02
7.455000000000000000e+02
7.497000000000000455e+02
7.433999999999999773e+02
7.455000000000000000e+02
7.476000000000000227e+02
7.476000000000000227e+02
7.455000000000000000e+02
7.497000000000000455e+02
7.455000000000000000e+02
7.455000000000000000e+02
7.476000000000000227e+02
7.497000000000000455e+02
7.455000000000000000e+02
7.455000000000000000e+02
7.433999999999999773e+02
7.476000000000000227e+02
7.476000000000000227e+02
7.455000000000000000e+02
7.455000000000000000e+02
7.497000000000000455e+02
7.518000000000000682e+02
7.518000000000000682e+02
7.538999999999999773e+02
7.476000000000000227e+02
7.497000000000000455e+02
7.518000000000000682e+02
7.476000000000000227e+02
7.497000000000000455e+02
7.518000000000000682e+02
7.476000000000000227e+02
7.455000000000000000e+02
7.455000000000000000e+02
7.476000000000000227e+02
7.433999999999999773e+02
7.476000000000000227e+02
7.518000000000000682e+02
7.476000000000000227e+02
7.433999999999999773e+02
7.455000000000000000e+02
7.476000000000000227e+02
7.455000000000000000e+02
7.476000000000000227e+02
7.476000000000000227e+02
7.455000000000000000e+02
7.476000000000000227e+02
7.455000000000000000e+02
7.497000000000000455e+02
7.455000000000000000e+02
7.497000000000000455e+02
7.538999999999999773e+02
7.560000000000000000e+02
7.518000000000000682e+02
7.518000000000000682e+02
7.476000000000000227e+02
7.538999999999999773e+02
7.476000000000000227e+02
7.455000000000000000e+02
7.476000000000000227e+02
7.476000000000000227e+02
7.518000000000000682e+02
7.497000000000000455e+02
7.538999999999999773e+02
7.497000000000000455e+02
7.497000000000000455e+02
7.518000000000000682e+02
7.538999999999999773e+02
7.455000000000000000e+02
7.476000000000000227e+02
7.413000000000000682e+02
7.413000000000000682e+02
7.518000000000000682e+02
7.518000000000000682e+02
7.538999999999999773e+02
7.623000000000000682e+02
7.518000000000000682e+02
7.433999999999999773e+02
7.476000000000000227e+02
7.476000000000000227e+02
7.497000000000000455e+02
7.497000000000000455e+02
7.497000000000000455e+02
7.518000000000000682e+02
7.497000000000000455e+02
7.518000000000000682e+02
7.518000000000000682e+02
7.497000000000000455e+02
7.497000000000000455e+02
7.497000000000000455e+02
7.538999999999999773e+02
7.560000000000000000e+02
7.665000000000000000e+02
7.728000000000000682e+02
7.665000000000000000e+02
7.518000000000000682e+02
7.518000000000000682e+02
7.497000000000000455e+02
7.497000000000000455e+02
7.433999999999999773e+02
7.413000000000000682e+02
7.413000000000000682e+02
7.328999999999999773e+02
7.350000000000000000e+02
7.413000000000000682e+02
7.413000000000000682e+02
7.455000000000000000e+02
7.497000000000000455e+02
7.476000000000000227e+02
7.476000000000000227e+02
7.518000000000000682e+02
7.518000000000000682e+02
7.581000000000000227e+02
7.581000000000000227e+02
7.623000000000000682e+02
7.581000000000000227e+02
7.497000000000000455e+02
7.476000000000000227e+02
7.497000000000000455e+02
7.497000000000000455e+02
7.518000000000000682e+02
7.518000000000000682e+02
7.455000000000000000e+02
7.455000000000000000e+02
7.455000000000000000e+02
7.455000000000000000e+02
7.560000000000000000e+02
7.538999999999999773e+02
7.560000000000000000e+02
7.538999999999999773e+02
7.497000000000000455e+02
7.497000000000000455e+02
7.518000000000000682e+02
7.476000000000000227e+02
7.497000000000000455e+02
7.433999999999999773e+02
7.433999999999999773e+02
7.392000000000000455e+02
7.392000000000000455e+02
7.392000000000000455e+02
7.392000000000000455e+02
7.455000000000000000e+02
7.433999999999999773e+02
7.433999999999999773e+02
7.455000000000000000e+02
7.497000000000000455e+02
7.497000000000000455e+02
7.518000000000000682e+02
7.518000000000000682e+02
7.476000000000000227e+02
7.497000000000000455e+02
7.560000000000000000e+02
7.560000000000000000e+02
7.538999999999999773e+02
7.476000000000000227e+02
7.455000000000000000e+02
7.433999999999999773e+02
7.476000000000000227e+02
7.455000000000000000e+02
7.413000000000000682e+02
7.413000000000000682e+02
7.413000000000000682e+02
7.392000000000000455e+02
7.413000000000000682e+02
7.433999999999999773e+02
7.455000000000000000e+02
7.497000000000000455e+02
7.538999999999999773e+02
7.560000000000000000e+02
7.538999999999999773e+02
7.518000000000000682e+02
7.497000000000000455e+02
7.476000000000000227e+02
7.476000000000000227e+02
7.455000000000000000e+02
7.433999999999999773e+02
7.433999999999999773e+02
7.392000000000000455e+02
7.433999999999999773e+02
7.371000000000000227e+02
7.413000000000000682e+02
7.433999999999999773e+02
7.455000000000000000e+02
7.476000000000000227e+02
7.413000000000000682e+02
7.371000000000000227e+02
7.413000000000000682e+02
7.455000000000000000e+02
7.455000000000000000e+02
7.433999999999999773e+02
7.433999999999999773e+02
7.497000000000000455e+02
7.497000000000000455e+02
7.476000000000000227e+02
7.476000000000000227e+02
7.476000000000000227e+02
7.518000000000000682e+02
7.476000000000000227e+02
7.518000000000000682e+02
7.433999999999999773e+02
7.455000000000000000e+02
7.455000000000000000e+02
7.392000000000000455e+02
7.433999999999999773e+02
7.392000000000000455e+02
7.371000000000000227e+02
7.392000000000000455e+02
7.413000000000000682e+02
7.413000000000000682e+02
7.392000000000000455e+02
7.413000000000000682e+02
7.433999999999999773e+02
7.455000000000000000e+02
7.433999999999999773e+02
7.497000000000000455e+02
7.497000000000000455e+02
7.476000000000000227e+02
7.476000000000000227e+02
7.497000000000000455e+02
7.476000000000000227e+02
7.476000000000000227e+02
7.476000000000000227e+02
7.455000000000000000e+02
7.455000000000000000e+02
7.413000000000000682e+02
7.433999999999999773e+02
7.392000000000000455e+02
7.392000000000000455e+02
7.413000000000000682e+02
7.455000000000000000e+02
7.455000000000000000e+02
7.433999999999999773e+02
7.392000000000000455e+02
7.392000000000000455e+02
7.476000000000000227e+02
7.455000000000000000e+02
7.476000000000000227e+02
7.455000000000000000e+02
7.455000000000000000e+02
7.497000000000000455e+02
7.497000000000000455e+02
7.518000000000000682e+02
7.476000000000000227e+02
7.497000000000000455e+02
7.476000000000000227e+02
7.433999999999999773e+02
7.433999999999999773e+02
7.413000000000000682e+02
7.433999999999999773e+02
7.413000000000000682e+02
7.433999999999999773e+02
7.413000000000000682e+02
7.433999999999999773e+02
7.413000000000000682e+02
7.392000000000000455e+02
7.371000000000000227e+02
7.413000000000000682e+02
7.433999999999999773e+02
7.392000000000000455e+02
7.455000000000000000e+02
7.433999999999999773e+02
7.413000000000000682e+02
7.433999999999999773e+02
7.433999999999999773e+02
7.497000000000000455e+02
7.455000000000000000e+02
7.476000000000000227e+02
7.518000000000000682e+02
7.538999999999999773e+02
7.518000000000000682e+02
7.518000000000000682e+02
7.538999999999999773e+02
7.518000000000000682e+02
7.455000000000000000e+02
7.433999999999999773e+02
7.433999999999999773e+02
7.413000000000000682e+02
7.455000000000000000e+02
7.413000000000000682e+02
7.497000000000000455e+02
7.455000000000000000e+02
7.455000000000000000e+02
7.433999999999999773e+02
7.392000000000000455e+02
7.413000000000000682e+02
7.392000000000000455e+02
7.413000000000000682e+02
7.497000000000000455e+02
7.455000000000000000e+02
7.433999999999999773e+02
7.538999999999999773e+02
7.497000000000000455e+02
7.497000000000000455e+02
7.518000000000000682e+02
7.497000000000000455e+02
7.497000000000000455e+02
7.455000000000000000e+02
7.476000000000000227e+02
7.455000000000000000e+02
7.476000000000000227e+02
7.413000000000000682e+02
7.413000000000000682e+02
7.413000000000000682e+02
7.455000000000000000e+02
7.433999999999999773e+02
7.413000000000000682e+02
7.455000000000000000e+02
7.328999999999999773e+02
7.350000000000000000e+02
7.455000000000000000e+02
7.433999999999999773e+02
7.433999999999999773e+02
7.433999999999999773e+02
7.392000000000000455e+02
7.413000000000000682e+02
7.455000000000000000e+02
7.476000000000000227e+02
7.433999999999999773e+02
7.455000000000000000e+02
7.455000000000000000e+02
7.433999999999999773e+02
7.497000000000000455e+02
7.497000000000000455e+02
7.560000000000000000e+02
7.518000000000000682e+02
7.538999999999999773e+02
7.455000000000000000e+02
7.433999999999999773e+02
7.413000000000000682e+02
7.413000000000000682e+02
7.455000000000000000e+02
7.433999999999999773e+02
7.413000000000000682e+02
7.433999999999999773e+02
7.476000000000000227e+02
7.433999999999999773e+02
7.455000000000000000e+02
7.497000000000000455e+02
7.455000000000000000e+02
7.413000000000000682e+02
7.392000000000000455e+02
7.433999999999999773e+02
7.455000000000000000e+02
7.643999999999999773e+02
7.623000000000000682e+02
7.497000000000000455e+02
7.497000000000000455e+02
7.455000000000000000e+02
7.433999999999999773e+02
7.476000000000000227e+02
7.455000000000000000e+02
7.455000000000000000e+02
7.413000000000000682e+02
7.392000000000000455e+02
7.476000000000000227e+02
7.518000000000000682e+02
7.455000000000000000e+02
7.476000000000000227e+02
7.497000000000000455e+02
7.350000000000000000e+02
7.223999999999999773e+02
7.308000000000000682e+02
7.266000000000000227e+02
7.223999999999999773e+02
7.560000000000000000e+02
7.518000000000000682e+02
7.497000000000000455e+02
7.455000000000000000e+02
7.413000000000000682e+02
7.413000000000000682e+02
7.433999999999999773e+02
7.476000000000000227e+02
7.476000000000000227e+02
7.476000000000000227e+02
7.455000000000000000e+02
7.433999999999999773e+02
7.433999999999999773e+02
7.392000000000000455e+02
7.223999999999999773e+02
7.182000000000000455e+02
7.182000000000000455e+02
7.203000000000000682e+02
7.350000000000000000e+02
7.328999999999999773e+02
7.350000000000000000e+02
7.413000000000000682e+02
7.455000000000000000e+02
7.455000000000000000e+02
7.433999999999999773e+02
7.455000000000000000e+02
7.455000000000000000e+02
7.455000000000000000e+02
7.455000000000000000e+02
7.476000000000000227e+02
7.497000000000000455e+02
7.538999999999999773e+02
7.328999999999999773e+02
7.350000000000000000e+02
7.308000000000000682e+02
7.350000000000000000e+02
7.308000000000000682e+02
7.308000000000000682e+02
7.476000000000000227e+02
7.518000000000000682e+02
7.497000000000000455e+02
7.538999999999999773e+02
7.518000000000000682e+02
7.518000000000000682e+02
7.433999999999999773e+02
7.476000000000000227e+02
7.476000000000000227e+02
7.433999999999999773e+02
7.413000000000000682e+02
7.413000000000000682e+02
7.392000000000000455e+02
7.308000000000000682e+02
7.266000000000000227e+02
7.287000000000000455e+02
7.455000000000000000e+02
7.433999999999999773e+02
7.392000000000000455e+02
7.433999999999999773e+02
7.392000000000000455e+02
7.350000000000000000e+02
7.392000000000000455e+02
7.328999999999999773e+02
7.392000000000000455e+02
7.371000000000000227e+02
7.392000000000000455e+02
7.413000000000000682e+02
7.455000000000000000e+02
7.433999999999999773e+02
7.476000000000000227e+02
7.455000000000000000e+02
7.476000000000000227e+02
7.518000000000000682e+02
7.518000000000000682e+02
7.476000000000000227e+02
7.455000000000000000e+02
7.371000000000000227e+02
7.371000000000000227e+02
7.308000000000000682e+02
7.328999999999999773e+02
7.350000000000000000e+02
7.308000000000000682e+02
7.392000000000000455e+02
7.413000000000000682e+02
7.476000000000000227e+02
7.497000000000000455e+02
7.497000000000000455e+02
7.455000000000000000e+02
7.476000000000000227e+02
7.476000000000000227e+02
7.455000000000000000e+02
7.433999999999999773e+02
7.433999999999999773e+02
7.433999999999999773e+02
7.392000000000000455e+02
7.413000000000000682e+02
7.392000000000000455e+02
7.392000000000000455e+02
7.413000000000000682e+02
7.433999999999999773e+02
7.413000000000000682e+02
7.413000000000000682e+02
7.476000000000000227e+02
7.476000000000000227e+02
7.497000000000000455e+02
7.476000000000000227e+02
7.433999999999999773e+02
7.433999999999999773e+02
7.433999999999999773e+02
7.413000000000000682e+02
7.455000000000000000e+02
7.433999999999999773e+02
7.413000000000000682e+02
7.433999999999999773e+02
7.476000000000000227e+02
7.518000000000000682e+02
7.455000000000000000e+02
7.455000000000000000e+02
7.476000000000000227e+02
7.518000000000000682e+02
7.497000000000000455e+02
7.518000000000000682e+02
7.476000000000000227e+02
7.497000000000000455e+02
7.476000000000000227e+02
7.392000000000000455e+02
7.350000000000000000e+02
7.350000000000000000e+02
7.328999999999999773e+02
7.328999999999999773e+02
7.392000000000000455e+02
7.328999999999999773e+02
7.350000000000000000e+02
7.371000000000000227e+02
7.455000000000000000e+02
7.497000000000000455e+02
7.497000000000000455e+02
7.476000000000000227e+02
7.433999999999999773e+02
7.476000000000000227e+02
7.497000000000000455e+02
7.433999999999999773e+02
7.455000000000000000e+02
7.538999999999999773e+02
7.497000000000000455e+02
7.476000000000000227e+02
7.455000000000000000e+02
7.455000000000000000e+02
7.433999999999999773e+02
7.413000000000000682e+02
7.413000000000000682e+02
7.433999999999999773e+02
7.413000000000000682e+02
7.433999999999999773e+02
7.433999999999999773e+02
7.413000000000000682e+02
7.476000000000000227e+02
7.413000000000000682e+02
7.413000000000000682e+02
7.413000000000000682e+02
7.455000000000000000e+02
7.455000000000000000e+02
7.455000000000000000e+02
7.518000000000000682e+02
7.560000000000000000e+02
7.665000000000000000e+02
7.350000000000000000e+02
7.350000000000000000e+02
7.371000000000000227e+02
7.371000000000000227e+02
7.433999999999999773e+02
7.433999999999999773e+02
7.433999999999999773e+02
7.455000000000000000e+02
7.476000000000000227e+02
7.392000000000000455e+02
7.392000000000000455e+02
7.350000000000000000e+02
7.328999999999999773e+02
7.328999999999999773e+02
7.308000000000000682e+02
7.328999999999999773e+02
7.350000000000000000e+02
7.371000000000000227e+02
7.455000000000000000e+02
7.455000000000000000e+02
7.413000000000000682e+02
7.455000000000000000e+02
7.476000000000000227e+02
7.371000000000000227e+02
7.328999999999999773e+02
7.328999999999999773e+02
7.245000000000000000e+02
7.182000000000000455e+02
7.161000000000000227e+02
7.455000000000000000e+02
7.455000000000000000e+02
7.433999999999999773e+02
7.433999999999999773e+02
7.433999999999999773e+02
7.433999999999999773e+02
7.413000000000000682e+02
7.476000000000000227e+02
7.413000000000000682e+02
7.476000000000000227e+02
7.350000000000000000e+02
7.266000000000000227e+02
7.308000000000000682e+02
7.328999999999999773e+02
7.308000000000000682e+02
7.371000000000000227e+02
7.392000000000000455e+02
7.455000000000000000e+02
7.413000000000000682e+02
7.433999999999999773e+02
7.433999999999999773e+02
7.455000000000000000e+02
7.476000000000000227e+02
7.455000000000000000e+02
7.350000000000000000e+02
7.245000000000000000e+02
7.245000000000000000e+02
7.245000000000000000e+02
7.287000000000000455e+02
7.328999999999999773e+02
7.413000000000000682e+02
7.413000000000000682e+02
7.413000000000000682e+02
7.413000000000000682e+02
7.433999999999999773e+02
7.413000000000000682e+02
7.413000000000000682e+02
7.371000000000000227e+02
7.266000000000000227e+02
7.266000000000000227e+02
7.140000000000000000e+02
7.098000000000000682e+02
7.161000000000000227e+02
7.392000000000000455e+02
7.476000000000000227e+02
7.455000000000000000e+02
7.455000000000000000e+02
7.413000000000000682e+02
7.392000000000000455e+02
7.350000000000000000e+02
7.328999999999999773e+02
7.350000000000000000e+02
7.328999999999999773e+02
7.308000000000000682e+02
7.287000000000000455e+02
7.245000000000000000e+02
7.203000000000000682e+02
7.203000000000000682e+02
7.518000000000000682e+02
7.455000000000000000e+02
7.497000000000000455e+02
7.455000000000000000e+02
7.433999999999999773e+02
7.455000000000000000e+02
7.392000000000000455e+02
7.371000000000000227e+02
7.371000000000000227e+02
7.392000000000000455e+02
7.328999999999999773e+02
7.350000000000000000e+02
7.392000000000000455e+02
4.095000000000000000e+02
4.074000000000000341e+02
4.074000000000000341e+02
4.032000000000000455e+02
4.053000000000000114e+02
4.095000000000000000e+02
4.032000000000000455e+02
7.433999999999999773e+02
7.371000000000000227e+02
7.392000000000000455e+02
7.328999999999999773e+02
7.328999999999999773e+02
7.328999999999999773e+02
7.371000000000000227e+02
7.392000000000000455e+02
7.455000000000000000e+02
7.433999999999999773e+02
7.455000000000000000e+02
7.538999999999999773e+02
7.538999999999999773e+02
7.203000000000000682e+02
7.140000000000000000e+02
7.182000000000000455e+02
7.266000000000000227e+02
7.266000000000000227e+02
7.287000000000000455e+02
7.308000000000000682e+02
7.308000000000000682e+02
7.328999999999999773e+02
7.328999999999999773e+02
7.308000000000000682e+02
7.328999999999999773e+02
7.203000000000000682e+02
6.720000000000000000e+02
6.783000000000000682e+02
6.762000000000000455e+02
6.720000000000000000e+02
6.741000000000000227e+02
6.678000000000000682e+02
7.371000000000000227e+02
6.741000000000000227e+02
6.741000000000000227e+02
6.762000000000000455e+02
6.762000000000000455e+02
6.762000000000000455e+02
7.161000000000000227e+02
7.287000000000000455e+02
7.287000000000000455e+02
7.308000000000000682e+02
7.350000000000000000e+02
7.287000000000000455e+02
7.287000000000000455e+02
7.266000000000000227e+02
7.266000000000000227e+02
7.161000000000000227e+02
7.665000000000000000e+02
7.686000000000000227e+02
7.518000000000000682e+02
7.497000000000000455e+02
7.476000000000000227e+02
7.433999999999999773e+02
7.455000000000000000e+02
7.476000000000000227e+02
7.413000000000000682e+02
7.392000000000000455e+02
7.350000000000000000e+02
7.392000000000000455e+02
7.350000000000000000e+02
7.308000000000000682e+02
7.350000000000000000e+02
4.011000000000000227e+02
4.011000000000000227e+02
4.053000000000000114e+02
4.053000000000000114e+02
4.011000000000000227e+02
4.032000000000000455e+02
3.990000000000000000e+02
4.053000000000000114e+02
4.053000000000000114e+02
4.053000000000000114e+02
4.053000000000000114e+02
4.053000000000000114e+02
4.011000000000000227e+02
4.053000000000000114e+02
4.011000000000000227e+02
4.011000000000000227e+02
4.032000000000000455e+02
4.074000000000000341e+02
4.074000000000000341e+02
4.095000000000000000e+02
4.053000000000000114e+02
4.053000000000000114e+02
4.032000000000000455e+02
7.350000000000000000e+02
7.308000000000000682e+02
7.350000000000000000e+02
7.328999999999999773e+02
7.328999999999999773e+02
7.392000000000000455e+02
7.392000000000000455e+02
7.476000000000000227e+02
7.433999999999999773e+02
7.476000000000000227e+02
7.497000000000000455e+02
7.518000000000000682e+02
7.182000000000000455e+02
7.182000000000000455e+02
7.223999999999999773e+02
7.287000000000000455e+02
7.266000000000000227e+02
7.287000000000000455e+02
7.266000000000000227e+02
7.266000000000000227e+02
7.266000000000000227e+02
7.308000000000000682e+02
7.245000000000000000e+02
7.245000000000000000e+02
6.803999999999999773e+02
6.762000000000000455e+02
6.720000000000000000e+02
6.720000000000000000e+02
6.762000000000000455e+02
7.371000000000000227e+02
7.328999999999999773e+02
7.308000000000000682e+02
7.308000000000000682e+02
6.783000000000000682e+02
6.762000000000000455e+02
6.741000000000000227e+02
6.762000000000000455e+02
6.762000000000000455e+02
6.762000000000000455e+02
6.888000000000000682e+02
7.266000000000000227e+02
7.223999999999999773e+02
7.308000000000000682e+02
7.266000000000000227e+02
7.266000000000000227e+02
7.223999999999999773e+02
7.161000000000000227e+02
7.182000000000000455e+02
7.433999999999999773e+02
7.538999999999999773e+02
7.497000000000000455e+02
7.455000000000000000e+02
7.476000000000000227e+02
7.455000000000000000e+02
7.455000000000000000e+02
7.413000000000000682e+02
7.350000000000000000e+02
7.328999999999999773e+02
7.308000000000000682e+02
7.266000000000000227e+02
7.308000000000000682e+02
4.221000000000000227e+02
4.263000000000000114e+02
4.242000000000000455e+02
4.179000000000000341e+02
4.074000000000000341e+02
4.095000000000000000e+02
4.011000000000000227e+02
4.011000000000000227e+02
3.990000000000000000e+02
4.011000000000000227e+02
4.011000000000000227e+02
4.095000000000000000e+02
4.095000000000000000e+02
4.011000000000000227e+02
3.990000000000000000e+02
4.011000000000000227e+02
4.032000000000000455e+02
4.011000000000000227e+02
4.011000000000000227e+02
4.074000000000000341e+02
4.221000000000000227e+02
4.200000000000000000e+02
4.200000000000000000e+02
4.200000000000000000e+02
4.221000000000000227e+02
4.179000000000000341e+02
4.053000000000000114e+02
7.392000000000000455e+02
7.371000000000000227e+02
7.433999999999999773e+02
7.392000000000000455e+02
7.413000000000000682e+02
7.413000000000000682e+02
7.455000000000000000e+02
7.433999999999999773e+02
7.350000000000000000e+02
7.245000000000000000e+02
7.203000000000000682e+02
7.245000000000000000e+02
7.266000000000000227e+02
7.287000000000000455e+02
7.245000000000000000e+02
7.245000000000000000e+02
7.203000000000000682e+02
7.098000000000000682e+02
6.741000000000000227e+02
6.762000000000000455e+02
6.762000000000000455e+02
6.741000000000000227e+02
6.803999999999999773e+02
6.783000000000000682e+02
6.741000000000000227e+02
6.803999999999999773e+02
7.245000000000000000e+02
7.287000000000000455e+02
7.245000000000000000e+02
7.223999999999999773e+02
6.783000000000000682e+02
6.741000000000000227e+02
6.741000000000000227e+02
6.741000000000000227e+02
6.762000000000000455e+02
6.783000000000000682e+02
6.741000000000000227e+02
6.762000000000000455e+02
6.698999999999999773e+02
7.140000000000000000e+02
7.266000000000000227e+02
7.245000000000000000e+02
7.245000000000000000e+02
7.203000000000000682e+02
7.203000000000000682e+02
7.203000000000000682e+02
7.266000000000000227e+02
7.328999999999999773e+02
7.308000000000000682e+02
7.371000000000000227e+02
7.371000000000000227e+02
7.371000000000000227e+02
7.371000000000000227e+02
7.392000000000000455e+02
7.328999999999999773e+02
7.392000000000000455e+02
4.200000000000000000e+02
4.179000000000000341e+02
4.221000000000000227e+02
4.200000000000000000e+02
4.200000000000000000e+02
4.242000000000000455e+02
4.200000000000000000e+02
4.179000000000000341e+02
4.116000000000000227e+02
4.095000000000000000e+02
4.032000000000000455e+02
4.032000000000000455e+02
3.990000000000000000e+02
3.969000000000000341e+02
3.990000000000000000e+02
4.032000000000000455e+02
4.032000000000000455e+02
4.032000000000000455e+02
4.011000000000000227e+02
3.990000000000000000e+02
3.948000000000000114e+02
3.990000000000000000e+02
4.053000000000000114e+02
4.221000000000000227e+02
4.200000000000000000e+02
4.221000000000000227e+02
4.200000000000000000e+02
4.242000000000000455e+02
4.221000000000000227e+02
4.221000000000000227e+02
4.179000000000000341e+02
4.095000000000000000e+02
4.158000000000000114e+02
3.969000000000000341e+02
7.328999999999999773e+02
7.392000000000000455e+02
7.371000000000000227e+02
7.350000000000000000e+02
7.350000000000000000e+02
7.392000000000000455e+02
7.413000000000000682e+02
7.350000000000000000e+02
7.328999999999999773e+02
7.328999999999999773e+02
7.287000000000000455e+02
7.245000000000000000e+02
7.182000000000000455e+02
7.266000000000000227e+02
7.203000000000000682e+02
7.182000000000000455e+02
7.182000000000000455e+02
7.203000000000000682e+02
6.636000000000000227e+02
6.678000000000000682e+02
6.698999999999999773e+02
6.698999999999999773e+02
6.762000000000000455e+02
6.741000000000000227e+02
6.741000000000000227e+02
6.762000000000000455e+02
6.783000000000000682e+02
6.762000000000000455e+02
7.223999999999999773e+02
7.223999999999999773e+02
7.266000000000000227e+02
6.741000000000000227e+02
6.783000000000000682e+02
6.741000000000000227e+02
6.741000000000000227e+02
6.698999999999999773e+02
6.720000000000000000e+02
6.720000000000000000e+02
6.678000000000000682e+02
6.615000000000000000e+02
7.223999999999999773e+02
7.203000000000000682e+02
7.203000000000000682e+02
7.182000000000000455e+02
7.182000000000000455e+02
7.223999999999999773e+02
7.203000000000000682e+02
7.182000000000000455e+02
7.266000000000000227e+02
7.245000000000000000e+02
7.266000000000000227e+02
7.328999999999999773e+02
7.413000000000000682e+02
7.392000000000000455e+02
7.371000000000000227e+02
7.371000000000000227e+02
7.371000000000000227e+02
7.392000000000000455e+02
7.350000000000000000e+02
7.392000000000000455e+02
7.413000000000000682e+02
3.926999999999999886e+02
4.074000000000000341e+02
4.053000000000000114e+02
4.116000000000000227e+02
4.179000000000000341e+02
4.179000000000000341e+02
4.179000000000000341e+02
4.221000000000000227e+02
4.242000000000000455e+02
4.242000000000000455e+02
4.179000000000000341e+02
4.242000000000000455e+02
4.221000000000000227e+02
4.095000000000000000e+02
3.990000000000000000e+02
4.011000000000000227e+02
3.969000000000000341e+02
4.011000000000000227e+02
4.053000000000000114e+02
4.011000000000000227e+02
3.969000000000000341e+02
3.990000000000000000e+02
3.990000000000000000e+02
4.074000000000000341e+02
4.116000000000000227e+02
4.200000000000000000e+02
4.263000000000000114e+02
4.200000000000000000e+02
4.200000000000000000e+02
4.221000000000000227e+02
4.179000000000000341e+02
4.179000000000000341e+02
4.200000000000000000e+02
4.200000000000000000e+02
4.095000000000000000e+02
3.885000000000000000e+02
3.885000000000000000e+02
7.433999999999999773e+02
7.392000000000000455e+02
7.413000000000000682e+02
7.413000000000000682e+02
7.350000000000000000e+02
7.413000000000000682e+02
7.413000000000000682e+02
7.392000000000000455e+02
7.392000000000000455e+02
7.392000000000000455e+02
7.371000000000000227e+02
7.350000000000000000e+02
7.328999999999999773e+02
7.266000000000000227e+02
7.182000000000000455e+02
7.182000000000000455e+02
7.161000000000000227e+02
7.161000000000000227e+02
7.203000000000000682e+02
7.223999999999999773e+02
7.203000000000000682e+02
7.245000000000000000e+02
7.287000000000000455e+02
6.657000000000000455e+02
6.678000000000000682e+02
6.720000000000000000e+02
6.698999999999999773e+02
6.698999999999999773e+02
6.720000000000000000e+02
6.741000000000000227e+02
7.308000000000000682e+02
7.266000000000000227e+02
7.223999999999999773e+02
7.223999999999999773e+02
7.266000000000000227e+02
6.720000000000000000e+02
6.698999999999999773e+02
6.741000000000000227e+02
6.698999999999999773e+02
6.741000000000000227e+02
7.328999999999999773e+02
7.328999999999999773e+02
7.328999999999999773e+02
7.245000000000000000e+02
7.161000000000000227e+02
7.140000000000000000e+02
7.098000000000000682e+02
7.098000000000000682e+02
7.118999999999999773e+02
7.161000000000000227e+02
7.161000000000000227e+02
7.223999999999999773e+02
7.245000000000000000e+02
7.350000000000000000e+02
7.350000000000000000e+02
7.371000000000000227e+02
7.371000000000000227e+02
7.392000000000000455e+02
7.413000000000000682e+02
7.392000000000000455e+02
7.392000000000000455e+02
7.392000000000000455e+02
7.413000000000000682e+02
7.413000000000000682e+02
7.413000000000000682e+02
7.392000000000000455e+02
7.392000000000000455e+02
7.455000000000000000e+02
3.906000000000000227e+02
4.011000000000000227e+02
4.158000000000000114e+02
4.116000000000000227e+02
4.158000000000000114e+02
4.158000000000000114e+02
4.179000000000000341e+02
4.221000000000000227e+02
4.179000000000000341e+02
4.200000000000000000e+02
4.200000000000000000e+02
4.200000000000000000e+02
4.200000000000000000e+02
4.179000000000000341e+02
4.032000000000000455e+02
4.011000000000000227e+02
4.032000000000000455e+02
4.011000000000000227e+02
3.990000000000000000e+02
3.990000000000000000e+02
3.969000000000000341e+02
3.990000000000000000e+02
4.221000000000000227e+02
4.242000000000000455e+02
4.263000000000000114e+02
4.200000000000000000e+02
4.179000000000000341e+02
4.242000000000000455e+02
4.179000000000000341e+02
4.242000000000000455e+02
4.137000000000000455e+02
4.137000000000000455e+02
3.990000000000000000e+02
3.990000000000000000e+02
3.885000000000000000e+02
3.885000000000000000e+02
3.885000000000000000e+02
7.392000000000000455e+02
7.413000000000000682e+02
7.413000000000000682e+02
7.392000000000000455e+02
7.413000000000000682e+02
7.371000000000000227e+02
7.371000000000000227e+02
7.350000000000000000e+02
7.371000000000000227e+02
7.371000000000000227e+02
7.392000000000000455e+02
7.392000000000000455e+02
7.392000000000000455e+02
7.371000000000000227e+02
7.328999999999999773e+02
7.182000000000000455e+02
7.161000000000000227e+02
7.035000000000000000e+02
7.013999999999999773e+02
7.056000000000000227e+02
7.035000000000000000e+02
7.013999999999999773e+02
7.013999999999999773e+02
7.098000000000000682e+02
7.140000000000000000e+02
7.245000000000000000e+02
7.287000000000000455e+02
7.308000000000000682e+02
6.762000000000000455e+02
6.741000000000000227e+02
7.371000000000000227e+02
7.392000000000000455e+02
7.371000000000000227e+02
7.245000000000000000e+02
7.245000000000000000e+02
7.287000000000000455e+02
7.308000000000000682e+02
7.308000000000000682e+02
7.328999999999999773e+02
7.287000000000000455e+02
7.182000000000000455e+02
7.182000000000000455e+02
7.118999999999999773e+02
7.077000000000000455e+02
7.013999999999999773e+02
7.013999999999999773e+02
6.972000000000000455e+02
6.930000000000000000e+02
6.930000000000000000e+02
6.993000000000000682e+02
6.972000000000000455e+02
6.972000000000000455e+02
7.287000000000000455e+02
7.266000000000000227e+02
7.308000000000000682e+02
7.371000000000000227e+02
7.392000000000000455e+02
7.371000000000000227e+02
7.392000000000000455e+02
7.413000000000000682e+02
7.413000000000000682e+02
7.392000000000000455e+02
7.413000000000000682e+02
7.413000000000000682e+02
7.413000000000000682e+02
7.371000000000000227e+02
7.392000000000000455e+02
7.392000000000000455e+02
3.843000000000000114e+02
3.926999999999999886e+02
3.885000000000000000e+02
3.948000000000000114e+02
4.074000000000000341e+02
4.200000000000000000e+02
4.200000000000000000e+02
4.158000000000000114e+02
4.200000000000000000e+02
4.200000000000000000e+02
4.221000000000000227e+02
4.200000000000000000e+02
4.242000000000000455e+02
4.179000000000000341e+02
4.116000000000000227e+02
4.074000000000000341e+02
3.990000000000000000e+02
3.969000000000000341e+02
3.990000000000000000e+02
3.990000000000000000e+02
3.948000000000000114e+02
3.990000000000000000e+02
4.095000000000000000e+02
4.179000000000000341e+02
4.221000000000000227e+02
4.200000000000000000e+02
4.263000000000000114e+02
4.221000000000000227e+02
4.179000000000000341e+02
4.179000000000000341e+02
4.200000000000000000e+02
4.137000000000000455e+02
4.137000000000000455e+02
3.969000000000000341e+02
3.906000000000000227e+02
3.926999999999999886e+02
3.885000000000000000e+02
3.906000000000000227e+02
3.926999999999999886e+02
7.413000000000000682e+02
7.413000000000000682e+02
7.371000000000000227e+02
7.392000000000000455e+02
7.371000000000000227e+02
7.371000000000000227e+02
7.413000000000000682e+02
7.371000000000000227e+02
7.392000000000000455e+02
7.371000000000000227e+02
7.371000000000000227e+02
7.371000000000000227e+02
7.392000000000000455e+02
7.371000000000000227e+02
7.287000000000000455e+02
7.223999999999999773e+02
7.077000000000000455e+02
7.077000000000000455e+02
7.035000000000000000e+02
6.972000000000000455e+02
6.951000000000000227e+02
6.972000000000000455e+02
6.951000000000000227e+02
6.993000000000000682e+02
6.993000000000000682e+02
7.056000000000000227e+02
7.056000000000000227e+02
7.056000000000000227e+02
7.098000000000000682e+02
7.118999999999999773e+02
7.056000000000000227e+02
7.287000000000000455e+02
7.223999999999999773e+02
7.223999999999999773e+02
7.223999999999999773e+02
7.245000000000000000e+02
7.161000000000000227e+02
7.013999999999999773e+02
7.035000000000000000e+02
7.056000000000000227e+02
7.056000000000000227e+02
7.056000000000000227e+02
7.077000000000000455e+02
7.013999999999999773e+02
7.056000000000000227e+02
7.013999999999999773e+02
7.056000000000000227e+02
6.993000000000000682e+02
7.013999999999999773e+02
7.035000000000000000e+02
7.118999999999999773e+02
7.077000000000000455e+02
7.182000000000000455e+02
7.182000000000000455e+02
7.245000000000000000e+02
7.266000000000000227e+02
7.328999999999999773e+02
7.413000000000000682e+02
7.413000000000000682e+02
7.392000000000000455e+02
7.392000000000000455e+02
7.392000000000000455e+02
7.413000000000000682e+02
7.392000000000000455e+02
7.350000000000000000e+02
7.328999999999999773e+02
7.350000000000000000e+02
7.371000000000000227e+02
7.371000000000000227e+02
3.821999999999999886e+02
3.885000000000000000e+02
3.843000000000000114e+02
3.843000000000000114e+02
4.032000000000000455e+02
4.053000000000000114e+02
4.116000000000000227e+02
4.179000000000000341e+02
4.158000000000000114e+02
4.221000000000000227e+02
4.242000000000000455e+02
4.221000000000000227e+02
4.221000000000000227e+02
4.263000000000000114e+02
4.242000000000000455e+02
4.032000000000000455e+02
3.969000000000000341e+02
3.926999999999999886e+02
3.948000000000000114e+02
3.969000000000000341e+02
3.948000000000000114e+02
3.969000000000000341e+02
3.948000000000000114e+02
4.263000000000000114e+02
4.242000000000000455e+02
4.221000000000000227e+02
4.200000000000000000e+02
4.242000000000000455e+02
4.242000000000000455e+02
4.179000000000000341e+02
4.200000000000000000e+02
4.116000000000000227e+02
4.116000000000000227e+02
4.053000000000000114e+02
3.948000000000000114e+02
3.948000000000000114e+02
3.906000000000000227e+02
3.926999999999999886e+02
3.843000000000000114e+02
7.350000000000000000e+02
7.328999999999999773e+02
7.328999999999999773e+02
7.328999999999999773e+02
7.350000000000000000e+02
7.328999999999999773e+02
7.392000000000000455e+02
7.413000000000000682e+02
7.455000000000000000e+02
7.413000000000000682e+02
7.433999999999999773e+02
7.413000000000000682e+02
7.287000000000000455e+02
7.245000000000000000e+02
7.266000000000000227e+02
7.182000000000000455e+02
7.161000000000000227e+02
7.161000000000000227e+02
7.140000000000000000e+02
7.118999999999999773e+02
7.056000000000000227e+02
7.056000000000000227e+02
7.056000000000000227e+02
6.993000000000000682e+02
6.972000000000000455e+02
7.035000000000000000e+02
6.993000000000000682e+02
7.035000000000000000e+02
7.077000000000000455e+02
7.056000000000000227e+02
7.035000000000000000e+02
6.993000000000000682e+02
6.972000000000000455e+02
6.615000000000000000e+02
6.573000000000000682e+02
6.573000000000000682e+02
6.593999999999999773e+02
6.552000000000000455e+02
6.972000000000000455e+02
7.013999999999999773e+02
7.077000000000000455e+02
7.013999999999999773e+02
7.098000000000000682e+02
7.098000000000000682e+02
7.013999999999999773e+02
7.013999999999999773e+02
6.993000000000000682e+02
7.056000000000000227e+02
7.098000000000000682e+02
7.098000000000000682e+02
7.161000000000000227e+02
7.098000000000000682e+02
7.118999999999999773e+02
7.118999999999999773e+02
7.161000000000000227e+02
7.140000000000000000e+02
7.140000000000000000e+02
7.161000000000000227e+02
7.203000000000000682e+02
7.161000000000000227e+02
7.161000000000000227e+02
7.371000000000000227e+02
7.350000000000000000e+02
7.392000000000000455e+02
7.371000000000000227e+02
7.350000000000000000e+02
7.392000000000000455e+02
7.371000000000000227e+02
7.308000000000000682e+02
7.350000000000000000e+02
3.843000000000000114e+02
3.864000000000000341e+02
3.885000000000000000e+02
3.864000000000000341e+02
3.969000000000000341e+02
4.053000000000000114e+02
4.200000000000000000e+02
4.158000000000000114e+02
4.200000000000000000e+02
4.242000000000000455e+02
4.263000000000000114e+02
4.200000000000000000e+02
4.221000000000000227e+02
4.200000000000000000e+02
4.074000000000000341e+02
4.011000000000000227e+02
4.032000000000000455e+02
3.948000000000000114e+02
4.116000000000000227e+02
4.179000000000000341e+02
4.221000000000000227e+02
4.200000000000000000e+02
4.200000000000000000e+02
4.179000000000000341e+02
4.179000000000000341e+02
4.116000000000000227e+02
3.948000000000000114e+02
3.948000000000000114e+02
3.948000000000000114e+02
3.948000000000000114e+02
3.906000000000000227e+02
3.948000000000000114e+02
3.864000000000000341e+02
7.287000000000000455e+02
7.287000000000000455e+02
7.350000000000000000e+02
7.287000000000000455e+02
7.350000000000000000e+02
7.328999999999999773e+02
7.413000000000000682e+02
6.972000000000000455e+02
6.972000000000000455e+02
7.182000000000000455e+02
7.182000000000000455e+02
7.118999999999999773e+02
7.118999999999999773e+02
7.118999999999999773e+02
7.098000000000000682e+02
7.098000000000000682e+02
7.118999999999999773e+02
7.098000000000000682e+02
7.140000000000000000e+02
6.531000000000000227e+02
6.488999999999999773e+02
6.383999999999999773e+02
6.405000000000000000e+02
6.405000000000000000e+02
6.447000000000000455e+02
7.098000000000000682e+02
7.098000000000000682e+02
6.951000000000000227e+02
7.013999999999999773e+02
6.993000000000000682e+02
6.951000000000000227e+02
6.972000000000000455e+02
6.993000000000000682e+02
6.447000000000000455e+02
6.405000000000000000e+02
6.908999999999999773e+02
6.951000000000000227e+02
6.846000000000000227e+02
6.908999999999999773e+02
6.803999999999999773e+02
6.762000000000000455e+02
6.531000000000000227e+02
6.510000000000000000e+02
6.468000000000000682e+02
6.426000000000000227e+02
6.426000000000000227e+02
6.447000000000000455e+02
6.405000000000000000e+02
6.426000000000000227e+02
6.383999999999999773e+02
6.888000000000000682e+02
6.930000000000000000e+02
7.056000000000000227e+02
7.118999999999999773e+02
7.118999999999999773e+02
7.098000000000000682e+02
7.161000000000000227e+02
7.140000000000000000e+02
7.140000000000000000e+02
7.140000000000000000e+02
7.035000000000000000e+02
7.287000000000000455e+02
7.266000000000000227e+02
7.287000000000000455e+02
7.287000000000000455e+02
7.328999999999999773e+02
3.843000000000000114e+02
3.864000000000000341e+02
3.885000000000000000e+02
3.885000000000000000e+02
3.990000000000000000e+02
4.074000000000000341e+02
4.179000000000000341e+02
4.200000000000000000e+02
4.200000000000000000e+02
4.242000000000000455e+02
4.305000000000000000e+02
4.305000000000000000e+02
4.242000000000000455e+02
3.969000000000000341e+02
4.032000000000000455e+02
4.347000000000000455e+02
4.305000000000000000e+02
4.284000000000000341e+02
4.221000000000000227e+02
4.221000000000000227e+02
4.179000000000000341e+02
4.242000000000000455e+02
7.308000000000000682e+02
7.266000000000000227e+02
7.328999999999999773e+02
7.308000000000000682e+02
7.287000000000000455e+02
7.350000000000000000e+02
7.328999999999999773e+02
7.413000000000000682e+02
7.266000000000000227e+02
7.203000000000000682e+02
7.140000000000000000e+02
7.118999999999999773e+02
7.077000000000000455e+02
7.077000000000000455e+02
7.077000000000000455e+02
7.056000000000000227e+02
7.056000000000000227e+02
7.013999999999999773e+02
6.993000000000000682e+02
7.013999999999999773e+02
7.013999999999999773e+02
7.013999999999999773e+02
6.405000000000000000e+02
6.510000000000000000e+02
6.510000000000000000e+02
6.488999999999999773e+02
6.552000000000000455e+02
6.552000000000000455e+02
6.657000000000000455e+02
6.615000000000000000e+02
6.636000000000000227e+02
6.615000000000000000e+02
6.405000000000000000e+02
6.383999999999999773e+02
6.363000000000000682e+02
6.405000000000000000e+02
6.488999999999999773e+02
6.593999999999999773e+02
6.593999999999999773e+02
6.552000000000000455e+02
6.552000000000000455e+02
6.531000000000000227e+02
6.531000000000000227e+02
6.488999999999999773e+02
6.426000000000000227e+02
6.426000000000000227e+02
6.383999999999999773e+02
7.013999999999999773e+02
7.056000000000000227e+02
7.035000000000000000e+02
7.013999999999999773e+02
6.993000000000000682e+02
7.013999999999999773e+02
7.035000000000000000e+02
7.077000000000000455e+02
7.077000000000000455e+02
7.118999999999999773e+02
7.140000000000000000e+02
7.161000000000000227e+02
7.098000000000000682e+02
7.140000000000000000e+02
7.245000000000000000e+02
7.287000000000000455e+02
3.654000000000000341e+02
3.654000000000000341e+02
3.675000000000000000e+02
3.926999999999999886e+02
3.926999999999999886e+02
3.990000000000000000e+02
3.969000000000000341e+02
3.969000000000000341e+02
4.305000000000000000e+02
3.969000000000000341e+02
3.948000000000000114e+02
4.011000000000000227e+02
3.948000000000000114e+02
3.654000000000000341e+02
3.675000000000000000e+02
3.611999999999999886e+02
3.654000000000000341e+02
7.161000000000000227e+02
7.203000000000000682e+02
7.161000000000000227e+02
7.140000000000000000e+02
7.118999999999999773e+02
7.118999999999999773e+02
7.077000000000000455e+02
7.035000000000000000e+02
7.013999999999999773e+02
7.035000000000000000e+02
7.056000000000000227e+02
7.035000000000000000e+02
7.056000000000000227e+02
7.013999999999999773e+02
6.447000000000000455e+02
6.447000000000000455e+02
6.468000000000000682e+02
6.468000000000000682e+02
6.531000000000000227e+02
6.510000000000000000e+02
6.531000000000000227e+02
6.552000000000000455e+02
6.552000000000000455e+02
6.552000000000000455e+02
6.510000000000000000e+02
6.468000000000000682e+02
6.426000000000000227e+02
6.405000000000000000e+02
6.426000000000000227e+02
6.510000000000000000e+02
6.552000000000000455e+02
6.552000000000000455e+02
6.531000000000000227e+02
6.531000000000000227e+02
6.488999999999999773e+02
6.488999999999999773e+02
6.510000000000000000e+02
6.405000000000000000e+02
6.426000000000000227e+02
7.013999999999999773e+02
7.035000000000000000e+02
7.013999999999999773e+02
7.035000000000000000e+02
7.013999999999999773e+02
7.013999999999999773e+02
7.056000000000000227e+02
7.098000000000000682e+02
7.077000000000000455e+02
7.077000000000000455e+02
7.098000000000000682e+02
7.182000000000000455e+02
7.118999999999999773e+02
3.654000000000000341e+02
3.654000000000000341e+02
3.633000000000000114e+02
3.633000000000000114e+02
3.633000000000000114e+02
3.633000000000000114e+02
3.759000000000000341e+02
3.780000000000000000e+02
3.780000000000000000e+02
3.759000000000000341e+02
3.633000000000000114e+02
3.654000000000000341e+02
3.633000000000000114e+02
3.611999999999999886e+02
3.611999999999999886e+02
3.570000000000000000e+02
3.570000000000000000e+02
3.549000000000000341e+02
7.161000000000000227e+02
7.203000000000000682e+02
7.140000000000000000e+02
7.077000000000000455e+02
7.056000000000000227e+02
7.077000000000000455e+02
7.013999999999999773e+02
7.013999999999999773e+02
7.013999999999999773e+02
7.013999999999999773e+02
7.013999999999999773e+02
7.013999999999999773e+02
7.035000000000000000e+02
7.035000000000000000e+02
6.405000000000000000e+02
6.447000000000000455e+02
6.552000000000000455e+02
6.531000000000000227e+02
6.488999999999999773e+02
6.488999999999999773e+02
6.468000000000000682e+02
6.488999999999999773e+02
6.447000000000000455e+02
6.426000000000000227e+02
6.426000000000000227e+02
6.468000000000000682e+02
6.468000000000000682e+02
6.447000000000000455e+02
6.468000000000000682e+02
6.426000000000000227e+02
6.468000000000000682e+02
6.468000000000000682e+02
6.488999999999999773e+02
6.488999999999999773e+02
6.447000000000000455e+02
6.468000000000000682e+02
6.447000000000000455e+02
6.426000000000000227e+02
7.035000000000000000e+02
7.013999999999999773e+02
7.035000000000000000e+02
7.056000000000000227e+02
6.993000000000000682e+02
7.013999999999999773e+02
6.993000000000000682e+02
7.056000000000000227e+02
7.035000000000000000e+02
7.077000000000000455e+02
7.118999999999999773e+02
3.591000000000000227e+02
3.611999999999999886e+02
3.549000000000000341e+02
3.611999999999999886e+02
3.611999999999999886e+02
3.570000000000000000e+02
3.611999999999999886e+02
3.611999999999999886e+02
3.633000000000000114e+02
3.611999999999999886e+02
3.611999999999999886e+02
3.675000000000000000e+02
3.675000000000000000e+02
3.759000000000000341e+02
3.716999999999999886e+02
3.716999999999999886e+02
3.716999999999999886e+02
3.716999999999999886e+02
3.716999999999999886e+02
3.759000000000000341e+02
3.780000000000000000e+02
3.633000000000000114e+02
3.654000000000000341e+02
3.654000000000000341e+02
3.633000000000000114e+02
3.591000000000000227e+02
3.486000000000000227e+02
3.506999999999999886e+02
3.528000000000000114e+02
3.591000000000000227e+02
3.591000000000000227e+02
3.591000000000000227e+02
3.591000000000000227e+02
3.570000000000000000e+02
3.591000000000000227e+02
3.611999999999999886e+02
6.972000000000000455e+02
6.972000000000000455e+02
6.993000000000000682e+02
6.993000000000000682e+02
6.972000000000000455e+02
6.972000000000000455e+02
7.035000000000000000e+02
7.013999999999999773e+02
7.013999999999999773e+02
6.426000000000000227e+02
6.383999999999999773e+02
6.405000000000000000e+02
6.488999999999999773e+02
6.426000000000000227e+02
6.468000000000000682e+02
6.447000000000000455e+02
6.447000000000000455e+02
6.405000000000000000e+02
6.426000000000000227e+02
6.573000000000000682e+02
6.552000000000000455e+02
6.657000000000000455e+02
6.657000000000000455e+02
6.678000000000000682e+02
6.741000000000000227e+02
6.825000000000000000e+02
6.383999999999999773e+02
6.405000000000000000e+02
6.447000000000000455e+02
6.405000000000000000e+02
6.447000000000000455e+02
6.405000000000000000e+02
6.383999999999999773e+02
6.405000000000000000e+02
6.383999999999999773e+02
7.035000000000000000e+02
7.035000000000000000e+02
6.972000000000000455e+02
6.930000000000000000e+02
6.972000000000000455e+02
6.951000000000000227e+02
6.951000000000000227e+02
3.591000000000000227e+02
3.591000000000000227e+02
3.591000000000000227e+02
3.611999999999999886e+02
3.570000000000000000e+02
3.570000000000000000e+02
3.570000000000000000e+02
3.591000000000000227e+02
3.570000000000000000e+02
3.549000000000000341e+02
3.611999999999999886e+02
3.611999999999999886e+02
3.570000000000000000e+02
3.570000000000000000e+02
3.611999999999999886e+02
3.633000000000000114e+02
3.675000000000000000e+02
3.759000000000000341e+02
3.633000000000000114e+02
3.633000000000000114e+02
3.633000000000000114e+02
3.654000000000000341e+02
3.570000000000000000e+02
3.570000000000000000e+02
3.633000000000000114e+02
3.570000000000000000e+02
3.570000000000000000e+02
3.570000000000000000e+02
3.611999999999999886e+02
3.633000000000000114e+02
3.570000000000000000e+02
3.570000000000000000e+02
3.591000000000000227e+02
3.633000000000000114e+02
3.633000000000000114e+02
6.867000000000000455e+02
6.908999999999999773e+02
6.908999999999999773e+02
6.972000000000000455e+02
6.972000000000000455e+02
7.013999999999999773e+02
6.363000000000000682e+02
6.363000000000000682e+02
6.383999999999999773e+02
6.447000000000000455e+02
6.426000000000000227e+02
6.426000000000000227e+02
6.426000000000000227e+02
6.908999999999999773e+02
6.972000000000000455e+02
6.867000000000000455e+02
6.698999999999999773e+02
6.698999999999999773e+02
6.698999999999999773e+02
6.698999999999999773e+02
6.678000000000000682e+02
6.698999999999999773e+02
6.698999999999999773e+02
6.783000000000000682e+02
6.867000000000000455e+02
6.825000000000000000e+02
6.972000000000000455e+02
6.383999999999999773e+02
6.405000000000000000e+02
6.405000000000000000e+02
6.383999999999999773e+02
6.383999999999999773e+02
6.342000000000000455e+02
6.383999999999999773e+02
6.951000000000000227e+02
6.867000000000000455e+02
6.908999999999999773e+02
6.846000000000000227e+02
6.908999999999999773e+02
3.633000000000000114e+02
3.570000000000000000e+02
3.591000000000000227e+02
3.611999999999999886e+02
3.570000000000000000e+02
3.570000000000000000e+02
3.570000000000000000e+02
3.570000000000000000e+02
3.591000000000000227e+02
3.591000000000000227e+02
3.570000000000000000e+02
3.633000000000000114e+02
3.528000000000000114e+02
3.611999999999999886e+02
3.654000000000000341e+02
3.633000000000000114e+02
3.654000000000000341e+02
3.654000000000000341e+02
3.611999999999999886e+02
3.654000000000000341e+02
3.675000000000000000e+02
3.633000000000000114e+02
3.633000000000000114e+02
3.633000000000000114e+02
3.633000000000000114e+02
3.633000000000000114e+02
3.549000000000000341e+02
3.591000000000000227e+02
3.570000000000000000e+02
3.591000000000000227e+02
3.611999999999999886e+02
3.570000000000000000e+02
3.611999999999999886e+02
3.611999999999999886e+02
3.611999999999999886e+02
3.570000000000000000e+02
3.591000000000000227e+02
3.591000000000000227e+02
3.611999999999999886e+02
3.633000000000000114e+02
3.570000000000000000e+02
6.846000000000000227e+02
6.867000000000000455e+02
6.342000000000000455e+02
6.342000000000000455e+02
6.405000000000000000e+02
6.383999999999999773e+02
6.405000000000000000e+02
6.405000000000000000e+02
6.405000000000000000e+02
7.013999999999999773e+02
6.972000000000000455e+02
6.846000000000000227e+02
6.846000000000000227e+02
6.783000000000000682e+02
6.720000000000000000e+02
6.741000000000000227e+02
6.720000000000000000e+02
6.720000000000000000e+02
6.698999999999999773e+02
6.741000000000000227e+02
6.741000000000000227e+02
6.762000000000000455e+02
6.783000000000000682e+02
6.803999999999999773e+02
6.993000000000000682e+02
6.363000000000000682e+02
6.363000000000000682e+02
6.363000000000000682e+02
6.383999999999999773e+02
6.405000000000000000e+02
6.363000000000000682e+02
6.383999999999999773e+02
6.867000000000000455e+02
6.762000000000000455e+02
3.611999999999999886e+02
3.611999999999999886e+02
3.611999999999999886e+02
3.591000000000000227e+02
3.570000000000000000e+02
3.591000000000000227e+02
3.570000000000000000e+02
3.633000000000000114e+02
3.570000000000000000e+02
3.570000000000000000e+02
3.570000000000000000e+02
3.611999999999999886e+02
3.611999999999999886e+02
3.591000000000000227e+02
3.591000000000000227e+02
3.528000000000000114e+02
3.570000000000000000e+02
3.654000000000000341e+02
3.611999999999999886e+02
3.633000000000000114e+02
3.654000000000000341e+02
3.633000000000000114e+02
3.654000000000000341e+02
3.633000000000000114e+02
3.611999999999999886e+02
3.611999999999999886e+02
3.591000000000000227e+02
3.570000000000000000e+02
3.611999999999999886e+02
3.591000000000000227e+02
3.611999999999999886e+02
3.570000000000000000e+02
3.591000000000000227e+02
3.591000000000000227e+02
3.591000000000000227e+02
3.591000000000000227e+02
3.591000000000000227e+02
3.591000000000000227e+02
3.570000000000000000e+02
3.611999999999999886e+02
3.591000000000000227e+02
3.591000000000000227e+02
6.383999999999999773e+02
6.383999999999999773e+02
6.383999999999999773e+02
6.426000000000000227e+02
6.363000000000000682e+02
6.363000000000000682e+02
7.013999999999999773e+02
6.846000000000000227e+02
6.803999999999999773e+02
6.783000000000000682e+02
6.825000000000000000e+02
6.741000000000000227e+02
6.762000000000000455e+02
6.741000000000000227e+02
6.741000000000000227e+02
6.762000000000000455e+02
6.720000000000000000e+02
6.741000000000000227e+02
6.762000000000000455e+02
6.762000000000000455e+02
6.803999999999999773e+02
6.762000000000000455e+02
6.867000000000000455e+02
6.930000000000000000e+02
6.993000000000000682e+02
6.383999999999999773e+02
6.405000000000000000e+02
6.383999999999999773e+02
3.696000000000000227e+02
3.611999999999999886e+02
3.591000000000000227e+02
3.633000000000000114e+02
3.570000000000000000e+02
3.570000000000000000e+02
3.591000000000000227e+02
3.611999999999999886e+02
3.591000000000000227e+02
3.611999999999999886e+02
3.570000000000000000e+02
3.591000000000000227e+02
3.591000000000000227e+02
3.611999999999999886e+02
3.570000000000000000e+02
3.633000000000000114e+02
3.633000000000000114e+02
3.506999999999999886e+02
3.611999999999999886e+02
3.675000000000000000e+02
3.654000000000000341e+02
3.654000000000000341e+02
3.633000000000000114e+02
3.675000000000000000e+02
3.611999999999999886e+02
3.611999999999999886e+02
3.654000000000000341e+02
3.611999999999999886e+02
3.633000000000000114e+02
3.633000000000000114e+02
3.633000000000000114e+02
3.591000000000000227e+02
3.633000000000000114e+02
3.570000000000000000e+02
3.570000000000000000e+02
3.611999999999999886e+02
3.611999999999999886e+02
3.633000000000000114e+02
3.611999999999999886e+02
3.611999999999999886e+02
3.611999999999999886e+02
3.675000000000000000e+02
3.633000000000000114e+02
6.405000000000000000e+02
6.383999999999999773e+02
6.405000000000000000e+02
6.383999999999999773e+02
6.951000000000000227e+02
6.951000000000000227e+02
6.783000000000000682e+02
6.762000000000000455e+02
6.783000000000000682e+02
6.741000000000000227e+02
6.741000000000000227e+02
6.783000000000000682e+02
6.762000000000000455e+02
6.783000000000000682e+02
6.803999999999999773e+02
6.762000000000000455e+02
6.741000000000000227e+02
6.762000000000000455e+02
6.741000000000000227e+02
6.741000000000000227e+02
6.803999999999999773e+02
6.867000000000000455e+02
6.908999999999999773e+02
6.993000000000000682e+02
6.383999999999999773e+02
6.405000000000000000e+02
3.611999999999999886e+02
3.633000000000000114e+02
3.591000000000000227e+02
3.591000000000000227e+02
3.591000000000000227e+02
3.654000000000000341e+02
3.633000000000000114e+02
3.633000000000000114e+02
3.633000000000000114e+02
3.633000000000000114e+02
3.591000000000000227e+02
3.591000000000000227e+02
3.591000000000000227e+02
3.633000000000000114e+02
3.654000000000000341e+02
3.633000000000000114e+02
3.611999999999999886e+02
3.611999999999999886e+02
3.654000000000000341e+02
3.654000000000000341e+02
3.696000000000000227e+02
3.675000000000000000e+02
3.654000000000000341e+02
3.675000000000000000e+02
3.654000000000000341e+02
3.633000000000000114e+02
3.591000000000000227e+02
3.633000000000000114e+02
3.591000000000000227e+02
3.654000000000000341e+02
3.591000000000000227e+02
3.591000000000000227e+02
3.591000000000000227e+02
3.591000000000000227e+02
3.611999999999999886e+02
3.611999999999999886e+02
3.611999999999999886e+02
3.633000000000000114e+02
3.633000000000000114e+02
3.675000000000000000e+02
3.654000000000000341e+02
3.716999999999999886e+02
6.930000000000000000e+02
6.972000000000000455e+02
6.930000000000000000e+02
6.930000000000000000e+02
6.825000000000000000e+02
6.741000000000000227e+02
6.762000000000000455e+02
6.762000000000000455e+02
6.783000000000000682e+02
6.803999999999999773e+02
6.803999999999999773e+02
6.825000000000000000e+02
6.846000000000000227e+02
6.825000000000000000e+02
6.803999999999999773e+02
6.741000000000000227e+02
6.698999999999999773e+02
6.720000000000000000e+02
6.825000000000000000e+02
6.908999999999999773e+02
6.908999999999999773e+02
6.930000000000000000e+02
3.675000000000000000e+02
3.591000000000000227e+02
3.654000000000000341e+02
3.611999999999999886e+02
3.633000000000000114e+02
3.633000000000000114e+02
3.633000000000000114e+02
3.591000000000000227e+02
3.611999999999999886e+02
3.633000000000000114e+02
3.633000000000000114e+02
3.633000000000000114e+02
3.633000000000000114e+02
3.654000000000000341e+02
3.611999999999999886e+02
3.633000000000000114e+02
3.633000000000000114e+02
3.675000000000000000e+02
3.654000000000000341e+02
3.654000000000000341e+02
3.654000000000000341e+02
3.654000000000000341e+02
3.611999999999999886e+02
3.633000000000000114e+02
3.611999999999999886e+02
3.633000000000000114e+02
3.633000000000000114e+02
3.611999999999999886e+02
3.633000000000000114e+02
3.675000000000000000e+02
3.611999999999999886e+02
3.611999999999999886e+02
3.654000000000000341e+02
3.675000000000000000e+02
6.867000000000000455e+02
6.846000000000000227e+02
6.908999999999999773e+02
3.549000000000000341e+02
3.611999999999999886e+02
3.675000000000000000e+02
3.654000000000000341e+02
3.696000000000000227e+02
3.738000000000000114e+02
6.278999999999999773e+02
6.363000000000000682e+02
6.321000000000000227e+02
3.675000000000000000e+02
3.675000000000000000e+02
3.696000000000000227e+02
3.633000000000000114e+02
3.570000000000000000e+02
3.591000000000000227e+02
3.591000000000000227e+02
3.591000000000000227e+02
3.611999999999999886e+02
3.611999999999999886e+02
3.696000000000000227e+02
3.611999999999999886e+02
3.591000000000000227e+02
3.675000000000000000e+02
3.611999999999999886e+02
3.611999999999999886e+02
3.633000000000000114e+02
3.611999999999999886e+02
3.654000000000000341e+02
3.696000000000000227e+02
3.654000000000000341e+02
3.716999999999999886e+02
3.738000000000000114e+02
3.633000000000000114e+02
3.654000000000000341e+02
3.654000000000000341e+02
3.611999999999999886e+02
3.591000000000000227e+02
3.654000000000000341e+02
3.654000000000000341e+02
3.611999999999999886e+02
3.633000000000000114e+02
3.675000000000000000e+02
3.654000000000000341e+02
3.675000000000000000e+02
3.654000000000000341e+02
3.570000000000000000e+02
3.591000000000000227e+02
3.591000000000000227e+02
3.633000000000000114e+02
3.654000000000000341e+02
3.675000000000000000e+02
6.405000000000000000e+02
6.383999999999999773e+02
6.383999999999999773e+02
6.426000000000000227e+02
6.531000000000000227e+02
6.426000000000000227e+02
6.488999999999999773e+02
6.447000000000000455e+02
3.611999999999999886e+02
3.611999999999999886e+02
3.611999999999999886e+02
3.633000000000000114e+02
3.611999999999999886e+02
3.611999999999999886e+02
3.633000000000000114e+02
3.633000000000000114e+02
3.633000000000000114e+02
3.675000000000000000e+02
3.675000000000000000e+02
3.654000000000000341e+02
3.654000000000000341e+02
3.654000000000000341e+02
3.591000000000000227e+02
3.654000000000000341e+02
3.675000000000000000e+02
6.593999999999999773e+02
6.615000000000000000e+02
6.593999999999999773e+02
3.611999999999999886e+02
3.591000000000000227e+02
3.675000000000000000e+02
3.675000000000000000e+02
3.696000000000000227e+02
6.488999999999999773e+02
6.488999999999999773e+02
6.488999999999999773e+02
6.510000000000000000e+02
6.531000000000000227e+02
6.488999999999999773e+02
6.531000000000000227e+02
6.488999999999999773e+02
6.488999999999999773e+02
6.468000000000000682e+02
3.696000000000000227e+02
3.654000000000000341e+02
3.633000000000000114e+02
6.636000000000000227e+02
6.615000000000000000e+02
6.615000000000000000e+02
6.657000000000000455e+02
6.615000000000000000e+02
6.615000000000000000e+02
6.615000000000000000e+02
6.657000000000000455e+02
6.657000000000000455e+02
6.698999999999999773e+02
3.675000000000000000e+02
3.675000000000000000e+02
6.405000000000000000e+02
6.447000000000000455e+02
6.510000000000000000e+02
6.468000000000000682e+02
6.510000000000000000e+02
6.510000000000000000e+02
6.468000000000000682e+02
6.468000000000000682e+02
6.488999999999999773e+02
6.488999999999999773e+02
6.488999999999999773e+02
6.468000000000000682e+02
6.426000000000000227e+02
6.405000000000000000e+02
6.593999999999999773e+02
6.615000000000000000e+02
6.615000000000000000e+02
6.593999999999999773e+02
6.636000000000000227e+02
6.636000000000000227e+02
6.573000000000000682e+02
6.657000000000000455e+02
6.615000000000000000e+02
6.405000000000000000e+02
6.383999999999999773e+02
6.363000000000000682e+02
6.426000000000000227e+02
6.488999999999999773e+02
6.531000000000000227e+02
6.488999999999999773e+02
6.468000000000000682e+02
6.531000000000000227e+02
6.510000000000000000e+02
6.531000000000000227e+02
6.488999999999999773e+02
6.488999999999999773e+02
6.531000000000000227e+02
6.488999999999999773e+02
6.468000000000000682e+02
6.573000000000000682e+02
6.573000000000000682e+02
6.573000000000000682e+02
6.573000000000000682e+02
6.593999999999999773e+02
6.573000000000000682e+02
6.488999999999999773e+02
6.510000000000000000e+02
6.531000000000000227e+02
6.510000000000000000e+02
6.468000000000000682e+02
6.488999999999999773e+02
6.510000000000000000e+02
6.510000000000000000e+02
6.531000000000000227e+02
6.573000000000000682e+02
6.552000000000000455e+02
6.488999999999999773e+02
6.636000000000000227e+02
6.593999999999999773e+02
6.573000000000000682e+02
6.573000000000000682e+02
6.615000000000000000e+02
6.615000000000000000e+02
6.593999999999999773e+02
6.573000000000000682e+02
6.573000000000000682e+02
6.573000000000000682e+02
6.531000000000000227e+02
6.531000000000000227e+02
6.531000000000000227e+02
6.510000000000000000e+02
6.552000000000000455e+02
6.510000000000000000e+02
6.468000000000000682e+02
6.447000000000000455e+02
6.531000000000000227e+02
6.510000000000000000e+02
6.488999999999999773e+02
6.488999999999999773e+02
6.531000000000000227e+02
6.488999999999999773e+02
6.510000000000000000e+02
6.531000000000000227e+02
6.531000000000000227e+02
6.593999999999999773e+02
6.552000000000000455e+02
6.531000000000000227e+02
6.488999999999999773e+02
6.531000000000000227e+02
6.488999999999999773e+02
6.468000000000000682e+02
6.510000000000000000e+02
6.531000000000000227e+02
6.510000000000000000e+02
6.447000000000000455e+02
6.426000000000000227e+02
6.342000000000000455e+02
6.405000000000000000e+02
6.468000000000000682e+02
6.447000000000000455e+02
6.447000000000000455e+02
6.468000000000000682e+02
6.447000000000000455e+02
6.488999999999999773e+02
6.488999999999999773e+02
6.488999999999999773e+02
6.531000000000000227e+02
6.510000000000000000e+02
6.468000000000000682e+02
6.488999999999999773e+02
6.468000000000000682e+02
6.447000000000000455e+02
6.510000000000000000e+02
6.510000000000000000e+02
6.195000000000000000e+02
6.195000000000000000e+02
6.216000000000000227e+02
6.111000000000000227e+02
6.531000000000000227e+02
6.468000000000000682e+02
6.447000000000000455e+02
6.468000000000000682e+02
6.488999999999999773e+02
6.510000000000000000e+02
6.531000000000000227e+02
6.132000000000000455e+02
