-3.141592653589793116e-01
-3.141592653589793116e-01
-3.141592653589793116e-01
-3.141592653589793116e-01
-3.141592653589793116e-01
-3.141592653589793116e-01
-3.141592653589793116e-01
-3.141592653589793116e-01
-3.141592653589793116e-01
-3.141592653589793116e-01
-3.141592653589793116e-01
-3.141592653589793116e-01
-3.141592653589793116e-01
-3.141592653589793116e-01
-2.356194490192344837e-01
-2.356194490192344837e-01
-2.356194490192344837e-01
-2.356194490192344837e-01
-1.570796326794896558e-01
-1.570796326794896558e-01
-1.570796326794896558e-01
-7.853981633974482790e-02
-7.853981633974482790e-02
-7.853981633974482790e-02
-7.853981633974482790e-02
-7.853981633974482790e-02
0.000000000000000000e+00
0.000000000000000000e+00
0.000000000000000000e+00
0.000000000000000000e+00
7.853981633974482790e-02
7.853981633974482790e-02
7.853981633974482790e-02
7.853981633974482790e-02
7.853981633974482790e-02
1.570796326794896558e-01
1.570796326794896558e-01
1.570796326794896558e-01
1.570796326794896558e-01
1.570796326794896558e-01
1.570796326794896558e-01
1.570796326794896558e-01
1.570796326794896558e-01
1.570796326794896558e-01
1.570796326794896558e-01
1.570796326794896558e-01
1.570796326794896558e-01
1.570796326794896558e-01
2.356194490192344837e-01
2.356194490192344837e-01
2.356194490192344837e-01
2.356194490192344837e-01
2.356194490192344837e-01
2.356194490192344837e-01
2.356194490192344837e-01
2.356194490192344837e-01
2.356194490192344837e-01
2.356194490192344837e-01
2.356194490192344837e-01
2.356194490192344837e-01
2.356194490192344837e-01
2.356194490192344837e-01
2.356194490192344837e-01
2.356194490192344837e-01
3.141592653589793116e-01
3.141592653589793116e-01
3.141592653589793116e-01
3.141592653589793116e-01
3.141592653589793116e-01
3.141592653589793116e-01
3.141592653589793116e-01
3.141592653589793116e-01
3.141592653589793116e-01
3.141592653589793116e-01
3.141592653589793116e-01
3.141592653589793116e-01
3.141592653589793116e-01
3.141592653589793116e-01
