-3.848451000647496456e-01
-3.691371367968007688e-01
-3.691371367968007688e-01
-3.691371367968007688e-01
-3.534291735288517255e-01
-3.534291735288517255e-01
-3.534291735288517255e-01
-3.534291735288517255e-01
-3.455751918948772872e-01
-3.377212102609027933e-01
-3.377212102609027933e-01
-3.377212102609027933e-01
-3.377212102609027933e-01
1.413716694115406680e-01
1.492256510455151897e-01
1.492256510455151897e-01
1.492256510455151897e-01
1.492256510455151897e-01
1.570796326794896558e-01
1.570796326794896558e-01
1.570796326794896558e-01
1.570796326794896558e-01
1.649336143134641497e-01
1.649336143134641497e-01
1.649336143134641497e-01
1.649336143134641497e-01
1.727875959474386436e-01
1.727875959474386436e-01
1.727875959474386436e-01
1.727875959474386436e-01
1.806415775814131097e-01
1.806415775814131097e-01
1.806415775814131097e-01
1.806415775814131097e-01
1.884955592153875759e-01
1.884955592153875759e-01
1.884955592153875759e-01
1.884955592153875759e-01
1.963495408493620697e-01
1.963495408493620697e-01
1.963495408493620697e-01
1.963495408493620697e-01
2.042035224833365636e-01
2.042035224833365636e-01
2.042035224833365636e-01
2.042035224833365636e-01
2.120575041173110575e-01
2.120575041173110575e-01
2.120575041173110575e-01
2.120575041173110575e-01
2.199114857512854959e-01
2.199114857512854959e-01
2.199114857512854959e-01
2.199114857512854959e-01
2.277654673852600176e-01
2.277654673852600176e-01
2.277654673852600176e-01
2.277654673852600176e-01
2.356194490192344837e-01
2.356194490192344837e-01
2.356194490192344837e-01
2.356194490192344837e-01
2.434734306532090053e-01
2.434734306532090053e-01
2.434734306532090053e-01
2.434734306532090053e-01
2.513274122871834715e-01
2.591813939211579099e-01
2.591813939211579099e-01
2.670353755551324038e-01
2.670353755551324038e-01
2.670353755551324038e-01
2.670353755551324038e-01
2.748893571891068976e-01
2.827433388230813360e-01
3.141592653589793116e-01
-1.963495408493620697e-01
-1.963495408493620697e-01
-1.963495408493620697e-01
-1.963495408493620697e-01
-1.963495408493620697e-01
-1.963495408493620697e-01
-1.963495408493620697e-01
-1.963495408493620697e-01
-1.963495408493620697e-01
-1.963495408493620697e-01
-1.963495408493620697e-01
-1.963495408493620697e-01
-1.963495408493620697e-01
-1.963495408493620697e-01
-1.963495408493620697e-01
-1.806415775814131097e-01
-1.806415775814131097e-01
-1.806415775814131097e-01
-1.806415775814131097e-01
-1.806415775814131097e-01
-1.806415775814131097e-01
-1.806415775814131097e-01
-1.806415775814131097e-01
-1.806415775814131097e-01
-1.806415775814131097e-01
-1.806415775814131097e-01
-1.806415775814131097e-01
-1.806415775814131097e-01
-1.806415775814131097e-01
-1.806415775814131097e-01
-1.806415775814131097e-01
-1.806415775814131097e-01
-1.806415775814131097e-01
-1.806415775814131097e-01
-1.806415775814131097e-01
-1.806415775814131097e-01
-1.806415775814131097e-01
-1.806415775814131097e-01
-1.806415775814131097e-01
-1.649336143134641497e-01
-1.649336143134641497e-01
-1.649336143134641497e-01
-1.649336143134641497e-01
-1.649336143134641497e-01
-1.649336143134641497e-01
-1.649336143134641497e-01
-1.649336143134641497e-01
-1.649336143134641497e-01
-1.649336143134641497e-01
-1.649336143134641497e-01
-1.649336143134641497e-01
-1.649336143134641497e-01
-1.649336143134641497e-01
-1.649336143134641497e-01
-1.649336143134641497e-01
-1.649336143134641497e-01
-1.492256510455151897e-01
-1.492256510455151897e-01
-1.492256510455151897e-01
-1.492256510455151897e-01
-1.492256510455151897e-01
-1.492256510455151897e-01
-1.492256510455151897e-01
-1.492256510455151897e-01
-1.492256510455151897e-01
-1.492256510455151897e-01
-1.492256510455151897e-01
-1.492256510455151897e-01
-1.492256510455151897e-01
-1.492256510455151897e-01
-1.492256510455151897e-01
-1.492256510455151897e-01
-1.492256510455151897e-01
-1.335176877775662019e-01
-1.335176877775662019e-01
-1.335176877775662019e-01
-1.335176877775662019e-01
-1.335176877775662019e-01
-1.335176877775662019e-01
-1.335176877775662019e-01
-1.335176877775662019e-01
-1.335176877775662019e-01
-1.335176877775662019e-01
-1.335176877775662019e-01
-1.335176877775662019e-01
-1.335176877775662019e-01
-1.335176877775662019e-01
-1.335176877775662019e-01
-1.335176877775662019e-01
-1.335176877775662019e-01
-1.335176877775662019e-01
-1.178097245096172418e-01
-1.178097245096172418e-01
-1.178097245096172418e-01
-1.178097245096172418e-01
-1.178097245096172418e-01
-1.178097245096172418e-01
-1.178097245096172418e-01
-1.178097245096172418e-01
-1.178097245096172418e-01
-1.178097245096172418e-01
-1.178097245096172418e-01
-1.178097245096172418e-01
-1.178097245096172418e-01
-1.178097245096172418e-01
-1.178097245096172418e-01
-1.178097245096172418e-01
-1.021017612416682818e-01
-1.021017612416682818e-01
-1.021017612416682818e-01
-1.021017612416682818e-01
-1.021017612416682818e-01
-1.021017612416682818e-01
-1.021017612416682818e-01
-1.021017612416682818e-01
-1.021017612416682818e-01
-1.021017612416682818e-01
-1.021017612416682818e-01
-1.021017612416682818e-01
-1.021017612416682818e-01
-1.021017612416682818e-01
-1.021017612416682818e-01
-1.021017612416682818e-01
-8.639379797371932179e-02
-8.639379797371932179e-02
-8.639379797371932179e-02
-8.639379797371932179e-02
-8.639379797371932179e-02
-8.639379797371932179e-02
-8.639379797371932179e-02
-8.639379797371932179e-02
-8.639379797371932179e-02
-8.639379797371932179e-02
-8.639379797371932179e-02
-8.639379797371932179e-02
-8.639379797371932179e-02
-8.639379797371932179e-02
-8.639379797371932179e-02
-8.639379797371932179e-02
-8.639379797371932179e-02
-7.068583470577033401e-02
-7.068583470577033401e-02
-7.068583470577033401e-02
-7.068583470577033401e-02
-7.068583470577033401e-02
-7.068583470577033401e-02
-7.068583470577033401e-02
-7.068583470577033401e-02
-7.068583470577033401e-02
-7.068583470577033401e-02
-7.068583470577033401e-02
-7.068583470577033401e-02
-7.068583470577033401e-02
-7.068583470577033401e-02
-7.068583470577033401e-02
-7.068583470577033401e-02
-7.068583470577033401e-02
-7.068583470577033401e-02
-5.497787143782137398e-02
-5.497787143782137398e-02
-5.497787143782137398e-02
-5.497787143782137398e-02
-5.497787143782137398e-02
-5.497787143782137398e-02
-5.497787143782137398e-02
-5.497787143782137398e-02
-5.497787143782137398e-02
-5.497787143782137398e-02
-5.497787143782137398e-02
-5.497787143782137398e-02
-5.497787143782137398e-02
-5.497787143782137398e-02
-5.497787143782137398e-02
-5.497787143782137398e-02
-5.497787143782137398e-02
-5.497787143782137398e-02
-3.926990816987241395e-02
-3.926990816987241395e-02
-3.926990816987241395e-02
-3.926990816987241395e-02
-3.926990816987241395e-02
-3.926990816987241395e-02
-3.926990816987241395e-02
-3.926990816987241395e-02
-3.926990816987241395e-02
-3.926990816987241395e-02
-3.926990816987241395e-02
-3.926990816987241395e-02
-3.926990816987241395e-02
-3.926990816987241395e-02
-2.356194490192344698e-02
-2.356194490192344698e-02
-7.853981633974483484e-03
-7.853981633974483484e-03
-7.853981633974483484e-03
-7.853981633974483484e-03
-7.853981633974483484e-03
-7.853981633974483484e-03
-7.853981633974483484e-03
-7.853981633974483484e-03
-7.853981633974483484e-03
-7.853981633974483484e-03
-7.853981633974483484e-03
-7.853981633974483484e-03
-7.853981633974483484e-03
7.853981633974483484e-03
7.853981633974483484e-03
7.853981633974483484e-03
7.853981633974483484e-03
7.853981633974483484e-03
7.853981633974483484e-03
7.853981633974483484e-03
7.853981633974483484e-03
7.853981633974483484e-03
7.853981633974483484e-03
7.853981633974483484e-03
7.853981633974483484e-03
7.853981633974483484e-03
7.853981633974483484e-03
2.356194490192344698e-02
2.356194490192344698e-02
2.356194490192344698e-02
2.356194490192344698e-02
2.356194490192344698e-02
2.356194490192344698e-02
2.356194490192344698e-02
2.356194490192344698e-02
2.356194490192344698e-02
2.356194490192344698e-02
2.356194490192344698e-02
2.356194490192344698e-02
3.926990816987241395e-02
3.926990816987241395e-02
3.926990816987241395e-02
3.926990816987241395e-02
3.926990816987241395e-02
3.926990816987241395e-02
3.926990816987241395e-02
3.926990816987241395e-02
3.926990816987241395e-02
3.926990816987241395e-02
3.926990816987241395e-02
5.497787143782137398e-02
5.497787143782137398e-02
5.497787143782137398e-02
5.497787143782137398e-02
5.497787143782137398e-02
5.497787143782137398e-02
5.497787143782137398e-02
5.497787143782137398e-02
5.497787143782137398e-02
5.497787143782137398e-02
5.497787143782137398e-02
5.497787143782137398e-02
5.497787143782137398e-02
5.497787143782137398e-02
5.497787143782137398e-02
5.497787143782137398e-02
5.497787143782137398e-02
1.492256510455151897e-01
1.492256510455151897e-01
1.492256510455151897e-01
1.492256510455151897e-01
1.649336143134641497e-01
1.649336143134641497e-01
1.649336143134641497e-01
1.649336143134641497e-01
1.649336143134641497e-01
1.649336143134641497e-01
1.806415775814131097e-01
1.806415775814131097e-01
1.806415775814131097e-01
1.806415775814131097e-01
1.806415775814131097e-01
1.963495408493620697e-01
1.963495408493620697e-01
1.963495408493620697e-01
1.963495408493620697e-01
1.963495408493620697e-01
1.963495408493620697e-01
1.963495408493620697e-01
1.963495408493620697e-01
1.963495408493620697e-01
1.963495408493620697e-01
1.963495408493620697e-01
1.963495408493620697e-01
1.963495408493620697e-01
1.963495408493620697e-01
1.963495408493620697e-01
1.963495408493620697e-01
1.963495408493620697e-01
1.963495408493620697e-01
1.963495408493620697e-01
1.963495408493620697e-01
1.963495408493620697e-01
1.963495408493620697e-01
1.963495408493620697e-01
1.963495408493620697e-01
