4.977000000000000455e+02
4.788000000000000114e+02
4.704000000000000341e+02
4.725000000000000000e+02
4.767000000000000455e+02
4.809000000000000341e+02
4.767000000000000455e+02
4.830000000000000000e+02
4.683000000000000114e+02
4.746000000000000227e+02
4.767000000000000455e+02
4.767000000000000455e+02
4.767000000000000455e+02
4.851000000000000227e+02
4.746000000000000227e+02
4.704000000000000341e+02
4.998000000000000114e+02
4.998000000000000114e+02
4.977000000000000455e+02
5.019000000000000341e+02
5.019000000000000341e+02
5.019000000000000341e+02
4.935000000000000000e+02
4.956000000000000227e+02
4.977000000000000455e+02
4.935000000000000000e+02
4.872000000000000455e+02
4.830000000000000000e+02
4.830000000000000000e+02
4.851000000000000227e+02
4.809000000000000341e+02
4.788000000000000114e+02
4.851000000000000227e+02
4.830000000000000000e+02
4.851000000000000227e+02
4.788000000000000114e+02
4.767000000000000455e+02
4.725000000000000000e+02
4.704000000000000341e+02
4.809000000000000341e+02
4.788000000000000114e+02
4.767000000000000455e+02
4.725000000000000000e+02
4.998000000000000114e+02
5.019000000000000341e+02
5.019000000000000341e+02
4.998000000000000114e+02
4.977000000000000455e+02
4.977000000000000455e+02
5.040000000000000000e+02
4.998000000000000114e+02
5.082000000000000455e+02
5.061000000000000227e+02
5.040000000000000000e+02
4.977000000000000455e+02
5.040000000000000000e+02
5.019000000000000341e+02
5.019000000000000341e+02
4.977000000000000455e+02
4.956000000000000227e+02
4.935000000000000000e+02
4.977000000000000455e+02
5.019000000000000341e+02
4.998000000000000114e+02
4.956000000000000227e+02
4.914000000000000341e+02
4.893000000000000114e+02
4.914000000000000341e+02
4.872000000000000455e+02
4.872000000000000455e+02
4.851000000000000227e+02
4.851000000000000227e+02
4.872000000000000455e+02
4.893000000000000114e+02
5.250000000000000000e+02
5.082000000000000455e+02
5.082000000000000455e+02
5.082000000000000455e+02
4.893000000000000114e+02
4.746000000000000227e+02
4.788000000000000114e+02
4.935000000000000000e+02
4.977000000000000455e+02
4.935000000000000000e+02
4.347000000000000455e+02
4.368000000000000114e+02
5.019000000000000341e+02
5.019000000000000341e+02
4.998000000000000114e+02
4.935000000000000000e+02
4.956000000000000227e+02
4.977000000000000455e+02
5.082000000000000455e+02
5.040000000000000000e+02
5.040000000000000000e+02
5.019000000000000341e+02
4.998000000000000114e+02
5.082000000000000455e+02
5.123999999999999773e+02
5.187000000000000455e+02
5.145000000000000000e+02
5.040000000000000000e+02
5.019000000000000341e+02
4.998000000000000114e+02
4.977000000000000455e+02
4.998000000000000114e+02
5.061000000000000227e+02
5.019000000000000341e+02
5.019000000000000341e+02
5.061000000000000227e+02
5.061000000000000227e+02
4.431000000000000227e+02
4.494000000000000341e+02
4.473000000000000114e+02
4.410000000000000000e+02
4.326000000000000227e+02
4.284000000000000341e+02
4.851000000000000227e+02
4.767000000000000455e+02
4.767000000000000455e+02
4.893000000000000114e+02
4.725000000000000000e+02
4.620000000000000000e+02
4.767000000000000455e+02
4.767000000000000455e+02
5.019000000000000341e+02
4.893000000000000114e+02
4.872000000000000455e+02
4.935000000000000000e+02
4.914000000000000341e+02
5.019000000000000341e+02
5.103000000000000114e+02
5.123999999999999773e+02
4.515000000000000000e+02
4.389000000000000341e+02
4.410000000000000000e+02
4.410000000000000000e+02
4.410000000000000000e+02
4.389000000000000341e+02
4.326000000000000227e+02
4.284000000000000341e+02
4.326000000000000227e+02
5.019000000000000341e+02
5.040000000000000000e+02
5.019000000000000341e+02
5.040000000000000000e+02
5.019000000000000341e+02
4.914000000000000341e+02
4.956000000000000227e+02
4.914000000000000341e+02
4.998000000000000114e+02
5.040000000000000000e+02
5.040000000000000000e+02
4.977000000000000455e+02
4.956000000000000227e+02
4.914000000000000341e+02
4.893000000000000114e+02
4.956000000000000227e+02
5.040000000000000000e+02
4.998000000000000114e+02
5.019000000000000341e+02
5.040000000000000000e+02
5.061000000000000227e+02
4.431000000000000227e+02
4.431000000000000227e+02
4.389000000000000341e+02
4.410000000000000000e+02
4.410000000000000000e+02
4.389000000000000341e+02
4.431000000000000227e+02
4.347000000000000455e+02
4.326000000000000227e+02
4.284000000000000341e+02
5.019000000000000341e+02
4.998000000000000114e+02
4.935000000000000000e+02
4.893000000000000114e+02
4.893000000000000114e+02
4.977000000000000455e+02
5.040000000000000000e+02
4.998000000000000114e+02
4.977000000000000455e+02
4.956000000000000227e+02
4.935000000000000000e+02
4.935000000000000000e+02
4.326000000000000227e+02
4.305000000000000000e+02
4.326000000000000227e+02
4.368000000000000114e+02
4.368000000000000114e+02
4.431000000000000227e+02
4.389000000000000341e+02
4.452000000000000455e+02
4.431000000000000227e+02
4.452000000000000455e+02
4.410000000000000000e+02
4.410000000000000000e+02
4.389000000000000341e+02
5.061000000000000227e+02
5.061000000000000227e+02
5.040000000000000000e+02
5.061000000000000227e+02
5.061000000000000227e+02
4.998000000000000114e+02
5.019000000000000341e+02
4.956000000000000227e+02
4.977000000000000455e+02
4.998000000000000114e+02
4.998000000000000114e+02
4.998000000000000114e+02
4.956000000000000227e+02
4.977000000000000455e+02
5.019000000000000341e+02
4.410000000000000000e+02
4.410000000000000000e+02
4.410000000000000000e+02
4.410000000000000000e+02
4.389000000000000341e+02
4.452000000000000455e+02
4.410000000000000000e+02
4.368000000000000114e+02
4.410000000000000000e+02
4.389000000000000341e+02
4.389000000000000341e+02
4.389000000000000341e+02
4.410000000000000000e+02
4.389000000000000341e+02
4.389000000000000341e+02
4.368000000000000114e+02
4.599000000000000341e+02
4.935000000000000000e+02
4.956000000000000227e+02
5.040000000000000000e+02
4.956000000000000227e+02
4.998000000000000114e+02
5.040000000000000000e+02
4.977000000000000455e+02
4.998000000000000114e+02
5.019000000000000341e+02
5.040000000000000000e+02
4.977000000000000455e+02
4.998000000000000114e+02
4.368000000000000114e+02
4.368000000000000114e+02
4.389000000000000341e+02
4.410000000000000000e+02
4.389000000000000341e+02
4.410000000000000000e+02
4.389000000000000341e+02
4.368000000000000114e+02
4.410000000000000000e+02
4.410000000000000000e+02
4.431000000000000227e+02
4.452000000000000455e+02
4.452000000000000455e+02
4.452000000000000455e+02
4.494000000000000341e+02
4.410000000000000000e+02
4.389000000000000341e+02
5.103000000000000114e+02
4.956000000000000227e+02
4.956000000000000227e+02
4.956000000000000227e+02
5.082000000000000455e+02
5.040000000000000000e+02
4.977000000000000455e+02
4.998000000000000114e+02
5.103000000000000114e+02
5.103000000000000114e+02
4.410000000000000000e+02
4.431000000000000227e+02
4.410000000000000000e+02
4.452000000000000455e+02
4.431000000000000227e+02
4.389000000000000341e+02
4.410000000000000000e+02
4.389000000000000341e+02
4.410000000000000000e+02
4.410000000000000000e+02
4.368000000000000114e+02
4.389000000000000341e+02
4.431000000000000227e+02
4.368000000000000114e+02
4.578000000000000114e+02
4.704000000000000341e+02
4.998000000000000114e+02
4.977000000000000455e+02
5.019000000000000341e+02
4.956000000000000227e+02
5.061000000000000227e+02
5.040000000000000000e+02
5.061000000000000227e+02
5.145000000000000000e+02
4.515000000000000000e+02
4.536000000000000227e+02
4.494000000000000341e+02
4.578000000000000114e+02
4.431000000000000227e+02
4.389000000000000341e+02
4.410000000000000000e+02
4.389000000000000341e+02
4.347000000000000455e+02
4.389000000000000341e+02
4.410000000000000000e+02
4.431000000000000227e+02
4.389000000000000341e+02
4.389000000000000341e+02
4.410000000000000000e+02
4.410000000000000000e+02
4.431000000000000227e+02
4.515000000000000000e+02
4.599000000000000341e+02
4.536000000000000227e+02
4.998000000000000114e+02
4.977000000000000455e+02
4.956000000000000227e+02
4.956000000000000227e+02
5.019000000000000341e+02
5.123999999999999773e+02
5.103000000000000114e+02
4.956000000000000227e+02
4.956000000000000227e+02
5.019000000000000341e+02
5.019000000000000341e+02
5.082000000000000455e+02
5.040000000000000000e+02
4.431000000000000227e+02
4.389000000000000341e+02
4.452000000000000455e+02
4.389000000000000341e+02
4.368000000000000114e+02
4.389000000000000341e+02
4.389000000000000341e+02
4.368000000000000114e+02
4.431000000000000227e+02
4.368000000000000114e+02
4.410000000000000000e+02
4.452000000000000455e+02
4.452000000000000455e+02
4.368000000000000114e+02
4.368000000000000114e+02
5.061000000000000227e+02
5.019000000000000341e+02
4.998000000000000114e+02
4.998000000000000114e+02
4.977000000000000455e+02
5.082000000000000455e+02
5.019000000000000341e+02
4.977000000000000455e+02
4.368000000000000114e+02
4.494000000000000341e+02
4.536000000000000227e+02
4.473000000000000114e+02
4.452000000000000455e+02
4.452000000000000455e+02
4.515000000000000000e+02
4.515000000000000000e+02
4.494000000000000341e+02
4.515000000000000000e+02
4.389000000000000341e+02
4.431000000000000227e+02
4.872000000000000455e+02
4.914000000000000341e+02
4.977000000000000455e+02
4.998000000000000114e+02
4.977000000000000455e+02
4.977000000000000455e+02
4.956000000000000227e+02
4.977000000000000455e+02
4.977000000000000455e+02
4.977000000000000455e+02
4.956000000000000227e+02
5.019000000000000341e+02
4.977000000000000455e+02
4.977000000000000455e+02
4.977000000000000455e+02
4.998000000000000114e+02
4.977000000000000455e+02
5.019000000000000341e+02
4.914000000000000341e+02
4.452000000000000455e+02
4.452000000000000455e+02
4.473000000000000114e+02
4.494000000000000341e+02
4.494000000000000341e+02
4.473000000000000114e+02
4.494000000000000341e+02
4.473000000000000114e+02
4.536000000000000227e+02
4.494000000000000341e+02
4.536000000000000227e+02
4.578000000000000114e+02
4.536000000000000227e+02
4.557000000000000455e+02
5.145000000000000000e+02
5.166000000000000227e+02
5.145000000000000000e+02
5.208000000000000682e+02
5.187000000000000455e+02
4.578000000000000114e+02
4.578000000000000114e+02
4.536000000000000227e+02
4.515000000000000000e+02
4.515000000000000000e+02
4.494000000000000341e+02
4.536000000000000227e+02
4.494000000000000341e+02
4.578000000000000114e+02
4.557000000000000455e+02
4.599000000000000341e+02
4.578000000000000114e+02
4.641000000000000227e+02
4.641000000000000227e+02
4.578000000000000114e+02
4.935000000000000000e+02
4.977000000000000455e+02
4.977000000000000455e+02
4.998000000000000114e+02
5.019000000000000341e+02
4.977000000000000455e+02
4.935000000000000000e+02
4.956000000000000227e+02
4.956000000000000227e+02
4.977000000000000455e+02
5.019000000000000341e+02
5.061000000000000227e+02
5.019000000000000341e+02
4.998000000000000114e+02
5.838000000000000682e+02
5.838000000000000682e+02
5.901000000000000227e+02
4.704000000000000341e+02
4.620000000000000000e+02
4.557000000000000455e+02
4.557000000000000455e+02
4.515000000000000000e+02
4.515000000000000000e+02
4.452000000000000455e+02
4.473000000000000114e+02
5.145000000000000000e+02
5.103000000000000114e+02
5.123999999999999773e+02
5.208000000000000682e+02
5.208000000000000682e+02
4.494000000000000341e+02
4.515000000000000000e+02
4.536000000000000227e+02
4.536000000000000227e+02
4.515000000000000000e+02
4.536000000000000227e+02
5.838000000000000682e+02
5.901000000000000227e+02
5.922000000000000455e+02
5.858999999999999773e+02
5.880000000000000000e+02
5.943000000000000682e+02
5.922000000000000455e+02
5.901000000000000227e+02
4.914000000000000341e+02
4.977000000000000455e+02
5.019000000000000341e+02
4.956000000000000227e+02
5.082000000000000455e+02
5.019000000000000341e+02
4.998000000000000114e+02
4.935000000000000000e+02
5.019000000000000341e+02
5.901000000000000227e+02
5.901000000000000227e+02
5.943000000000000682e+02
5.922000000000000455e+02
5.901000000000000227e+02
5.901000000000000227e+02
5.880000000000000000e+02
5.858999999999999773e+02
4.473000000000000114e+02
4.494000000000000341e+02
4.473000000000000114e+02
4.473000000000000114e+02
5.963999999999999773e+02
5.943000000000000682e+02
5.943000000000000682e+02
5.943000000000000682e+02
5.963999999999999773e+02
5.922000000000000455e+02
5.922000000000000455e+02
5.943000000000000682e+02
5.880000000000000000e+02
5.858999999999999773e+02
5.943000000000000682e+02
5.963999999999999773e+02
5.963999999999999773e+02
5.963999999999999773e+02
5.985000000000000000e+02
5.963999999999999773e+02
5.963999999999999773e+02
5.963999999999999773e+02
5.901000000000000227e+02
5.922000000000000455e+02
5.922000000000000455e+02
5.985000000000000000e+02
6.006000000000000227e+02
5.985000000000000000e+02
5.963999999999999773e+02
5.963999999999999773e+02
5.922000000000000455e+02
5.901000000000000227e+02
5.922000000000000455e+02
5.963999999999999773e+02
6.006000000000000227e+02
6.006000000000000227e+02
6.027000000000000455e+02
5.985000000000000000e+02
6.006000000000000227e+02
6.027000000000000455e+02
5.922000000000000455e+02
5.922000000000000455e+02
