7.946666666666666288e+02
5.880000000000000000e+02
7.866666666666666288e+02
7.880000000000000000e+02
7.880000000000000000e+02
7.840000000000000000e+02
7.840000000000000000e+02
7.850000000000000000e+02
7.900000000000000000e+02
7.840000000000000000e+02
7.866666666666666288e+02
7.920000000000000000e+02
7.940000000000000000e+02
5.280000000000000000e+02
5.380000000000000000e+02
7.940000000000000000e+02
7.920000000000000000e+02
5.200000000000000000e+02
5.130000000000000000e+02
7.920000000000000000e+02
6.920000000000000000e+02
7.920000000000000000e+02
7.950000000000000000e+02
7.880000000000000000e+02
7.920000000000000000e+02
7.920000000000000000e+02
7.880000000000000000e+02
7.760000000000000000e+02
7.800000000000000000e+02
7.890000000000000000e+02
7.840000000000000000e+02
7.840000000000000000e+02
6.000000000000000000e+02
7.920000000000000000e+02
7.870000000000000000e+02
7.800000000000000000e+02
7.840000000000000000e+02
7.840000000000000000e+02
7.950000000000000000e+02
7.880000000000000000e+02
7.810000000000000000e+02
7.860000000000000000e+02
7.920000000000000000e+02
7.880000000000000000e+02
7.880000000000000000e+02
7.880000000000000000e+02
7.920000000000000000e+02
7.920000000000000000e+02
5.080000000000000000e+02
7.920000000000000000e+02
4.710000000000000000e+02
4.373333333333333144e+02
7.880000000000000000e+02
7.840000000000000000e+02
7.840000000000000000e+02
7.810000000000000000e+02
7.840000000000000000e+02
7.880000000000000000e+02
7.826666666666666288e+02
7.840000000000000000e+02
7.840000000000000000e+02
7.780000000000000000e+02
5.240000000000000000e+02
5.800000000000000000e+02
5.093333333333333144e+02
5.160000000000000000e+02
5.053333333333333144e+02
7.786666666666666288e+02
7.800000000000000000e+02
7.800000000000000000e+02
7.866666666666666288e+02
7.840000000000000000e+02
7.840000000000000000e+02
7.840000000000000000e+02
4.450000000000000000e+02
4.440000000000000000e+02
5.120000000000000000e+02
5.200000000000000000e+02
5.120000000000000000e+02
5.213333333333333712e+02
5.030000000000000000e+02
5.000000000000000000e+02
5.040000000000000000e+02
5.080000000000000000e+02
4.480000000000000000e+02
7.800000000000000000e+02
7.800000000000000000e+02
7.880000000000000000e+02
7.880000000000000000e+02
7.760000000000000000e+02
7.800000000000000000e+02
7.830000000000000000e+02
7.800000000000000000e+02
7.940000000000000000e+02
7.890000000000000000e+02
5.466666666666666288e+02
5.400000000000000000e+02
5.110000000000000000e+02
7.880000000000000000e+02
7.940000000000000000e+02
7.920000000000000000e+02
7.920000000000000000e+02
7.920000000000000000e+02
7.840000000000000000e+02
4.410000000000000000e+02
7.906666666666666288e+02
4.266666666666666856e+02
4.320000000000000000e+02
4.280000000000000000e+02
4.760000000000000000e+02
4.666666666666666856e+02
4.650000000000000000e+02
4.560000000000000000e+02
4.200000000000000000e+02
4.360000000000000000e+02
4.360000000000000000e+02
4.250000000000000000e+02
4.200000000000000000e+02
4.266666666666666856e+02
4.400000000000000000e+02
4.360000000000000000e+02
4.400000000000000000e+02
4.450000000000000000e+02
4.400000000000000000e+02
4.370000000000000000e+02
4.450000000000000000e+02
5.226666666666666288e+02
5.200000000000000000e+02
5.240000000000000000e+02
5.160000000000000000e+02
5.160000000000000000e+02
4.360000000000000000e+02
4.360000000000000000e+02
4.320000000000000000e+02
4.320000000000000000e+02
4.146666666666666856e+02
4.200000000000000000e+02
4.290000000000000000e+02
4.160000000000000000e+02
4.160000000000000000e+02
4.120000000000000000e+02
4.200000000000000000e+02
4.160000000000000000e+02
4.280000000000000000e+02
4.120000000000000000e+02
4.160000000000000000e+02
4.120000000000000000e+02
4.120000000000000000e+02
4.160000000000000000e+02
4.160000000000000000e+02
4.280000000000000000e+02
4.200000000000000000e+02
4.230000000000000000e+02
4.200000000000000000e+02
4.290000000000000000e+02
4.360000000000000000e+02
4.400000000000000000e+02
4.500000000000000000e+02
5.200000000000000000e+02
5.200000000000000000e+02
5.240000000000000000e+02
5.200000000000000000e+02
4.466666666666666856e+02
4.360000000000000000e+02
4.280000000000000000e+02
4.240000000000000000e+02
4.080000000000000000e+02
4.160000000000000000e+02
3.960000000000000000e+02
4.240000000000000000e+02
3.920000000000000000e+02
4.080000000000000000e+02
4.160000000000000000e+02
4.160000000000000000e+02
4.080000000000000000e+02
4.160000000000000000e+02
4.200000000000000000e+02
4.000000000000000000e+02
4.120000000000000000e+02
4.160000000000000000e+02
4.170000000000000000e+02
4.120000000000000000e+02
4.080000000000000000e+02
4.200000000000000000e+02
4.200000000000000000e+02
4.240000000000000000e+02
4.240000000000000000e+02
4.360000000000000000e+02
4.280000000000000000e+02
4.560000000000000000e+02
5.160000000000000000e+02
5.200000000000000000e+02
5.200000000000000000e+02
5.160000000000000000e+02
4.600000000000000000e+02
4.720000000000000000e+02
4.240000000000000000e+02
4.200000000000000000e+02
4.240000000000000000e+02
4.280000000000000000e+02
4.280000000000000000e+02
4.040000000000000000e+02
4.000000000000000000e+02
3.950000000000000000e+02
4.053333333333333144e+02
4.170000000000000000e+02
4.360000000000000000e+02
4.360000000000000000e+02
4.230000000000000000e+02
4.200000000000000000e+02
4.200000000000000000e+02
4.240000000000000000e+02
4.080000000000000000e+02
4.000000000000000000e+02
4.160000000000000000e+02
4.240000000000000000e+02
4.240000000000000000e+02
4.280000000000000000e+02
4.350000000000000000e+02
4.640000000000000000e+02
4.460000000000000000e+02
5.040000000000000000e+02
5.150000000000000000e+02
5.140000000000000000e+02
5.440000000000000000e+02
5.440000000000000000e+02
5.320000000000000000e+02
4.670000000000000000e+02
4.200000000000000000e+02
4.900000000000000000e+02
4.760000000000000000e+02
4.266666666666666856e+02
4.240000000000000000e+02
4.280000000000000000e+02
4.320000000000000000e+02
4.240000000000000000e+02
4.200000000000000000e+02
4.600000000000000000e+02
4.880000000000000000e+02
4.960000000000000000e+02
4.920000000000000000e+02
4.880000000000000000e+02
4.546666666666666856e+02
4.760000000000000000e+02
4.240000000000000000e+02
4.240000000000000000e+02
4.280000000000000000e+02
4.200000000000000000e+02
4.200000000000000000e+02
4.160000000000000000e+02
4.760000000000000000e+02
4.720000000000000000e+02
5.360000000000000000e+02
5.466666666666666288e+02
5.480000000000000000e+02
5.400000000000000000e+02
