7.400000000000000000e+02
7.400000000000000000e+02
7.400000000000000000e+02
7.400000000000000000e+02
7.400000000000000000e+02
5.013333333333333144e+02
7.466666666666666288e+02
7.320000000000000000e+02
7.240000000000000000e+02
7.440000000000000000e+02
5.010000000000000000e+02
4.880000000000000000e+02
4.770000000000000000e+02
5.226666666666666288e+02
4.880000000000000000e+02
4.800000000000000000e+02
4.800000000000000000e+02
4.920000000000000000e+02
4.840000000000000000e+02
5.506666666666666288e+02
7.350000000000000000e+02
4.840000000000000000e+02
4.810000000000000000e+02
7.200000000000000000e+02
7.280000000000000000e+02
5.180000000000000000e+02
5.040000000000000000e+02
7.400000000000000000e+02
6.750000000000000000e+02
7.253333333333333712e+02
7.400000000000000000e+02
7.320000000000000000e+02
7.280000000000000000e+02
7.426666666666666288e+02
4.920000000000000000e+02
4.840000000000000000e+02
4.840000000000000000e+02
4.920000000000000000e+02
7.240000000000000000e+02
5.293333333333333712e+02
7.320000000000000000e+02
5.000000000000000000e+02
5.013333333333333144e+02
7.100000000000000000e+02
4.880000000000000000e+02
4.880000000000000000e+02
4.800000000000000000e+02
4.866666666666666856e+02
4.786666666666666856e+02
4.800000000000000000e+02
4.800000000000000000e+02
7.370000000000000000e+02
7.480000000000000000e+02
7.380000000000000000e+02
5.010000000000000000e+02
7.480000000000000000e+02
7.440000000000000000e+02
7.350000000000000000e+02
4.920000000000000000e+02
5.080000000000000000e+02
4.960000000000000000e+02
4.800000000000000000e+02
4.920000000000000000e+02
7.333333333333333712e+02
7.320000000000000000e+02
7.240000000000000000e+02
7.240000000000000000e+02
7.200000000000000000e+02
7.200000000000000000e+02
7.220000000000000000e+02
4.930000000000000000e+02
5.200000000000000000e+02
5.220000000000000000e+02
5.320000000000000000e+02
4.680000000000000000e+02
4.760000000000000000e+02
4.773333333333333144e+02
4.820000000000000000e+02
4.720000000000000000e+02
4.733333333333333144e+02
4.820000000000000000e+02
5.080000000000000000e+02
4.920000000000000000e+02
4.800000000000000000e+02
4.760000000000000000e+02
4.760000000000000000e+02
4.760000000000000000e+02
4.700000000000000000e+02
5.240000000000000000e+02
5.200000000000000000e+02
7.080000000000000000e+02
7.160000000000000000e+02
7.240000000000000000e+02
7.160000000000000000e+02
7.160000000000000000e+02
7.160000000000000000e+02
7.200000000000000000e+02
7.200000000000000000e+02
7.160000000000000000e+02
7.280000000000000000e+02
7.160000000000000000e+02
7.060000000000000000e+02
7.026666666666666288e+02
5.200000000000000000e+02
4.040000000000000000e+02
4.800000000000000000e+02
4.800000000000000000e+02
4.680000000000000000e+02
4.720000000000000000e+02
4.600000000000000000e+02
4.480000000000000000e+02
4.520000000000000000e+02
4.520000000000000000e+02
4.520000000000000000e+02
5.093333333333333144e+02
4.706666666666666856e+02
4.800000000000000000e+02
4.770000000000000000e+02
4.070000000000000000e+02
4.120000000000000000e+02
4.080000000000000000e+02
5.290000000000000000e+02
5.080000000000000000e+02
3.920000000000000000e+02
4.893333333333333144e+02
7.160000000000000000e+02
7.160000000000000000e+02
7.160000000000000000e+02
7.200000000000000000e+02
4.080000000000000000e+02
7.320000000000000000e+02
7.280000000000000000e+02
4.000000000000000000e+02
4.040000000000000000e+02
4.040000000000000000e+02
4.080000000000000000e+02
4.120000000000000000e+02
4.120000000000000000e+02
4.040000000000000000e+02
4.040000000000000000e+02
4.080000000000000000e+02
4.240000000000000000e+02
4.520000000000000000e+02
4.480000000000000000e+02
4.640000000000000000e+02
5.220000000000000000e+02
4.640000000000000000e+02
4.040000000000000000e+02
4.070000000000000000e+02
4.080000000000000000e+02
4.080000000000000000e+02
4.080000000000000000e+02
4.160000000000000000e+02
4.120000000000000000e+02
4.040000000000000000e+02
4.040000000000000000e+02
4.080000000000000000e+02
4.000000000000000000e+02
4.000000000000000000e+02
4.280000000000000000e+02
3.920000000000000000e+02
4.000000000000000000e+02
3.960000000000000000e+02
3.840000000000000000e+02
3.840000000000000000e+02
3.640000000000000000e+02
4.200000000000000000e+02
4.160000000000000000e+02
4.120000000000000000e+02
4.040000000000000000e+02
4.040000000000000000e+02
4.000000000000000000e+02
4.080000000000000000e+02
4.000000000000000000e+02
4.560000000000000000e+02
4.506666666666666856e+02
4.670000000000000000e+02
4.706666666666666856e+02
4.040000000000000000e+02
4.040000000000000000e+02
4.000000000000000000e+02
4.040000000000000000e+02
4.000000000000000000e+02
4.080000000000000000e+02
4.160000000000000000e+02
4.120000000000000000e+02
3.720000000000000000e+02
3.800000000000000000e+02
3.840000000000000000e+02
4.040000000000000000e+02
3.960000000000000000e+02
3.960000000000000000e+02
3.960000000000000000e+02
3.960000000000000000e+02
3.960000000000000000e+02
3.880000000000000000e+02
3.920000000000000000e+02
3.760000000000000000e+02
3.860000000000000000e+02
4.080000000000000000e+02
4.040000000000000000e+02
4.000000000000000000e+02
4.000000000000000000e+02
4.040000000000000000e+02
4.080000000000000000e+02
4.160000000000000000e+02
4.800000000000000000e+02
4.880000000000000000e+02
4.280000000000000000e+02
4.770000000000000000e+02
4.400000000000000000e+02
4.120000000000000000e+02
4.150000000000000000e+02
4.000000000000000000e+02
4.040000000000000000e+02
4.040000000000000000e+02
4.080000000000000000e+02
4.200000000000000000e+02
4.230000000000000000e+02
4.200000000000000000e+02
3.800000000000000000e+02
3.920000000000000000e+02
4.000000000000000000e+02
3.960000000000000000e+02
5.360000000000000000e+02
5.440000000000000000e+02
3.920000000000000000e+02
4.000000000000000000e+02
4.080000000000000000e+02
3.920000000000000000e+02
4.160000000000000000e+02
4.120000000000000000e+02
4.080000000000000000e+02
4.080000000000000000e+02
4.080000000000000000e+02
3.960000000000000000e+02
4.020000000000000000e+02
4.440000000000000000e+02
4.480000000000000000e+02
4.666666666666666856e+02
4.413333333333333144e+02
4.440000000000000000e+02
4.520000000000000000e+02
4.720000000000000000e+02
5.150000000000000000e+02
4.130000000000000000e+02
4.050000000000000000e+02
4.080000000000000000e+02
4.040000000000000000e+02
4.080000000000000000e+02
4.000000000000000000e+02
4.000000000000000000e+02
4.040000000000000000e+02
4.060000000000000000e+02
4.080000000000000000e+02
5.120000000000000000e+02
7.360000000000000000e+02
7.320000000000000000e+02
7.360000000000000000e+02
7.466666666666666288e+02
6.770000000000000000e+02
4.000000000000000000e+02
5.140000000000000000e+02
4.760000000000000000e+02
3.973333333333333144e+02
4.920000000000000000e+02
4.880000000000000000e+02
4.060000000000000000e+02
4.760000000000000000e+02
4.640000000000000000e+02
4.410000000000000000e+02
4.466666666666666856e+02
4.293333333333333144e+02
4.670000000000000000e+02
4.640000000000000000e+02
4.890000000000000000e+02
4.920000000000000000e+02
4.946666666666666856e+02
4.880000000000000000e+02
4.720000000000000000e+02
4.800000000000000000e+02
5.100000000000000000e+02
5.093333333333333144e+02
4.800000000000000000e+02
4.840000000000000000e+02
7.400000000000000000e+02
7.400000000000000000e+02
7.400000000000000000e+02
7.440000000000000000e+02
7.360000000000000000e+02
7.380000000000000000e+02
5.000000000000000000e+02
4.786666666666666856e+02
5.110000000000000000e+02
4.990000000000000000e+02
4.680000000000000000e+02
4.720000000000000000e+02
4.760000000000000000e+02
5.040000000000000000e+02
4.800000000000000000e+02
4.840000000000000000e+02
5.013333333333333144e+02
4.920000000000000000e+02
7.590000000000000000e+02
5.060000000000000000e+02
4.930000000000000000e+02
4.810000000000000000e+02
5.390000000000000000e+02
5.360000000000000000e+02
5.360000000000000000e+02
5.080000000000000000e+02
5.200000000000000000e+02
7.440000000000000000e+02
4.920000000000000000e+02
6.890000000000000000e+02
5.150000000000000000e+02
7.480000000000000000e+02
7.440000000000000000e+02
7.480000000000000000e+02
7.520000000000000000e+02
4.920000000000000000e+02
4.920000000000000000e+02
7.466666666666666288e+02
4.890000000000000000e+02
4.853333333333333144e+02
4.960000000000000000e+02
6.440000000000000000e+02
6.933333333333333712e+02
4.840000000000000000e+02
7.220000000000000000e+02
7.520000000000000000e+02
4.920000000000000000e+02
7.360000000000000000e+02
4.920000000000000000e+02
4.840000000000000000e+02
4.930000000000000000e+02
