6.560000000000000000e+02
7.400000000000000000e+02
7.400000000000000000e+02
7.220000000000000000e+02
7.400000000000000000e+02
7.440000000000000000e+02
7.480000000000000000e+02
7.346666666666666288e+02
5.280000000000000000e+02
7.440000000000000000e+02
4.850000000000000000e+02
4.826666666666666856e+02
4.770000000000000000e+02
4.880000000000000000e+02
4.960000000000000000e+02
4.800000000000000000e+02
4.800000000000000000e+02
4.840000000000000000e+02
4.880000000000000000e+02
5.506666666666666288e+02
4.840000000000000000e+02
7.500000000000000000e+02
7.426666666666666288e+02
7.140000000000000000e+02
7.320000000000000000e+02
5.200000000000000000e+02
7.360000000000000000e+02
7.400000000000000000e+02
5.270000000000000000e+02
7.320000000000000000e+02
7.360000000000000000e+02
7.320000000000000000e+02
4.880000000000000000e+02
7.426666666666666288e+02
4.920000000000000000e+02
4.850000000000000000e+02
4.880000000000000000e+02
7.230000000000000000e+02
7.280000000000000000e+02
7.290000000000000000e+02
7.300000000000000000e+02
5.040000000000000000e+02
5.370000000000000000e+02
7.060000000000000000e+02
5.000000000000000000e+02
4.920000000000000000e+02
4.800000000000000000e+02
4.866666666666666856e+02
4.786666666666666856e+02
4.800000000000000000e+02
4.870000000000000000e+02
7.390000000000000000e+02
7.330000000000000000e+02
7.440000000000000000e+02
4.940000000000000000e+02
7.480000000000000000e+02
7.450000000000000000e+02
7.280000000000000000e+02
4.893333333333333144e+02
5.080000000000000000e+02
7.226666666666666288e+02
4.800000000000000000e+02
4.920000000000000000e+02
7.320000000000000000e+02
7.320000000000000000e+02
7.280000000000000000e+02
7.240000000000000000e+02
7.200000000000000000e+02
7.200000000000000000e+02
5.080000000000000000e+02
4.930000000000000000e+02
5.200000000000000000e+02
5.240000000000000000e+02
4.750000000000000000e+02
4.720000000000000000e+02
4.760000000000000000e+02
4.813333333333333144e+02
4.890000000000000000e+02
4.880000000000000000e+02
7.160000000000000000e+02
4.800000000000000000e+02
5.080000000000000000e+02
4.880000000000000000e+02
5.020000000000000000e+02
4.800000000000000000e+02
4.760000000000000000e+02
4.800000000000000000e+02
4.640000000000000000e+02
5.230000000000000000e+02
5.200000000000000000e+02
5.173333333333333712e+02
7.160000000000000000e+02
7.210000000000000000e+02
7.200000000000000000e+02
7.200000000000000000e+02
7.160000000000000000e+02
7.200000000000000000e+02
7.160000000000000000e+02
7.160000000000000000e+02
7.306666666666666288e+02
7.160000000000000000e+02
7.000000000000000000e+02
5.280000000000000000e+02
5.200000000000000000e+02
4.040000000000000000e+02
4.800000000000000000e+02
4.760000000000000000e+02
4.720000000000000000e+02
4.733333333333333144e+02
4.706666666666666856e+02
4.560000000000000000e+02
4.520000000000000000e+02
4.520000000000000000e+02
4.520000000000000000e+02
4.613333333333333144e+02
4.680000000000000000e+02
4.800000000000000000e+02
4.720000000000000000e+02
4.070000000000000000e+02
4.090000000000000000e+02
4.120000000000000000e+02
4.240000000000000000e+02
3.920000000000000000e+02
4.000000000000000000e+02
4.893333333333333144e+02
7.180000000000000000e+02
7.160000000000000000e+02
7.160000000000000000e+02
7.200000000000000000e+02
7.200000000000000000e+02
4.920000000000000000e+02
7.280000000000000000e+02
4.000000000000000000e+02
4.040000000000000000e+02
4.040000000000000000e+02
4.080000000000000000e+02
4.080000000000000000e+02
4.120000000000000000e+02
4.080000000000000000e+02
4.040000000000000000e+02
4.080000000000000000e+02
4.213333333333333144e+02
4.560000000000000000e+02
4.520000000000000000e+02
4.600000000000000000e+02
5.220000000000000000e+02
4.640000000000000000e+02
4.350000000000000000e+02
4.000000000000000000e+02
4.040000000000000000e+02
4.080000000000000000e+02
4.120000000000000000e+02
4.160000000000000000e+02
4.080000000000000000e+02
4.000000000000000000e+02
4.040000000000000000e+02
4.000000000000000000e+02
4.000000000000000000e+02
4.040000000000000000e+02
4.280000000000000000e+02
3.920000000000000000e+02
4.000000000000000000e+02
4.040000000000000000e+02
3.840000000000000000e+02
3.880000000000000000e+02
4.190000000000000000e+02
4.200000000000000000e+02
4.160000000000000000e+02
4.120000000000000000e+02
4.040000000000000000e+02
4.040000000000000000e+02
4.000000000000000000e+02
4.080000000000000000e+02
3.960000000000000000e+02
4.600000000000000000e+02
5.306666666666666288e+02
4.720000000000000000e+02
4.610000000000000000e+02
4.040000000000000000e+02
4.040000000000000000e+02
4.000000000000000000e+02
4.000000000000000000e+02
4.000000000000000000e+02
4.080000000000000000e+02
4.160000000000000000e+02
4.160000000000000000e+02
3.760000000000000000e+02
3.800000000000000000e+02
3.880000000000000000e+02
3.920000000000000000e+02
3.960000000000000000e+02
3.960000000000000000e+02
3.920000000000000000e+02
3.960000000000000000e+02
3.920000000000000000e+02
3.880000000000000000e+02
3.960000000000000000e+02
3.800000000000000000e+02
3.880000000000000000e+02
4.000000000000000000e+02
4.000000000000000000e+02
4.000000000000000000e+02
4.000000000000000000e+02
4.000000000000000000e+02
4.040000000000000000e+02
4.120000000000000000e+02
4.680000000000000000e+02
4.790000000000000000e+02
4.840000000000000000e+02
4.770000000000000000e+02
4.400000000000000000e+02
4.120000000000000000e+02
4.040000000000000000e+02
4.000000000000000000e+02
4.000000000000000000e+02
4.040000000000000000e+02
4.120000000000000000e+02
4.200000000000000000e+02
4.280000000000000000e+02
4.120000000000000000e+02
3.800000000000000000e+02
3.920000000000000000e+02
3.920000000000000000e+02
3.960000000000000000e+02
5.190000000000000000e+02
5.066666666666666856e+02
3.920000000000000000e+02
3.933333333333333144e+02
4.080000000000000000e+02
3.920000000000000000e+02
4.000000000000000000e+02
4.040000000000000000e+02
4.080000000000000000e+02
4.080000000000000000e+02
4.000000000000000000e+02
3.960000000000000000e+02
4.080000000000000000e+02
4.440000000000000000e+02
4.480000000000000000e+02
4.493333333333333144e+02
4.413333333333333144e+02
4.440000000000000000e+02
4.480000000000000000e+02
4.660000000000000000e+02
5.150000000000000000e+02
4.130000000000000000e+02
4.080000000000000000e+02
4.040000000000000000e+02
4.080000000000000000e+02
4.080000000000000000e+02
4.000000000000000000e+02
4.000000000000000000e+02
4.000000000000000000e+02
4.010000000000000000e+02
4.093333333333333144e+02
5.880000000000000000e+02
7.400000000000000000e+02
7.360000000000000000e+02
7.440000000000000000e+02
4.880000000000000000e+02
6.770000000000000000e+02
4.000000000000000000e+02
5.080000000000000000e+02
4.960000000000000000e+02
4.760000000000000000e+02
4.770000000000000000e+02
4.840000000000000000e+02
5.080000000000000000e+02
4.800000000000000000e+02
4.640000000000000000e+02
4.420000000000000000e+02
4.540000000000000000e+02
4.910000000000000000e+02
4.680000000000000000e+02
4.680000000000000000e+02
4.920000000000000000e+02
4.920000000000000000e+02
4.946666666666666856e+02
4.840000000000000000e+02
4.720000000000000000e+02
4.800000000000000000e+02
4.866666666666666856e+02
5.093333333333333144e+02
4.800000000000000000e+02
4.870000000000000000e+02
7.400000000000000000e+02
7.400000000000000000e+02
7.400000000000000000e+02
7.440000000000000000e+02
7.360000000000000000e+02
7.400000000000000000e+02
5.000000000000000000e+02
7.450000000000000000e+02
5.110000000000000000e+02
4.330000000000000000e+02
4.790000000000000000e+02
4.730000000000000000e+02
4.800000000000000000e+02
4.960000000000000000e+02
4.960000000000000000e+02
4.880000000000000000e+02
5.040000000000000000e+02
5.680000000000000000e+02
4.240000000000000000e+02
4.893333333333333144e+02
4.973333333333333144e+02
5.053333333333333144e+02
4.700000000000000000e+02
5.360000000000000000e+02
5.140000000000000000e+02
4.950000000000000000e+02
5.200000000000000000e+02
7.493333333333333712e+02
6.960000000000000000e+02
4.933333333333333144e+02
5.340000000000000000e+02
7.520000000000000000e+02
7.480000000000000000e+02
7.493333333333333712e+02
7.520000000000000000e+02
4.920000000000000000e+02
4.860000000000000000e+02
7.466666666666666288e+02
4.960000000000000000e+02
5.480000000000000000e+02
6.880000000000000000e+02
5.060000000000000000e+02
7.220000000000000000e+02
5.120000000000000000e+02
6.973333333333333712e+02
4.920000000000000000e+02
4.980000000000000000e+02
7.360000000000000000e+02
4.840000000000000000e+02
4.880000000000000000e+02
4.920000000000000000e+02
