6.110000000000000000e+02
5.630000000000000000e+02
5.706666666666666288e+02
6.506666666666666288e+02
7.960000000000000000e+02
7.920000000000000000e+02
7.920000000000000000e+02
7.880000000000000000e+02
5.400000000000000000e+02
5.293333333333333712e+02
5.040000000000000000e+02
5.800000000000000000e+02
5.720000000000000000e+02
5.720000000000000000e+02
5.440000000000000000e+02
5.800000000000000000e+02
5.740000000000000000e+02
5.640000000000000000e+02
5.660000000000000000e+02
5.720000000000000000e+02
5.720000000000000000e+02
6.146666666666666288e+02
6.040000000000000000e+02
5.130000000000000000e+02
7.750000000000000000e+02
7.920000000000000000e+02
7.850000000000000000e+02
7.960000000000000000e+02
5.720000000000000000e+02
5.800000000000000000e+02
5.760000000000000000e+02
5.840000000000000000e+02
5.990000000000000000e+02
5.550000000000000000e+02
5.700000000000000000e+02
6.920000000000000000e+02
6.840000000000000000e+02
7.960000000000000000e+02
7.960000000000000000e+02
5.240000000000000000e+02
5.200000000000000000e+02
5.160000000000000000e+02
5.680000000000000000e+02
5.720000000000000000e+02
5.720000000000000000e+02
5.680000000000000000e+02
5.620000000000000000e+02
5.620000000000000000e+02
5.560000000000000000e+02
5.560000000000000000e+02
5.546666666666666288e+02
5.800000000000000000e+02
5.160000000000000000e+02
5.120000000000000000e+02
5.120000000000000000e+02
5.160000000000000000e+02
5.120000000000000000e+02
5.610000000000000000e+02
5.560000000000000000e+02
5.480000000000000000e+02
5.720000000000000000e+02
5.680000000000000000e+02
5.640000000000000000e+02
5.800000000000000000e+02
5.720000000000000000e+02
5.893333333333333712e+02
5.670000000000000000e+02
5.050000000000000000e+02
5.400000000000000000e+02
5.440000000000000000e+02
5.360000000000000000e+02
5.080000000000000000e+02
5.040000000000000000e+02
5.120000000000000000e+02
5.120000000000000000e+02
5.120000000000000000e+02
5.080000000000000000e+02
5.080000000000000000e+02
5.000000000000000000e+02
5.013333333333333144e+02
5.130000000000000000e+02
4.986666666666666856e+02
5.120000000000000000e+02
5.200000000000000000e+02
5.160000000000000000e+02
5.200000000000000000e+02
5.160000000000000000e+02
5.070000000000000000e+02
4.680000000000000000e+02
4.746666666666666856e+02
4.840000000000000000e+02
5.080000000000000000e+02
4.906666666666666856e+02
5.840000000000000000e+02
5.720000000000000000e+02
5.920000000000000000e+02
5.840000000000000000e+02
5.880000000000000000e+02
5.960000000000000000e+02
4.920000000000000000e+02
5.040000000000000000e+02
5.000000000000000000e+02
4.880000000000000000e+02
4.800000000000000000e+02
4.760000000000000000e+02
5.040000000000000000e+02
4.960000000000000000e+02
5.000000000000000000e+02
5.020000000000000000e+02
5.120000000000000000e+02
5.000000000000000000e+02
4.960000000000000000e+02
4.880000000000000000e+02
5.000000000000000000e+02
5.040000000000000000e+02
5.000000000000000000e+02
4.960000000000000000e+02
5.040000000000000000e+02
5.000000000000000000e+02
4.940000000000000000e+02
4.800000000000000000e+02
4.840000000000000000e+02
4.920000000000000000e+02
5.000000000000000000e+02
5.040000000000000000e+02
5.840000000000000000e+02
5.800000000000000000e+02
5.800000000000000000e+02
5.840000000000000000e+02
5.840000000000000000e+02
5.840000000000000000e+02
4.950000000000000000e+02
4.920000000000000000e+02
4.880000000000000000e+02
4.880000000000000000e+02
4.920000000000000000e+02
4.960000000000000000e+02
5.000000000000000000e+02
5.000000000000000000e+02
4.960000000000000000e+02
4.920000000000000000e+02
5.000000000000000000e+02
4.940000000000000000e+02
5.290000000000000000e+02
5.280000000000000000e+02
5.320000000000000000e+02
5.120000000000000000e+02
4.880000000000000000e+02
4.960000000000000000e+02
4.960000000000000000e+02
4.960000000000000000e+02
4.880000000000000000e+02
4.960000000000000000e+02
5.000000000000000000e+02
4.920000000000000000e+02
5.240000000000000000e+02
5.280000000000000000e+02
5.880000000000000000e+02
5.800000000000000000e+02
5.840000000000000000e+02
5.840000000000000000e+02
5.840000000000000000e+02
5.860000000000000000e+02
5.440000000000000000e+02
5.440000000000000000e+02
5.090000000000000000e+02
4.840000000000000000e+02
4.880000000000000000e+02
4.920000000000000000e+02
5.000000000000000000e+02
5.573333333333333712e+02
5.640000000000000000e+02
5.200000000000000000e+02
5.090000000000000000e+02
5.640000000000000000e+02
5.600000000000000000e+02
5.600000000000000000e+02
5.640000000000000000e+02
5.660000000000000000e+02
5.450000000000000000e+02
5.680000000000000000e+02
5.600000000000000000e+02
6.000000000000000000e+02
5.960000000000000000e+02
6.000000000000000000e+02
5.360000000000000000e+02
5.360000000000000000e+02
5.240000000000000000e+02
6.720000000000000000e+02
5.800000000000000000e+02
5.813333333333333712e+02
5.880000000000000000e+02
6.000000000000000000e+02
6.120000000000000000e+02
6.240000000000000000e+02
5.960000000000000000e+02
5.920000000000000000e+02
7.760000000000000000e+02
7.760000000000000000e+02
5.960000000000000000e+02
5.920000000000000000e+02
5.960000000000000000e+02
5.600000000000000000e+02
5.640000000000000000e+02
5.706666666666666288e+02
5.680000000000000000e+02
5.680000000000000000e+02
5.600000000000000000e+02
5.480000000000000000e+02
5.453333333333333712e+02
5.680000000000000000e+02
5.720000000000000000e+02
5.720000000000000000e+02
5.640000000000000000e+02
6.000000000000000000e+02
5.940000000000000000e+02
7.760000000000000000e+02
7.760000000000000000e+02
7.760000000000000000e+02
7.720000000000000000e+02
6.640000000000000000e+02
6.520000000000000000e+02
6.560000000000000000e+02
6.020000000000000000e+02
6.120000000000000000e+02
6.400000000000000000e+02
6.520000000000000000e+02
6.560000000000000000e+02
7.786666666666666288e+02
7.760000000000000000e+02
7.800000000000000000e+02
7.800000000000000000e+02
7.780000000000000000e+02
6.000000000000000000e+02
5.490000000000000000e+02
5.670000000000000000e+02
5.826666666666666288e+02
5.560000000000000000e+02
5.960000000000000000e+02
7.733333333333333712e+02
7.746666666666666288e+02
4.880000000000000000e+02
4.840000000000000000e+02
4.860000000000000000e+02
6.290000000000000000e+02
5.840000000000000000e+02
5.500000000000000000e+02
7.720000000000000000e+02
7.840000000000000000e+02
7.830000000000000000e+02
7.720000000000000000e+02
7.960000000000000000e+02
6.253333333333333712e+02
6.640000000000000000e+02
6.346666666666666288e+02
6.440000000000000000e+02
