5.840000000000000000e+02
5.880000000000000000e+02
7.866666666666666288e+02
7.920000000000000000e+02
7.920000000000000000e+02
7.840000000000000000e+02
7.840000000000000000e+02
7.890000000000000000e+02
7.880000000000000000e+02
7.760000000000000000e+02
7.920000000000000000e+02
7.920000000000000000e+02
7.906666666666666288e+02
5.480000000000000000e+02
5.420000000000000000e+02
7.960000000000000000e+02
7.470000000000000000e+02
5.080000000000000000e+02
4.940000000000000000e+02
4.880000000000000000e+02
7.920000000000000000e+02
7.920000000000000000e+02
7.840000000000000000e+02
7.840000000000000000e+02
7.920000000000000000e+02
7.920000000000000000e+02
7.920000000000000000e+02
7.870000000000000000e+02
7.800000000000000000e+02
7.893333333333333712e+02
7.880000000000000000e+02
7.680000000000000000e+02
5.900000000000000000e+02
7.880000000000000000e+02
7.580000000000000000e+02
7.800000000000000000e+02
7.840000000000000000e+02
7.890000000000000000e+02
7.740000000000000000e+02
7.880000000000000000e+02
7.800000000000000000e+02
7.870000000000000000e+02
7.870000000000000000e+02
7.880000000000000000e+02
7.880000000000000000e+02
7.920000000000000000e+02
7.930000000000000000e+02
7.600000000000000000e+02
5.266666666666666288e+02
7.960000000000000000e+02
4.710000000000000000e+02
7.880000000000000000e+02
7.880000000000000000e+02
7.893333333333333712e+02
7.840000000000000000e+02
7.810000000000000000e+02
7.813333333333333712e+02
7.880000000000000000e+02
7.840000000000000000e+02
7.800000000000000000e+02
7.880000000000000000e+02
5.120000000000000000e+02
5.240000000000000000e+02
5.800000000000000000e+02
5.680000000000000000e+02
5.160000000000000000e+02
5.350000000000000000e+02
7.840000000000000000e+02
7.840000000000000000e+02
7.800000000000000000e+02
7.880000000000000000e+02
7.840000000000000000e+02
7.880000000000000000e+02
7.840000000000000000e+02
4.480000000000000000e+02
4.440000000000000000e+02
5.120000000000000000e+02
5.133333333333333712e+02
5.120000000000000000e+02
5.170000000000000000e+02
5.030000000000000000e+02
5.000000000000000000e+02
5.080000000000000000e+02
5.040000000000000000e+02
4.440000000000000000e+02
7.860000000000000000e+02
7.830000000000000000e+02
7.840000000000000000e+02
7.880000000000000000e+02
7.760000000000000000e+02
7.920000000000000000e+02
7.810000000000000000e+02
7.800000000000000000e+02
7.930000000000000000e+02
5.180000000000000000e+02
5.200000000000000000e+02
5.230000000000000000e+02
5.080000000000000000e+02
7.800000000000000000e+02
7.930000000000000000e+02
7.880000000000000000e+02
7.920000000000000000e+02
7.960000000000000000e+02
7.830000000000000000e+02
7.840000000000000000e+02
7.866666666666666288e+02
4.280000000000000000e+02
4.280000000000000000e+02
4.280000000000000000e+02
4.800000000000000000e+02
4.640000000000000000e+02
4.640000000000000000e+02
4.640000000000000000e+02
4.200000000000000000e+02
4.290000000000000000e+02
4.360000000000000000e+02
4.280000000000000000e+02
4.200000000000000000e+02
4.290000000000000000e+02
4.360000000000000000e+02
4.360000000000000000e+02
4.400000000000000000e+02
4.450000000000000000e+02
4.450000000000000000e+02
4.400000000000000000e+02
5.210000000000000000e+02
5.240000000000000000e+02
5.200000000000000000e+02
5.270000000000000000e+02
5.200000000000000000e+02
5.160000000000000000e+02
4.320000000000000000e+02
4.360000000000000000e+02
4.320000000000000000e+02
4.160000000000000000e+02
4.200000000000000000e+02
4.240000000000000000e+02
4.240000000000000000e+02
4.200000000000000000e+02
4.200000000000000000e+02
4.120000000000000000e+02
4.160000000000000000e+02
4.200000000000000000e+02
4.160000000000000000e+02
4.200000000000000000e+02
4.160000000000000000e+02
4.120000000000000000e+02
4.120000000000000000e+02
4.160000000000000000e+02
4.160000000000000000e+02
4.280000000000000000e+02
4.160000000000000000e+02
4.266666666666666856e+02
4.240000000000000000e+02
4.290000000000000000e+02
4.360000000000000000e+02
4.400000000000000000e+02
4.500000000000000000e+02
5.280000000000000000e+02
5.200000000000000000e+02
5.200000000000000000e+02
5.220000000000000000e+02
4.466666666666666856e+02
4.320000000000000000e+02
4.320000000000000000e+02
4.240000000000000000e+02
4.080000000000000000e+02
3.960000000000000000e+02
3.960000000000000000e+02
4.040000000000000000e+02
4.000000000000000000e+02
3.960000000000000000e+02
4.160000000000000000e+02
4.160000000000000000e+02
4.040000000000000000e+02
4.120000000000000000e+02
4.240000000000000000e+02
4.000000000000000000e+02
4.160000000000000000e+02
4.200000000000000000e+02
4.200000000000000000e+02
4.120000000000000000e+02
4.080000000000000000e+02
4.240000000000000000e+02
4.200000000000000000e+02
4.240000000000000000e+02
4.160000000000000000e+02
4.360000000000000000e+02
4.290000000000000000e+02
4.560000000000000000e+02
5.120000000000000000e+02
5.200000000000000000e+02
5.200000000000000000e+02
5.160000000000000000e+02
4.640000000000000000e+02
4.720000000000000000e+02
4.240000000000000000e+02
4.200000000000000000e+02
4.280000000000000000e+02
4.240000000000000000e+02
4.280000000000000000e+02
4.186666666666666856e+02
4.000000000000000000e+02
3.960000000000000000e+02
4.053333333333333144e+02
4.170000000000000000e+02
4.360000000000000000e+02
4.386666666666666856e+02
4.240000000000000000e+02
4.240000000000000000e+02
4.280000000000000000e+02
4.240000000000000000e+02
4.040000000000000000e+02
4.000000000000000000e+02
4.080000000000000000e+02
4.280000000000000000e+02
4.240000000000000000e+02
4.240000000000000000e+02
4.320000000000000000e+02
4.680000000000000000e+02
5.533333333333333712e+02
5.180000000000000000e+02
5.240000000000000000e+02
5.160000000000000000e+02
5.440000000000000000e+02
5.480000000000000000e+02
5.380000000000000000e+02
5.320000000000000000e+02
5.346666666666666288e+02
4.900000000000000000e+02
4.760000000000000000e+02
4.266666666666666856e+02
4.280000000000000000e+02
4.320000000000000000e+02
4.306666666666666856e+02
4.240000000000000000e+02
4.160000000000000000e+02
4.560000000000000000e+02
4.760000000000000000e+02
4.970000000000000000e+02
4.960000000000000000e+02
4.880000000000000000e+02
4.420000000000000000e+02
4.200000000000000000e+02
4.200000000000000000e+02
4.240000000000000000e+02
4.280000000000000000e+02
4.240000000000000000e+02
4.200000000000000000e+02
4.240000000000000000e+02
4.760000000000000000e+02
4.720000000000000000e+02
5.360000000000000000e+02
6.000000000000000000e+02
5.480000000000000000e+02
5.440000000000000000e+02
