7.400000000000000000e+02
7.360000000000000000e+02
7.400000000000000000e+02
4.650000000000000000e+02
7.360000000000000000e+02
7.400000000000000000e+02
5.560000000000000000e+02
7.320000000000000000e+02
7.360000000000000000e+02
5.330000000000000000e+02
4.880000000000000000e+02
5.040000000000000000e+02
5.300000000000000000e+02
5.190000000000000000e+02
4.960000000000000000e+02
4.800000000000000000e+02
4.800000000000000000e+02
7.546666666666666288e+02
4.880000000000000000e+02
7.520000000000000000e+02
4.920000000000000000e+02
7.500000000000000000e+02
7.426666666666666288e+02
7.200000000000000000e+02
7.280000000000000000e+02
5.710000000000000000e+02
7.360000000000000000e+02
7.360000000000000000e+02
7.160000000000000000e+02
7.320000000000000000e+02
7.330000000000000000e+02
7.320000000000000000e+02
4.880000000000000000e+02
7.360000000000000000e+02
7.400000000000000000e+02
4.850000000000000000e+02
4.920000000000000000e+02
7.230000000000000000e+02
7.240000000000000000e+02
7.330000000000000000e+02
7.280000000000000000e+02
4.933333333333333144e+02
4.906666666666666856e+02
7.180000000000000000e+02
5.000000000000000000e+02
4.800000000000000000e+02
4.840000000000000000e+02
4.760000000000000000e+02
4.786666666666666856e+02
4.800000000000000000e+02
7.340000000000000000e+02
7.426666666666666288e+02
7.426666666666666288e+02
7.440000000000000000e+02
5.010000000000000000e+02
7.430000000000000000e+02
7.470000000000000000e+02
7.346666666666666288e+02
4.920000000000000000e+02
5.080000000000000000e+02
4.900000000000000000e+02
4.800000000000000000e+02
4.920000000000000000e+02
7.320000000000000000e+02
7.320000000000000000e+02
7.240000000000000000e+02
7.200000000000000000e+02
7.160000000000000000e+02
7.160000000000000000e+02
5.080000000000000000e+02
5.100000000000000000e+02
5.200000000000000000e+02
5.210000000000000000e+02
4.626666666666666856e+02
4.720000000000000000e+02
4.720000000000000000e+02
4.800000000000000000e+02
5.080000000000000000e+02
7.240000000000000000e+02
4.800000000000000000e+02
4.826666666666666856e+02
5.080000000000000000e+02
4.880000000000000000e+02
4.880000000000000000e+02
4.800000000000000000e+02
4.760000000000000000e+02
4.800000000000000000e+02
4.700000000000000000e+02
5.240000000000000000e+02
5.200000000000000000e+02
7.080000000000000000e+02
7.160000000000000000e+02
7.240000000000000000e+02
7.200000000000000000e+02
7.160000000000000000e+02
7.200000000000000000e+02
7.200000000000000000e+02
7.200000000000000000e+02
7.160000000000000000e+02
7.190000000000000000e+02
7.120000000000000000e+02
7.000000000000000000e+02
5.280000000000000000e+02
5.240000000000000000e+02
4.040000000000000000e+02
4.000000000000000000e+02
4.800000000000000000e+02
4.720000000000000000e+02
4.760000000000000000e+02
4.560000000000000000e+02
4.480000000000000000e+02
4.520000000000000000e+02
4.480000000000000000e+02
4.520000000000000000e+02
4.613333333333333144e+02
4.680000000000000000e+02
4.800000000000000000e+02
4.700000000000000000e+02
4.760000000000000000e+02
4.120000000000000000e+02
4.120000000000000000e+02
5.160000000000000000e+02
3.920000000000000000e+02
3.960000000000000000e+02
7.240000000000000000e+02
7.120000000000000000e+02
7.160000000000000000e+02
7.160000000000000000e+02
7.200000000000000000e+02
7.200000000000000000e+02
7.190000000000000000e+02
3.960000000000000000e+02
4.000000000000000000e+02
4.040000000000000000e+02
4.040000000000000000e+02
4.080000000000000000e+02
4.120000000000000000e+02
4.080000000000000000e+02
4.080000000000000000e+02
4.040000000000000000e+02
4.080000000000000000e+02
4.080000000000000000e+02
4.520000000000000000e+02
4.520000000000000000e+02
4.600000000000000000e+02
4.660000000000000000e+02
4.333333333333333144e+02
4.350000000000000000e+02
4.040000000000000000e+02
4.080000000000000000e+02
4.080000000000000000e+02
4.120000000000000000e+02
4.160000000000000000e+02
4.080000000000000000e+02
4.000000000000000000e+02
4.040000000000000000e+02
4.000000000000000000e+02
4.000000000000000000e+02
4.040000000000000000e+02
4.280000000000000000e+02
3.946666666666666856e+02
4.000000000000000000e+02
3.960000000000000000e+02
3.840000000000000000e+02
3.880000000000000000e+02
3.773333333333333144e+02
4.200000000000000000e+02
4.200000000000000000e+02
4.120000000000000000e+02
4.000000000000000000e+02
4.040000000000000000e+02
3.960000000000000000e+02
4.040000000000000000e+02
4.000000000000000000e+02
4.680000000000000000e+02
4.450000000000000000e+02
4.670000000000000000e+02
4.600000000000000000e+02
4.040000000000000000e+02
4.040000000000000000e+02
4.000000000000000000e+02
4.000000000000000000e+02
4.040000000000000000e+02
4.080000000000000000e+02
4.160000000000000000e+02
4.133333333333333144e+02
3.760000000000000000e+02
3.760000000000000000e+02
3.880000000000000000e+02
4.040000000000000000e+02
4.000000000000000000e+02
3.960000000000000000e+02
3.920000000000000000e+02
3.960000000000000000e+02
3.960000000000000000e+02
3.880000000000000000e+02
3.960000000000000000e+02
3.760000000000000000e+02
3.720000000000000000e+02
4.000000000000000000e+02
4.000000000000000000e+02
4.000000000000000000e+02
4.000000000000000000e+02
4.040000000000000000e+02
4.120000000000000000e+02
4.120000000000000000e+02
4.266666666666666856e+02
4.880000000000000000e+02
4.960000000000000000e+02
4.640000000000000000e+02
4.400000000000000000e+02
4.160000000000000000e+02
4.010000000000000000e+02
3.960000000000000000e+02
4.000000000000000000e+02
4.000000000000000000e+02
4.080000000000000000e+02
4.200000000000000000e+02
4.230000000000000000e+02
4.160000000000000000e+02
3.820000000000000000e+02
3.880000000000000000e+02
4.000000000000000000e+02
3.960000000000000000e+02
5.190000000000000000e+02
5.066666666666666856e+02
3.890000000000000000e+02
3.933333333333333144e+02
4.040000000000000000e+02
3.880000000000000000e+02
4.160000000000000000e+02
4.100000000000000000e+02
4.080000000000000000e+02
4.120000000000000000e+02
4.000000000000000000e+02
3.960000000000000000e+02
4.040000000000000000e+02
4.400000000000000000e+02
4.490000000000000000e+02
4.493333333333333144e+02
4.360000000000000000e+02
4.520000000000000000e+02
4.520000000000000000e+02
4.720000000000000000e+02
4.770000000000000000e+02
4.120000000000000000e+02
4.040000000000000000e+02
4.040000000000000000e+02
4.040000000000000000e+02
4.080000000000000000e+02
4.000000000000000000e+02
4.000000000000000000e+02
4.040000000000000000e+02
4.080000000000000000e+02
4.133333333333333144e+02
5.880000000000000000e+02
7.360000000000000000e+02
7.320000000000000000e+02
7.360000000000000000e+02
4.880000000000000000e+02
4.950000000000000000e+02
3.920000000000000000e+02
5.140000000000000000e+02
4.013333333333333144e+02
4.760000000000000000e+02
4.800000000000000000e+02
4.880000000000000000e+02
4.940000000000000000e+02
4.760000000000000000e+02
4.693333333333333144e+02
4.480000000000000000e+02
4.586666666666666856e+02
4.293333333333333144e+02
4.680000000000000000e+02
4.640000000000000000e+02
4.890000000000000000e+02
4.920000000000000000e+02
5.000000000000000000e+02
4.880000000000000000e+02
4.730000000000000000e+02
4.800000000000000000e+02
5.000000000000000000e+02
5.000000000000000000e+02
7.440000000000000000e+02
4.860000000000000000e+02
7.400000000000000000e+02
7.400000000000000000e+02
7.400000000000000000e+02
7.440000000000000000e+02
7.360000000000000000e+02
5.060000000000000000e+02
4.920000000000000000e+02
4.746666666666666856e+02
5.026666666666666856e+02
4.360000000000000000e+02
4.720000000000000000e+02
4.720000000000000000e+02
4.800000000000000000e+02
4.960000000000000000e+02
4.860000000000000000e+02
4.880000000000000000e+02
4.880000000000000000e+02
4.920000000000000000e+02
5.160000000000000000e+02
7.520000000000000000e+02
4.800000000000000000e+02
4.830000000000000000e+02
4.700000000000000000e+02
5.360000000000000000e+02
5.120000000000000000e+02
4.920000000000000000e+02
4.880000000000000000e+02
5.440000000000000000e+02
4.920000000000000000e+02
4.880000000000000000e+02
5.080000000000000000e+02
7.480000000000000000e+02
5.430000000000000000e+02
7.480000000000000000e+02
7.520000000000000000e+02
4.920000000000000000e+02
4.920000000000000000e+02
7.440000000000000000e+02
4.890000000000000000e+02
5.480000000000000000e+02
6.880000000000000000e+02
6.440000000000000000e+02
5.000000000000000000e+02
4.850000000000000000e+02
6.973333333333333712e+02
7.060000000000000000e+02
4.866666666666666856e+02
4.840000000000000000e+02
4.920000000000000000e+02
4.880000000000000000e+02
4.920000000000000000e+02
