5.920000000000000000e+02
5.880000000000000000e+02
7.950000000000000000e+02
7.920000000000000000e+02
7.920000000000000000e+02
7.853333333333333712e+02
7.840000000000000000e+02
7.890000000000000000e+02
7.880000000000000000e+02
7.960000000000000000e+02
7.880000000000000000e+02
7.920000000000000000e+02
5.120000000000000000e+02
5.280000000000000000e+02
5.380000000000000000e+02
7.960000000000000000e+02
7.470000000000000000e+02
5.080000000000000000e+02
4.880000000000000000e+02
7.920000000000000000e+02
6.920000000000000000e+02
7.920000000000000000e+02
7.880000000000000000e+02
7.960000000000000000e+02
7.920000000000000000e+02
7.920000000000000000e+02
7.960000000000000000e+02
7.840000000000000000e+02
7.580000000000000000e+02
7.893333333333333712e+02
7.840000000000000000e+02
5.800000000000000000e+02
6.000000000000000000e+02
7.920000000000000000e+02
7.770000000000000000e+02
7.880000000000000000e+02
7.840000000000000000e+02
7.920000000000000000e+02
7.740000000000000000e+02
7.810000000000000000e+02
7.810000000000000000e+02
7.800000000000000000e+02
7.870000000000000000e+02
7.880000000000000000e+02
7.880000000000000000e+02
7.893333333333333712e+02
7.920000000000000000e+02
7.920000000000000000e+02
5.266666666666666288e+02
7.960000000000000000e+02
4.580000000000000000e+02
7.840000000000000000e+02
7.880000000000000000e+02
7.840000000000000000e+02
7.840000000000000000e+02
7.800000000000000000e+02
7.840000000000000000e+02
7.880000000000000000e+02
7.840000000000000000e+02
7.840000000000000000e+02
7.880000000000000000e+02
5.120000000000000000e+02
5.240000000000000000e+02
5.720000000000000000e+02
5.080000000000000000e+02
5.200000000000000000e+02
5.350000000000000000e+02
7.840000000000000000e+02
7.840000000000000000e+02
7.840000000000000000e+02
7.866666666666666288e+02
7.840000000000000000e+02
7.880000000000000000e+02
7.866666666666666288e+02
4.440000000000000000e+02
4.440000000000000000e+02
5.120000000000000000e+02
5.200000000000000000e+02
5.000000000000000000e+02
4.946666666666666856e+02
4.906666666666666856e+02
5.000000000000000000e+02
5.080000000000000000e+02
5.040000000000000000e+02
4.440000000000000000e+02
4.453333333333333144e+02
7.880000000000000000e+02
7.840000000000000000e+02
7.880000000000000000e+02
7.800000000000000000e+02
7.860000000000000000e+02
7.800000000000000000e+02
7.853333333333333712e+02
7.940000000000000000e+02
5.180000000000000000e+02
5.320000000000000000e+02
5.066666666666666856e+02
5.110000000000000000e+02
7.800000000000000000e+02
7.940000000000000000e+02
7.880000000000000000e+02
7.880000000000000000e+02
7.946666666666666288e+02
7.810000000000000000e+02
4.410000000000000000e+02
4.370000000000000000e+02
4.266666666666666856e+02
4.280000000000000000e+02
4.240000000000000000e+02
4.720000000000000000e+02
4.610000000000000000e+02
4.600000000000000000e+02
4.640000000000000000e+02
4.293333333333333144e+02
4.360000000000000000e+02
4.280000000000000000e+02
4.250000000000000000e+02
4.240000000000000000e+02
4.290000000000000000e+02
4.360000000000000000e+02
4.360000000000000000e+02
4.360000000000000000e+02
4.480000000000000000e+02
4.410000000000000000e+02
4.370000000000000000e+02
4.480000000000000000e+02
5.200000000000000000e+02
5.200000000000000000e+02
5.240000000000000000e+02
5.170000000000000000e+02
5.240000000000000000e+02
4.360000000000000000e+02
4.360000000000000000e+02
4.320000000000000000e+02
4.280000000000000000e+02
4.120000000000000000e+02
4.200000000000000000e+02
4.240000000000000000e+02
4.200000000000000000e+02
4.120000000000000000e+02
4.120000000000000000e+02
4.160000000000000000e+02
4.160000000000000000e+02
4.160000000000000000e+02
4.200000000000000000e+02
4.160000000000000000e+02
4.080000000000000000e+02
4.160000000000000000e+02
4.160000000000000000e+02
4.160000000000000000e+02
4.200000000000000000e+02
4.160000000000000000e+02
4.120000000000000000e+02
4.240000000000000000e+02
4.320000000000000000e+02
4.360000000000000000e+02
4.400000000000000000e+02
4.440000000000000000e+02
5.280000000000000000e+02
5.200000000000000000e+02
5.240000000000000000e+02
5.360000000000000000e+02
4.466666666666666856e+02
4.320000000000000000e+02
4.320000000000000000e+02
4.280000000000000000e+02
4.080000000000000000e+02
3.960000000000000000e+02
4.000000000000000000e+02
4.040000000000000000e+02
4.000000000000000000e+02
4.040000000000000000e+02
4.140000000000000000e+02
4.200000000000000000e+02
4.080000000000000000e+02
4.160000000000000000e+02
4.200000000000000000e+02
4.060000000000000000e+02
4.160000000000000000e+02
4.160000000000000000e+02
4.210000000000000000e+02
4.120000000000000000e+02
4.080000000000000000e+02
4.200000000000000000e+02
4.200000000000000000e+02
4.250000000000000000e+02
4.160000000000000000e+02
4.360000000000000000e+02
4.240000000000000000e+02
4.560000000000000000e+02
5.160000000000000000e+02
5.200000000000000000e+02
5.200000000000000000e+02
5.160000000000000000e+02
4.640000000000000000e+02
4.346666666666666856e+02
4.346666666666666856e+02
4.200000000000000000e+02
4.280000000000000000e+02
4.280000000000000000e+02
4.280000000000000000e+02
4.040000000000000000e+02
4.026666666666666856e+02
4.460000000000000000e+02
4.240000000000000000e+02
4.240000000000000000e+02
4.360000000000000000e+02
4.400000000000000000e+02
4.240000000000000000e+02
4.160000000000000000e+02
4.280000000000000000e+02
4.170000000000000000e+02
4.000000000000000000e+02
4.000000000000000000e+02
4.040000000000000000e+02
4.280000000000000000e+02
4.240000000000000000e+02
4.240000000000000000e+02
4.280000000000000000e+02
4.640000000000000000e+02
4.460000000000000000e+02
5.070000000000000000e+02
5.140000000000000000e+02
5.200000000000000000e+02
5.480000000000000000e+02
5.480000000000000000e+02
5.440000000000000000e+02
5.320000000000000000e+02
4.200000000000000000e+02
4.840000000000000000e+02
4.760000000000000000e+02
4.240000000000000000e+02
4.240000000000000000e+02
4.240000000000000000e+02
4.306666666666666856e+02
4.240000000000000000e+02
4.160000000000000000e+02
4.520000000000000000e+02
4.760000000000000000e+02
4.960000000000000000e+02
4.930000000000000000e+02
4.880000000000000000e+02
4.800000000000000000e+02
4.160000000000000000e+02
4.200000000000000000e+02
4.240000000000000000e+02
4.280000000000000000e+02
4.200000000000000000e+02
4.200000000000000000e+02
4.160000000000000000e+02
4.760000000000000000e+02
4.720000000000000000e+02
5.360000000000000000e+02
5.400000000000000000e+02
5.480000000000000000e+02
5.440000000000000000e+02
