5.920000000000000000e+02
5.186666666666666288e+02
7.946666666666666288e+02
7.880000000000000000e+02
7.940000000000000000e+02
7.853333333333333712e+02
7.840000000000000000e+02
7.850000000000000000e+02
7.900000000000000000e+02
7.820000000000000000e+02
7.890000000000000000e+02
7.920000000000000000e+02
7.770000000000000000e+02
5.280000000000000000e+02
5.380000000000000000e+02
7.940000000000000000e+02
4.920000000000000000e+02
5.080000000000000000e+02
4.880000000000000000e+02
7.840000000000000000e+02
7.840000000000000000e+02
7.920000000000000000e+02
7.950000000000000000e+02
7.840000000000000000e+02
7.920000000000000000e+02
7.920000000000000000e+02
7.840000000000000000e+02
7.760000000000000000e+02
7.800000000000000000e+02
7.720000000000000000e+02
7.920000000000000000e+02
5.780000000000000000e+02
5.900000000000000000e+02
7.880000000000000000e+02
7.870000000000000000e+02
7.760000000000000000e+02
7.780000000000000000e+02
7.840000000000000000e+02
7.950000000000000000e+02
7.840000000000000000e+02
7.850000000000000000e+02
7.860000000000000000e+02
7.920000000000000000e+02
7.880000000000000000e+02
7.920000000000000000e+02
7.960000000000000000e+02
7.920000000000000000e+02
7.860000000000000000e+02
7.960000000000000000e+02
7.920000000000000000e+02
4.600000000000000000e+02
7.880000000000000000e+02
7.880000000000000000e+02
7.840000000000000000e+02
7.830000000000000000e+02
7.880000000000000000e+02
7.960000000000000000e+02
7.930000000000000000e+02
7.860000000000000000e+02
7.840000000000000000e+02
7.810000000000000000e+02
7.780000000000000000e+02
5.240000000000000000e+02
5.800000000000000000e+02
5.093333333333333144e+02
5.200000000000000000e+02
5.350000000000000000e+02
7.786666666666666288e+02
7.840000000000000000e+02
7.800000000000000000e+02
7.866666666666666288e+02
7.840000000000000000e+02
7.840000000000000000e+02
7.840000000000000000e+02
4.450000000000000000e+02
4.440000000000000000e+02
5.120000000000000000e+02
5.200000000000000000e+02
5.000000000000000000e+02
5.170000000000000000e+02
5.030000000000000000e+02
5.000000000000000000e+02
5.040000000000000000e+02
5.040000000000000000e+02
4.440000000000000000e+02
4.453333333333333144e+02
7.830000000000000000e+02
7.880000000000000000e+02
7.880000000000000000e+02
7.760000000000000000e+02
7.840000000000000000e+02
7.840000000000000000e+02
7.840000000000000000e+02
7.880000000000000000e+02
7.890000000000000000e+02
5.200000000000000000e+02
5.173333333333333712e+02
5.290000000000000000e+02
4.986666666666666856e+02
7.930000000000000000e+02
7.880000000000000000e+02
7.850000000000000000e+02
7.960000000000000000e+02
7.830000000000000000e+02
7.890000000000000000e+02
7.866666666666666288e+02
4.320000000000000000e+02
4.320000000000000000e+02
4.200000000000000000e+02
4.720000000000000000e+02
4.640000000000000000e+02
4.600000000000000000e+02
4.600000000000000000e+02
4.293333333333333144e+02
4.240000000000000000e+02
4.360000000000000000e+02
4.250000000000000000e+02
4.200000000000000000e+02
4.200000000000000000e+02
4.400000000000000000e+02
4.320000000000000000e+02
4.400000000000000000e+02
4.480000000000000000e+02
4.410000000000000000e+02
4.400000000000000000e+02
4.520000000000000000e+02
5.240000000000000000e+02
5.200000000000000000e+02
5.240000000000000000e+02
5.240000000000000000e+02
5.160000000000000000e+02
4.320000000000000000e+02
4.360000000000000000e+02
4.320000000000000000e+02
4.226666666666666856e+02
4.080000000000000000e+02
4.360000000000000000e+02
4.280000000000000000e+02
4.160000000000000000e+02
4.160000000000000000e+02
4.120000000000000000e+02
4.160000000000000000e+02
4.160000000000000000e+02
4.160000000000000000e+02
4.120000000000000000e+02
4.160000000000000000e+02
4.120000000000000000e+02
4.120000000000000000e+02
4.200000000000000000e+02
4.160000000000000000e+02
4.240000000000000000e+02
4.200000000000000000e+02
4.213333333333333144e+02
4.240000000000000000e+02
4.320000000000000000e+02
4.360000000000000000e+02
4.400000000000000000e+02
4.440000000000000000e+02
5.360000000000000000e+02
5.200000000000000000e+02
5.200000000000000000e+02
5.360000000000000000e+02
4.400000000000000000e+02
4.360000000000000000e+02
4.280000000000000000e+02
4.280000000000000000e+02
4.080000000000000000e+02
3.960000000000000000e+02
3.960000000000000000e+02
4.160000000000000000e+02
4.000000000000000000e+02
4.030000000000000000e+02
4.160000000000000000e+02
4.160000000000000000e+02
4.080000000000000000e+02
4.120000000000000000e+02
4.200000000000000000e+02
4.120000000000000000e+02
4.150000000000000000e+02
4.160000000000000000e+02
4.200000000000000000e+02
4.120000000000000000e+02
4.120000000000000000e+02
4.200000000000000000e+02
4.200000000000000000e+02
4.300000000000000000e+02
4.240000000000000000e+02
4.400000000000000000e+02
4.280000000000000000e+02
4.560000000000000000e+02
5.160000000000000000e+02
5.200000000000000000e+02
5.200000000000000000e+02
5.200000000000000000e+02
4.640000000000000000e+02
4.680000000000000000e+02
4.346666666666666856e+02
4.200000000000000000e+02
4.240000000000000000e+02
4.280000000000000000e+02
4.240000000000000000e+02
4.080000000000000000e+02
4.040000000000000000e+02
3.960000000000000000e+02
4.240000000000000000e+02
4.240000000000000000e+02
4.320000000000000000e+02
4.400000000000000000e+02
4.230000000000000000e+02
4.160000000000000000e+02
4.280000000000000000e+02
4.200000000000000000e+02
4.000000000000000000e+02
4.000000000000000000e+02
4.160000000000000000e+02
4.280000000000000000e+02
4.240000000000000000e+02
4.240000000000000000e+02
4.320000000000000000e+02
4.720000000000000000e+02
5.160000000000000000e+02
5.040000000000000000e+02
5.120000000000000000e+02
5.160000000000000000e+02
5.373333333333333712e+02
5.440000000000000000e+02
5.360000000000000000e+02
4.680000000000000000e+02
5.173333333333333712e+02
4.840000000000000000e+02
4.760000000000000000e+02
4.280000000000000000e+02
4.280000000000000000e+02
4.280000000000000000e+02
4.240000000000000000e+02
4.240000000000000000e+02
4.200000000000000000e+02
4.560000000000000000e+02
4.880000000000000000e+02
4.960000000000000000e+02
4.920000000000000000e+02
4.880000000000000000e+02
4.420000000000000000e+02
4.760000000000000000e+02
4.240000000000000000e+02
4.240000000000000000e+02
4.280000000000000000e+02
4.200000000000000000e+02
4.240000000000000000e+02
4.200000000000000000e+02
4.760000000000000000e+02
4.720000000000000000e+02
5.180000000000000000e+02
6.000000000000000000e+02
5.480000000000000000e+02
5.400000000000000000e+02
