7.400000000000000000e+02
7.400000000000000000e+02
7.400000000000000000e+02
7.220000000000000000e+02
7.280000000000000000e+02
7.386666666666666288e+02
5.560000000000000000e+02
7.280000000000000000e+02
7.290000000000000000e+02
5.330000000000000000e+02
5.000000000000000000e+02
4.880000000000000000e+02
7.373333333333333712e+02
4.853333333333333144e+02
4.960000000000000000e+02
4.800000000000000000e+02
4.840000000000000000e+02
7.546666666666666288e+02
4.840000000000000000e+02
5.506666666666666288e+02
7.350000000000000000e+02
4.840000000000000000e+02
6.973333333333333712e+02
7.200000000000000000e+02
7.280000000000000000e+02
5.180000000000000000e+02
5.040000000000000000e+02
7.400000000000000000e+02
6.750000000000000000e+02
7.253333333333333712e+02
7.360000000000000000e+02
7.320000000000000000e+02
4.880000000000000000e+02
7.360000000000000000e+02
4.920000000000000000e+02
4.840000000000000000e+02
4.880000000000000000e+02
7.160000000000000000e+02
7.280000000000000000e+02
5.293333333333333712e+02
7.280000000000000000e+02
5.040000000000000000e+02
5.370000000000000000e+02
4.890000000000000000e+02
4.880000000000000000e+02
4.800000000000000000e+02
4.840000000000000000e+02
4.760000000000000000e+02
4.840000000000000000e+02
4.760000000000000000e+02
4.840000000000000000e+02
7.370000000000000000e+02
7.360000000000000000e+02
7.380000000000000000e+02
5.010000000000000000e+02
7.430000000000000000e+02
7.440000000000000000e+02
7.346666666666666288e+02
4.860000000000000000e+02
4.880000000000000000e+02
4.960000000000000000e+02
4.800000000000000000e+02
4.920000000000000000e+02
7.320000000000000000e+02
7.320000000000000000e+02
7.240000000000000000e+02
7.200000000000000000e+02
7.160000000000000000e+02
7.160000000000000000e+02
5.106666666666666856e+02
5.000000000000000000e+02
5.200000000000000000e+02
5.200000000000000000e+02
4.626666666666666856e+02
4.720000000000000000e+02
4.720000000000000000e+02
4.773333333333333144e+02
5.020000000000000000e+02
4.800000000000000000e+02
4.780000000000000000e+02
4.720000000000000000e+02
5.040000000000000000e+02
4.840000000000000000e+02
4.786666666666666856e+02
4.760000000000000000e+02
4.760000000000000000e+02
4.760000000000000000e+02
4.600000000000000000e+02
5.230000000000000000e+02
5.240000000000000000e+02
5.173333333333333712e+02
7.160000000000000000e+02
7.200000000000000000e+02
7.160000000000000000e+02
7.160000000000000000e+02
7.200000000000000000e+02
7.160000000000000000e+02
7.160000000000000000e+02
7.160000000000000000e+02
7.306666666666666288e+02
7.080000000000000000e+02
7.040000000000000000e+02
5.280000000000000000e+02
4.080000000000000000e+02
4.040000000000000000e+02
4.800000000000000000e+02
4.800000000000000000e+02
4.720000000000000000e+02
4.720000000000000000e+02
5.120000000000000000e+02
4.590000000000000000e+02
4.520000000000000000e+02
4.520000000000000000e+02
4.520000000000000000e+02
5.190000000000000000e+02
4.750000000000000000e+02
4.800000000000000000e+02
4.700000000000000000e+02
4.760000000000000000e+02
4.090000000000000000e+02
4.120000000000000000e+02
4.160000000000000000e+02
4.000000000000000000e+02
3.920000000000000000e+02
7.240000000000000000e+02
7.160000000000000000e+02
7.160000000000000000e+02
7.160000000000000000e+02
7.200000000000000000e+02
4.080000000000000000e+02
7.320000000000000000e+02
7.280000000000000000e+02
4.000000000000000000e+02
4.040000000000000000e+02
4.040000000000000000e+02
4.080000000000000000e+02
4.080000000000000000e+02
4.120000000000000000e+02
4.040000000000000000e+02
4.040000000000000000e+02
4.080000000000000000e+02
4.213333333333333144e+02
4.520000000000000000e+02
4.520000000000000000e+02
4.600000000000000000e+02
4.640000000000000000e+02
4.546666666666666856e+02
4.053333333333333144e+02
4.040000000000000000e+02
4.040000000000000000e+02
4.080000000000000000e+02
4.040000000000000000e+02
4.160000000000000000e+02
4.120000000000000000e+02
4.040000000000000000e+02
4.000000000000000000e+02
4.040000000000000000e+02
3.960000000000000000e+02
4.000000000000000000e+02
4.280000000000000000e+02
3.920000000000000000e+02
4.000000000000000000e+02
4.040000000000000000e+02
3.840000000000000000e+02
3.880000000000000000e+02
4.190000000000000000e+02
4.200000000000000000e+02
4.200000000000000000e+02
4.160000000000000000e+02
4.040000000000000000e+02
4.040000000000000000e+02
4.000000000000000000e+02
4.040000000000000000e+02
4.000000000000000000e+02
4.680000000000000000e+02
4.480000000000000000e+02
4.720000000000000000e+02
4.610000000000000000e+02
4.040000000000000000e+02
4.040000000000000000e+02
3.960000000000000000e+02
4.040000000000000000e+02
4.000000000000000000e+02
4.080000000000000000e+02
4.160000000000000000e+02
4.190000000000000000e+02
3.760000000000000000e+02
3.800000000000000000e+02
3.840000000000000000e+02
4.000000000000000000e+02
3.960000000000000000e+02
3.960000000000000000e+02
3.920000000000000000e+02
3.960000000000000000e+02
3.960000000000000000e+02
3.880000000000000000e+02
3.960000000000000000e+02
3.800000000000000000e+02
3.760000000000000000e+02
4.000000000000000000e+02
4.000000000000000000e+02
4.000000000000000000e+02
4.000000000000000000e+02
4.040000000000000000e+02
4.080000000000000000e+02
4.160000000000000000e+02
4.800000000000000000e+02
4.790000000000000000e+02
4.866666666666666856e+02
4.640000000000000000e+02
4.400000000000000000e+02
4.160000000000000000e+02
4.000000000000000000e+02
4.000000000000000000e+02
4.000000000000000000e+02
4.000000000000000000e+02
4.080000000000000000e+02
4.200000000000000000e+02
4.240000000000000000e+02
4.160000000000000000e+02
3.800000000000000000e+02
3.880000000000000000e+02
4.000000000000000000e+02
4.000000000000000000e+02
5.186666666666666288e+02
5.026666666666666856e+02
3.880000000000000000e+02
3.933333333333333144e+02
4.080000000000000000e+02
3.920000000000000000e+02
4.160000000000000000e+02
4.040000000000000000e+02
4.080000000000000000e+02
4.120000000000000000e+02
4.000000000000000000e+02
3.960000000000000000e+02
4.040000000000000000e+02
4.370000000000000000e+02
4.480000000000000000e+02
4.400000000000000000e+02
4.480000000000000000e+02
4.520000000000000000e+02
4.480000000000000000e+02
4.660000000000000000e+02
5.150000000000000000e+02
4.130000000000000000e+02
4.093333333333333144e+02
4.080000000000000000e+02
4.040000000000000000e+02
4.080000000000000000e+02
3.960000000000000000e+02
4.000000000000000000e+02
4.040000000000000000e+02
4.060000000000000000e+02
4.133333333333333144e+02
5.880000000000000000e+02
7.360000000000000000e+02
7.360000000000000000e+02
7.350000000000000000e+02
4.880000000000000000e+02
4.950000000000000000e+02
3.960000000000000000e+02
4.426666666666666856e+02
4.720000000000000000e+02
4.760000000000000000e+02
4.770000000000000000e+02
4.850000000000000000e+02
4.940000000000000000e+02
4.900000000000000000e+02
4.600000000000000000e+02
4.466666666666666856e+02
4.466666666666666856e+02
4.910000000000000000e+02
4.680000000000000000e+02
4.640000000000000000e+02
4.920000000000000000e+02
4.920000000000000000e+02
4.920000000000000000e+02
4.880000000000000000e+02
4.720000000000000000e+02
4.800000000000000000e+02
5.100000000000000000e+02
5.010000000000000000e+02
4.800000000000000000e+02
4.860000000000000000e+02
7.400000000000000000e+02
7.400000000000000000e+02
7.400000000000000000e+02
7.440000000000000000e+02
7.360000000000000000e+02
7.400000000000000000e+02
4.853333333333333144e+02
7.506666666666666288e+02
5.010000000000000000e+02
4.360000000000000000e+02
4.680000000000000000e+02
4.720000000000000000e+02
4.800000000000000000e+02
4.960000000000000000e+02
4.960000000000000000e+02
4.880000000000000000e+02
5.040000000000000000e+02
5.680000000000000000e+02
7.590000000000000000e+02
7.520000000000000000e+02
4.880000000000000000e+02
5.053333333333333144e+02
5.390000000000000000e+02
4.940000000000000000e+02
5.120000000000000000e+02
5.080000000000000000e+02
4.786666666666666856e+02
4.733333333333333144e+02
6.960000000000000000e+02
6.890000000000000000e+02
5.150000000000000000e+02
7.480000000000000000e+02
7.450000000000000000e+02
7.480000000000000000e+02
7.520000000000000000e+02
4.880000000000000000e+02
4.920000000000000000e+02
7.466666666666666288e+02
4.890000000000000000e+02
5.800000000000000000e+02
7.420000000000000000e+02
5.000000000000000000e+02
6.933333333333333712e+02
4.840000000000000000e+02
5.350000000000000000e+02
7.060000000000000000e+02
4.920000000000000000e+02
7.360000000000000000e+02
4.920000000000000000e+02
4.840000000000000000e+02
4.930000000000000000e+02
