6.560000000000000000e+02
7.400000000000000000e+02
7.400000000000000000e+02
5.253333333333333712e+02
7.400000000000000000e+02
7.400000000000000000e+02
7.400000000000000000e+02
7.346666666666666288e+02
7.360000000000000000e+02
7.440000000000000000e+02
4.850000000000000000e+02
5.040000000000000000e+02
7.373333333333333712e+02
4.880000000000000000e+02
4.960000000000000000e+02
4.800000000000000000e+02
4.800000000000000000e+02
7.546666666666666288e+02
4.880000000000000000e+02
5.506666666666666288e+02
7.350000000000000000e+02
7.280000000000000000e+02
4.760000000000000000e+02
7.140000000000000000e+02
7.240000000000000000e+02
5.710000000000000000e+02
5.040000000000000000e+02
7.360000000000000000e+02
7.160000000000000000e+02
7.360000000000000000e+02
7.360000000000000000e+02
7.320000000000000000e+02
4.920000000000000000e+02
7.360000000000000000e+02
4.920000000000000000e+02
4.840000000000000000e+02
4.880000000000000000e+02
7.190000000000000000e+02
7.280000000000000000e+02
5.000000000000000000e+02
7.350000000000000000e+02
5.000000000000000000e+02
5.370000000000000000e+02
7.060000000000000000e+02
4.800000000000000000e+02
4.840000000000000000e+02
4.800000000000000000e+02
4.866666666666666856e+02
4.786666666666666856e+02
4.800000000000000000e+02
4.800000000000000000e+02
7.370000000000000000e+02
7.480000000000000000e+02
7.400000000000000000e+02
7.400000000000000000e+02
7.360000000000000000e+02
7.440000000000000000e+02
7.280000000000000000e+02
4.880000000000000000e+02
4.866666666666666856e+02
4.960000000000000000e+02
4.920000000000000000e+02
4.920000000000000000e+02
7.320000000000000000e+02
7.320000000000000000e+02
7.240000000000000000e+02
7.200000000000000000e+02
7.160000000000000000e+02
7.160000000000000000e+02
5.106666666666666856e+02
5.100000000000000000e+02
5.270000000000000000e+02
5.220000000000000000e+02
4.750000000000000000e+02
4.720000000000000000e+02
4.760000000000000000e+02
4.800000000000000000e+02
4.820000000000000000e+02
4.720000000000000000e+02
4.780000000000000000e+02
4.820000000000000000e+02
5.040000000000000000e+02
4.880000000000000000e+02
5.020000000000000000e+02
4.760000000000000000e+02
4.760000000000000000e+02
4.760000000000000000e+02
4.640000000000000000e+02
5.240000000000000000e+02
5.280000000000000000e+02
7.080000000000000000e+02
7.160000000000000000e+02
7.240000000000000000e+02
7.160000000000000000e+02
7.160000000000000000e+02
7.200000000000000000e+02
7.160000000000000000e+02
7.200000000000000000e+02
7.160000000000000000e+02
7.280000000000000000e+02
7.120000000000000000e+02
7.040000000000000000e+02
4.106666666666666856e+02
5.200000000000000000e+02
4.040000000000000000e+02
4.830000000000000000e+02
4.800000000000000000e+02
4.760000000000000000e+02
4.733333333333333144e+02
4.706666666666666856e+02
4.520000000000000000e+02
4.520000000000000000e+02
4.520000000000000000e+02
4.520000000000000000e+02
5.260000000000000000e+02
4.720000000000000000e+02
4.800000000000000000e+02
4.720000000000000000e+02
4.070000000000000000e+02
4.120000000000000000e+02
4.080000000000000000e+02
4.106666666666666856e+02
3.920000000000000000e+02
3.920000000000000000e+02
7.240000000000000000e+02
7.160000000000000000e+02
7.160000000000000000e+02
7.200000000000000000e+02
7.200000000000000000e+02
7.200000000000000000e+02
7.240000000000000000e+02
3.960000000000000000e+02
4.000000000000000000e+02
4.000000000000000000e+02
4.040000000000000000e+02
4.080000000000000000e+02
4.120000000000000000e+02
4.120000000000000000e+02
4.040000000000000000e+02
4.040000000000000000e+02
4.080000000000000000e+02
4.213333333333333144e+02
4.480000000000000000e+02
4.550000000000000000e+02
4.600000000000000000e+02
4.640000000000000000e+02
4.546666666666666856e+02
4.730000000000000000e+02
4.000000000000000000e+02
4.080000000000000000e+02
4.080000000000000000e+02
4.050000000000000000e+02
4.120000000000000000e+02
4.120000000000000000e+02
4.000000000000000000e+02
4.000000000000000000e+02
4.040000000000000000e+02
3.960000000000000000e+02
4.040000000000000000e+02
4.280000000000000000e+02
3.920000000000000000e+02
4.000000000000000000e+02
3.960000000000000000e+02
3.840000000000000000e+02
3.880000000000000000e+02
3.640000000000000000e+02
4.200000000000000000e+02
4.160000000000000000e+02
4.120000000000000000e+02
4.040000000000000000e+02
4.040000000000000000e+02
3.960000000000000000e+02
4.040000000000000000e+02
4.000000000000000000e+02
4.613333333333333144e+02
4.480000000000000000e+02
4.680000000000000000e+02
4.693333333333333144e+02
4.040000000000000000e+02
4.040000000000000000e+02
4.000000000000000000e+02
4.000000000000000000e+02
4.040000000000000000e+02
4.040000000000000000e+02
4.160000000000000000e+02
4.160000000000000000e+02
3.760000000000000000e+02
3.800000000000000000e+02
3.880000000000000000e+02
3.920000000000000000e+02
3.960000000000000000e+02
3.960000000000000000e+02
4.000000000000000000e+02
4.000000000000000000e+02
3.960000000000000000e+02
3.880000000000000000e+02
3.920000000000000000e+02
3.760000000000000000e+02
3.840000000000000000e+02
4.100000000000000000e+02
4.040000000000000000e+02
4.000000000000000000e+02
4.000000000000000000e+02
4.040000000000000000e+02
4.120000000000000000e+02
4.160000000000000000e+02
4.850000000000000000e+02
4.800000000000000000e+02
4.866666666666666856e+02
4.626666666666666856e+02
4.480000000000000000e+02
4.266666666666666856e+02
4.000000000000000000e+02
3.960000000000000000e+02
4.000000000000000000e+02
4.000000000000000000e+02
4.120000000000000000e+02
4.200000000000000000e+02
4.230000000000000000e+02
4.160000000000000000e+02
3.800000000000000000e+02
3.860000000000000000e+02
3.960000000000000000e+02
3.960000000000000000e+02
5.190000000000000000e+02
5.080000000000000000e+02
3.890000000000000000e+02
4.000000000000000000e+02
4.040000000000000000e+02
3.880000000000000000e+02
4.160000000000000000e+02
4.120000000000000000e+02
4.080000000000000000e+02
4.120000000000000000e+02
4.080000000000000000e+02
3.960000000000000000e+02
4.120000000000000000e+02
4.440000000000000000e+02
4.490000000000000000e+02
4.493333333333333144e+02
4.480000000000000000e+02
4.440000000000000000e+02
4.560000000000000000e+02
4.660000000000000000e+02
5.150000000000000000e+02
4.120000000000000000e+02
4.050000000000000000e+02
4.080000000000000000e+02
4.040000000000000000e+02
4.080000000000000000e+02
4.000000000000000000e+02
4.000000000000000000e+02
4.040000000000000000e+02
4.080000000000000000e+02
4.080000000000000000e+02
5.920000000000000000e+02
7.360000000000000000e+02
7.320000000000000000e+02
7.350000000000000000e+02
7.466666666666666288e+02
6.770000000000000000e+02
4.000000000000000000e+02
5.140000000000000000e+02
4.880000000000000000e+02
4.760000000000000000e+02
4.820000000000000000e+02
4.850000000000000000e+02
5.040000000000000000e+02
4.800000000000000000e+02
4.640000000000000000e+02
4.420000000000000000e+02
4.466666666666666856e+02
4.540000000000000000e+02
4.653333333333333144e+02
4.640000000000000000e+02
4.920000000000000000e+02
4.920000000000000000e+02
4.920000000000000000e+02
4.880000000000000000e+02
4.720000000000000000e+02
4.760000000000000000e+02
5.000000000000000000e+02
5.080000000000000000e+02
7.440000000000000000e+02
7.450000000000000000e+02
7.400000000000000000e+02
7.400000000000000000e+02
7.400000000000000000e+02
7.440000000000000000e+02
7.360000000000000000e+02
7.360000000000000000e+02
4.920000000000000000e+02
7.450000000000000000e+02
5.110000000000000000e+02
4.990000000000000000e+02
4.720000000000000000e+02
4.760000000000000000e+02
4.760000000000000000e+02
4.960000000000000000e+02
4.960000000000000000e+02
4.870000000000000000e+02
5.040000000000000000e+02
4.920000000000000000e+02
4.830000000000000000e+02
4.893333333333333144e+02
4.880000000000000000e+02
4.746666666666666856e+02
4.940000000000000000e+02
4.940000000000000000e+02
5.360000000000000000e+02
4.950000000000000000e+02
4.890000000000000000e+02
4.733333333333333144e+02
4.990000000000000000e+02
4.880000000000000000e+02
5.340000000000000000e+02
7.480000000000000000e+02
5.430000000000000000e+02
7.480000000000000000e+02
7.520000000000000000e+02
4.880000000000000000e+02
4.920000000000000000e+02
7.440000000000000000e+02
4.960000000000000000e+02
5.800000000000000000e+02
6.880000000000000000e+02
6.440000000000000000e+02
7.546666666666666288e+02
4.840000000000000000e+02
5.350000000000000000e+02
7.520000000000000000e+02
4.866666666666666856e+02
5.026666666666666856e+02
4.880000000000000000e+02
4.880000000000000000e+02
4.920000000000000000e+02
