5.590000000000000000e+02
6.373333333333333712e+02
5.710000000000000000e+02
5.700000000000000000e+02
7.960000000000000000e+02
7.920000000000000000e+02
7.920000000000000000e+02
7.920000000000000000e+02
5.400000000000000000e+02
5.320000000000000000e+02
5.040000000000000000e+02
5.600000000000000000e+02
5.700000000000000000e+02
5.690000000000000000e+02
5.520000000000000000e+02
5.810000000000000000e+02
5.570000000000000000e+02
5.670000000000000000e+02
5.660000000000000000e+02
5.680000000000000000e+02
5.680000000000000000e+02
6.120000000000000000e+02
5.826666666666666288e+02
7.720000000000000000e+02
7.760000000000000000e+02
7.920000000000000000e+02
7.900000000000000000e+02
5.720000000000000000e+02
5.690000000000000000e+02
5.760000000000000000e+02
5.760000000000000000e+02
5.693333333333333712e+02
5.740000000000000000e+02
5.600000000000000000e+02
6.360000000000000000e+02
6.920000000000000000e+02
6.813333333333333712e+02
7.960000000000000000e+02
7.960000000000000000e+02
5.240000000000000000e+02
5.200000000000000000e+02
5.200000000000000000e+02
5.680000000000000000e+02
5.720000000000000000e+02
5.640000000000000000e+02
5.720000000000000000e+02
5.520000000000000000e+02
5.586666666666666288e+02
5.440000000000000000e+02
5.480000000000000000e+02
5.570000000000000000e+02
5.800000000000000000e+02
5.840000000000000000e+02
5.160000000000000000e+02
5.120000000000000000e+02
5.160000000000000000e+02
5.080000000000000000e+02
4.946666666666666856e+02
5.520000000000000000e+02
5.440000000000000000e+02
5.360000000000000000e+02
5.720000000000000000e+02
5.820000000000000000e+02
5.800000000000000000e+02
5.680000000000000000e+02
5.893333333333333712e+02
5.670000000000000000e+02
5.050000000000000000e+02
5.440000000000000000e+02
5.440000000000000000e+02
5.160000000000000000e+02
5.080000000000000000e+02
5.000000000000000000e+02
5.080000000000000000e+02
5.120000000000000000e+02
5.120000000000000000e+02
5.080000000000000000e+02
5.120000000000000000e+02
5.080000000000000000e+02
5.670000000000000000e+02
5.040000000000000000e+02
4.986666666666666856e+02
5.080000000000000000e+02
5.240000000000000000e+02
5.040000000000000000e+02
5.170000000000000000e+02
5.160000000000000000e+02
5.080000000000000000e+02
4.980000000000000000e+02
4.746666666666666856e+02
4.840000000000000000e+02
5.120000000000000000e+02
5.040000000000000000e+02
5.670000000000000000e+02
5.720000000000000000e+02
5.720000000000000000e+02
5.800000000000000000e+02
5.840000000000000000e+02
5.800000000000000000e+02
4.960000000000000000e+02
5.040000000000000000e+02
4.960000000000000000e+02
4.880000000000000000e+02
4.880000000000000000e+02
4.760000000000000000e+02
4.960000000000000000e+02
5.040000000000000000e+02
5.000000000000000000e+02
5.040000000000000000e+02
5.080000000000000000e+02
5.040000000000000000e+02
4.960000000000000000e+02
4.880000000000000000e+02
4.960000000000000000e+02
5.000000000000000000e+02
4.960000000000000000e+02
4.960000000000000000e+02
5.040000000000000000e+02
5.120000000000000000e+02
5.030000000000000000e+02
4.760000000000000000e+02
4.840000000000000000e+02
4.920000000000000000e+02
4.930000000000000000e+02
5.040000000000000000e+02
5.960000000000000000e+02
5.800000000000000000e+02
5.840000000000000000e+02
5.840000000000000000e+02
5.800000000000000000e+02
5.760000000000000000e+02
5.920000000000000000e+02
4.960000000000000000e+02
4.840000000000000000e+02
4.880000000000000000e+02
4.920000000000000000e+02
4.960000000000000000e+02
5.000000000000000000e+02
4.960000000000000000e+02
4.920000000000000000e+02
4.920000000000000000e+02
5.040000000000000000e+02
4.940000000000000000e+02
5.320000000000000000e+02
5.240000000000000000e+02
5.400000000000000000e+02
5.140000000000000000e+02
4.880000000000000000e+02
4.960000000000000000e+02
4.960000000000000000e+02
4.960000000000000000e+02
4.920000000000000000e+02
4.960000000000000000e+02
4.960000000000000000e+02
4.960000000000000000e+02
5.280000000000000000e+02
5.280000000000000000e+02
5.880000000000000000e+02
5.800000000000000000e+02
5.800000000000000000e+02
5.840000000000000000e+02
5.800000000000000000e+02
5.880000000000000000e+02
5.480000000000000000e+02
5.560000000000000000e+02
5.130000000000000000e+02
4.840000000000000000e+02
4.920000000000000000e+02
4.960000000000000000e+02
5.000000000000000000e+02
5.573333333333333712e+02
5.640000000000000000e+02
5.020000000000000000e+02
5.040000000000000000e+02
5.640000000000000000e+02
5.640000000000000000e+02
5.640000000000000000e+02
5.600000000000000000e+02
5.660000000000000000e+02
5.450000000000000000e+02
5.640000000000000000e+02
5.640000000000000000e+02
5.880000000000000000e+02
5.960000000000000000e+02
6.000000000000000000e+02
5.360000000000000000e+02
5.320000000000000000e+02
5.240000000000000000e+02
6.653333333333333712e+02
5.760000000000000000e+02
6.000000000000000000e+02
5.900000000000000000e+02
5.960000000000000000e+02
6.140000000000000000e+02
5.850000000000000000e+02
5.970000000000000000e+02
5.920000000000000000e+02
7.760000000000000000e+02
7.760000000000000000e+02
5.960000000000000000e+02
5.920000000000000000e+02
6.040000000000000000e+02
5.640000000000000000e+02
5.640000000000000000e+02
5.706666666666666288e+02
5.680000000000000000e+02
5.670000000000000000e+02
5.613333333333333712e+02
5.480000000000000000e+02
5.453333333333333712e+02
5.600000000000000000e+02
5.490000000000000000e+02
5.760000000000000000e+02
5.680000000000000000e+02
6.000000000000000000e+02
5.880000000000000000e+02
5.853333333333333712e+02
7.800000000000000000e+02
7.760000000000000000e+02
7.760000000000000000e+02
6.680000000000000000e+02
6.560000000000000000e+02
6.560000000000000000e+02
6.020000000000000000e+02
6.120000000000000000e+02
6.400000000000000000e+02
6.520000000000000000e+02
6.560000000000000000e+02
6.880000000000000000e+02
7.800000000000000000e+02
7.760000000000000000e+02
7.760000000000000000e+02
5.880000000000000000e+02
6.000000000000000000e+02
5.560000000000000000e+02
5.640000000000000000e+02
5.693333333333333712e+02
5.706666666666666288e+02
7.910000000000000000e+02
7.820000000000000000e+02
6.066666666666666288e+02
4.920000000000000000e+02
4.840000000000000000e+02
5.906666666666666288e+02
5.640000000000000000e+02
5.706666666666666288e+02
5.890000000000000000e+02
6.346666666666666288e+02
7.840000000000000000e+02
7.280000000000000000e+02
7.720000000000000000e+02
7.720000000000000000e+02
6.253333333333333712e+02
6.640000000000000000e+02
6.360000000000000000e+02
6.480000000000000000e+02
