6.560000000000000000e+02
7.360000000000000000e+02
7.440000000000000000e+02
7.220000000000000000e+02
7.360000000000000000e+02
7.386666666666666288e+02
7.400000000000000000e+02
7.280000000000000000e+02
5.280000000000000000e+02
5.330000000000000000e+02
5.000000000000000000e+02
4.826666666666666856e+02
5.300000000000000000e+02
5.226666666666666288e+02
4.960000000000000000e+02
4.800000000000000000e+02
4.800000000000000000e+02
4.800000000000000000e+02
4.840000000000000000e+02
7.520000000000000000e+02
7.480000000000000000e+02
7.500000000000000000e+02
7.000000000000000000e+02
7.240000000000000000e+02
7.320000000000000000e+02
5.200000000000000000e+02
7.360000000000000000e+02
7.400000000000000000e+02
6.750000000000000000e+02
7.253333333333333712e+02
7.400000000000000000e+02
7.360000000000000000e+02
4.880000000000000000e+02
7.426666666666666288e+02
7.410000000000000000e+02
4.840000000000000000e+02
4.940000000000000000e+02
4.920000000000000000e+02
7.240000000000000000e+02
5.293333333333333712e+02
7.350000000000000000e+02
5.080000000000000000e+02
4.906666666666666856e+02
7.100000000000000000e+02
4.800000000000000000e+02
4.880000000000000000e+02
4.840000000000000000e+02
4.760000000000000000e+02
4.800000000000000000e+02
4.800000000000000000e+02
4.870000000000000000e+02
7.390000000000000000e+02
7.480000000000000000e+02
7.390000000000000000e+02
7.400000000000000000e+02
7.360000000000000000e+02
7.470000000000000000e+02
7.350000000000000000e+02
4.880000000000000000e+02
5.080000000000000000e+02
4.960000000000000000e+02
4.800000000000000000e+02
4.920000000000000000e+02
7.320000000000000000e+02
7.320000000000000000e+02
7.280000000000000000e+02
7.200000000000000000e+02
7.160000000000000000e+02
7.160000000000000000e+02
5.110000000000000000e+02
4.930000000000000000e+02
5.270000000000000000e+02
5.200000000000000000e+02
4.626666666666666856e+02
4.720000000000000000e+02
4.760000000000000000e+02
4.813333333333333144e+02
5.020000000000000000e+02
4.773333333333333144e+02
4.680000000000000000e+02
4.960000000000000000e+02
4.840000000000000000e+02
4.780000000000000000e+02
4.880000000000000000e+02
4.800000000000000000e+02
4.760000000000000000e+02
4.800000000000000000e+02
4.600000000000000000e+02
5.200000000000000000e+02
5.240000000000000000e+02
5.173333333333333712e+02
7.170000000000000000e+02
7.240000000000000000e+02
7.160000000000000000e+02
7.200000000000000000e+02
7.200000000000000000e+02
7.200000000000000000e+02
7.200000000000000000e+02
7.160000000000000000e+02
7.306666666666666288e+02
7.080000000000000000e+02
7.000000000000000000e+02
4.040000000000000000e+02
5.240000000000000000e+02
4.000000000000000000e+02
4.830000000000000000e+02
4.800000000000000000e+02
4.720000000000000000e+02
4.720000000000000000e+02
4.600000000000000000e+02
4.560000000000000000e+02
4.520000000000000000e+02
4.480000000000000000e+02
4.480000000000000000e+02
5.260000000000000000e+02
4.706666666666666856e+02
4.800000000000000000e+02
4.720000000000000000e+02
4.720000000000000000e+02
4.090000000000000000e+02
4.080000000000000000e+02
5.160000000000000000e+02
5.080000000000000000e+02
3.973333333333333144e+02
7.240000000000000000e+02
7.160000000000000000e+02
7.160000000000000000e+02
7.200000000000000000e+02
7.200000000000000000e+02
4.040000000000000000e+02
7.320000000000000000e+02
3.960000000000000000e+02
4.000000000000000000e+02
4.040000000000000000e+02
4.040000000000000000e+02
4.080000000000000000e+02
4.120000000000000000e+02
4.120000000000000000e+02
4.040000000000000000e+02
4.040000000000000000e+02
4.080000000000000000e+02
4.173333333333333144e+02
4.520000000000000000e+02
4.560000000000000000e+02
4.600000000000000000e+02
4.640000000000000000e+02
4.333333333333333144e+02
4.730000000000000000e+02
4.040000000000000000e+02
4.080000000000000000e+02
4.080000000000000000e+02
4.050000000000000000e+02
4.120000000000000000e+02
4.080000000000000000e+02
4.000000000000000000e+02
4.000000000000000000e+02
4.000000000000000000e+02
4.000000000000000000e+02
4.000000000000000000e+02
4.320000000000000000e+02
3.920000000000000000e+02
4.000000000000000000e+02
4.000000000000000000e+02
3.840000000000000000e+02
3.840000000000000000e+02
3.640000000000000000e+02
4.200000000000000000e+02
4.200000000000000000e+02
4.200000000000000000e+02
4.040000000000000000e+02
4.040000000000000000e+02
3.960000000000000000e+02
4.080000000000000000e+02
4.000000000000000000e+02
4.613333333333333144e+02
4.450000000000000000e+02
4.720000000000000000e+02
4.706666666666666856e+02
4.040000000000000000e+02
4.040000000000000000e+02
4.040000000000000000e+02
4.000000000000000000e+02
4.040000000000000000e+02
4.080000000000000000e+02
4.160000000000000000e+02
4.120000000000000000e+02
3.760000000000000000e+02
3.800000000000000000e+02
3.880000000000000000e+02
4.040000000000000000e+02
4.000000000000000000e+02
3.960000000000000000e+02
3.920000000000000000e+02
3.960000000000000000e+02
3.960000000000000000e+02
3.880000000000000000e+02
3.920000000000000000e+02
3.760000000000000000e+02
3.720000000000000000e+02
4.100000000000000000e+02
4.040000000000000000e+02
4.040000000000000000e+02
4.000000000000000000e+02
4.040000000000000000e+02
4.120000000000000000e+02
4.160000000000000000e+02
4.266666666666666856e+02
4.866666666666666856e+02
4.280000000000000000e+02
4.770000000000000000e+02
4.400000000000000000e+02
4.160000000000000000e+02
4.040000000000000000e+02
4.000000000000000000e+02
4.000000000000000000e+02
4.040000000000000000e+02
4.020000000000000000e+02
4.200000000000000000e+02
4.240000000000000000e+02
4.200000000000000000e+02
3.800000000000000000e+02
3.920000000000000000e+02
4.000000000000000000e+02
3.960000000000000000e+02
5.200000000000000000e+02
5.066666666666666856e+02
3.920000000000000000e+02
4.000000000000000000e+02
4.040000000000000000e+02
4.000000000000000000e+02
4.160000000000000000e+02
4.040000000000000000e+02
4.080000000000000000e+02
4.080000000000000000e+02
4.000000000000000000e+02
3.960000000000000000e+02
4.120000000000000000e+02
4.440000000000000000e+02
4.480000000000000000e+02
4.400000000000000000e+02
4.360000000000000000e+02
4.520000000000000000e+02
4.560000000000000000e+02
4.720000000000000000e+02
4.770000000000000000e+02
4.120000000000000000e+02
4.050000000000000000e+02
4.080000000000000000e+02
4.080000000000000000e+02
4.080000000000000000e+02
4.000000000000000000e+02
4.000000000000000000e+02
4.000000000000000000e+02
4.060000000000000000e+02
4.133333333333333144e+02
5.120000000000000000e+02
7.360000000000000000e+02
7.360000000000000000e+02
7.360000000000000000e+02
4.920000000000000000e+02
6.770000000000000000e+02
5.060000000000000000e+02
4.340000000000000000e+02
4.760000000000000000e+02
4.760000000000000000e+02
4.800000000000000000e+02
4.880000000000000000e+02
5.080000000000000000e+02
4.900000000000000000e+02
4.600000000000000000e+02
4.480000000000000000e+02
4.466666666666666856e+02
4.910000000000000000e+02
4.670000000000000000e+02
4.640000000000000000e+02
4.920000000000000000e+02
4.920000000000000000e+02
4.920000000000000000e+02
4.800000000000000000e+02
4.720000000000000000e+02
4.760000000000000000e+02
4.866666666666666856e+02
5.026666666666666856e+02
4.800000000000000000e+02
4.870000000000000000e+02
7.400000000000000000e+02
7.400000000000000000e+02
7.400000000000000000e+02
7.440000000000000000e+02
7.360000000000000000e+02
7.380000000000000000e+02
4.920000000000000000e+02
7.450000000000000000e+02
5.010000000000000000e+02
5.010000000000000000e+02
4.680000000000000000e+02
4.720000000000000000e+02
4.760000000000000000e+02
4.946666666666666856e+02
4.800000000000000000e+02
4.870000000000000000e+02
5.040000000000000000e+02
4.920000000000000000e+02
4.946666666666666856e+02
5.000000000000000000e+02
4.973333333333333144e+02
4.746666666666666856e+02
7.350000000000000000e+02
4.940000000000000000e+02
5.080000000000000000e+02
5.200000000000000000e+02
4.920000000000000000e+02
4.733333333333333144e+02
4.970000000000000000e+02
5.380000000000000000e+02
5.050000000000000000e+02
7.480000000000000000e+02
7.450000000000000000e+02
7.480000000000000000e+02
7.520000000000000000e+02
4.880000000000000000e+02
4.920000000000000000e+02
7.493333333333333712e+02
4.890000000000000000e+02
5.480000000000000000e+02
4.960000000000000000e+02
5.040000000000000000e+02
7.546666666666666288e+02
4.850000000000000000e+02
6.940000000000000000e+02
7.520000000000000000e+02
4.880000000000000000e+02
5.026666666666666856e+02
4.880000000000000000e+02
4.880000000000000000e+02
4.920000000000000000e+02
