5.760000000000000000e+02
5.790000000000000000e+02
6.280000000000000000e+02
5.820000000000000000e+02
6.480000000000000000e+02
5.880000000000000000e+02
5.880000000000000000e+02
5.800000000000000000e+02
5.853333333333333712e+02
5.920000000000000000e+02
5.960000000000000000e+02
5.880000000000000000e+02
5.840000000000000000e+02
6.220000000000000000e+02
5.590000000000000000e+02
6.066666666666666288e+02
7.960000000000000000e+02
7.920000000000000000e+02
7.466666666666666288e+02
5.520000000000000000e+02
6.560000000000000000e+02
7.530000000000000000e+02
7.480000000000000000e+02
7.586666666666666288e+02
7.466666666666666288e+02
7.560000000000000000e+02
5.400000000000000000e+02
6.066666666666666288e+02
6.080000000000000000e+02
6.160000000000000000e+02
4.800000000000000000e+02
5.880000000000000000e+02
5.893333333333333712e+02
5.920000000000000000e+02
5.880000000000000000e+02
5.840000000000000000e+02
6.270000000000000000e+02
5.920000000000000000e+02
5.920000000000000000e+02
6.270000000000000000e+02
5.960000000000000000e+02
6.360000000000000000e+02
5.820000000000000000e+02
6.200000000000000000e+02
5.900000000000000000e+02
5.800000000000000000e+02
6.180000000000000000e+02
7.960000000000000000e+02
5.850000000000000000e+02
5.820000000000000000e+02
6.060000000000000000e+02
6.106666666666666288e+02
5.773333333333333712e+02
6.200000000000000000e+02
6.190000000000000000e+02
6.160000000000000000e+02
5.880000000000000000e+02
5.680000000000000000e+02
5.600000000000000000e+02
5.560000000000000000e+02
6.140000000000000000e+02
5.720000000000000000e+02
5.626666666666666288e+02
5.580000000000000000e+02
5.440000000000000000e+02
7.560000000000000000e+02
7.560000000000000000e+02
5.520000000000000000e+02
5.480000000000000000e+02
5.520000000000000000e+02
5.500000000000000000e+02
6.080000000000000000e+02
5.940000000000000000e+02
6.080000000000000000e+02
6.190000000000000000e+02
6.200000000000000000e+02
5.050000000000000000e+02
5.840000000000000000e+02
7.960000000000000000e+02
7.960000000000000000e+02
5.940000000000000000e+02
5.800000000000000000e+02
6.350000000000000000e+02
6.160000000000000000e+02
6.150000000000000000e+02
6.180000000000000000e+02
5.880000000000000000e+02
5.853333333333333712e+02
7.960000000000000000e+02
7.670000000000000000e+02
5.880000000000000000e+02
5.920000000000000000e+02
6.060000000000000000e+02
6.280000000000000000e+02
5.780000000000000000e+02
5.466666666666666288e+02
6.040000000000000000e+02
6.040000000000000000e+02
5.520000000000000000e+02
5.480000000000000000e+02
5.520000000000000000e+02
5.520000000000000000e+02
5.520000000000000000e+02
6.680000000000000000e+02
5.426666666666666288e+02
5.500000000000000000e+02
4.920000000000000000e+02
5.480000000000000000e+02
5.520000000000000000e+02
5.560000000000000000e+02
5.480000000000000000e+02
5.480000000000000000e+02
5.480000000000000000e+02
6.120000000000000000e+02
6.000000000000000000e+02
6.240000000000000000e+02
5.940000000000000000e+02
5.826666666666666288e+02
5.900000000000000000e+02
5.910000000000000000e+02
7.680000000000000000e+02
7.680000000000000000e+02
7.710000000000000000e+02
6.000000000000000000e+02
6.080000000000000000e+02
6.100000000000000000e+02
6.000000000000000000e+02
5.960000000000000000e+02
6.080000000000000000e+02
5.970000000000000000e+02
7.680000000000000000e+02
7.960000000000000000e+02
5.930000000000000000e+02
5.310000000000000000e+02
5.120000000000000000e+02
5.146666666666666288e+02
5.093333333333333144e+02
4.920000000000000000e+02
4.950000000000000000e+02
5.580000000000000000e+02
5.510000000000000000e+02
5.450000000000000000e+02
5.440000000000000000e+02
5.440000000000000000e+02
5.200000000000000000e+02
5.480000000000000000e+02
5.440000000000000000e+02
4.800000000000000000e+02
4.840000000000000000e+02
4.920000000000000000e+02
5.440000000000000000e+02
5.440000000000000000e+02
5.320000000000000000e+02
5.600000000000000000e+02
4.960000000000000000e+02
5.030000000000000000e+02
4.960000000000000000e+02
5.000000000000000000e+02
5.160000000000000000e+02
5.320000000000000000e+02
5.200000000000000000e+02
5.260000000000000000e+02
5.346666666666666288e+02
5.400000000000000000e+02
6.480000000000000000e+02
5.880000000000000000e+02
5.880000000000000000e+02
5.840000000000000000e+02
5.840000000000000000e+02
5.880000000000000000e+02
6.000000000000000000e+02
5.920000000000000000e+02
5.226666666666666288e+02
5.266666666666666288e+02
5.990000000000000000e+02
5.040000000000000000e+02
5.150000000000000000e+02
5.106666666666666856e+02
5.040000000000000000e+02
5.040000000000000000e+02
5.000000000000000000e+02
5.040000000000000000e+02
4.960000000000000000e+02
5.560000000000000000e+02
4.880000000000000000e+02
4.920000000000000000e+02
5.000000000000000000e+02
4.960000000000000000e+02
4.960000000000000000e+02
4.880000000000000000e+02
4.890000000000000000e+02
4.920000000000000000e+02
4.920000000000000000e+02
5.000000000000000000e+02
4.920000000000000000e+02
4.880000000000000000e+02
5.000000000000000000e+02
5.000000000000000000e+02
5.000000000000000000e+02
5.040000000000000000e+02
5.040000000000000000e+02
5.070000000000000000e+02
5.120000000000000000e+02
5.173333333333333712e+02
4.960000000000000000e+02
5.040000000000000000e+02
5.120000000000000000e+02
5.160000000000000000e+02
5.880000000000000000e+02
5.840000000000000000e+02
5.880000000000000000e+02
5.173333333333333712e+02
5.160000000000000000e+02
5.040000000000000000e+02
4.960000000000000000e+02
4.920000000000000000e+02
5.240000000000000000e+02
5.120000000000000000e+02
5.026666666666666856e+02
5.040000000000000000e+02
5.040000000000000000e+02
5.000000000000000000e+02
4.960000000000000000e+02
4.840000000000000000e+02
4.960000000000000000e+02
5.133333333333333712e+02
5.160000000000000000e+02
5.160000000000000000e+02
5.240000000000000000e+02
5.200000000000000000e+02
5.280000000000000000e+02
5.280000000000000000e+02
5.280000000000000000e+02
5.320000000000000000e+02
5.040000000000000000e+02
5.280000000000000000e+02
5.280000000000000000e+02
5.280000000000000000e+02
5.320000000000000000e+02
5.240000000000000000e+02
5.320000000000000000e+02
5.160000000000000000e+02
5.200000000000000000e+02
5.200000000000000000e+02
5.200000000000000000e+02
5.320000000000000000e+02
5.320000000000000000e+02
5.240000000000000000e+02
5.320000000000000000e+02
6.080000000000000000e+02
6.160000000000000000e+02
6.160000000000000000e+02
6.160000000000000000e+02
6.160000000000000000e+02
6.120000000000000000e+02
5.280000000000000000e+02
5.320000000000000000e+02
5.320000000000000000e+02
5.560000000000000000e+02
5.200000000000000000e+02
5.120000000000000000e+02
5.130000000000000000e+02
5.320000000000000000e+02
5.230000000000000000e+02
5.520000000000000000e+02
5.280000000000000000e+02
5.240000000000000000e+02
5.240000000000000000e+02
5.320000000000000000e+02
5.600000000000000000e+02
5.440000000000000000e+02
5.320000000000000000e+02
5.560000000000000000e+02
5.240000000000000000e+02
5.280000000000000000e+02
5.280000000000000000e+02
5.320000000000000000e+02
5.320000000000000000e+02
5.240000000000000000e+02
5.280000000000000000e+02
5.320000000000000000e+02
5.360000000000000000e+02
5.360000000000000000e+02
5.280000000000000000e+02
5.280000000000000000e+02
5.280000000000000000e+02
5.320000000000000000e+02
5.320000000000000000e+02
5.320000000000000000e+02
5.320000000000000000e+02
6.070000000000000000e+02
6.160000000000000000e+02
6.120000000000000000e+02
6.120000000000000000e+02
6.200000000000000000e+02
6.200000000000000000e+02
6.280000000000000000e+02
6.100000000000000000e+02
6.080000000000000000e+02
5.320000000000000000e+02
5.400000000000000000e+02
5.360000000000000000e+02
5.320000000000000000e+02
5.320000000000000000e+02
5.320000000000000000e+02
5.360000000000000000e+02
5.360000000000000000e+02
5.350000000000000000e+02
5.360000000000000000e+02
5.920000000000000000e+02
5.610000000000000000e+02
5.293333333333333712e+02
5.360000000000000000e+02
5.340000000000000000e+02
5.760000000000000000e+02
5.760000000000000000e+02
6.540000000000000000e+02
5.440000000000000000e+02
5.520000000000000000e+02
5.680000000000000000e+02
5.720000000000000000e+02
5.680000000000000000e+02
5.320000000000000000e+02
5.360000000000000000e+02
5.400000000000000000e+02
5.320000000000000000e+02
5.320000000000000000e+02
5.280000000000000000e+02
6.173333333333333712e+02
5.400000000000000000e+02
5.400000000000000000e+02
5.940000000000000000e+02
6.220000000000000000e+02
6.260000000000000000e+02
6.320000000000000000e+02
6.200000000000000000e+02
6.306666666666666288e+02
6.160000000000000000e+02
6.613333333333333712e+02
6.340000000000000000e+02
6.060000000000000000e+02
6.160000000000000000e+02
5.453333333333333712e+02
6.130000000000000000e+02
5.320000000000000000e+02
5.240000000000000000e+02
5.280000000000000000e+02
6.440000000000000000e+02
5.280000000000000000e+02
6.040000000000000000e+02
6.120000000000000000e+02
5.480000000000000000e+02
5.880000000000000000e+02
5.880000000000000000e+02
6.173333333333333712e+02
6.573333333333333712e+02
6.120000000000000000e+02
6.170000000000000000e+02
5.760000000000000000e+02
5.630000000000000000e+02
6.480000000000000000e+02
5.920000000000000000e+02
5.840000000000000000e+02
5.773333333333333712e+02
6.240000000000000000e+02
6.280000000000000000e+02
6.320000000000000000e+02
6.280000000000000000e+02
5.410000000000000000e+02
5.360000000000000000e+02
6.080000000000000000e+02
6.120000000000000000e+02
6.160000000000000000e+02
5.980000000000000000e+02
6.180000000000000000e+02
6.340000000000000000e+02
6.370000000000000000e+02
6.346666666666666288e+02
6.640000000000000000e+02
6.520000000000000000e+02
6.580000000000000000e+02
6.640000000000000000e+02
6.080000000000000000e+02
6.160000000000000000e+02
5.986666666666666288e+02
6.146666666666666288e+02
5.330000000000000000e+02
6.390000000000000000e+02
6.306666666666666288e+02
6.320000000000000000e+02
6.280000000000000000e+02
6.240000000000000000e+02
5.920000000000000000e+02
5.880000000000000000e+02
6.400000000000000000e+02
6.440000000000000000e+02
5.600000000000000000e+02
6.440000000000000000e+02
6.380000000000000000e+02
6.160000000000000000e+02
6.040000000000000000e+02
5.933333333333333712e+02
6.400000000000000000e+02
6.293333333333333712e+02
6.200000000000000000e+02
5.450000000000000000e+02
6.320000000000000000e+02
6.346666666666666288e+02
6.200000000000000000e+02
6.400000000000000000e+02
7.420000000000000000e+02
6.106666666666666288e+02
6.160000000000000000e+02
6.140000000000000000e+02
5.973333333333333712e+02
6.120000000000000000e+02
6.000000000000000000e+02
6.653333333333333712e+02
6.600000000000000000e+02
6.600000000000000000e+02
6.680000000000000000e+02
6.720000000000000000e+02
6.040000000000000000e+02
6.040000000000000000e+02
6.040000000000000000e+02
6.040000000000000000e+02
6.066666666666666288e+02
6.160000000000000000e+02
6.080000000000000000e+02
6.120000000000000000e+02
5.880000000000000000e+02
6.080000000000000000e+02
6.680000000000000000e+02
6.160000000000000000e+02
5.840000000000000000e+02
6.220000000000000000e+02
6.340000000000000000e+02
6.460000000000000000e+02
6.060000000000000000e+02
6.120000000000000000e+02
6.080000000000000000e+02
