6.110000000000000000e+02
5.573333333333333712e+02
6.480000000000000000e+02
5.720000000000000000e+02
7.960000000000000000e+02
7.920000000000000000e+02
7.920000000000000000e+02
7.920000000000000000e+02
5.440000000000000000e+02
5.320000000000000000e+02
5.013333333333333144e+02
5.800000000000000000e+02
5.720000000000000000e+02
5.680000000000000000e+02
5.520000000000000000e+02
5.860000000000000000e+02
5.740000000000000000e+02
5.720000000000000000e+02
5.660000000000000000e+02
5.720000000000000000e+02
5.720000000000000000e+02
5.750000000000000000e+02
5.680000000000000000e+02
7.720000000000000000e+02
7.760000000000000000e+02
7.880000000000000000e+02
7.960000000000000000e+02
7.960000000000000000e+02
5.690000000000000000e+02
5.760000000000000000e+02
5.760000000000000000e+02
5.693333333333333712e+02
5.760000000000000000e+02
5.600000000000000000e+02
5.600000000000000000e+02
6.920000000000000000e+02
6.813333333333333712e+02
7.840000000000000000e+02
7.960000000000000000e+02
5.240000000000000000e+02
5.200000000000000000e+02
5.160000000000000000e+02
5.620000000000000000e+02
5.740000000000000000e+02
5.680000000000000000e+02
5.650000000000000000e+02
5.520000000000000000e+02
5.560000000000000000e+02
5.910000000000000000e+02
5.480000000000000000e+02
5.640000000000000000e+02
5.746666666666666288e+02
5.130000000000000000e+02
5.160000000000000000e+02
5.120000000000000000e+02
5.120000000000000000e+02
5.080000000000000000e+02
5.080000000000000000e+02
5.520000000000000000e+02
5.470000000000000000e+02
5.540000000000000000e+02
5.680000000000000000e+02
6.000000000000000000e+02
5.790000000000000000e+02
5.840000000000000000e+02
5.893333333333333712e+02
6.746666666666666288e+02
5.400000000000000000e+02
5.400000000000000000e+02
5.440000000000000000e+02
5.160000000000000000e+02
5.080000000000000000e+02
5.000000000000000000e+02
5.080000000000000000e+02
5.120000000000000000e+02
5.120000000000000000e+02
5.080000000000000000e+02
5.600000000000000000e+02
5.040000000000000000e+02
5.510000000000000000e+02
5.040000000000000000e+02
5.000000000000000000e+02
5.060000000000000000e+02
5.090000000000000000e+02
5.040000000000000000e+02
5.100000000000000000e+02
5.080000000000000000e+02
5.040000000000000000e+02
4.720000000000000000e+02
4.800000000000000000e+02
4.840000000000000000e+02
5.080000000000000000e+02
5.080000000000000000e+02
5.946666666666666288e+02
5.720000000000000000e+02
5.760000000000000000e+02
5.840000000000000000e+02
5.880000000000000000e+02
5.960000000000000000e+02
4.920000000000000000e+02
5.000000000000000000e+02
4.960000000000000000e+02
4.920000000000000000e+02
4.800000000000000000e+02
4.800000000000000000e+02
4.960000000000000000e+02
5.040000000000000000e+02
4.960000000000000000e+02
5.020000000000000000e+02
5.080000000000000000e+02
5.000000000000000000e+02
4.960000000000000000e+02
4.880000000000000000e+02
4.960000000000000000e+02
5.040000000000000000e+02
4.960000000000000000e+02
4.920000000000000000e+02
5.040000000000000000e+02
5.050000000000000000e+02
4.940000000000000000e+02
4.830000000000000000e+02
4.840000000000000000e+02
4.880000000000000000e+02
5.000000000000000000e+02
5.040000000000000000e+02
4.973333333333333144e+02
5.800000000000000000e+02
5.840000000000000000e+02
5.840000000000000000e+02
5.800000000000000000e+02
5.800000000000000000e+02
5.840000000000000000e+02
4.920000000000000000e+02
4.880000000000000000e+02
4.880000000000000000e+02
4.920000000000000000e+02
4.960000000000000000e+02
5.000000000000000000e+02
4.960000000000000000e+02
4.960000000000000000e+02
4.920000000000000000e+02
5.000000000000000000e+02
5.360000000000000000e+02
5.320000000000000000e+02
5.340000000000000000e+02
5.360000000000000000e+02
5.120000000000000000e+02
4.920000000000000000e+02
4.960000000000000000e+02
4.960000000000000000e+02
4.960000000000000000e+02
4.800000000000000000e+02
4.960000000000000000e+02
4.960000000000000000e+02
4.920000000000000000e+02
5.280000000000000000e+02
5.320000000000000000e+02
5.800000000000000000e+02
5.800000000000000000e+02
5.810000000000000000e+02
5.840000000000000000e+02
5.800000000000000000e+02
5.720000000000000000e+02
5.470000000000000000e+02
5.560000000000000000e+02
5.090000000000000000e+02
4.840000000000000000e+02
4.880000000000000000e+02
4.960000000000000000e+02
5.000000000000000000e+02
4.960000000000000000e+02
5.680000000000000000e+02
5.020000000000000000e+02
5.090000000000000000e+02
5.640000000000000000e+02
5.640000000000000000e+02
5.640000000000000000e+02
5.600000000000000000e+02
5.600000000000000000e+02
5.450000000000000000e+02
5.680000000000000000e+02
5.640000000000000000e+02
5.720000000000000000e+02
5.960000000000000000e+02
6.000000000000000000e+02
5.333333333333333712e+02
5.360000000000000000e+02
5.240000000000000000e+02
6.720000000000000000e+02
5.773333333333333712e+02
5.813333333333333712e+02
5.880000000000000000e+02
6.000000000000000000e+02
6.120000000000000000e+02
6.240000000000000000e+02
5.960000000000000000e+02
6.680000000000000000e+02
7.760000000000000000e+02
7.760000000000000000e+02
5.920000000000000000e+02
5.920000000000000000e+02
6.040000000000000000e+02
5.560000000000000000e+02
5.600000000000000000e+02
5.670000000000000000e+02
5.680000000000000000e+02
5.640000000000000000e+02
5.600000000000000000e+02
5.440000000000000000e+02
5.510000000000000000e+02
5.680000000000000000e+02
5.490000000000000000e+02
5.720000000000000000e+02
5.720000000000000000e+02
6.000000000000000000e+02
5.940000000000000000e+02
7.760000000000000000e+02
7.780000000000000000e+02
7.760000000000000000e+02
7.760000000000000000e+02
6.720000000000000000e+02
6.560000000000000000e+02
6.560000000000000000e+02
6.106666666666666288e+02
6.080000000000000000e+02
6.400000000000000000e+02
6.560000000000000000e+02
6.560000000000000000e+02
7.840000000000000000e+02
7.760000000000000000e+02
7.800000000000000000e+02
7.760000000000000000e+02
5.880000000000000000e+02
6.053333333333333712e+02
5.490000000000000000e+02
5.640000000000000000e+02
5.830000000000000000e+02
5.680000000000000000e+02
5.960000000000000000e+02
6.050000000000000000e+02
6.066666666666666288e+02
4.920000000000000000e+02
4.840000000000000000e+02
4.860000000000000000e+02
4.850000000000000000e+02
5.640000000000000000e+02
6.973333333333333712e+02
6.080000000000000000e+02
7.800000000000000000e+02
7.830000000000000000e+02
7.720000000000000000e+02
7.800000000000000000e+02
6.253333333333333712e+02
5.660000000000000000e+02
6.360000000000000000e+02
6.480000000000000000e+02
