7.400000000000000000e+02
7.400000000000000000e+02
7.400000000000000000e+02
7.400000000000000000e+02
7.400000000000000000e+02
7.480000000000000000e+02
7.400000000000000000e+02
7.346666666666666288e+02
7.360000000000000000e+02
5.430000000000000000e+02
5.000000000000000000e+02
4.880000000000000000e+02
5.300000000000000000e+02
4.880000000000000000e+02
4.880000000000000000e+02
4.800000000000000000e+02
4.800000000000000000e+02
4.840000000000000000e+02
4.840000000000000000e+02
4.800000000000000000e+02
7.480000000000000000e+02
7.500000000000000000e+02
6.973333333333333712e+02
7.240000000000000000e+02
7.320000000000000000e+02
5.200000000000000000e+02
7.460000000000000000e+02
7.373333333333333712e+02
7.160000000000000000e+02
7.253333333333333712e+02
7.360000000000000000e+02
7.400000000000000000e+02
4.920000000000000000e+02
7.360000000000000000e+02
4.920000000000000000e+02
4.880000000000000000e+02
4.840000000000000000e+02
4.920000000000000000e+02
7.240000000000000000e+02
7.330000000000000000e+02
7.320000000000000000e+02
5.000000000000000000e+02
5.380000000000000000e+02
7.180000000000000000e+02
5.000000000000000000e+02
4.800000000000000000e+02
4.800000000000000000e+02
4.800000000000000000e+02
6.300000000000000000e+02
4.800000000000000000e+02
7.340000000000000000e+02
7.370000000000000000e+02
7.426666666666666288e+02
7.440000000000000000e+02
7.440000000000000000e+02
7.400000000000000000e+02
7.450000000000000000e+02
7.250000000000000000e+02
4.880000000000000000e+02
5.040000000000000000e+02
4.960000000000000000e+02
4.866666666666666856e+02
4.920000000000000000e+02
7.320000000000000000e+02
7.320000000000000000e+02
7.240000000000000000e+02
7.240000000000000000e+02
7.160000000000000000e+02
7.160000000000000000e+02
7.220000000000000000e+02
4.930000000000000000e+02
5.200000000000000000e+02
7.440000000000000000e+02
5.320000000000000000e+02
4.720000000000000000e+02
4.760000000000000000e+02
4.773333333333333144e+02
4.820000000000000000e+02
7.240000000000000000e+02
4.733333333333333144e+02
4.800000000000000000e+02
4.733333333333333144e+02
4.840000000000000000e+02
5.020000000000000000e+02
4.720000000000000000e+02
4.760000000000000000e+02
4.800000000000000000e+02
4.600000000000000000e+02
5.200000000000000000e+02
5.200000000000000000e+02
7.080000000000000000e+02
7.160000000000000000e+02
7.200000000000000000e+02
7.200000000000000000e+02
7.160000000000000000e+02
7.160000000000000000e+02
7.200000000000000000e+02
7.200000000000000000e+02
7.160000000000000000e+02
7.280000000000000000e+02
7.160000000000000000e+02
7.000000000000000000e+02
4.360000000000000000e+02
4.640000000000000000e+02
4.000000000000000000e+02
4.000000000000000000e+02
4.800000000000000000e+02
4.760000000000000000e+02
4.760000000000000000e+02
4.600000000000000000e+02
4.590000000000000000e+02
4.520000000000000000e+02
4.480000000000000000e+02
4.520000000000000000e+02
5.260000000000000000e+02
4.680000000000000000e+02
4.800000000000000000e+02
4.800000000000000000e+02
4.720000000000000000e+02
4.090000000000000000e+02
4.080000000000000000e+02
4.240000000000000000e+02
5.026666666666666856e+02
3.940000000000000000e+02
4.893333333333333144e+02
7.180000000000000000e+02
7.160000000000000000e+02
7.160000000000000000e+02
7.200000000000000000e+02
4.080000000000000000e+02
4.920000000000000000e+02
3.960000000000000000e+02
4.000000000000000000e+02
4.040000000000000000e+02
4.040000000000000000e+02
4.080000000000000000e+02
4.120000000000000000e+02
4.080000000000000000e+02
4.040000000000000000e+02
4.040000000000000000e+02
4.080000000000000000e+02
4.240000000000000000e+02
4.480000000000000000e+02
4.520000000000000000e+02
4.600000000000000000e+02
5.220000000000000000e+02
4.546666666666666856e+02
4.350000000000000000e+02
4.000000000000000000e+02
4.080000000000000000e+02
4.080000000000000000e+02
4.040000000000000000e+02
4.160000000000000000e+02
4.080000000000000000e+02
4.040000000000000000e+02
4.040000000000000000e+02
4.000000000000000000e+02
4.000000000000000000e+02
4.000000000000000000e+02
4.280000000000000000e+02
3.920000000000000000e+02
4.000000000000000000e+02
3.960000000000000000e+02
3.950000000000000000e+02
3.880000000000000000e+02
3.640000000000000000e+02
4.200000000000000000e+02
4.160000000000000000e+02
4.120000000000000000e+02
4.040000000000000000e+02
4.040000000000000000e+02
3.960000000000000000e+02
4.080000000000000000e+02
4.000000000000000000e+02
4.680000000000000000e+02
4.450000000000000000e+02
4.440000000000000000e+02
4.706666666666666856e+02
4.040000000000000000e+02
4.040000000000000000e+02
3.960000000000000000e+02
4.000000000000000000e+02
4.000000000000000000e+02
4.080000000000000000e+02
4.120000000000000000e+02
4.133333333333333144e+02
3.720000000000000000e+02
3.800000000000000000e+02
3.880000000000000000e+02
4.040000000000000000e+02
3.960000000000000000e+02
3.960000000000000000e+02
3.920000000000000000e+02
3.960000000000000000e+02
3.920000000000000000e+02
3.880000000000000000e+02
3.960000000000000000e+02
3.760000000000000000e+02
3.860000000000000000e+02
4.080000000000000000e+02
4.000000000000000000e+02
4.000000000000000000e+02
4.000000000000000000e+02
4.040000000000000000e+02
4.080000000000000000e+02
4.170000000000000000e+02
4.780000000000000000e+02
4.790000000000000000e+02
4.866666666666666856e+02
4.626666666666666856e+02
4.400000000000000000e+02
4.266666666666666856e+02
4.150000000000000000e+02
4.000000000000000000e+02
4.040000000000000000e+02
4.000000000000000000e+02
4.120000000000000000e+02
4.200000000000000000e+02
4.240000000000000000e+02
4.160000000000000000e+02
3.800000000000000000e+02
3.860000000000000000e+02
3.960000000000000000e+02
4.000000000000000000e+02
5.186666666666666288e+02
4.970000000000000000e+02
3.880000000000000000e+02
4.000000000000000000e+02
4.040000000000000000e+02
4.000000000000000000e+02
4.080000000000000000e+02
4.040000000000000000e+02
4.080000000000000000e+02
4.080000000000000000e+02
4.000000000000000000e+02
3.960000000000000000e+02
4.020000000000000000e+02
4.440000000000000000e+02
4.520000000000000000e+02
4.493333333333333144e+02
4.413333333333333144e+02
4.520000000000000000e+02
4.510000000000000000e+02
4.720000000000000000e+02
4.160000000000000000e+02
4.120000000000000000e+02
4.093333333333333144e+02
4.080000000000000000e+02
4.120000000000000000e+02
4.080000000000000000e+02
4.000000000000000000e+02
4.000000000000000000e+02
4.000000000000000000e+02
4.080000000000000000e+02
4.080000000000000000e+02
5.920000000000000000e+02
7.360000000000000000e+02
7.320000000000000000e+02
7.440000000000000000e+02
4.970000000000000000e+02
7.426666666666666288e+02
3.920000000000000000e+02
5.080000000000000000e+02
4.013333333333333144e+02
4.760000000000000000e+02
4.820000000000000000e+02
4.880000000000000000e+02
4.060000000000000000e+02
4.760000000000000000e+02
4.640000000000000000e+02
4.470000000000000000e+02
4.466666666666666856e+02
4.540000000000000000e+02
4.680000000000000000e+02
4.680000000000000000e+02
4.740000000000000000e+02
4.920000000000000000e+02
4.960000000000000000e+02
4.880000000000000000e+02
4.730000000000000000e+02
4.800000000000000000e+02
4.866666666666666856e+02
5.080000000000000000e+02
7.413333333333333712e+02
4.870000000000000000e+02
7.400000000000000000e+02
7.400000000000000000e+02
7.400000000000000000e+02
7.400000000000000000e+02
7.360000000000000000e+02
7.320000000000000000e+02
4.920000000000000000e+02
4.786666666666666856e+02
5.080000000000000000e+02
4.360000000000000000e+02
4.720000000000000000e+02
4.720000000000000000e+02
4.760000000000000000e+02
4.960000000000000000e+02
4.813333333333333144e+02
4.870000000000000000e+02
5.040000000000000000e+02
4.840000000000000000e+02
7.590000000000000000e+02
4.893333333333333144e+02
4.800000000000000000e+02
5.053333333333333144e+02
5.160000000000000000e+02
5.360000000000000000e+02
5.400000000000000000e+02
4.920000000000000000e+02
4.920000000000000000e+02
7.440000000000000000e+02
4.990000000000000000e+02
6.890000000000000000e+02
5.340000000000000000e+02
7.480000000000000000e+02
7.520000000000000000e+02
7.480000000000000000e+02
7.520000000000000000e+02
7.510000000000000000e+02
4.860000000000000000e+02
7.493333333333333712e+02
4.960000000000000000e+02
5.000000000000000000e+02
5.000000000000000000e+02
5.060000000000000000e+02
7.546666666666666288e+02
4.840000000000000000e+02
6.973333333333333712e+02
7.060000000000000000e+02
4.880000000000000000e+02
6.940000000000000000e+02
4.920000000000000000e+02
4.840000000000000000e+02
4.920000000000000000e+02
