5.760000000000000000e+02
5.826666666666666288e+02
6.210000000000000000e+02
5.946666666666666288e+02
5.760000000000000000e+02
5.880000000000000000e+02
5.840000000000000000e+02
5.893333333333333712e+02
5.840000000000000000e+02
5.910000000000000000e+02
5.960000000000000000e+02
5.880000000000000000e+02
5.760000000000000000e+02
5.826666666666666288e+02
5.973333333333333712e+02
5.900000000000000000e+02
7.600000000000000000e+02
7.960000000000000000e+02
7.466666666666666288e+02
7.480000000000000000e+02
6.560000000000000000e+02
6.800000000000000000e+02
6.020000000000000000e+02
7.533333333333333712e+02
7.546666666666666288e+02
5.320000000000000000e+02
5.520000000000000000e+02
6.100000000000000000e+02
5.893333333333333712e+02
6.120000000000000000e+02
6.013333333333333712e+02
5.900000000000000000e+02
5.980000000000000000e+02
6.160000000000000000e+02
5.910000000000000000e+02
5.840000000000000000e+02
6.080000000000000000e+02
5.800000000000000000e+02
5.880000000000000000e+02
6.270000000000000000e+02
5.800000000000000000e+02
6.320000000000000000e+02
5.820000000000000000e+02
6.280000000000000000e+02
6.093333333333333712e+02
5.870000000000000000e+02
6.360000000000000000e+02
5.853333333333333712e+02
5.853333333333333712e+02
5.880000000000000000e+02
6.060000000000000000e+02
5.770000000000000000e+02
5.820000000000000000e+02
6.120000000000000000e+02
6.090000000000000000e+02
6.160000000000000000e+02
5.720000000000000000e+02
5.690000000000000000e+02
5.520000000000000000e+02
5.560000000000000000e+02
7.540000000000000000e+02
5.910000000000000000e+02
5.626666666666666288e+02
5.160000000000000000e+02
5.493333333333333712e+02
7.560000000000000000e+02
5.490000000000000000e+02
5.480000000000000000e+02
5.560000000000000000e+02
5.560000000000000000e+02
5.550000000000000000e+02
6.080000000000000000e+02
5.940000000000000000e+02
5.960000000000000000e+02
6.190000000000000000e+02
5.980000000000000000e+02
5.050000000000000000e+02
6.040000000000000000e+02
7.960000000000000000e+02
7.960000000000000000e+02
7.960000000000000000e+02
5.880000000000000000e+02
6.226666666666666288e+02
6.160000000000000000e+02
6.040000000000000000e+02
6.090000000000000000e+02
5.906666666666666288e+02
5.826666666666666288e+02
7.720000000000000000e+02
7.670000000000000000e+02
5.900000000000000000e+02
5.920000000000000000e+02
6.060000000000000000e+02
6.240000000000000000e+02
5.780000000000000000e+02
5.940000000000000000e+02
6.120000000000000000e+02
5.380000000000000000e+02
5.480000000000000000e+02
5.480000000000000000e+02
5.520000000000000000e+02
5.520000000000000000e+02
5.546666666666666288e+02
5.493333333333333712e+02
5.550000000000000000e+02
6.360000000000000000e+02
4.920000000000000000e+02
5.546666666666666288e+02
5.520000000000000000e+02
5.560000000000000000e+02
5.480000000000000000e+02
5.520000000000000000e+02
5.480000000000000000e+02
6.120000000000000000e+02
6.106666666666666288e+02
5.520000000000000000e+02
5.940000000000000000e+02
4.910000000000000000e+02
5.840000000000000000e+02
5.910000000000000000e+02
7.670000000000000000e+02
7.690000000000000000e+02
5.866666666666666288e+02
6.140000000000000000e+02
6.080000000000000000e+02
6.100000000000000000e+02
5.980000000000000000e+02
5.880000000000000000e+02
6.160000000000000000e+02
7.680000000000000000e+02
7.680000000000000000e+02
7.960000000000000000e+02
5.960000000000000000e+02
5.380000000000000000e+02
5.880000000000000000e+02
5.146666666666666288e+02
4.960000000000000000e+02
4.960000000000000000e+02
5.653333333333333712e+02
5.580000000000000000e+02
5.520000000000000000e+02
5.480000000000000000e+02
5.440000000000000000e+02
5.440000000000000000e+02
5.120000000000000000e+02
5.493333333333333712e+02
5.520000000000000000e+02
4.800000000000000000e+02
4.810000000000000000e+02
4.920000000000000000e+02
5.440000000000000000e+02
5.480000000000000000e+02
5.320000000000000000e+02
5.600000000000000000e+02
4.960000000000000000e+02
5.000000000000000000e+02
5.000000000000000000e+02
4.960000000000000000e+02
5.080000000000000000e+02
5.320000000000000000e+02
5.200000000000000000e+02
5.300000000000000000e+02
5.320000000000000000e+02
5.430000000000000000e+02
5.880000000000000000e+02
6.020000000000000000e+02
5.800000000000000000e+02
5.840000000000000000e+02
5.840000000000000000e+02
5.880000000000000000e+02
5.960000000000000000e+02
5.560000000000000000e+02
5.440000000000000000e+02
5.266666666666666288e+02
5.000000000000000000e+02
5.000000000000000000e+02
5.093333333333333144e+02
5.920000000000000000e+02
5.700000000000000000e+02
5.040000000000000000e+02
4.960000000000000000e+02
5.000000000000000000e+02
5.040000000000000000e+02
5.560000000000000000e+02
5.546666666666666288e+02
5.000000000000000000e+02
5.080000000000000000e+02
4.960000000000000000e+02
4.920000000000000000e+02
4.920000000000000000e+02
4.880000000000000000e+02
4.920000000000000000e+02
4.920000000000000000e+02
4.960000000000000000e+02
4.880000000000000000e+02
4.800000000000000000e+02
5.000000000000000000e+02
4.960000000000000000e+02
5.000000000000000000e+02
5.040000000000000000e+02
5.040000000000000000e+02
5.080000000000000000e+02
5.120000000000000000e+02
5.240000000000000000e+02
4.960000000000000000e+02
5.020000000000000000e+02
5.120000000000000000e+02
5.190000000000000000e+02
5.840000000000000000e+02
5.880000000000000000e+02
5.880000000000000000e+02
5.880000000000000000e+02
5.830000000000000000e+02
5.050000000000000000e+02
4.960000000000000000e+02
4.920000000000000000e+02
4.973333333333333144e+02
5.080000000000000000e+02
4.920000000000000000e+02
5.000000000000000000e+02
4.960000000000000000e+02
5.000000000000000000e+02
4.880000000000000000e+02
4.840000000000000000e+02
4.960000000000000000e+02
5.040000000000000000e+02
5.200000000000000000e+02
5.200000000000000000e+02
5.240000000000000000e+02
5.240000000000000000e+02
5.280000000000000000e+02
5.280000000000000000e+02
5.240000000000000000e+02
5.400000000000000000e+02
5.120000000000000000e+02
5.240000000000000000e+02
5.280000000000000000e+02
5.240000000000000000e+02
5.320000000000000000e+02
5.240000000000000000e+02
5.280000000000000000e+02
5.160000000000000000e+02
5.170000000000000000e+02
5.200000000000000000e+02
5.200000000000000000e+02
5.213333333333333712e+02
5.320000000000000000e+02
5.240000000000000000e+02
5.280000000000000000e+02
6.146666666666666288e+02
6.160000000000000000e+02
6.160000000000000000e+02
6.160000000000000000e+02
6.120000000000000000e+02
6.090000000000000000e+02
5.280000000000000000e+02
5.280000000000000000e+02
5.360000000000000000e+02
5.360000000000000000e+02
5.200000000000000000e+02
5.080000000000000000e+02
5.130000000000000000e+02
5.280000000000000000e+02
5.360000000000000000e+02
5.520000000000000000e+02
5.280000000000000000e+02
5.240000000000000000e+02
5.240000000000000000e+02
5.240000000000000000e+02
5.420000000000000000e+02
5.360000000000000000e+02
5.280000000000000000e+02
5.600000000000000000e+02
6.560000000000000000e+02
5.280000000000000000e+02
5.320000000000000000e+02
5.320000000000000000e+02
5.320000000000000000e+02
5.240000000000000000e+02
5.280000000000000000e+02
5.320000000000000000e+02
5.360000000000000000e+02
5.440000000000000000e+02
5.300000000000000000e+02
5.320000000000000000e+02
5.280000000000000000e+02
5.320000000000000000e+02
5.320000000000000000e+02
5.320000000000000000e+02
5.320000000000000000e+02
6.080000000000000000e+02
6.146666666666666288e+02
6.120000000000000000e+02
6.120000000000000000e+02
6.130000000000000000e+02
6.200000000000000000e+02
6.160000000000000000e+02
6.240000000000000000e+02
6.080000000000000000e+02
5.300000000000000000e+02
5.360000000000000000e+02
5.360000000000000000e+02
5.320000000000000000e+02
5.320000000000000000e+02
5.320000000000000000e+02
5.360000000000000000e+02
5.360000000000000000e+02
5.350000000000000000e+02
5.360000000000000000e+02
5.360000000000000000e+02
5.546666666666666288e+02
5.293333333333333712e+02
5.400000000000000000e+02
5.340000000000000000e+02
5.760000000000000000e+02
5.510000000000000000e+02
6.520000000000000000e+02
5.440000000000000000e+02
5.520000000000000000e+02
5.680000000000000000e+02
5.720000000000000000e+02
5.570000000000000000e+02
5.360000000000000000e+02
5.320000000000000000e+02
5.440000000000000000e+02
5.240000000000000000e+02
5.240000000000000000e+02
5.280000000000000000e+02
5.280000000000000000e+02
5.400000000000000000e+02
5.410000000000000000e+02
5.940000000000000000e+02
6.200000000000000000e+02
6.630000000000000000e+02
6.493333333333333712e+02
6.200000000000000000e+02
6.040000000000000000e+02
6.160000000000000000e+02
6.510000000000000000e+02
6.080000000000000000e+02
6.070000000000000000e+02
5.940000000000000000e+02
5.440000000000000000e+02
6.200000000000000000e+02
5.280000000000000000e+02
5.240000000000000000e+02
5.280000000000000000e+02
6.440000000000000000e+02
6.390000000000000000e+02
6.320000000000000000e+02
5.400000000000000000e+02
5.670000000000000000e+02
5.880000000000000000e+02
5.880000000000000000e+02
5.933333333333333712e+02
5.990000000000000000e+02
6.120000000000000000e+02
5.860000000000000000e+02
5.760000000000000000e+02
6.530000000000000000e+02
6.480000000000000000e+02
6.426666666666666288e+02
5.840000000000000000e+02
6.346666666666666288e+02
6.240000000000000000e+02
6.320000000000000000e+02
6.320000000000000000e+02
6.240000000000000000e+02
5.400000000000000000e+02
5.360000000000000000e+02
6.080000000000000000e+02
7.490000000000000000e+02
6.146666666666666288e+02
5.980000000000000000e+02
6.080000000000000000e+02
6.160000000000000000e+02
6.600000000000000000e+02
6.346666666666666288e+02
6.640000000000000000e+02
6.600000000000000000e+02
6.680000000000000000e+02
6.653333333333333712e+02
6.080000000000000000e+02
6.110000000000000000e+02
5.986666666666666288e+02
5.890000000000000000e+02
7.500000000000000000e+02
6.400000000000000000e+02
6.200000000000000000e+02
6.320000000000000000e+02
6.280000000000000000e+02
6.120000000000000000e+02
5.920000000000000000e+02
5.880000000000000000e+02
6.400000000000000000e+02
6.440000000000000000e+02
5.600000000000000000e+02
6.360000000000000000e+02
6.040000000000000000e+02
6.546666666666666288e+02
6.266666666666666288e+02
5.730000000000000000e+02
6.280000000000000000e+02
6.280000000000000000e+02
6.013333333333333712e+02
6.680000000000000000e+02
6.170000000000000000e+02
6.340000000000000000e+02
6.200000000000000000e+02
6.360000000000000000e+02
6.170000000000000000e+02
7.493333333333333712e+02
6.040000000000000000e+02
6.080000000000000000e+02
6.040000000000000000e+02
5.986666666666666288e+02
6.000000000000000000e+02
5.880000000000000000e+02
6.640000000000000000e+02
6.600000000000000000e+02
6.720000000000000000e+02
6.730000000000000000e+02
5.960000000000000000e+02
7.373333333333333712e+02
6.080000000000000000e+02
6.080000000000000000e+02
6.066666666666666288e+02
6.760000000000000000e+02
6.280000000000000000e+02
6.690000000000000000e+02
6.040000000000000000e+02
6.110000000000000000e+02
5.480000000000000000e+02
6.200000000000000000e+02
5.840000000000000000e+02
5.360000000000000000e+02
6.360000000000000000e+02
6.693333333333333712e+02
6.053333333333333712e+02
6.000000000000000000e+02
6.080000000000000000e+02
