5.740000000000000000e+02
6.173333333333333712e+02
6.093333333333333712e+02
5.820000000000000000e+02
5.760000000000000000e+02
5.880000000000000000e+02
6.106666666666666288e+02
5.840000000000000000e+02
5.853333333333333712e+02
5.920000000000000000e+02
5.920000000000000000e+02
5.940000000000000000e+02
5.830000000000000000e+02
5.826666666666666288e+02
6.050000000000000000e+02
6.066666666666666288e+02
7.960000000000000000e+02
7.680000000000000000e+02
7.080000000000000000e+02
7.960000000000000000e+02
6.880000000000000000e+02
7.530000000000000000e+02
7.480000000000000000e+02
7.586666666666666288e+02
6.053333333333333712e+02
6.030000000000000000e+02
5.400000000000000000e+02
6.060000000000000000e+02
6.080000000000000000e+02
6.160000000000000000e+02
6.106666666666666288e+02
5.880000000000000000e+02
6.020000000000000000e+02
6.040000000000000000e+02
6.060000000000000000e+02
5.840000000000000000e+02
6.133333333333333712e+02
5.920000000000000000e+02
6.290000000000000000e+02
7.390000000000000000e+02
6.280000000000000000e+02
6.360000000000000000e+02
6.230000000000000000e+02
6.240000000000000000e+02
6.093333333333333712e+02
5.850000000000000000e+02
6.180000000000000000e+02
5.860000000000000000e+02
4.820000000000000000e+02
5.880000000000000000e+02
6.140000000000000000e+02
5.620000000000000000e+02
6.180000000000000000e+02
6.226666666666666288e+02
6.160000000000000000e+02
6.080000000000000000e+02
5.880000000000000000e+02
5.690000000000000000e+02
5.520000000000000000e+02
5.520000000000000000e+02
5.820000000000000000e+02
5.910000000000000000e+02
5.720000000000000000e+02
5.610000000000000000e+02
5.666666666666666288e+02
5.186666666666666288e+02
7.546666666666666288e+02
5.520000000000000000e+02
5.480000000000000000e+02
5.560000000000000000e+02
5.550000000000000000e+02
5.740000000000000000e+02
5.510000000000000000e+02
5.960000000000000000e+02
6.040000000000000000e+02
5.980000000000000000e+02
5.013333333333333144e+02
5.840000000000000000e+02
7.960000000000000000e+02
7.960000000000000000e+02
7.960000000000000000e+02
5.800000000000000000e+02
6.060000000000000000e+02
6.106666666666666288e+02
6.150000000000000000e+02
6.040000000000000000e+02
5.906666666666666288e+02
6.053333333333333712e+02
7.960000000000000000e+02
7.960000000000000000e+02
5.906666666666666288e+02
5.933333333333333712e+02
6.300000000000000000e+02
5.830000000000000000e+02
6.920000000000000000e+02
5.520000000000000000e+02
6.150000000000000000e+02
5.380000000000000000e+02
5.520000000000000000e+02
5.480000000000000000e+02
5.520000000000000000e+02
5.560000000000000000e+02
5.560000000000000000e+02
5.613333333333333712e+02
5.426666666666666288e+02
5.500000000000000000e+02
4.920000000000000000e+02
5.480000000000000000e+02
5.590000000000000000e+02
5.600000000000000000e+02
5.480000000000000000e+02
5.480000000000000000e+02
5.480000000000000000e+02
6.066666666666666288e+02
6.013333333333333712e+02
5.530000000000000000e+02
5.940000000000000000e+02
4.910000000000000000e+02
5.840000000000000000e+02
5.960000000000000000e+02
7.680000000000000000e+02
7.680000000000000000e+02
7.720000000000000000e+02
6.140000000000000000e+02
6.080000000000000000e+02
6.120000000000000000e+02
5.800000000000000000e+02
5.960000000000000000e+02
6.160000000000000000e+02
5.980000000000000000e+02
7.680000000000000000e+02
7.960000000000000000e+02
5.960000000000000000e+02
5.826666666666666288e+02
5.880000000000000000e+02
5.980000000000000000e+02
5.060000000000000000e+02
4.920000000000000000e+02
4.920000000000000000e+02
5.520000000000000000e+02
5.510000000000000000e+02
5.450000000000000000e+02
5.440000000000000000e+02
5.400000000000000000e+02
5.320000000000000000e+02
5.520000000000000000e+02
5.480000000000000000e+02
4.800000000000000000e+02
4.840000000000000000e+02
4.880000000000000000e+02
5.440000000000000000e+02
5.480000000000000000e+02
5.480000000000000000e+02
5.600000000000000000e+02
4.960000000000000000e+02
5.040000000000000000e+02
4.960000000000000000e+02
5.000000000000000000e+02
5.120000000000000000e+02
5.340000000000000000e+02
5.200000000000000000e+02
5.260000000000000000e+02
5.320000000000000000e+02
5.360000000000000000e+02
5.880000000000000000e+02
5.880000000000000000e+02
5.813333333333333712e+02
5.880000000000000000e+02
5.880000000000000000e+02
5.840000000000000000e+02
5.930000000000000000e+02
5.920000000000000000e+02
5.240000000000000000e+02
5.160000000000000000e+02
5.040000000000000000e+02
5.120000000000000000e+02
5.106666666666666856e+02
5.106666666666666856e+02
4.980000000000000000e+02
5.000000000000000000e+02
5.000000000000000000e+02
5.040000000000000000e+02
5.040000000000000000e+02
5.560000000000000000e+02
4.880000000000000000e+02
5.000000000000000000e+02
5.040000000000000000e+02
4.920000000000000000e+02
4.920000000000000000e+02
4.920000000000000000e+02
4.880000000000000000e+02
4.950000000000000000e+02
4.960000000000000000e+02
4.960000000000000000e+02
4.930000000000000000e+02
4.800000000000000000e+02
4.980000000000000000e+02
5.000000000000000000e+02
5.040000000000000000e+02
5.040000000000000000e+02
5.040000000000000000e+02
5.000000000000000000e+02
5.120000000000000000e+02
5.240000000000000000e+02
4.960000000000000000e+02
5.040000000000000000e+02
5.160000000000000000e+02
5.160000000000000000e+02
5.840000000000000000e+02
5.790000000000000000e+02
5.880000000000000000e+02
5.880000000000000000e+02
5.920000000000000000e+02
5.040000000000000000e+02
5.000000000000000000e+02
4.920000000000000000e+02
4.960000000000000000e+02
5.120000000000000000e+02
4.880000000000000000e+02
5.040000000000000000e+02
5.000000000000000000e+02
5.040000000000000000e+02
4.880000000000000000e+02
4.840000000000000000e+02
4.960000000000000000e+02
5.040000000000000000e+02
5.160000000000000000e+02
5.240000000000000000e+02
5.240000000000000000e+02
5.240000000000000000e+02
5.370000000000000000e+02
5.290000000000000000e+02
5.240000000000000000e+02
5.280000000000000000e+02
5.120000000000000000e+02
5.280000000000000000e+02
5.280000000000000000e+02
5.240000000000000000e+02
5.320000000000000000e+02
5.306666666666666288e+02
5.280000000000000000e+02
5.120000000000000000e+02
5.200000000000000000e+02
5.240000000000000000e+02
5.170000000000000000e+02
5.320000000000000000e+02
5.320000000000000000e+02
5.240000000000000000e+02
5.320000000000000000e+02
6.160000000000000000e+02
6.120000000000000000e+02
6.120000000000000000e+02
6.160000000000000000e+02
6.160000000000000000e+02
6.090000000000000000e+02
5.310000000000000000e+02
5.320000000000000000e+02
5.400000000000000000e+02
5.480000000000000000e+02
5.200000000000000000e+02
5.080000000000000000e+02
5.040000000000000000e+02
5.320000000000000000e+02
5.290000000000000000e+02
5.400000000000000000e+02
5.280000000000000000e+02
5.280000000000000000e+02
5.240000000000000000e+02
5.320000000000000000e+02
5.600000000000000000e+02
5.330000000000000000e+02
5.320000000000000000e+02
5.700000000000000000e+02
5.280000000000000000e+02
5.280000000000000000e+02
5.320000000000000000e+02
5.280000000000000000e+02
5.120000000000000000e+02
5.280000000000000000e+02
5.280000000000000000e+02
5.320000000000000000e+02
5.360000000000000000e+02
5.360000000000000000e+02
5.300000000000000000e+02
5.320000000000000000e+02
5.280000000000000000e+02
5.320000000000000000e+02
5.320000000000000000e+02
5.360000000000000000e+02
5.320000000000000000e+02
6.000000000000000000e+02
6.160000000000000000e+02
6.160000000000000000e+02
6.120000000000000000e+02
6.200000000000000000e+02
6.160000000000000000e+02
6.160000000000000000e+02
6.100000000000000000e+02
6.080000000000000000e+02
5.320000000000000000e+02
5.400000000000000000e+02
5.360000000000000000e+02
5.320000000000000000e+02
5.360000000000000000e+02
5.320000000000000000e+02
5.360000000000000000e+02
5.360000000000000000e+02
5.320000000000000000e+02
5.320000000000000000e+02
5.920000000000000000e+02
5.610000000000000000e+02
5.610000000000000000e+02
5.360000000000000000e+02
5.340000000000000000e+02
5.760000000000000000e+02
5.440000000000000000e+02
6.560000000000000000e+02
5.440000000000000000e+02
5.520000000000000000e+02
5.580000000000000000e+02
5.720000000000000000e+02
5.520000000000000000e+02
5.360000000000000000e+02
5.320000000000000000e+02
5.400000000000000000e+02
5.240000000000000000e+02
5.320000000000000000e+02
5.280000000000000000e+02
5.300000000000000000e+02
5.440000000000000000e+02
6.160000000000000000e+02
6.200000000000000000e+02
6.200000000000000000e+02
6.600000000000000000e+02
6.280000000000000000e+02
6.200000000000000000e+02
6.040000000000000000e+02
6.000000000000000000e+02
6.240000000000000000e+02
6.080000000000000000e+02
6.150000000000000000e+02
6.160000000000000000e+02
5.453333333333333712e+02
6.130000000000000000e+02
5.240000000000000000e+02
5.280000000000000000e+02
5.280000000000000000e+02
6.440000000000000000e+02
5.320000000000000000e+02
5.306666666666666288e+02
6.120000000000000000e+02
5.520000000000000000e+02
5.880000000000000000e+02
5.880000000000000000e+02
6.173333333333333712e+02
5.920000000000000000e+02
6.080000000000000000e+02
5.626666666666666288e+02
5.760000000000000000e+02
5.630000000000000000e+02
6.520000000000000000e+02
6.426666666666666288e+02
5.880000000000000000e+02
6.320000000000000000e+02
6.340000000000000000e+02
6.320000000000000000e+02
6.250000000000000000e+02
6.240000000000000000e+02
5.410000000000000000e+02
5.360000000000000000e+02
6.120000000000000000e+02
7.490000000000000000e+02
6.120000000000000000e+02
6.066666666666666288e+02
6.040000000000000000e+02
6.560000000000000000e+02
6.280000000000000000e+02
6.346666666666666288e+02
6.733333333333333712e+02
6.520000000000000000e+02
6.580000000000000000e+02
6.110000000000000000e+02
6.080000000000000000e+02
6.720000000000000000e+02
6.480000000000000000e+02
6.146666666666666288e+02
7.413333333333333712e+02
6.186666666666666288e+02
6.130000000000000000e+02
6.330000000000000000e+02
6.320000000000000000e+02
6.240000000000000000e+02
6.050000000000000000e+02
5.880000000000000000e+02
6.450000000000000000e+02
6.450000000000000000e+02
6.880000000000000000e+02
6.440000000000000000e+02
6.400000000000000000e+02
6.080000000000000000e+02
6.080000000000000000e+02
5.933333333333333712e+02
6.360000000000000000e+02
6.240000000000000000e+02
5.946666666666666288e+02
6.946666666666666288e+02
6.320000000000000000e+02
6.360000000000000000e+02
6.290000000000000000e+02
6.400000000000000000e+02
6.080000000000000000e+02
6.030000000000000000e+02
6.160000000000000000e+02
6.460000000000000000e+02
6.293333333333333712e+02
6.120000000000000000e+02
6.010000000000000000e+02
6.653333333333333712e+02
6.640000000000000000e+02
6.600000000000000000e+02
6.640000000000000000e+02
6.720000000000000000e+02
6.000000000000000000e+02
5.960000000000000000e+02
6.080000000000000000e+02
6.040000000000000000e+02
6.040000000000000000e+02
6.026666666666666288e+02
6.080000000000000000e+02
6.210000000000000000e+02
5.880000000000000000e+02
6.080000000000000000e+02
6.720000000000000000e+02
6.650000000000000000e+02
6.450000000000000000e+02
6.106666666666666288e+02
6.220000000000000000e+02
6.220000000000000000e+02
6.026666666666666288e+02
6.120000000000000000e+02
6.080000000000000000e+02
