6.110000000000000000e+02
5.630000000000000000e+02
6.450000000000000000e+02
5.720000000000000000e+02
7.960000000000000000e+02
7.920000000000000000e+02
7.920000000000000000e+02
7.880000000000000000e+02
5.400000000000000000e+02
5.320000000000000000e+02
5.040000000000000000e+02
5.670000000000000000e+02
5.720000000000000000e+02
5.720000000000000000e+02
5.440000000000000000e+02
5.800000000000000000e+02
5.570000000000000000e+02
5.720000000000000000e+02
5.750000000000000000e+02
5.720000000000000000e+02
5.680000000000000000e+02
6.160000000000000000e+02
6.040000000000000000e+02
7.720000000000000000e+02
7.750000000000000000e+02
7.900000000000000000e+02
7.900000000000000000e+02
5.720000000000000000e+02
5.690000000000000000e+02
5.800000000000000000e+02
5.720000000000000000e+02
5.840000000000000000e+02
5.990000000000000000e+02
6.240000000000000000e+02
6.360000000000000000e+02
6.920000000000000000e+02
7.720000000000000000e+02
7.900000000000000000e+02
7.960000000000000000e+02
5.240000000000000000e+02
5.200000000000000000e+02
5.200000000000000000e+02
5.186666666666666288e+02
5.720000000000000000e+02
5.720000000000000000e+02
5.680000000000000000e+02
5.506666666666666288e+02
5.586666666666666288e+02
5.480000000000000000e+02
5.560000000000000000e+02
5.653333333333333712e+02
5.800000000000000000e+02
5.160000000000000000e+02
5.160000000000000000e+02
5.120000000000000000e+02
5.120000000000000000e+02
5.120000000000000000e+02
5.600000000000000000e+02
5.520000000000000000e+02
5.440000000000000000e+02
5.360000000000000000e+02
5.670000000000000000e+02
5.680000000000000000e+02
5.760000000000000000e+02
5.720000000000000000e+02
5.893333333333333712e+02
6.746666666666666288e+02
5.133333333333333712e+02
5.400000000000000000e+02
5.400000000000000000e+02
5.440000000000000000e+02
5.080000000000000000e+02
5.040000000000000000e+02
5.120000000000000000e+02
5.120000000000000000e+02
5.120000000000000000e+02
5.640000000000000000e+02
5.600000000000000000e+02
5.000000000000000000e+02
5.510000000000000000e+02
5.910000000000000000e+02
5.000000000000000000e+02
5.120000000000000000e+02
5.253333333333333712e+02
5.030000000000000000e+02
5.160000000000000000e+02
5.120000000000000000e+02
5.040000000000000000e+02
4.680000000000000000e+02
4.800000000000000000e+02
4.840000000000000000e+02
5.080000000000000000e+02
5.040000000000000000e+02
5.946666666666666288e+02
5.760000000000000000e+02
5.650000000000000000e+02
5.800000000000000000e+02
5.880000000000000000e+02
5.980000000000000000e+02
4.960000000000000000e+02
5.040000000000000000e+02
4.933333333333333144e+02
4.880000000000000000e+02
4.880000000000000000e+02
4.760000000000000000e+02
5.040000000000000000e+02
4.960000000000000000e+02
4.960000000000000000e+02
5.040000000000000000e+02
5.080000000000000000e+02
4.970000000000000000e+02
4.960000000000000000e+02
4.880000000000000000e+02
4.960000000000000000e+02
5.040000000000000000e+02
5.000000000000000000e+02
4.920000000000000000e+02
4.960000000000000000e+02
5.080000000000000000e+02
5.080000000000000000e+02
4.760000000000000000e+02
4.840000000000000000e+02
4.920000000000000000e+02
5.000000000000000000e+02
5.000000000000000000e+02
5.960000000000000000e+02
5.800000000000000000e+02
5.800000000000000000e+02
5.840000000000000000e+02
5.840000000000000000e+02
5.840000000000000000e+02
4.960000000000000000e+02
4.960000000000000000e+02
4.880000000000000000e+02
4.880000000000000000e+02
4.920000000000000000e+02
4.920000000000000000e+02
5.000000000000000000e+02
5.000000000000000000e+02
4.960000000000000000e+02
4.960000000000000000e+02
5.000000000000000000e+02
5.280000000000000000e+02
5.290000000000000000e+02
5.240000000000000000e+02
5.400000000000000000e+02
5.120000000000000000e+02
4.880000000000000000e+02
4.920000000000000000e+02
4.960000000000000000e+02
5.000000000000000000e+02
4.800000000000000000e+02
4.960000000000000000e+02
4.960000000000000000e+02
4.960000000000000000e+02
5.240000000000000000e+02
5.280000000000000000e+02
5.800000000000000000e+02
5.800000000000000000e+02
5.800000000000000000e+02
5.800000000000000000e+02
5.880000000000000000e+02
5.860000000000000000e+02
5.480000000000000000e+02
5.480000000000000000e+02
5.280000000000000000e+02
4.840000000000000000e+02
4.880000000000000000e+02
4.920000000000000000e+02
5.000000000000000000e+02
5.640000000000000000e+02
4.960000000000000000e+02
5.200000000000000000e+02
5.160000000000000000e+02
5.640000000000000000e+02
5.640000000000000000e+02
5.640000000000000000e+02
5.600000000000000000e+02
5.660000000000000000e+02
5.520000000000000000e+02
5.640000000000000000e+02
5.600000000000000000e+02
6.000000000000000000e+02
5.960000000000000000e+02
6.000000000000000000e+02
5.333333333333333712e+02
5.360000000000000000e+02
5.240000000000000000e+02
6.720000000000000000e+02
5.800000000000000000e+02
5.760000000000000000e+02
5.930000000000000000e+02
5.990000000000000000e+02
6.160000000000000000e+02
6.160000000000000000e+02
5.960000000000000000e+02
5.920000000000000000e+02
7.760000000000000000e+02
7.760000000000000000e+02
5.960000000000000000e+02
5.920000000000000000e+02
6.040000000000000000e+02
5.560000000000000000e+02
5.640000000000000000e+02
5.700000000000000000e+02
5.680000000000000000e+02
5.680000000000000000e+02
5.600000000000000000e+02
5.410000000000000000e+02
5.510000000000000000e+02
5.680000000000000000e+02
5.533333333333333712e+02
5.760000000000000000e+02
5.680000000000000000e+02
6.000000000000000000e+02
5.920000000000000000e+02
5.853333333333333712e+02
7.760000000000000000e+02
7.760000000000000000e+02
7.720000000000000000e+02
6.720000000000000000e+02
6.520000000000000000e+02
6.560000000000000000e+02
6.320000000000000000e+02
6.080000000000000000e+02
6.480000000000000000e+02
6.560000000000000000e+02
6.600000000000000000e+02
6.880000000000000000e+02
7.760000000000000000e+02
7.760000000000000000e+02
7.760000000000000000e+02
7.780000000000000000e+02
6.000000000000000000e+02
5.560000000000000000e+02
5.640000000000000000e+02
5.840000000000000000e+02
5.680000000000000000e+02
5.560000000000000000e+02
7.826666666666666288e+02
6.066666666666666288e+02
4.880000000000000000e+02
4.840000000000000000e+02
6.820000000000000000e+02
6.290000000000000000e+02
5.640000000000000000e+02
6.973333333333333712e+02
6.346666666666666288e+02
7.800000000000000000e+02
7.413333333333333712e+02
7.826666666666666288e+02
7.800000000000000000e+02
6.560000000000000000e+02
6.480000000000000000e+02
6.360000000000000000e+02
6.480000000000000000e+02
