5.840000000000000000e+02
5.186666666666666288e+02
7.866666666666666288e+02
7.880000000000000000e+02
7.920000000000000000e+02
7.880000000000000000e+02
7.800000000000000000e+02
7.890000000000000000e+02
7.800000000000000000e+02
7.960000000000000000e+02
7.880000000000000000e+02
7.880000000000000000e+02
7.940000000000000000e+02
5.280000000000000000e+02
5.380000000000000000e+02
7.420000000000000000e+02
7.470000000000000000e+02
5.400000000000000000e+02
4.940000000000000000e+02
7.960000000000000000e+02
5.173333333333333712e+02
7.960000000000000000e+02
7.960000000000000000e+02
7.880000000000000000e+02
7.960000000000000000e+02
7.920000000000000000e+02
7.880000000000000000e+02
7.880000000000000000e+02
7.580000000000000000e+02
7.640000000000000000e+02
7.910000000000000000e+02
7.840000000000000000e+02
5.900000000000000000e+02
7.880000000000000000e+02
7.466666666666666288e+02
7.800000000000000000e+02
7.840000000000000000e+02
7.890000000000000000e+02
7.880000000000000000e+02
7.800000000000000000e+02
7.850000000000000000e+02
7.870000000000000000e+02
7.866666666666666288e+02
7.880000000000000000e+02
7.920000000000000000e+02
7.893333333333333712e+02
7.920000000000000000e+02
7.600000000000000000e+02
7.960000000000000000e+02
7.920000000000000000e+02
4.580000000000000000e+02
7.880000000000000000e+02
7.840000000000000000e+02
7.840000000000000000e+02
7.840000000000000000e+02
7.800000000000000000e+02
7.813333333333333712e+02
7.880000000000000000e+02
7.860000000000000000e+02
7.800000000000000000e+02
7.810000000000000000e+02
5.120000000000000000e+02
5.160000000000000000e+02
5.720000000000000000e+02
5.146666666666666288e+02
5.160000000000000000e+02
5.080000000000000000e+02
7.786666666666666288e+02
7.840000000000000000e+02
7.800000000000000000e+02
7.800000000000000000e+02
7.840000000000000000e+02
7.880000000000000000e+02
7.840000000000000000e+02
7.813333333333333712e+02
4.440000000000000000e+02
4.440000000000000000e+02
5.200000000000000000e+02
5.000000000000000000e+02
5.213333333333333712e+02
5.030000000000000000e+02
5.000000000000000000e+02
5.040000000000000000e+02
5.040000000000000000e+02
4.440000000000000000e+02
7.800000000000000000e+02
7.800000000000000000e+02
7.880000000000000000e+02
7.870000000000000000e+02
7.760000000000000000e+02
7.800000000000000000e+02
7.810000000000000000e+02
7.800000000000000000e+02
7.840000000000000000e+02
7.890000000000000000e+02
5.440000000000000000e+02
5.400000000000000000e+02
5.133333333333333712e+02
7.880000000000000000e+02
7.930000000000000000e+02
7.920000000000000000e+02
7.840000000000000000e+02
7.960000000000000000e+02
7.780000000000000000e+02
4.360000000000000000e+02
7.890000000000000000e+02
4.280000000000000000e+02
4.280000000000000000e+02
4.280000000000000000e+02
4.240000000000000000e+02
4.666666666666666856e+02
4.650000000000000000e+02
4.640000000000000000e+02
4.200000000000000000e+02
4.290000000000000000e+02
4.360000000000000000e+02
4.280000000000000000e+02
4.200000000000000000e+02
4.200000000000000000e+02
4.360000000000000000e+02
4.360000000000000000e+02
4.400000000000000000e+02
4.480000000000000000e+02
4.410000000000000000e+02
4.400000000000000000e+02
4.480000000000000000e+02
5.160000000000000000e+02
5.170000000000000000e+02
5.240000000000000000e+02
5.200000000000000000e+02
4.760000000000000000e+02
4.320000000000000000e+02
4.360000000000000000e+02
4.280000000000000000e+02
4.226666666666666856e+02
4.146666666666666856e+02
4.360000000000000000e+02
4.240000000000000000e+02
4.160000000000000000e+02
4.200000000000000000e+02
4.120000000000000000e+02
4.160000000000000000e+02
4.200000000000000000e+02
4.160000000000000000e+02
4.120000000000000000e+02
4.160000000000000000e+02
4.120000000000000000e+02
4.120000000000000000e+02
4.200000000000000000e+02
4.200000000000000000e+02
4.240000000000000000e+02
4.120000000000000000e+02
4.213333333333333144e+02
4.240000000000000000e+02
4.280000000000000000e+02
4.360000000000000000e+02
4.440000000000000000e+02
4.510000000000000000e+02
5.240000000000000000e+02
5.200000000000000000e+02
5.200000000000000000e+02
5.190000000000000000e+02
4.680000000000000000e+02
4.320000000000000000e+02
4.280000000000000000e+02
4.240000000000000000e+02
4.280000000000000000e+02
4.160000000000000000e+02
3.960000000000000000e+02
4.160000000000000000e+02
3.990000000000000000e+02
4.080000000000000000e+02
4.160000000000000000e+02
4.200000000000000000e+02
4.040000000000000000e+02
4.160000000000000000e+02
4.200000000000000000e+02
4.000000000000000000e+02
4.120000000000000000e+02
4.160000000000000000e+02
4.210000000000000000e+02
4.120000000000000000e+02
4.120000000000000000e+02
4.240000000000000000e+02
4.200000000000000000e+02
4.360000000000000000e+02
4.120000000000000000e+02
4.360000000000000000e+02
4.240000000000000000e+02
4.560000000000000000e+02
5.160000000000000000e+02
5.200000000000000000e+02
5.240000000000000000e+02
5.160000000000000000e+02
4.600000000000000000e+02
4.720000000000000000e+02
4.240000000000000000e+02
4.200000000000000000e+02
4.280000000000000000e+02
4.280000000000000000e+02
4.280000000000000000e+02
4.120000000000000000e+02
4.026666666666666856e+02
3.960000000000000000e+02
4.240000000000000000e+02
4.240000000000000000e+02
4.320000000000000000e+02
4.386666666666666856e+02
4.240000000000000000e+02
4.180000000000000000e+02
4.200000000000000000e+02
4.213333333333333144e+02
4.040000000000000000e+02
4.000000000000000000e+02
4.160000000000000000e+02
4.280000000000000000e+02
4.240000000000000000e+02
4.240000000000000000e+02
4.320000000000000000e+02
4.220000000000000000e+02
4.373333333333333144e+02
5.180000000000000000e+02
5.240000000000000000e+02
5.306666666666666288e+02
5.373333333333333712e+02
5.440000000000000000e+02
5.440000000000000000e+02
5.253333333333333712e+02
5.173333333333333712e+02
4.850000000000000000e+02
4.760000000000000000e+02
4.280000000000000000e+02
4.240000000000000000e+02
4.320000000000000000e+02
4.306666666666666856e+02
4.240000000000000000e+02
4.160000000000000000e+02
4.260000000000000000e+02
4.760000000000000000e+02
4.960000000000000000e+02
4.960000000000000000e+02
4.920000000000000000e+02
4.560000000000000000e+02
4.840000000000000000e+02
4.200000000000000000e+02
4.240000000000000000e+02
4.280000000000000000e+02
4.200000000000000000e+02
4.160000000000000000e+02
4.240000000000000000e+02
4.746666666666666856e+02
4.720000000000000000e+02
5.280000000000000000e+02
5.466666666666666288e+02
5.520000000000000000e+02
5.440000000000000000e+02
