7.400000000000000000e+02
7.400000000000000000e+02
7.400000000000000000e+02
7.220000000000000000e+02
7.400000000000000000e+02
7.400000000000000000e+02
7.466666666666666288e+02
7.346666666666666288e+02
7.240000000000000000e+02
5.253333333333333712e+02
5.000000000000000000e+02
4.826666666666666856e+02
7.373333333333333712e+02
4.853333333333333144e+02
4.960000000000000000e+02
4.800000000000000000e+02
4.800000000000000000e+02
4.800000000000000000e+02
4.840000000000000000e+02
4.800000000000000000e+02
4.920000000000000000e+02
7.280000000000000000e+02
7.426666666666666288e+02
7.240000000000000000e+02
7.240000000000000000e+02
5.200000000000000000e+02
7.360000000000000000e+02
7.400000000000000000e+02
7.160000000000000000e+02
7.320000000000000000e+02
7.360000000000000000e+02
7.320000000000000000e+02
4.920000000000000000e+02
7.360000000000000000e+02
7.400000000000000000e+02
4.850000000000000000e+02
4.893333333333333144e+02
7.230000000000000000e+02
7.280000000000000000e+02
5.000000000000000000e+02
7.300000000000000000e+02
5.000000000000000000e+02
5.380000000000000000e+02
7.100000000000000000e+02
4.920000000000000000e+02
4.840000000000000000e+02
4.800000000000000000e+02
4.760000000000000000e+02
4.800000000000000000e+02
4.800000000000000000e+02
4.870000000000000000e+02
7.370000000000000000e+02
7.330000000000000000e+02
7.380000000000000000e+02
7.380000000000000000e+02
7.360000000000000000e+02
7.440000000000000000e+02
7.350000000000000000e+02
4.893333333333333144e+02
5.040000000000000000e+02
7.226666666666666288e+02
4.866666666666666856e+02
4.920000000000000000e+02
7.320000000000000000e+02
7.320000000000000000e+02
7.240000000000000000e+02
7.240000000000000000e+02
7.160000000000000000e+02
7.160000000000000000e+02
5.106666666666666856e+02
5.200000000000000000e+02
5.200000000000000000e+02
5.210000000000000000e+02
5.320000000000000000e+02
4.680000000000000000e+02
4.750000000000000000e+02
4.800000000000000000e+02
4.820000000000000000e+02
4.880000000000000000e+02
4.733333333333333144e+02
4.826666666666666856e+02
5.000000000000000000e+02
4.840000000000000000e+02
4.840000000000000000e+02
4.760000000000000000e+02
4.760000000000000000e+02
4.760000000000000000e+02
4.600000000000000000e+02
5.240000000000000000e+02
5.240000000000000000e+02
7.080000000000000000e+02
7.160000000000000000e+02
7.240000000000000000e+02
7.200000000000000000e+02
7.160000000000000000e+02
7.200000000000000000e+02
7.200000000000000000e+02
7.160000000000000000e+02
7.160000000000000000e+02
7.306666666666666288e+02
7.120000000000000000e+02
7.000000000000000000e+02
7.026666666666666288e+02
4.080000000000000000e+02
4.040000000000000000e+02
4.770000000000000000e+02
4.760000000000000000e+02
4.680000000000000000e+02
4.760000000000000000e+02
4.560000000000000000e+02
4.560000000000000000e+02
4.520000000000000000e+02
4.520000000000000000e+02
4.480000000000000000e+02
4.613333333333333144e+02
4.720000000000000000e+02
4.800000000000000000e+02
4.770000000000000000e+02
4.773333333333333144e+02
4.080000000000000000e+02
4.080000000000000000e+02
4.240000000000000000e+02
3.920000000000000000e+02
4.000000000000000000e+02
7.240000000000000000e+02
7.180000000000000000e+02
7.160000000000000000e+02
7.200000000000000000e+02
7.200000000000000000e+02
4.040000000000000000e+02
7.290000000000000000e+02
3.960000000000000000e+02
4.000000000000000000e+02
4.040000000000000000e+02
4.040000000000000000e+02
4.080000000000000000e+02
4.080000000000000000e+02
4.080000000000000000e+02
4.040000000000000000e+02
4.040000000000000000e+02
4.080000000000000000e+02
4.173333333333333144e+02
4.520000000000000000e+02
4.480000000000000000e+02
4.600000000000000000e+02
4.660000000000000000e+02
4.640000000000000000e+02
4.350000000000000000e+02
4.000000000000000000e+02
4.040000000000000000e+02
4.080000000000000000e+02
4.040000000000000000e+02
4.120000000000000000e+02
4.080000000000000000e+02
4.000000000000000000e+02
4.040000000000000000e+02
4.040000000000000000e+02
4.000000000000000000e+02
4.000000000000000000e+02
4.280000000000000000e+02
3.920000000000000000e+02
4.000000000000000000e+02
4.040000000000000000e+02
3.840000000000000000e+02
3.840000000000000000e+02
3.640000000000000000e+02
4.200000000000000000e+02
4.160000000000000000e+02
4.120000000000000000e+02
4.040000000000000000e+02
4.040000000000000000e+02
3.960000000000000000e+02
4.040000000000000000e+02
4.000000000000000000e+02
4.600000000000000000e+02
4.600000000000000000e+02
4.720000000000000000e+02
4.600000000000000000e+02
4.040000000000000000e+02
4.040000000000000000e+02
4.040000000000000000e+02
4.040000000000000000e+02
4.000000000000000000e+02
4.080000000000000000e+02
4.160000000000000000e+02
4.160000000000000000e+02
3.780000000000000000e+02
3.800000000000000000e+02
3.880000000000000000e+02
3.920000000000000000e+02
3.960000000000000000e+02
3.960000000000000000e+02
3.920000000000000000e+02
3.960000000000000000e+02
3.920000000000000000e+02
3.880000000000000000e+02
3.960000000000000000e+02
3.760000000000000000e+02
3.860000000000000000e+02
4.000000000000000000e+02
4.000000000000000000e+02
4.000000000000000000e+02
4.000000000000000000e+02
4.040000000000000000e+02
4.120000000000000000e+02
4.160000000000000000e+02
4.780000000000000000e+02
4.866666666666666856e+02
4.280000000000000000e+02
4.573333333333333144e+02
4.400000000000000000e+02
4.266666666666666856e+02
4.010000000000000000e+02
4.000000000000000000e+02
4.000000000000000000e+02
4.040000000000000000e+02
4.120000000000000000e+02
4.200000000000000000e+02
4.230000000000000000e+02
4.160000000000000000e+02
3.820000000000000000e+02
3.880000000000000000e+02
3.920000000000000000e+02
4.000000000000000000e+02
5.360000000000000000e+02
5.066666666666666856e+02
3.920000000000000000e+02
4.000000000000000000e+02
4.040000000000000000e+02
3.920000000000000000e+02
4.080000000000000000e+02
4.120000000000000000e+02
4.080000000000000000e+02
4.080000000000000000e+02
4.000000000000000000e+02
3.970000000000000000e+02
4.020000000000000000e+02
4.440000000000000000e+02
4.480000000000000000e+02
4.400000000000000000e+02
4.360000000000000000e+02
4.440000000000000000e+02
4.560000000000000000e+02
4.720000000000000000e+02
4.160000000000000000e+02
4.120000000000000000e+02
4.040000000000000000e+02
4.040000000000000000e+02
4.040000000000000000e+02
4.080000000000000000e+02
4.000000000000000000e+02
3.960000000000000000e+02
4.040000000000000000e+02
4.060000000000000000e+02
4.133333333333333144e+02
5.120000000000000000e+02
7.360000000000000000e+02
7.360000000000000000e+02
7.420000000000000000e+02
7.466666666666666288e+02
7.413333333333333712e+02
3.960000000000000000e+02
4.426666666666666856e+02
4.880000000000000000e+02
4.760000000000000000e+02
4.820000000000000000e+02
4.880000000000000000e+02
5.040000000000000000e+02
4.760000000000000000e+02
4.640000000000000000e+02
4.466666666666666856e+02
5.010000000000000000e+02
4.540000000000000000e+02
4.680000000000000000e+02
4.640000000000000000e+02
4.920000000000000000e+02
4.920000000000000000e+02
4.920000000000000000e+02
4.880000000000000000e+02
4.720000000000000000e+02
4.760000000000000000e+02
5.100000000000000000e+02
5.093333333333333144e+02
7.413333333333333712e+02
4.870000000000000000e+02
7.400000000000000000e+02
7.400000000000000000e+02
7.400000000000000000e+02
7.440000000000000000e+02
7.360000000000000000e+02
7.380000000000000000e+02
5.000000000000000000e+02
7.450000000000000000e+02
5.010000000000000000e+02
4.990000000000000000e+02
4.680000000000000000e+02
4.760000000000000000e+02
4.760000000000000000e+02
4.960000000000000000e+02
4.840000000000000000e+02
4.840000000000000000e+02
4.880000000000000000e+02
5.680000000000000000e+02
4.830000000000000000e+02
4.893333333333333144e+02
4.930000000000000000e+02
5.053333333333333144e+02
4.940000000000000000e+02
4.940000000000000000e+02
5.400000000000000000e+02
5.080000000000000000e+02
4.920000000000000000e+02
4.733333333333333144e+02
4.990000000000000000e+02
4.930000000000000000e+02
5.380000000000000000e+02
7.480000000000000000e+02
7.520000000000000000e+02
7.493333333333333712e+02
7.520000000000000000e+02
4.880000000000000000e+02
4.920000000000000000e+02
4.880000000000000000e+02
4.940000000000000000e+02
5.480000000000000000e+02
6.880000000000000000e+02
5.040000000000000000e+02
5.000000000000000000e+02
4.850000000000000000e+02
6.940000000000000000e+02
7.520000000000000000e+02
4.980000000000000000e+02
7.360000000000000000e+02
5.310000000000000000e+02
4.840000000000000000e+02
4.880000000000000000e+02
