7.400000000000000000e+02
7.360000000000000000e+02
7.400000000000000000e+02
5.280000000000000000e+02
7.400000000000000000e+02
7.480000000000000000e+02
5.560000000000000000e+02
7.280000000000000000e+02
5.340000000000000000e+02
7.426666666666666288e+02
4.850000000000000000e+02
4.880000000000000000e+02
7.373333333333333712e+02
5.226666666666666288e+02
4.960000000000000000e+02
4.800000000000000000e+02
4.840000000000000000e+02
4.920000000000000000e+02
4.840000000000000000e+02
7.560000000000000000e+02
7.480000000000000000e+02
7.500000000000000000e+02
7.000000000000000000e+02
7.240000000000000000e+02
7.240000000000000000e+02
5.710000000000000000e+02
5.040000000000000000e+02
7.373333333333333712e+02
7.160000000000000000e+02
7.320000000000000000e+02
7.360000000000000000e+02
7.360000000000000000e+02
4.880000000000000000e+02
7.360000000000000000e+02
4.840000000000000000e+02
4.840000000000000000e+02
4.840000000000000000e+02
7.190000000000000000e+02
7.280000000000000000e+02
5.000000000000000000e+02
7.350000000000000000e+02
5.080000000000000000e+02
5.370000000000000000e+02
7.100000000000000000e+02
5.000000000000000000e+02
4.800000000000000000e+02
4.840000000000000000e+02
4.760000000000000000e+02
6.300000000000000000e+02
4.800000000000000000e+02
4.840000000000000000e+02
7.370000000000000000e+02
7.360000000000000000e+02
7.440000000000000000e+02
7.380000000000000000e+02
7.510000000000000000e+02
7.470000000000000000e+02
7.280000000000000000e+02
4.920000000000000000e+02
4.866666666666666856e+02
4.960000000000000000e+02
4.800000000000000000e+02
4.920000000000000000e+02
7.320000000000000000e+02
7.320000000000000000e+02
7.240000000000000000e+02
7.240000000000000000e+02
7.200000000000000000e+02
7.200000000000000000e+02
5.110000000000000000e+02
5.200000000000000000e+02
5.200000000000000000e+02
5.240000000000000000e+02
5.320000000000000000e+02
4.720000000000000000e+02
4.760000000000000000e+02
4.800000000000000000e+02
5.020000000000000000e+02
4.720000000000000000e+02
4.733333333333333144e+02
4.820000000000000000e+02
4.840000000000000000e+02
4.780000000000000000e+02
4.880000000000000000e+02
4.760000000000000000e+02
4.760000000000000000e+02
4.760000000000000000e+02
4.600000000000000000e+02
5.240000000000000000e+02
5.240000000000000000e+02
7.080000000000000000e+02
7.160000000000000000e+02
7.200000000000000000e+02
7.160000000000000000e+02
7.160000000000000000e+02
7.160000000000000000e+02
7.200000000000000000e+02
7.160000000000000000e+02
7.160000000000000000e+02
7.306666666666666288e+02
7.120000000000000000e+02
7.000000000000000000e+02
7.026666666666666288e+02
4.080000000000000000e+02
4.040000000000000000e+02
4.000000000000000000e+02
4.760000000000000000e+02
4.760000000000000000e+02
4.720000000000000000e+02
5.120000000000000000e+02
4.560000000000000000e+02
4.520000000000000000e+02
4.520000000000000000e+02
4.480000000000000000e+02
5.260000000000000000e+02
4.680000000000000000e+02
4.800000000000000000e+02
4.700000000000000000e+02
4.740000000000000000e+02
4.080000000000000000e+02
4.120000000000000000e+02
4.240000000000000000e+02
5.026666666666666856e+02
3.940000000000000000e+02
7.240000000000000000e+02
7.160000000000000000e+02
7.160000000000000000e+02
7.160000000000000000e+02
7.200000000000000000e+02
7.200000000000000000e+02
7.320000000000000000e+02
7.280000000000000000e+02
3.970000000000000000e+02
4.040000000000000000e+02
4.040000000000000000e+02
4.080000000000000000e+02
4.120000000000000000e+02
4.120000000000000000e+02
4.040000000000000000e+02
4.040000000000000000e+02
4.080000000000000000e+02
4.213333333333333144e+02
4.520000000000000000e+02
4.520000000000000000e+02
4.600000000000000000e+02
5.120000000000000000e+02
4.573333333333333144e+02
4.053333333333333144e+02
4.000000000000000000e+02
4.040000000000000000e+02
4.080000000000000000e+02
4.040000000000000000e+02
4.160000000000000000e+02
4.120000000000000000e+02
4.000000000000000000e+02
4.040000000000000000e+02
4.080000000000000000e+02
4.000000000000000000e+02
4.040000000000000000e+02
4.200000000000000000e+02
3.920000000000000000e+02
4.000000000000000000e+02
4.000000000000000000e+02
3.840000000000000000e+02
3.880000000000000000e+02
3.773333333333333144e+02
4.200000000000000000e+02
4.200000000000000000e+02
4.200000000000000000e+02
4.040000000000000000e+02
4.040000000000000000e+02
4.000000000000000000e+02
4.080000000000000000e+02
4.000000000000000000e+02
4.613333333333333144e+02
4.600000000000000000e+02
4.680000000000000000e+02
4.706666666666666856e+02
4.040000000000000000e+02
4.040000000000000000e+02
4.000000000000000000e+02
4.000000000000000000e+02
4.000000000000000000e+02
4.080000000000000000e+02
4.160000000000000000e+02
4.120000000000000000e+02
3.720000000000000000e+02
3.800000000000000000e+02
3.840000000000000000e+02
3.920000000000000000e+02
4.000000000000000000e+02
3.960000000000000000e+02
3.960000000000000000e+02
3.960000000000000000e+02
3.920000000000000000e+02
3.880000000000000000e+02
3.910000000000000000e+02
3.800000000000000000e+02
3.880000000000000000e+02
4.100000000000000000e+02
4.000000000000000000e+02
4.000000000000000000e+02
4.000000000000000000e+02
4.000000000000000000e+02
4.120000000000000000e+02
4.160000000000000000e+02
4.850000000000000000e+02
4.800000000000000000e+02
4.960000000000000000e+02
4.573333333333333144e+02
4.400000000000000000e+02
4.160000000000000000e+02
4.150000000000000000e+02
3.960000000000000000e+02
4.000000000000000000e+02
4.040000000000000000e+02
4.080000000000000000e+02
4.200000000000000000e+02
4.240000000000000000e+02
4.160000000000000000e+02
3.800000000000000000e+02
3.860000000000000000e+02
3.920000000000000000e+02
3.960000000000000000e+02
5.190000000000000000e+02
5.440000000000000000e+02
3.920000000000000000e+02
3.933333333333333144e+02
4.040000000000000000e+02
3.920000000000000000e+02
4.160000000000000000e+02
4.100000000000000000e+02
4.080000000000000000e+02
4.120000000000000000e+02
4.000000000000000000e+02
3.970000000000000000e+02
4.080000000000000000e+02
4.440000000000000000e+02
4.480000000000000000e+02
4.493333333333333144e+02
4.480000000000000000e+02
4.520000000000000000e+02
4.560000000000000000e+02
4.720000000000000000e+02
5.150000000000000000e+02
4.120000000000000000e+02
4.080000000000000000e+02
4.040000000000000000e+02
4.080000000000000000e+02
4.080000000000000000e+02
4.000000000000000000e+02
3.960000000000000000e+02
4.040000000000000000e+02
4.080000000000000000e+02
4.080000000000000000e+02
5.880000000000000000e+02
7.360000000000000000e+02
7.320000000000000000e+02
7.350000000000000000e+02
7.466666666666666288e+02
7.413333333333333712e+02
5.060000000000000000e+02
4.340000000000000000e+02
4.960000000000000000e+02
4.760000000000000000e+02
4.920000000000000000e+02
4.880000000000000000e+02
4.060000000000000000e+02
4.900000000000000000e+02
4.600000000000000000e+02
4.466666666666666856e+02
4.586666666666666856e+02
4.293333333333333144e+02
4.680000000000000000e+02
4.680000000000000000e+02
4.740000000000000000e+02
4.920000000000000000e+02
4.920000000000000000e+02
4.880000000000000000e+02
4.720000000000000000e+02
4.760000000000000000e+02
7.453333333333333712e+02
5.026666666666666856e+02
4.800000000000000000e+02
4.860000000000000000e+02
7.400000000000000000e+02
7.400000000000000000e+02
7.400000000000000000e+02
7.400000000000000000e+02
7.360000000000000000e+02
7.380000000000000000e+02
4.920000000000000000e+02
7.506666666666666288e+02
5.026666666666666856e+02
4.990000000000000000e+02
4.790000000000000000e+02
4.760000000000000000e+02
4.760000000000000000e+02
4.960000000000000000e+02
4.813333333333333144e+02
4.840000000000000000e+02
5.040000000000000000e+02
4.920000000000000000e+02
7.590000000000000000e+02
5.060000000000000000e+02
4.973333333333333144e+02
4.746666666666666856e+02
5.390000000000000000e+02
5.480000000000000000e+02
5.120000000000000000e+02
4.920000000000000000e+02
4.880000000000000000e+02
5.440000000000000000e+02
6.960000000000000000e+02
4.930000000000000000e+02
5.150000000000000000e+02
7.480000000000000000e+02
5.430000000000000000e+02
7.480000000000000000e+02
7.480000000000000000e+02
4.840000000000000000e+02
4.920000000000000000e+02
7.440000000000000000e+02
4.893333333333333144e+02
5.480000000000000000e+02
6.880000000000000000e+02
5.040000000000000000e+02
5.080000000000000000e+02
4.850000000000000000e+02
6.973333333333333712e+02
7.500000000000000000e+02
4.880000000000000000e+02
4.933333333333333144e+02
4.920000000000000000e+02
4.840000000000000000e+02
4.930000000000000000e+02
