7.946666666666666288e+02
5.186666666666666288e+02
7.950000000000000000e+02
7.880000000000000000e+02
7.880000000000000000e+02
7.840000000000000000e+02
7.840000000000000000e+02
7.850000000000000000e+02
7.920000000000000000e+02
7.840000000000000000e+02
7.880000000000000000e+02
7.880000000000000000e+02
7.940000000000000000e+02
5.170000000000000000e+02
5.520000000000000000e+02
5.146666666666666288e+02
7.620000000000000000e+02
5.080000000000000000e+02
4.880000000000000000e+02
7.840000000000000000e+02
7.920000000000000000e+02
7.910000000000000000e+02
7.840000000000000000e+02
7.920000000000000000e+02
7.950000000000000000e+02
7.920000000000000000e+02
7.880000000000000000e+02
7.760000000000000000e+02
7.800000000000000000e+02
7.640000000000000000e+02
7.840000000000000000e+02
5.790000000000000000e+02
5.586666666666666288e+02
7.880000000000000000e+02
7.770000000000000000e+02
7.800000000000000000e+02
7.840000000000000000e+02
7.640000000000000000e+02
7.950000000000000000e+02
7.810000000000000000e+02
7.800000000000000000e+02
7.860000000000000000e+02
7.840000000000000000e+02
7.880000000000000000e+02
7.910000000000000000e+02
7.960000000000000000e+02
7.920000000000000000e+02
5.000000000000000000e+02
7.960000000000000000e+02
7.960000000000000000e+02
4.600000000000000000e+02
4.373333333333333144e+02
7.880000000000000000e+02
7.840000000000000000e+02
7.840000000000000000e+02
7.880000000000000000e+02
7.813333333333333712e+02
7.930000000000000000e+02
7.840000000000000000e+02
7.840000000000000000e+02
7.880000000000000000e+02
7.780000000000000000e+02
5.160000000000000000e+02
5.800000000000000000e+02
5.680000000000000000e+02
5.470000000000000000e+02
5.053333333333333144e+02
7.786666666666666288e+02
7.840000000000000000e+02
7.840000000000000000e+02
7.866666666666666288e+02
7.840000000000000000e+02
7.880000000000000000e+02
7.866666666666666288e+02
7.813333333333333712e+02
4.440000000000000000e+02
5.120000000000000000e+02
5.200000000000000000e+02
5.120000000000000000e+02
5.213333333333333712e+02
4.960000000000000000e+02
5.000000000000000000e+02
5.040000000000000000e+02
5.040000000000000000e+02
4.440000000000000000e+02
7.800000000000000000e+02
7.840000000000000000e+02
7.840000000000000000e+02
7.870000000000000000e+02
7.760000000000000000e+02
7.840000000000000000e+02
7.830000000000000000e+02
7.853333333333333712e+02
7.930000000000000000e+02
5.260000000000000000e+02
5.200000000000000000e+02
5.373333333333333712e+02
5.110000000000000000e+02
4.986666666666666856e+02
7.880000000000000000e+02
7.880000000000000000e+02
7.840000000000000000e+02
7.946666666666666288e+02
7.780000000000000000e+02
4.360000000000000000e+02
4.370000000000000000e+02
4.280000000000000000e+02
4.280000000000000000e+02
4.240000000000000000e+02
4.800000000000000000e+02
4.600000000000000000e+02
4.640000000000000000e+02
4.600000000000000000e+02
4.200000000000000000e+02
4.320000000000000000e+02
4.280000000000000000e+02
4.320000000000000000e+02
4.280000000000000000e+02
4.266666666666666856e+02
4.360000000000000000e+02
4.360000000000000000e+02
4.360000000000000000e+02
4.480000000000000000e+02
7.866666666666666288e+02
4.400000000000000000e+02
4.480000000000000000e+02
5.200000000000000000e+02
5.240000000000000000e+02
5.240000000000000000e+02
5.240000000000000000e+02
5.240000000000000000e+02
4.670000000000000000e+02
4.360000000000000000e+02
4.280000000000000000e+02
4.280000000000000000e+02
4.080000000000000000e+02
4.200000000000000000e+02
4.240000000000000000e+02
4.200000000000000000e+02
4.160000000000000000e+02
4.120000000000000000e+02
4.200000000000000000e+02
4.200000000000000000e+02
4.280000000000000000e+02
4.120000000000000000e+02
4.160000000000000000e+02
4.120000000000000000e+02
4.120000000000000000e+02
4.160000000000000000e+02
4.160000000000000000e+02
4.240000000000000000e+02
4.160000000000000000e+02
4.160000000000000000e+02
4.240000000000000000e+02
4.320000000000000000e+02
4.360000000000000000e+02
4.400000000000000000e+02
4.440000000000000000e+02
5.200000000000000000e+02
5.200000000000000000e+02
5.240000000000000000e+02
5.120000000000000000e+02
4.400000000000000000e+02
4.400000000000000000e+02
4.320000000000000000e+02
4.280000000000000000e+02
4.240000000000000000e+02
3.960000000000000000e+02
3.960000000000000000e+02
4.200000000000000000e+02
3.990000000000000000e+02
4.080000000000000000e+02
4.140000000000000000e+02
4.160000000000000000e+02
4.080000000000000000e+02
4.160000000000000000e+02
4.200000000000000000e+02
4.133333333333333144e+02
4.130000000000000000e+02
4.160000000000000000e+02
4.210000000000000000e+02
4.120000000000000000e+02
4.120000000000000000e+02
4.240000000000000000e+02
4.160000000000000000e+02
4.280000000000000000e+02
4.240000000000000000e+02
4.400000000000000000e+02
4.280000000000000000e+02
4.640000000000000000e+02
5.160000000000000000e+02
5.200000000000000000e+02
5.200000000000000000e+02
5.200000000000000000e+02
4.600000000000000000e+02
4.720000000000000000e+02
4.240000000000000000e+02
4.200000000000000000e+02
4.240000000000000000e+02
4.280000000000000000e+02
4.280000000000000000e+02
4.080000000000000000e+02
4.040000000000000000e+02
4.460000000000000000e+02
4.200000000000000000e+02
4.240000000000000000e+02
4.320000000000000000e+02
4.360000000000000000e+02
4.230000000000000000e+02
4.240000000000000000e+02
4.160000000000000000e+02
4.200000000000000000e+02
4.080000000000000000e+02
4.000000000000000000e+02
4.160000000000000000e+02
4.240000000000000000e+02
4.240000000000000000e+02
4.240000000000000000e+02
4.360000000000000000e+02
4.640000000000000000e+02
4.373333333333333144e+02
5.040000000000000000e+02
5.240000000000000000e+02
5.306666666666666288e+02
5.450000000000000000e+02
5.440000000000000000e+02
5.380000000000000000e+02
4.670000000000000000e+02
5.180000000000000000e+02
4.840000000000000000e+02
4.840000000000000000e+02
4.240000000000000000e+02
4.280000000000000000e+02
4.240000000000000000e+02
4.320000000000000000e+02
4.360000000000000000e+02
4.200000000000000000e+02
4.520000000000000000e+02
4.880000000000000000e+02
4.960000000000000000e+02
4.960000000000000000e+02
4.880000000000000000e+02
4.460000000000000000e+02
4.760000000000000000e+02
4.240000000000000000e+02
4.280000000000000000e+02
4.280000000000000000e+02
4.280000000000000000e+02
4.200000000000000000e+02
4.200000000000000000e+02
4.760000000000000000e+02
4.680000000000000000e+02
5.180000000000000000e+02
5.466666666666666288e+02
5.480000000000000000e+02
5.400000000000000000e+02
