7.400000000000000000e+02
7.400000000000000000e+02
7.440000000000000000e+02
5.253333333333333712e+02
7.400000000000000000e+02
7.386666666666666288e+02
5.370000000000000000e+02
7.346666666666666288e+02
7.290000000000000000e+02
5.430000000000000000e+02
5.000000000000000000e+02
4.880000000000000000e+02
5.306666666666666288e+02
4.880000000000000000e+02
4.920000000000000000e+02
4.800000000000000000e+02
4.800000000000000000e+02
4.840000000000000000e+02
4.840000000000000000e+02
7.560000000000000000e+02
7.350000000000000000e+02
7.280000000000000000e+02
4.810000000000000000e+02
7.140000000000000000e+02
7.280000000000000000e+02
5.200000000000000000e+02
7.460000000000000000e+02
7.360000000000000000e+02
7.160000000000000000e+02
7.320000000000000000e+02
7.360000000000000000e+02
7.320000000000000000e+02
7.280000000000000000e+02
7.360000000000000000e+02
4.920000000000000000e+02
4.840000000000000000e+02
4.840000000000000000e+02
7.190000000000000000e+02
4.893333333333333144e+02
7.290000000000000000e+02
7.320000000000000000e+02
5.000000000000000000e+02
5.013333333333333144e+02
7.060000000000000000e+02
4.800000000000000000e+02
4.800000000000000000e+02
4.800000000000000000e+02
4.866666666666666856e+02
4.786666666666666856e+02
4.800000000000000000e+02
4.870000000000000000e+02
7.370000000000000000e+02
7.360000000000000000e+02
7.380000000000000000e+02
7.400000000000000000e+02
7.430000000000000000e+02
7.440000000000000000e+02
7.346666666666666288e+02
7.200000000000000000e+02
5.080000000000000000e+02
4.900000000000000000e+02
4.800000000000000000e+02
4.920000000000000000e+02
7.280000000000000000e+02
7.320000000000000000e+02
7.240000000000000000e+02
7.240000000000000000e+02
7.160000000000000000e+02
7.160000000000000000e+02
5.106666666666666856e+02
5.200000000000000000e+02
5.200000000000000000e+02
5.240000000000000000e+02
4.626666666666666856e+02
4.680000000000000000e+02
4.720000000000000000e+02
4.773333333333333144e+02
4.890000000000000000e+02
4.880000000000000000e+02
7.160000000000000000e+02
4.820000000000000000e+02
5.040000000000000000e+02
4.880000000000000000e+02
4.880000000000000000e+02
4.760000000000000000e+02
4.760000000000000000e+02
4.760000000000000000e+02
4.640000000000000000e+02
5.220000000000000000e+02
5.200000000000000000e+02
7.080000000000000000e+02
7.160000000000000000e+02
7.240000000000000000e+02
7.160000000000000000e+02
7.160000000000000000e+02
7.160000000000000000e+02
7.200000000000000000e+02
7.200000000000000000e+02
7.160000000000000000e+02
7.280000000000000000e+02
7.120000000000000000e+02
7.000000000000000000e+02
4.360000000000000000e+02
5.240000000000000000e+02
4.040000000000000000e+02
4.770000000000000000e+02
4.800000000000000000e+02
4.720000000000000000e+02
4.720000000000000000e+02
4.560000000000000000e+02
4.590000000000000000e+02
4.520000000000000000e+02
4.520000000000000000e+02
4.520000000000000000e+02
4.530000000000000000e+02
4.680000000000000000e+02
4.800000000000000000e+02
4.700000000000000000e+02
4.760000000000000000e+02
4.080000000000000000e+02
4.120000000000000000e+02
5.160000000000000000e+02
4.000000000000000000e+02
3.940000000000000000e+02
7.240000000000000000e+02
7.160000000000000000e+02
7.160000000000000000e+02
7.160000000000000000e+02
7.200000000000000000e+02
7.200000000000000000e+02
7.320000000000000000e+02
7.300000000000000000e+02
4.000000000000000000e+02
4.040000000000000000e+02
4.040000000000000000e+02
4.080000000000000000e+02
4.120000000000000000e+02
4.120000000000000000e+02
4.040000000000000000e+02
4.040000000000000000e+02
4.080000000000000000e+02
4.080000000000000000e+02
4.520000000000000000e+02
4.480000000000000000e+02
4.600000000000000000e+02
5.120000000000000000e+02
4.573333333333333144e+02
4.730000000000000000e+02
4.000000000000000000e+02
4.040000000000000000e+02
4.080000000000000000e+02
4.050000000000000000e+02
4.120000000000000000e+02
4.120000000000000000e+02
4.040000000000000000e+02
4.000000000000000000e+02
4.080000000000000000e+02
4.000000000000000000e+02
4.000000000000000000e+02
4.280000000000000000e+02
3.946666666666666856e+02
4.000000000000000000e+02
3.960000000000000000e+02
3.840000000000000000e+02
3.880000000000000000e+02
4.190000000000000000e+02
4.200000000000000000e+02
4.160000000000000000e+02
4.160000000000000000e+02
4.040000000000000000e+02
4.040000000000000000e+02
3.960000000000000000e+02
4.040000000000000000e+02
4.000000000000000000e+02
4.600000000000000000e+02
4.506666666666666856e+02
4.680000000000000000e+02
4.706666666666666856e+02
4.040000000000000000e+02
4.040000000000000000e+02
4.070000000000000000e+02
4.000000000000000000e+02
4.000000000000000000e+02
4.080000000000000000e+02
4.160000000000000000e+02
3.960000000000000000e+02
3.720000000000000000e+02
3.800000000000000000e+02
3.880000000000000000e+02
4.000000000000000000e+02
4.000000000000000000e+02
3.960000000000000000e+02
4.000000000000000000e+02
3.960000000000000000e+02
3.920000000000000000e+02
3.880000000000000000e+02
3.920000000000000000e+02
3.760000000000000000e+02
3.760000000000000000e+02
4.080000000000000000e+02
4.000000000000000000e+02
4.040000000000000000e+02
4.000000000000000000e+02
4.040000000000000000e+02
4.080000000000000000e+02
4.120000000000000000e+02
4.850000000000000000e+02
4.800000000000000000e+02
4.960000000000000000e+02
4.573333333333333144e+02
4.400000000000000000e+02
4.160000000000000000e+02
4.000000000000000000e+02
4.000000000000000000e+02
4.040000000000000000e+02
4.000000000000000000e+02
4.020000000000000000e+02
4.200000000000000000e+02
4.280000000000000000e+02
4.120000000000000000e+02
3.800000000000000000e+02
3.920000000000000000e+02
3.960000000000000000e+02
3.960000000000000000e+02
3.960000000000000000e+02
5.440000000000000000e+02
3.920000000000000000e+02
4.000000000000000000e+02
4.040000000000000000e+02
3.880000000000000000e+02
4.160000000000000000e+02
4.100000000000000000e+02
4.080000000000000000e+02
4.120000000000000000e+02
4.080000000000000000e+02
3.970000000000000000e+02
4.120000000000000000e+02
4.400000000000000000e+02
4.480000000000000000e+02
4.400000000000000000e+02
4.413333333333333144e+02
4.450000000000000000e+02
4.560000000000000000e+02
4.720000000000000000e+02
4.770000000000000000e+02
4.130000000000000000e+02
4.093333333333333144e+02
4.080000000000000000e+02
4.040000000000000000e+02
4.080000000000000000e+02
4.000000000000000000e+02
3.960000000000000000e+02
4.000000000000000000e+02
4.120000000000000000e+02
4.920000000000000000e+02
5.880000000000000000e+02
7.400000000000000000e+02
7.360000000000000000e+02
7.360000000000000000e+02
4.880000000000000000e+02
4.950000000000000000e+02
5.060000000000000000e+02
3.973333333333333144e+02
4.960000000000000000e+02
4.760000000000000000e+02
4.920000000000000000e+02
4.880000000000000000e+02
5.080000000000000000e+02
4.800000000000000000e+02
4.640000000000000000e+02
4.420000000000000000e+02
4.746666666666666856e+02
4.540000000000000000e+02
4.653333333333333144e+02
4.640000000000000000e+02
4.920000000000000000e+02
4.920000000000000000e+02
5.000000000000000000e+02
4.800000000000000000e+02
4.720000000000000000e+02
4.760000000000000000e+02
5.000000000000000000e+02
5.080000000000000000e+02
4.800000000000000000e+02
4.870000000000000000e+02
7.360000000000000000e+02
7.400000000000000000e+02
7.400000000000000000e+02
7.400000000000000000e+02
7.360000000000000000e+02
5.060000000000000000e+02
4.920000000000000000e+02
4.786666666666666856e+02
5.026666666666666856e+02
5.010000000000000000e+02
4.720000000000000000e+02
4.720000000000000000e+02
4.800000000000000000e+02
4.960000000000000000e+02
4.800000000000000000e+02
4.880000000000000000e+02
5.013333333333333144e+02
4.920000000000000000e+02
4.946666666666666856e+02
5.000000000000000000e+02
4.930000000000000000e+02
4.830000000000000000e+02
5.160000000000000000e+02
5.360000000000000000e+02
5.360000000000000000e+02
4.920000000000000000e+02
4.786666666666666856e+02
5.440000000000000000e+02
4.970000000000000000e+02
6.890000000000000000e+02
5.380000000000000000e+02
7.520000000000000000e+02
5.430000000000000000e+02
7.480000000000000000e+02
7.520000000000000000e+02
4.880000000000000000e+02
4.920000000000000000e+02
7.440000000000000000e+02
4.893333333333333144e+02
5.800000000000000000e+02
4.960000000000000000e+02
5.040000000000000000e+02
5.000000000000000000e+02
4.840000000000000000e+02
6.973333333333333712e+02
7.520000000000000000e+02
4.880000000000000000e+02
4.840000000000000000e+02
5.310000000000000000e+02
4.880000000000000000e+02
4.960000000000000000e+02
