5.590000000000000000e+02
6.373333333333333712e+02
6.480000000000000000e+02
6.506666666666666288e+02
7.960000000000000000e+02
7.920000000000000000e+02
7.920000000000000000e+02
7.920000000000000000e+02
5.440000000000000000e+02
5.320000000000000000e+02
5.106666666666666856e+02
5.800000000000000000e+02
5.720000000000000000e+02
5.720000000000000000e+02
5.470000000000000000e+02
5.860000000000000000e+02
5.420000000000000000e+02
5.746666666666666288e+02
5.750000000000000000e+02
5.720000000000000000e+02
5.680000000000000000e+02
5.750000000000000000e+02
6.146666666666666288e+02
7.720000000000000000e+02
7.760000000000000000e+02
7.900000000000000000e+02
5.640000000000000000e+02
7.960000000000000000e+02
5.720000000000000000e+02
5.800000000000000000e+02
5.760000000000000000e+02
5.710000000000000000e+02
5.990000000000000000e+02
5.550000000000000000e+02
5.600000000000000000e+02
5.640000000000000000e+02
6.813333333333333712e+02
7.960000000000000000e+02
7.960000000000000000e+02
5.240000000000000000e+02
5.200000000000000000e+02
5.160000000000000000e+02
5.680000000000000000e+02
5.720000000000000000e+02
5.680000000000000000e+02
5.680000000000000000e+02
5.506666666666666288e+02
5.613333333333333712e+02
5.560000000000000000e+02
5.560000000000000000e+02
5.546666666666666288e+02
5.840000000000000000e+02
5.840000000000000000e+02
5.120000000000000000e+02
5.120000000000000000e+02
5.120000000000000000e+02
5.080000000000000000e+02
4.960000000000000000e+02
5.560000000000000000e+02
5.440000000000000000e+02
5.360000000000000000e+02
5.720000000000000000e+02
5.640000000000000000e+02
5.740000000000000000e+02
5.710000000000000000e+02
5.640000000000000000e+02
6.746666666666666288e+02
5.740000000000000000e+02
5.440000000000000000e+02
5.440000000000000000e+02
5.160000000000000000e+02
5.080000000000000000e+02
5.040000000000000000e+02
5.040000000000000000e+02
5.120000000000000000e+02
5.120000000000000000e+02
5.080000000000000000e+02
5.120000000000000000e+02
5.080000000000000000e+02
5.013333333333333144e+02
5.910000000000000000e+02
5.000000000000000000e+02
5.120000000000000000e+02
5.280000000000000000e+02
5.040000000000000000e+02
5.160000000000000000e+02
5.160000000000000000e+02
5.040000000000000000e+02
4.680000000000000000e+02
4.840000000000000000e+02
4.840000000000000000e+02
5.080000000000000000e+02
5.080000000000000000e+02
5.670000000000000000e+02
5.800000000000000000e+02
5.800000000000000000e+02
5.800000000000000000e+02
5.840000000000000000e+02
5.960000000000000000e+02
4.960000000000000000e+02
5.000000000000000000e+02
5.000000000000000000e+02
4.920000000000000000e+02
4.800000000000000000e+02
4.720000000000000000e+02
5.040000000000000000e+02
4.960000000000000000e+02
4.960000000000000000e+02
5.020000000000000000e+02
5.120000000000000000e+02
4.970000000000000000e+02
4.920000000000000000e+02
4.880000000000000000e+02
4.960000000000000000e+02
5.040000000000000000e+02
4.920000000000000000e+02
4.920000000000000000e+02
5.040000000000000000e+02
5.080000000000000000e+02
5.030000000000000000e+02
4.830000000000000000e+02
4.780000000000000000e+02
4.920000000000000000e+02
5.000000000000000000e+02
5.040000000000000000e+02
5.960000000000000000e+02
5.760000000000000000e+02
5.840000000000000000e+02
5.840000000000000000e+02
5.813333333333333712e+02
5.800000000000000000e+02
4.960000000000000000e+02
4.960000000000000000e+02
4.920000000000000000e+02
4.880000000000000000e+02
4.880000000000000000e+02
4.920000000000000000e+02
5.000000000000000000e+02
4.960000000000000000e+02
4.920000000000000000e+02
4.960000000000000000e+02
4.960000000000000000e+02
5.280000000000000000e+02
5.360000000000000000e+02
5.240000000000000000e+02
5.400000000000000000e+02
5.120000000000000000e+02
4.880000000000000000e+02
4.920000000000000000e+02
4.960000000000000000e+02
5.000000000000000000e+02
4.800000000000000000e+02
4.940000000000000000e+02
5.000000000000000000e+02
4.920000000000000000e+02
5.250000000000000000e+02
5.280000000000000000e+02
5.640000000000000000e+02
5.760000000000000000e+02
5.800000000000000000e+02
5.840000000000000000e+02
5.840000000000000000e+02
5.880000000000000000e+02
5.400000000000000000e+02
5.520000000000000000e+02
5.090000000000000000e+02
4.826666666666666856e+02
4.880000000000000000e+02
4.893333333333333144e+02
4.990000000000000000e+02
4.960000000000000000e+02
5.680000000000000000e+02
5.200000000000000000e+02
5.040000000000000000e+02
5.640000000000000000e+02
5.640000000000000000e+02
5.640000000000000000e+02
5.600000000000000000e+02
5.660000000000000000e+02
5.490000000000000000e+02
5.640000000000000000e+02
5.640000000000000000e+02
6.000000000000000000e+02
5.960000000000000000e+02
6.000000000000000000e+02
5.360000000000000000e+02
5.240000000000000000e+02
5.280000000000000000e+02
6.680000000000000000e+02
5.760000000000000000e+02
6.000000000000000000e+02
5.960000000000000000e+02
5.920000000000000000e+02
6.120000000000000000e+02
6.270000000000000000e+02
5.920000000000000000e+02
7.760000000000000000e+02
7.760000000000000000e+02
7.760000000000000000e+02
5.960000000000000000e+02
5.920000000000000000e+02
6.040000000000000000e+02
5.560000000000000000e+02
5.640000000000000000e+02
5.670000000000000000e+02
5.680000000000000000e+02
5.680000000000000000e+02
5.613333333333333712e+02
5.440000000000000000e+02
5.510000000000000000e+02
5.640000000000000000e+02
5.573333333333333712e+02
5.760000000000000000e+02
5.680000000000000000e+02
6.000000000000000000e+02
5.880000000000000000e+02
5.920000000000000000e+02
7.800000000000000000e+02
7.760000000000000000e+02
7.720000000000000000e+02
6.640000000000000000e+02
6.560000000000000000e+02
6.560000000000000000e+02
6.160000000000000000e+02
6.160000000000000000e+02
6.630000000000000000e+02
6.520000000000000000e+02
6.560000000000000000e+02
7.786666666666666288e+02
7.760000000000000000e+02
7.800000000000000000e+02
7.800000000000000000e+02
5.840000000000000000e+02
6.000000000000000000e+02
5.530000000000000000e+02
5.640000000000000000e+02
5.840000000000000000e+02
5.813333333333333712e+02
7.780000000000000000e+02
7.733333333333333712e+02
7.746666666666666288e+02
6.560000000000000000e+02
4.840000000000000000e+02
5.906666666666666288e+02
6.290000000000000000e+02
5.760000000000000000e+02
7.600000000000000000e+02
7.666666666666666288e+02
7.840000000000000000e+02
7.760000000000000000e+02
7.720000000000000000e+02
7.800000000000000000e+02
7.826666666666666288e+02
6.480000000000000000e+02
6.360000000000000000e+02
6.480000000000000000e+02
