7.400000000000000000e+02
7.400000000000000000e+02
7.400000000000000000e+02
4.650000000000000000e+02
7.400000000000000000e+02
5.013333333333333144e+02
5.560000000000000000e+02
7.320000000000000000e+02
7.240000000000000000e+02
5.330000000000000000e+02
5.000000000000000000e+02
4.880000000000000000e+02
5.300000000000000000e+02
4.853333333333333144e+02
4.960000000000000000e+02
4.800000000000000000e+02
4.800000000000000000e+02
4.800000000000000000e+02
4.840000000000000000e+02
7.560000000000000000e+02
7.050000000000000000e+02
4.840000000000000000e+02
4.760000000000000000e+02
7.240000000000000000e+02
7.280000000000000000e+02
5.180000000000000000e+02
7.460000000000000000e+02
7.390000000000000000e+02
7.160000000000000000e+02
7.320000000000000000e+02
7.400000000000000000e+02
7.360000000000000000e+02
4.920000000000000000e+02
7.360000000000000000e+02
7.410000000000000000e+02
4.840000000000000000e+02
4.840000000000000000e+02
7.190000000000000000e+02
4.893333333333333144e+02
7.290000000000000000e+02
7.280000000000000000e+02
5.000000000000000000e+02
5.106666666666666856e+02
7.180000000000000000e+02
5.000000000000000000e+02
4.840000000000000000e+02
4.840000000000000000e+02
4.760000000000000000e+02
4.800000000000000000e+02
4.800000000000000000e+02
4.800000000000000000e+02
7.426666666666666288e+02
7.360000000000000000e+02
7.440000000000000000e+02
5.010000000000000000e+02
7.360000000000000000e+02
7.470000000000000000e+02
7.346666666666666288e+02
4.880000000000000000e+02
5.040000000000000000e+02
4.960000000000000000e+02
4.800000000000000000e+02
4.920000000000000000e+02
7.320000000000000000e+02
7.280000000000000000e+02
7.240000000000000000e+02
7.200000000000000000e+02
7.160000000000000000e+02
7.160000000000000000e+02
7.293333333333333712e+02
4.930000000000000000e+02
5.270000000000000000e+02
5.220000000000000000e+02
4.750000000000000000e+02
4.680000000000000000e+02
4.720000000000000000e+02
4.800000000000000000e+02
5.080000000000000000e+02
7.240000000000000000e+02
4.780000000000000000e+02
4.820000000000000000e+02
4.840000000000000000e+02
4.920000000000000000e+02
5.020000000000000000e+02
4.800000000000000000e+02
4.760000000000000000e+02
4.800000000000000000e+02
4.640000000000000000e+02
5.240000000000000000e+02
5.280000000000000000e+02
7.080000000000000000e+02
7.160000000000000000e+02
7.240000000000000000e+02
7.200000000000000000e+02
7.200000000000000000e+02
7.160000000000000000e+02
7.160000000000000000e+02
7.160000000000000000e+02
7.160000000000000000e+02
7.306666666666666288e+02
7.120000000000000000e+02
7.000000000000000000e+02
4.360000000000000000e+02
5.240000000000000000e+02
4.040000000000000000e+02
4.000000000000000000e+02
4.770000000000000000e+02
4.720000000000000000e+02
4.720000000000000000e+02
4.600000000000000000e+02
4.560000000000000000e+02
4.520000000000000000e+02
4.520000000000000000e+02
4.520000000000000000e+02
5.093333333333333144e+02
4.680000000000000000e+02
4.800000000000000000e+02
4.700000000000000000e+02
4.760000000000000000e+02
4.090000000000000000e+02
4.120000000000000000e+02
4.106666666666666856e+02
5.026666666666666856e+02
4.000000000000000000e+02
4.893333333333333144e+02
7.120000000000000000e+02
7.160000000000000000e+02
7.160000000000000000e+02
7.200000000000000000e+02
4.080000000000000000e+02
7.190000000000000000e+02
7.300000000000000000e+02
4.000000000000000000e+02
4.040000000000000000e+02
4.040000000000000000e+02
4.080000000000000000e+02
4.080000000000000000e+02
4.120000000000000000e+02
4.040000000000000000e+02
4.040000000000000000e+02
4.080000000000000000e+02
4.200000000000000000e+02
4.520000000000000000e+02
4.560000000000000000e+02
4.550000000000000000e+02
4.640000000000000000e+02
4.546666666666666856e+02
4.053333333333333144e+02
4.040000000000000000e+02
4.040000000000000000e+02
4.080000000000000000e+02
4.120000000000000000e+02
4.160000000000000000e+02
4.120000000000000000e+02
4.000000000000000000e+02
4.000000000000000000e+02
4.000000000000000000e+02
3.960000000000000000e+02
4.000000000000000000e+02
4.280000000000000000e+02
3.920000000000000000e+02
4.000000000000000000e+02
4.040000000000000000e+02
3.840000000000000000e+02
3.880000000000000000e+02
4.190000000000000000e+02
4.200000000000000000e+02
4.160000000000000000e+02
4.120000000000000000e+02
4.040000000000000000e+02
4.040000000000000000e+02
4.000000000000000000e+02
4.040000000000000000e+02
4.040000000000000000e+02
4.560000000000000000e+02
4.506666666666666856e+02
4.670000000000000000e+02
4.693333333333333144e+02
4.040000000000000000e+02
4.040000000000000000e+02
4.070000000000000000e+02
4.040000000000000000e+02
4.040000000000000000e+02
4.040000000000000000e+02
4.160000000000000000e+02
3.960000000000000000e+02
3.760000000000000000e+02
3.800000000000000000e+02
3.840000000000000000e+02
4.040000000000000000e+02
3.960000000000000000e+02
3.960000000000000000e+02
3.960000000000000000e+02
3.960000000000000000e+02
3.960000000000000000e+02
3.880000000000000000e+02
3.920000000000000000e+02
3.760000000000000000e+02
3.760000000000000000e+02
4.100000000000000000e+02
4.000000000000000000e+02
4.000000000000000000e+02
4.000000000000000000e+02
4.000000000000000000e+02
4.080000000000000000e+02
4.160000000000000000e+02
4.800000000000000000e+02
4.790000000000000000e+02
4.960000000000000000e+02
4.640000000000000000e+02
4.400000000000000000e+02
4.266666666666666856e+02
4.150000000000000000e+02
4.000000000000000000e+02
4.000000000000000000e+02
4.000000000000000000e+02
4.120000000000000000e+02
4.120000000000000000e+02
4.230000000000000000e+02
4.200000000000000000e+02
3.800000000000000000e+02
3.920000000000000000e+02
3.960000000000000000e+02
3.960000000000000000e+02
5.186666666666666288e+02
5.080000000000000000e+02
3.880000000000000000e+02
4.040000000000000000e+02
4.040000000000000000e+02
4.000000000000000000e+02
4.160000000000000000e+02
4.080000000000000000e+02
4.080000000000000000e+02
4.120000000000000000e+02
4.000000000000000000e+02
3.960000000000000000e+02
4.020000000000000000e+02
4.440000000000000000e+02
4.480000000000000000e+02
4.493333333333333144e+02
4.413333333333333144e+02
4.520000000000000000e+02
4.480000000000000000e+02
4.660000000000000000e+02
4.770000000000000000e+02
4.130000000000000000e+02
4.093333333333333144e+02
4.080000000000000000e+02
4.040000000000000000e+02
4.080000000000000000e+02
4.040000000000000000e+02
4.000000000000000000e+02
4.040000000000000000e+02
4.010000000000000000e+02
4.093333333333333144e+02
5.120000000000000000e+02
7.360000000000000000e+02
7.360000000000000000e+02
7.350000000000000000e+02
4.893333333333333144e+02
7.426666666666666288e+02
4.000000000000000000e+02
3.973333333333333144e+02
4.760000000000000000e+02
4.760000000000000000e+02
4.770000000000000000e+02
4.850000000000000000e+02
4.940000000000000000e+02
4.800000000000000000e+02
4.693333333333333144e+02
4.466666666666666856e+02
4.746666666666666856e+02
4.560000000000000000e+02
4.653333333333333144e+02
4.680000000000000000e+02
4.920000000000000000e+02
4.880000000000000000e+02
5.000000000000000000e+02
4.800000000000000000e+02
4.720000000000000000e+02
4.760000000000000000e+02
5.100000000000000000e+02
5.080000000000000000e+02
7.413333333333333712e+02
7.450000000000000000e+02
7.400000000000000000e+02
7.400000000000000000e+02
7.400000000000000000e+02
7.440000000000000000e+02
7.360000000000000000e+02
7.380000000000000000e+02
4.820000000000000000e+02
7.450000000000000000e+02
5.010000000000000000e+02
5.010000000000000000e+02
4.680000000000000000e+02
4.720000000000000000e+02
4.760000000000000000e+02
4.960000000000000000e+02
4.800000000000000000e+02
4.840000000000000000e+02
4.880000000000000000e+02
4.920000000000000000e+02
4.240000000000000000e+02
5.000000000000000000e+02
4.973333333333333144e+02
4.810000000000000000e+02
5.390000000000000000e+02
5.000000000000000000e+02
5.400000000000000000e+02
4.920000000000000000e+02
5.200000000000000000e+02
7.440000000000000000e+02
4.920000000000000000e+02
4.880000000000000000e+02
5.080000000000000000e+02
7.480000000000000000e+02
7.450000000000000000e+02
7.480000000000000000e+02
7.480000000000000000e+02
7.510000000000000000e+02
4.920000000000000000e+02
5.000000000000000000e+02
4.940000000000000000e+02
4.853333333333333144e+02
7.420000000000000000e+02
5.000000000000000000e+02
5.000000000000000000e+02
4.850000000000000000e+02
6.940000000000000000e+02
7.060000000000000000e+02
4.920000000000000000e+02
4.840000000000000000e+02
4.880000000000000000e+02
4.880000000000000000e+02
4.920000000000000000e+02
