7.400000000000000000e+02
7.400000000000000000e+02
7.400000000000000000e+02
4.650000000000000000e+02
7.360000000000000000e+02
7.400000000000000000e+02
5.560000000000000000e+02
7.320000000000000000e+02
5.340000000000000000e+02
7.440000000000000000e+02
4.880000000000000000e+02
4.880000000000000000e+02
5.300000000000000000e+02
5.190000000000000000e+02
4.920000000000000000e+02
4.800000000000000000e+02
4.800000000000000000e+02
7.546666666666666288e+02
4.840000000000000000e+02
4.800000000000000000e+02
7.480000000000000000e+02
7.280000000000000000e+02
7.426666666666666288e+02
7.240000000000000000e+02
7.320000000000000000e+02
5.180000000000000000e+02
5.040000000000000000e+02
7.360000000000000000e+02
6.750000000000000000e+02
7.253333333333333712e+02
7.360000000000000000e+02
7.320000000000000000e+02
4.880000000000000000e+02
7.426666666666666288e+02
7.410000000000000000e+02
4.840000000000000000e+02
4.940000000000000000e+02
4.920000000000000000e+02
7.240000000000000000e+02
7.290000000000000000e+02
7.350000000000000000e+02
4.933333333333333144e+02
5.106666666666666856e+02
7.106666666666666288e+02
4.880000000000000000e+02
4.840000000000000000e+02
4.840000000000000000e+02
4.800000000000000000e+02
6.300000000000000000e+02
4.760000000000000000e+02
4.870000000000000000e+02
7.390000000000000000e+02
7.330000000000000000e+02
7.400000000000000000e+02
7.400000000000000000e+02
7.510000000000000000e+02
7.440000000000000000e+02
7.280000000000000000e+02
4.920000000000000000e+02
4.866666666666666856e+02
7.226666666666666288e+02
4.840000000000000000e+02
4.920000000000000000e+02
7.320000000000000000e+02
7.320000000000000000e+02
7.240000000000000000e+02
7.240000000000000000e+02
7.160000000000000000e+02
7.160000000000000000e+02
5.110000000000000000e+02
5.200000000000000000e+02
5.200000000000000000e+02
7.440000000000000000e+02
4.760000000000000000e+02
4.680000000000000000e+02
4.720000000000000000e+02
4.773333333333333144e+02
4.820000000000000000e+02
7.240000000000000000e+02
4.733333333333333144e+02
4.960000000000000000e+02
4.840000000000000000e+02
4.920000000000000000e+02
4.786666666666666856e+02
4.720000000000000000e+02
4.760000000000000000e+02
4.760000000000000000e+02
4.680000000000000000e+02
5.230000000000000000e+02
5.240000000000000000e+02
7.080000000000000000e+02
7.160000000000000000e+02
7.240000000000000000e+02
7.200000000000000000e+02
7.160000000000000000e+02
7.160000000000000000e+02
7.160000000000000000e+02
7.200000000000000000e+02
7.160000000000000000e+02
7.280000000000000000e+02
7.160000000000000000e+02
7.060000000000000000e+02
4.106666666666666856e+02
5.240000000000000000e+02
4.000000000000000000e+02
4.770000000000000000e+02
4.770000000000000000e+02
4.760000000000000000e+02
4.720000000000000000e+02
5.120000000000000000e+02
4.590000000000000000e+02
4.520000000000000000e+02
4.520000000000000000e+02
4.480000000000000000e+02
4.530000000000000000e+02
4.680000000000000000e+02
4.800000000000000000e+02
4.700000000000000000e+02
4.070000000000000000e+02
4.120000000000000000e+02
4.080000000000000000e+02
4.240000000000000000e+02
3.920000000000000000e+02
3.973333333333333144e+02
7.240000000000000000e+02
7.160000000000000000e+02
7.160000000000000000e+02
7.160000000000000000e+02
7.200000000000000000e+02
4.040000000000000000e+02
4.920000000000000000e+02
7.280000000000000000e+02
3.970000000000000000e+02
4.040000000000000000e+02
4.040000000000000000e+02
4.080000000000000000e+02
4.120000000000000000e+02
4.080000000000000000e+02
4.040000000000000000e+02
4.040000000000000000e+02
4.080000000000000000e+02
4.200000000000000000e+02
4.560000000000000000e+02
4.560000000000000000e+02
4.600000000000000000e+02
4.640000000000000000e+02
4.546666666666666856e+02
4.040000000000000000e+02
4.040000000000000000e+02
4.080000000000000000e+02
4.080000000000000000e+02
4.080000000000000000e+02
4.160000000000000000e+02
4.080000000000000000e+02
4.000000000000000000e+02
4.040000000000000000e+02
4.000000000000000000e+02
3.960000000000000000e+02
4.040000000000000000e+02
4.200000000000000000e+02
3.920000000000000000e+02
4.000000000000000000e+02
4.000000000000000000e+02
3.840000000000000000e+02
3.880000000000000000e+02
3.773333333333333144e+02
4.200000000000000000e+02
4.160000000000000000e+02
4.120000000000000000e+02
4.040000000000000000e+02
4.040000000000000000e+02
4.000000000000000000e+02
4.040000000000000000e+02
4.000000000000000000e+02
4.600000000000000000e+02
4.600000000000000000e+02
4.680000000000000000e+02
4.600000000000000000e+02
4.040000000000000000e+02
4.040000000000000000e+02
4.070000000000000000e+02
4.000000000000000000e+02
4.000000000000000000e+02
4.080000000000000000e+02
4.160000000000000000e+02
4.190000000000000000e+02
3.720000000000000000e+02
3.840000000000000000e+02
3.840000000000000000e+02
3.920000000000000000e+02
3.960000000000000000e+02
3.960000000000000000e+02
3.920000000000000000e+02
4.000000000000000000e+02
3.960000000000000000e+02
3.880000000000000000e+02
3.920000000000000000e+02
3.760000000000000000e+02
3.760000000000000000e+02
4.100000000000000000e+02
4.000000000000000000e+02
4.040000000000000000e+02
4.000000000000000000e+02
4.040000000000000000e+02
4.120000000000000000e+02
4.160000000000000000e+02
4.850000000000000000e+02
4.866666666666666856e+02
4.960000000000000000e+02
4.640000000000000000e+02
4.400000000000000000e+02
4.120000000000000000e+02
4.000000000000000000e+02
4.000000000000000000e+02
4.000000000000000000e+02
4.000000000000000000e+02
4.120000000000000000e+02
4.200000000000000000e+02
4.240000000000000000e+02
4.160000000000000000e+02
3.800000000000000000e+02
3.920000000000000000e+02
4.000000000000000000e+02
3.960000000000000000e+02
5.200000000000000000e+02
5.080000000000000000e+02
3.890000000000000000e+02
4.000000000000000000e+02
4.040000000000000000e+02
3.880000000000000000e+02
4.160000000000000000e+02
4.040000000000000000e+02
4.080000000000000000e+02
4.080000000000000000e+02
4.000000000000000000e+02
3.960000000000000000e+02
4.120000000000000000e+02
4.440000000000000000e+02
4.490000000000000000e+02
4.400000000000000000e+02
4.413333333333333144e+02
4.450000000000000000e+02
4.560000000000000000e+02
4.720000000000000000e+02
4.160000000000000000e+02
4.130000000000000000e+02
4.040000000000000000e+02
4.080000000000000000e+02
4.120000000000000000e+02
4.080000000000000000e+02
4.000000000000000000e+02
4.000000000000000000e+02
4.040000000000000000e+02
4.010000000000000000e+02
4.920000000000000000e+02
5.880000000000000000e+02
7.400000000000000000e+02
7.320000000000000000e+02
7.360000000000000000e+02
4.880000000000000000e+02
6.770000000000000000e+02
5.060000000000000000e+02
5.080000000000000000e+02
4.960000000000000000e+02
4.760000000000000000e+02
4.920000000000000000e+02
4.850000000000000000e+02
4.940000000000000000e+02
4.900000000000000000e+02
4.640000000000000000e+02
4.480000000000000000e+02
5.010000000000000000e+02
4.540000000000000000e+02
4.680000000000000000e+02
4.680000000000000000e+02
4.920000000000000000e+02
4.920000000000000000e+02
4.960000000000000000e+02
4.800000000000000000e+02
4.720000000000000000e+02
4.760000000000000000e+02
5.100000000000000000e+02
5.080000000000000000e+02
7.413333333333333712e+02
4.870000000000000000e+02
7.400000000000000000e+02
7.400000000000000000e+02
7.400000000000000000e+02
7.440000000000000000e+02
7.410000000000000000e+02
7.320000000000000000e+02
4.920000000000000000e+02
7.506666666666666288e+02
5.080000000000000000e+02
5.010000000000000000e+02
4.720000000000000000e+02
4.720000000000000000e+02
4.800000000000000000e+02
4.960000000000000000e+02
4.860000000000000000e+02
4.870000000000000000e+02
4.880000000000000000e+02
5.680000000000000000e+02
7.590000000000000000e+02
5.000000000000000000e+02
4.973333333333333144e+02
4.920000000000000000e+02
7.350000000000000000e+02
5.480000000000000000e+02
5.120000000000000000e+02
4.920000000000000000e+02
4.890000000000000000e+02
4.733333333333333144e+02
5.030000000000000000e+02
4.930000000000000000e+02
5.150000000000000000e+02
7.480000000000000000e+02
7.440000000000000000e+02
7.480000000000000000e+02
7.520000000000000000e+02
7.510000000000000000e+02
4.920000000000000000e+02
7.466666666666666288e+02
4.893333333333333144e+02
5.480000000000000000e+02
7.420000000000000000e+02
5.060000000000000000e+02
5.080000000000000000e+02
5.120000000000000000e+02
5.350000000000000000e+02
7.520000000000000000e+02
4.920000000000000000e+02
6.940000000000000000e+02
4.880000000000000000e+02
4.880000000000000000e+02
4.880000000000000000e+02
