6.040000000000000000e+02
6.373333333333333712e+02
6.400000000000000000e+02
5.720000000000000000e+02
7.960000000000000000e+02
7.920000000000000000e+02
7.920000000000000000e+02
7.920000000000000000e+02
5.440000000000000000e+02
5.320000000000000000e+02
5.106666666666666856e+02
5.800000000000000000e+02
5.720000000000000000e+02
5.690000000000000000e+02
5.520000000000000000e+02
5.810000000000000000e+02
5.420000000000000000e+02
5.640000000000000000e+02
5.750000000000000000e+02
5.680000000000000000e+02
5.720000000000000000e+02
5.750000000000000000e+02
6.040000000000000000e+02
7.720000000000000000e+02
7.760000000000000000e+02
7.920000000000000000e+02
7.890000000000000000e+02
7.960000000000000000e+02
5.690000000000000000e+02
5.760000000000000000e+02
5.720000000000000000e+02
5.840000000000000000e+02
5.990000000000000000e+02
6.200000000000000000e+02
6.360000000000000000e+02
6.920000000000000000e+02
6.853333333333333712e+02
7.950000000000000000e+02
7.960000000000000000e+02
5.240000000000000000e+02
5.200000000000000000e+02
5.160000000000000000e+02
5.720000000000000000e+02
5.740000000000000000e+02
5.680000000000000000e+02
5.760000000000000000e+02
5.640000000000000000e+02
5.613333333333333712e+02
5.560000000000000000e+02
5.506666666666666288e+02
5.640000000000000000e+02
5.800000000000000000e+02
5.130000000000000000e+02
5.160000000000000000e+02
5.120000000000000000e+02
5.160000000000000000e+02
5.120000000000000000e+02
5.600000000000000000e+02
5.560000000000000000e+02
5.440000000000000000e+02
5.540000000000000000e+02
5.720000000000000000e+02
5.680000000000000000e+02
5.800000000000000000e+02
5.710000000000000000e+02
5.640000000000000000e+02
5.720000000000000000e+02
5.333333333333333712e+02
5.440000000000000000e+02
5.440000000000000000e+02
5.360000000000000000e+02
5.080000000000000000e+02
5.000000000000000000e+02
5.040000000000000000e+02
5.120000000000000000e+02
5.120000000000000000e+02
5.080000000000000000e+02
5.120000000000000000e+02
5.000000000000000000e+02
5.730000000000000000e+02
5.040000000000000000e+02
4.960000000000000000e+02
5.080000000000000000e+02
5.253333333333333712e+02
5.040000000000000000e+02
5.100000000000000000e+02
5.120000000000000000e+02
5.080000000000000000e+02
4.680000000000000000e+02
4.746666666666666856e+02
4.840000000000000000e+02
5.080000000000000000e+02
5.080000000000000000e+02
5.840000000000000000e+02
5.720000000000000000e+02
5.920000000000000000e+02
5.840000000000000000e+02
5.960000000000000000e+02
5.960000000000000000e+02
4.933333333333333144e+02
5.000000000000000000e+02
4.960000000000000000e+02
4.880000000000000000e+02
4.880000000000000000e+02
4.800000000000000000e+02
5.000000000000000000e+02
4.960000000000000000e+02
5.000000000000000000e+02
5.060000000000000000e+02
5.080000000000000000e+02
5.040000000000000000e+02
4.990000000000000000e+02
4.920000000000000000e+02
5.000000000000000000e+02
5.000000000000000000e+02
4.960000000000000000e+02
4.960000000000000000e+02
5.000000000000000000e+02
5.120000000000000000e+02
5.080000000000000000e+02
4.760000000000000000e+02
4.880000000000000000e+02
4.880000000000000000e+02
4.930000000000000000e+02
5.040000000000000000e+02
5.920000000000000000e+02
5.730000000000000000e+02
5.800000000000000000e+02
5.870000000000000000e+02
5.800000000000000000e+02
5.800000000000000000e+02
4.950000000000000000e+02
4.960000000000000000e+02
4.920000000000000000e+02
4.880000000000000000e+02
4.920000000000000000e+02
5.000000000000000000e+02
5.000000000000000000e+02
4.960000000000000000e+02
4.960000000000000000e+02
4.920000000000000000e+02
5.040000000000000000e+02
5.320000000000000000e+02
5.290000000000000000e+02
5.250000000000000000e+02
5.360000000000000000e+02
5.120000000000000000e+02
4.960000000000000000e+02
4.960000000000000000e+02
4.960000000000000000e+02
4.960000000000000000e+02
4.960000000000000000e+02
4.940000000000000000e+02
4.960000000000000000e+02
4.920000000000000000e+02
5.280000000000000000e+02
5.280000000000000000e+02
5.640000000000000000e+02
5.760000000000000000e+02
5.800000000000000000e+02
5.840000000000000000e+02
5.880000000000000000e+02
5.860000000000000000e+02
5.400000000000000000e+02
5.560000000000000000e+02
5.120000000000000000e+02
4.840000000000000000e+02
4.880000000000000000e+02
4.920000000000000000e+02
5.000000000000000000e+02
5.640000000000000000e+02
5.680000000000000000e+02
5.020000000000000000e+02
5.090000000000000000e+02
5.613333333333333712e+02
5.640000000000000000e+02
5.600000000000000000e+02
5.600000000000000000e+02
5.640000000000000000e+02
5.520000000000000000e+02
5.640000000000000000e+02
5.600000000000000000e+02
6.000000000000000000e+02
5.960000000000000000e+02
6.000000000000000000e+02
5.360000000000000000e+02
5.320000000000000000e+02
5.240000000000000000e+02
6.720000000000000000e+02
5.760000000000000000e+02
6.000000000000000000e+02
5.900000000000000000e+02
5.990000000000000000e+02
6.120000000000000000e+02
5.850000000000000000e+02
5.920000000000000000e+02
7.760000000000000000e+02
7.760000000000000000e+02
7.760000000000000000e+02
5.960000000000000000e+02
5.920000000000000000e+02
6.040000000000000000e+02
5.560000000000000000e+02
5.640000000000000000e+02
5.706666666666666288e+02
5.680000000000000000e+02
5.680000000000000000e+02
5.600000000000000000e+02
5.440000000000000000e+02
5.510000000000000000e+02
5.680000000000000000e+02
5.720000000000000000e+02
5.720000000000000000e+02
5.640000000000000000e+02
6.000000000000000000e+02
5.920000000000000000e+02
5.880000000000000000e+02
7.760000000000000000e+02
7.760000000000000000e+02
7.760000000000000000e+02
6.720000000000000000e+02
6.560000000000000000e+02
6.590000000000000000e+02
6.106666666666666288e+02
6.120000000000000000e+02
6.630000000000000000e+02
6.520000000000000000e+02
6.560000000000000000e+02
7.760000000000000000e+02
7.800000000000000000e+02
7.800000000000000000e+02
7.760000000000000000e+02
5.920000000000000000e+02
5.960000000000000000e+02
5.640000000000000000e+02
5.670000000000000000e+02
5.693333333333333712e+02
5.690000000000000000e+02
7.910000000000000000e+02
7.826666666666666288e+02
6.066666666666666288e+02
4.880000000000000000e+02
4.840000000000000000e+02
5.906666666666666288e+02
5.570000000000000000e+02
5.706666666666666288e+02
5.890000000000000000e+02
6.080000000000000000e+02
7.810000000000000000e+02
7.830000000000000000e+02
7.760000000000000000e+02
7.800000000000000000e+02
5.720000000000000000e+02
6.693333333333333712e+02
6.346666666666666288e+02
6.440000000000000000e+02
