6.560000000000000000e+02
7.400000000000000000e+02
7.400000000000000000e+02
4.650000000000000000e+02
7.400000000000000000e+02
7.386666666666666288e+02
7.400000000000000000e+02
7.320000000000000000e+02
5.280000000000000000e+02
7.440000000000000000e+02
5.000000000000000000e+02
4.826666666666666856e+02
5.300000000000000000e+02
5.226666666666666288e+02
4.960000000000000000e+02
4.800000000000000000e+02
4.800000000000000000e+02
4.840000000000000000e+02
4.880000000000000000e+02
5.506666666666666288e+02
4.920000000000000000e+02
7.500000000000000000e+02
6.973333333333333712e+02
7.200000000000000000e+02
7.280000000000000000e+02
5.180000000000000000e+02
5.040000000000000000e+02
7.360000000000000000e+02
7.160000000000000000e+02
7.360000000000000000e+02
7.360000000000000000e+02
7.360000000000000000e+02
4.920000000000000000e+02
7.360000000000000000e+02
4.840000000000000000e+02
5.053333333333333144e+02
4.893333333333333144e+02
7.230000000000000000e+02
7.280000000000000000e+02
7.330000000000000000e+02
7.320000000000000000e+02
4.933333333333333144e+02
5.370000000000000000e+02
7.180000000000000000e+02
6.680000000000000000e+02
4.880000000000000000e+02
4.840000000000000000e+02
4.800000000000000000e+02
4.800000000000000000e+02
4.800000000000000000e+02
7.340000000000000000e+02
7.400000000000000000e+02
7.360000000000000000e+02
7.380000000000000000e+02
7.380000000000000000e+02
7.400000000000000000e+02
7.440000000000000000e+02
7.250000000000000000e+02
4.860000000000000000e+02
4.880000000000000000e+02
4.900000000000000000e+02
4.840000000000000000e+02
4.920000000000000000e+02
7.320000000000000000e+02
7.320000000000000000e+02
7.240000000000000000e+02
7.240000000000000000e+02
7.160000000000000000e+02
7.160000000000000000e+02
5.110000000000000000e+02
4.930000000000000000e+02
5.200000000000000000e+02
5.210000000000000000e+02
5.320000000000000000e+02
4.720000000000000000e+02
4.720000000000000000e+02
4.773333333333333144e+02
5.080000000000000000e+02
4.880000000000000000e+02
4.733333333333333144e+02
4.720000000000000000e+02
5.040000000000000000e+02
5.040000000000000000e+02
4.880000000000000000e+02
4.720000000000000000e+02
4.760000000000000000e+02
4.760000000000000000e+02
4.700000000000000000e+02
5.220000000000000000e+02
5.280000000000000000e+02
7.080000000000000000e+02
7.160000000000000000e+02
7.210000000000000000e+02
7.200000000000000000e+02
7.160000000000000000e+02
7.200000000000000000e+02
7.200000000000000000e+02
7.160000000000000000e+02
7.160000000000000000e+02
7.306666666666666288e+02
7.120000000000000000e+02
7.060000000000000000e+02
4.040000000000000000e+02
5.200000000000000000e+02
4.000000000000000000e+02
4.830000000000000000e+02
4.800000000000000000e+02
4.760000000000000000e+02
4.720000000000000000e+02
4.560000000000000000e+02
4.560000000000000000e+02
4.520000000000000000e+02
4.520000000000000000e+02
4.480000000000000000e+02
5.093333333333333144e+02
4.720000000000000000e+02
4.800000000000000000e+02
4.710000000000000000e+02
4.720000000000000000e+02
4.120000000000000000e+02
4.080000000000000000e+02
4.106666666666666856e+02
3.980000000000000000e+02
3.920000000000000000e+02
4.893333333333333144e+02
7.160000000000000000e+02
7.200000000000000000e+02
7.160000000000000000e+02
7.200000000000000000e+02
4.080000000000000000e+02
4.920000000000000000e+02
7.280000000000000000e+02
4.000000000000000000e+02
4.040000000000000000e+02
4.040000000000000000e+02
4.080000000000000000e+02
4.080000000000000000e+02
4.080000000000000000e+02
4.040000000000000000e+02
4.040000000000000000e+02
4.080000000000000000e+02
4.200000000000000000e+02
4.480000000000000000e+02
4.480000000000000000e+02
4.640000000000000000e+02
4.660000000000000000e+02
4.546666666666666856e+02
4.140000000000000000e+02
4.070000000000000000e+02
4.080000000000000000e+02
4.080000000000000000e+02
4.050000000000000000e+02
4.120000000000000000e+02
4.120000000000000000e+02
4.000000000000000000e+02
4.040000000000000000e+02
4.000000000000000000e+02
4.000000000000000000e+02
4.040000000000000000e+02
4.320000000000000000e+02
3.920000000000000000e+02
4.000000000000000000e+02
3.960000000000000000e+02
3.840000000000000000e+02
3.880000000000000000e+02
4.200000000000000000e+02
4.200000000000000000e+02
4.160000000000000000e+02
4.120000000000000000e+02
4.040000000000000000e+02
4.040000000000000000e+02
4.000000000000000000e+02
4.040000000000000000e+02
3.960000000000000000e+02
4.560000000000000000e+02
5.306666666666666288e+02
4.720000000000000000e+02
4.600000000000000000e+02
4.040000000000000000e+02
4.040000000000000000e+02
3.960000000000000000e+02
4.000000000000000000e+02
4.040000000000000000e+02
4.080000000000000000e+02
4.120000000000000000e+02
3.960000000000000000e+02
3.760000000000000000e+02
3.760000000000000000e+02
3.840000000000000000e+02
4.040000000000000000e+02
4.000000000000000000e+02
3.960000000000000000e+02
3.920000000000000000e+02
3.960000000000000000e+02
3.920000000000000000e+02
3.880000000000000000e+02
3.960000000000000000e+02
3.760000000000000000e+02
3.760000000000000000e+02
4.200000000000000000e+02
4.040000000000000000e+02
4.040000000000000000e+02
4.000000000000000000e+02
4.040000000000000000e+02
4.040000000000000000e+02
4.120000000000000000e+02
4.780000000000000000e+02
4.880000000000000000e+02
4.960000000000000000e+02
4.626666666666666856e+02
4.400000000000000000e+02
4.120000000000000000e+02
4.000000000000000000e+02
4.000000000000000000e+02
4.000000000000000000e+02
4.040000000000000000e+02
4.120000000000000000e+02
4.200000000000000000e+02
4.240000000000000000e+02
4.160000000000000000e+02
3.820000000000000000e+02
3.880000000000000000e+02
4.000000000000000000e+02
3.960000000000000000e+02
5.190000000000000000e+02
5.080000000000000000e+02
3.920000000000000000e+02
4.000000000000000000e+02
4.040000000000000000e+02
3.880000000000000000e+02
4.160000000000000000e+02
4.040000000000000000e+02
4.080000000000000000e+02
4.080000000000000000e+02
4.000000000000000000e+02
3.960000000000000000e+02
4.080000000000000000e+02
4.440000000000000000e+02
4.480000000000000000e+02
4.400000000000000000e+02
4.360000000000000000e+02
4.520000000000000000e+02
4.510000000000000000e+02
4.720000000000000000e+02
4.770000000000000000e+02
4.120000000000000000e+02
4.080000000000000000e+02
4.080000000000000000e+02
4.040000000000000000e+02
4.080000000000000000e+02
4.040000000000000000e+02
4.000000000000000000e+02
4.040000000000000000e+02
4.120000000000000000e+02
4.130000000000000000e+02
5.880000000000000000e+02
7.360000000000000000e+02
7.360000000000000000e+02
7.420000000000000000e+02
7.466666666666666288e+02
4.950000000000000000e+02
4.000000000000000000e+02
3.973333333333333144e+02
4.720000000000000000e+02
4.760000000000000000e+02
4.800000000000000000e+02
4.880000000000000000e+02
5.100000000000000000e+02
4.800000000000000000e+02
4.640000000000000000e+02
4.466666666666666856e+02
4.540000000000000000e+02
4.560000000000000000e+02
4.670000000000000000e+02
4.640000000000000000e+02
4.920000000000000000e+02
4.920000000000000000e+02
5.000000000000000000e+02
4.880000000000000000e+02
4.720000000000000000e+02
4.800000000000000000e+02
5.100000000000000000e+02
5.093333333333333144e+02
7.440000000000000000e+02
4.840000000000000000e+02
7.400000000000000000e+02
7.400000000000000000e+02
7.440000000000000000e+02
7.400000000000000000e+02
7.360000000000000000e+02
5.060000000000000000e+02
4.920000000000000000e+02
4.786666666666666856e+02
5.026666666666666856e+02
5.000000000000000000e+02
4.720000000000000000e+02
4.720000000000000000e+02
4.760000000000000000e+02
4.960000000000000000e+02
4.860000000000000000e+02
4.840000000000000000e+02
5.013333333333333144e+02
4.840000000000000000e+02
4.946666666666666856e+02
5.060000000000000000e+02
4.880000000000000000e+02
4.830000000000000000e+02
5.390000000000000000e+02
5.000000000000000000e+02
5.140000000000000000e+02
5.080000000000000000e+02
4.890000000000000000e+02
4.960000000000000000e+02
5.030000000000000000e+02
4.933333333333333144e+02
5.150000000000000000e+02
7.520000000000000000e+02
7.520000000000000000e+02
7.480000000000000000e+02
7.480000000000000000e+02
4.920000000000000000e+02
4.920000000000000000e+02
4.880000000000000000e+02
4.960000000000000000e+02
5.480000000000000000e+02
7.420000000000000000e+02
5.040000000000000000e+02
6.933333333333333712e+02
5.240000000000000000e+02
7.220000000000000000e+02
7.520000000000000000e+02
4.866666666666666856e+02
6.940000000000000000e+02
4.840000000000000000e+02
4.880000000000000000e+02
4.930000000000000000e+02
