6.040000000000000000e+02
6.373333333333333712e+02
6.450000000000000000e+02
5.720000000000000000e+02
7.960000000000000000e+02
7.960000000000000000e+02
7.920000000000000000e+02
7.960000000000000000e+02
5.440000000000000000e+02
5.373333333333333712e+02
5.013333333333333144e+02
5.800000000000000000e+02
5.830000000000000000e+02
5.690000000000000000e+02
5.520000000000000000e+02
5.860000000000000000e+02
5.760000000000000000e+02
5.720000000000000000e+02
5.720000000000000000e+02
5.720000000000000000e+02
5.720000000000000000e+02
6.160000000000000000e+02
6.040000000000000000e+02
7.720000000000000000e+02
7.760000000000000000e+02
7.880000000000000000e+02
7.890000000000000000e+02
7.960000000000000000e+02
5.690000000000000000e+02
5.760000000000000000e+02
5.730000000000000000e+02
5.640000000000000000e+02
5.653333333333333712e+02
6.200000000000000000e+02
6.360000000000000000e+02
6.920000000000000000e+02
6.813333333333333712e+02
7.960000000000000000e+02
7.960000000000000000e+02
5.240000000000000000e+02
5.200000000000000000e+02
5.100000000000000000e+02
5.720000000000000000e+02
5.720000000000000000e+02
5.680000000000000000e+02
5.720000000000000000e+02
5.506666666666666288e+02
5.560000000000000000e+02
5.546666666666666288e+02
5.480000000000000000e+02
5.653333333333333712e+02
5.800000000000000000e+02
5.840000000000000000e+02
5.160000000000000000e+02
5.120000000000000000e+02
5.120000000000000000e+02
5.090000000000000000e+02
5.610000000000000000e+02
5.480000000000000000e+02
5.440000000000000000e+02
5.720000000000000000e+02
5.680000000000000000e+02
5.640000000000000000e+02
5.760000000000000000e+02
5.720000000000000000e+02
5.893333333333333712e+02
6.066666666666666288e+02
5.333333333333333712e+02
5.440000000000000000e+02
5.440000000000000000e+02
5.160000000000000000e+02
5.120000000000000000e+02
5.000000000000000000e+02
5.120000000000000000e+02
5.120000000000000000e+02
5.120000000000000000e+02
5.053333333333333144e+02
5.600000000000000000e+02
5.080000000000000000e+02
5.600000000000000000e+02
5.130000000000000000e+02
4.960000000000000000e+02
5.120000000000000000e+02
5.240000000000000000e+02
5.040000000000000000e+02
5.080000000000000000e+02
5.160000000000000000e+02
5.040000000000000000e+02
4.680000000000000000e+02
4.746666666666666856e+02
4.840000000000000000e+02
5.080000000000000000e+02
4.906666666666666856e+02
5.840000000000000000e+02
5.720000000000000000e+02
5.760000000000000000e+02
5.840000000000000000e+02
5.880000000000000000e+02
5.980000000000000000e+02
4.960000000000000000e+02
5.040000000000000000e+02
4.933333333333333144e+02
4.880000000000000000e+02
4.800000000000000000e+02
4.760000000000000000e+02
5.040000000000000000e+02
4.910000000000000000e+02
4.960000000000000000e+02
5.040000000000000000e+02
5.080000000000000000e+02
5.000000000000000000e+02
4.960000000000000000e+02
4.880000000000000000e+02
4.960000000000000000e+02
5.040000000000000000e+02
4.960000000000000000e+02
4.920000000000000000e+02
4.960000000000000000e+02
5.080000000000000000e+02
5.080000000000000000e+02
4.800000000000000000e+02
4.840000000000000000e+02
4.920000000000000000e+02
5.000000000000000000e+02
5.040000000000000000e+02
5.920000000000000000e+02
5.760000000000000000e+02
5.840000000000000000e+02
5.840000000000000000e+02
5.800000000000000000e+02
5.760000000000000000e+02
4.980000000000000000e+02
4.960000000000000000e+02
4.880000000000000000e+02
4.880000000000000000e+02
4.920000000000000000e+02
4.960000000000000000e+02
5.000000000000000000e+02
4.960000000000000000e+02
4.960000000000000000e+02
4.920000000000000000e+02
4.960000000000000000e+02
5.280000000000000000e+02
5.360000000000000000e+02
5.340000000000000000e+02
5.360000000000000000e+02
5.160000000000000000e+02
4.960000000000000000e+02
4.960000000000000000e+02
4.960000000000000000e+02
4.960000000000000000e+02
4.880000000000000000e+02
4.960000000000000000e+02
4.960000000000000000e+02
4.920000000000000000e+02
5.413333333333333712e+02
5.310000000000000000e+02
5.880000000000000000e+02
5.760000000000000000e+02
5.810000000000000000e+02
5.840000000000000000e+02
5.840000000000000000e+02
5.880000000000000000e+02
5.400000000000000000e+02
5.520000000000000000e+02
5.130000000000000000e+02
4.840000000000000000e+02
4.880000000000000000e+02
4.920000000000000000e+02
5.000000000000000000e+02
4.920000000000000000e+02
5.640000000000000000e+02
5.020000000000000000e+02
5.160000000000000000e+02
5.613333333333333712e+02
5.600000000000000000e+02
5.640000000000000000e+02
5.600000000000000000e+02
5.600000000000000000e+02
5.490000000000000000e+02
5.640000000000000000e+02
5.640000000000000000e+02
5.840000000000000000e+02
5.960000000000000000e+02
6.000000000000000000e+02
7.760000000000000000e+02
5.240000000000000000e+02
5.280000000000000000e+02
6.680000000000000000e+02
5.800000000000000000e+02
5.760000000000000000e+02
5.880000000000000000e+02
5.960000000000000000e+02
6.250000000000000000e+02
5.850000000000000000e+02
5.920000000000000000e+02
6.680000000000000000e+02
7.760000000000000000e+02
7.760000000000000000e+02
5.960000000000000000e+02
5.920000000000000000e+02
5.960000000000000000e+02
5.640000000000000000e+02
5.600000000000000000e+02
5.653333333333333712e+02
5.680000000000000000e+02
5.680000000000000000e+02
5.613333333333333712e+02
5.470000000000000000e+02
5.986666666666666288e+02
5.680000000000000000e+02
5.573333333333333712e+02
5.720000000000000000e+02
5.640000000000000000e+02
5.620000000000000000e+02
5.880000000000000000e+02
5.853333333333333712e+02
7.760000000000000000e+02
7.760000000000000000e+02
7.720000000000000000e+02
6.640000000000000000e+02
6.530000000000000000e+02
6.560000000000000000e+02
6.020000000000000000e+02
6.160000000000000000e+02
6.670000000000000000e+02
6.560000000000000000e+02
6.560000000000000000e+02
7.720000000000000000e+02
7.760000000000000000e+02
7.800000000000000000e+02
7.760000000000000000e+02
5.840000000000000000e+02
5.960000000000000000e+02
5.530000000000000000e+02
5.640000000000000000e+02
5.693333333333333712e+02
5.560000000000000000e+02
7.910000000000000000e+02
7.660000000000000000e+02
6.000000000000000000e+02
6.560000000000000000e+02
4.840000000000000000e+02
4.860000000000000000e+02
5.570000000000000000e+02
5.706666666666666288e+02
5.600000000000000000e+02
7.666666666666666288e+02
5.920000000000000000e+02
7.830000000000000000e+02
7.960000000000000000e+02
7.720000000000000000e+02
6.560000000000000000e+02
6.693333333333333712e+02
6.346666666666666288e+02
6.480000000000000000e+02
