5.520000000000000000e+02
6.280000000000000000e+02
6.450000000000000000e+02
5.700000000000000000e+02
7.960000000000000000e+02
7.960000000000000000e+02
7.920000000000000000e+02
7.920000000000000000e+02
5.440000000000000000e+02
5.373333333333333712e+02
5.040000000000000000e+02
5.600000000000000000e+02
5.700000000000000000e+02
5.720000000000000000e+02
5.520000000000000000e+02
5.860000000000000000e+02
5.570000000000000000e+02
5.670000000000000000e+02
5.720000000000000000e+02
5.720000000000000000e+02
5.720000000000000000e+02
5.973333333333333712e+02
6.146666666666666288e+02
5.130000000000000000e+02
7.760000000000000000e+02
7.850000000000000000e+02
7.850000000000000000e+02
7.960000000000000000e+02
5.720000000000000000e+02
5.800000000000000000e+02
5.760000000000000000e+02
5.693333333333333712e+02
5.760000000000000000e+02
6.200000000000000000e+02
6.360000000000000000e+02
5.640000000000000000e+02
6.813333333333333712e+02
7.960000000000000000e+02
7.960000000000000000e+02
5.240000000000000000e+02
5.200000000000000000e+02
5.160000000000000000e+02
5.680000000000000000e+02
5.740000000000000000e+02
5.720000000000000000e+02
5.720000000000000000e+02
5.640000000000000000e+02
5.560000000000000000e+02
5.440000000000000000e+02
5.480000000000000000e+02
5.640000000000000000e+02
5.800000000000000000e+02
5.160000000000000000e+02
5.120000000000000000e+02
5.120000000000000000e+02
5.120000000000000000e+02
5.080000000000000000e+02
4.946666666666666856e+02
5.560000000000000000e+02
5.440000000000000000e+02
5.720000000000000000e+02
5.720000000000000000e+02
5.700000000000000000e+02
5.760000000000000000e+02
5.746666666666666288e+02
5.893333333333333712e+02
5.610000000000000000e+02
5.740000000000000000e+02
5.440000000000000000e+02
5.400000000000000000e+02
5.360000000000000000e+02
5.080000000000000000e+02
5.000000000000000000e+02
5.040000000000000000e+02
5.120000000000000000e+02
5.120000000000000000e+02
5.053333333333333144e+02
5.080000000000000000e+02
5.080000000000000000e+02
5.730000000000000000e+02
5.040000000000000000e+02
5.000000000000000000e+02
5.120000000000000000e+02
5.200000000000000000e+02
5.030000000000000000e+02
5.080000000000000000e+02
5.160000000000000000e+02
5.080000000000000000e+02
4.720000000000000000e+02
4.746666666666666856e+02
4.840000000000000000e+02
5.080000000000000000e+02
5.080000000000000000e+02
5.853333333333333712e+02
5.840000000000000000e+02
5.800000000000000000e+02
5.800000000000000000e+02
5.840000000000000000e+02
5.980000000000000000e+02
4.960000000000000000e+02
5.000000000000000000e+02
4.960000000000000000e+02
4.920000000000000000e+02
4.800000000000000000e+02
4.720000000000000000e+02
5.040000000000000000e+02
4.960000000000000000e+02
4.960000000000000000e+02
4.960000000000000000e+02
5.120000000000000000e+02
5.000000000000000000e+02
4.960000000000000000e+02
4.880000000000000000e+02
5.000000000000000000e+02
5.040000000000000000e+02
4.920000000000000000e+02
4.920000000000000000e+02
5.040000000000000000e+02
5.080000000000000000e+02
4.920000000000000000e+02
4.760000000000000000e+02
4.880000000000000000e+02
4.920000000000000000e+02
4.970000000000000000e+02
5.040000000000000000e+02
5.920000000000000000e+02
5.760000000000000000e+02
5.840000000000000000e+02
5.840000000000000000e+02
5.813333333333333712e+02
5.800000000000000000e+02
5.840000000000000000e+02
4.960000000000000000e+02
4.840000000000000000e+02
4.880000000000000000e+02
4.880000000000000000e+02
4.960000000000000000e+02
5.000000000000000000e+02
4.960000000000000000e+02
4.920000000000000000e+02
4.960000000000000000e+02
5.000000000000000000e+02
4.940000000000000000e+02
5.400000000000000000e+02
5.280000000000000000e+02
5.360000000000000000e+02
5.120000000000000000e+02
4.880000000000000000e+02
4.960000000000000000e+02
4.960000000000000000e+02
4.960000000000000000e+02
4.880000000000000000e+02
4.960000000000000000e+02
5.000000000000000000e+02
4.920000000000000000e+02
5.280000000000000000e+02
5.280000000000000000e+02
5.880000000000000000e+02
5.800000000000000000e+02
5.810000000000000000e+02
5.880000000000000000e+02
5.840000000000000000e+02
5.860000000000000000e+02
5.360000000000000000e+02
5.460000000000000000e+02
5.120000000000000000e+02
4.840000000000000000e+02
4.880000000000000000e+02
4.960000000000000000e+02
5.000000000000000000e+02
5.573333333333333712e+02
5.600000000000000000e+02
5.200000000000000000e+02
5.090000000000000000e+02
5.613333333333333712e+02
5.640000000000000000e+02
5.640000000000000000e+02
5.600000000000000000e+02
5.640000000000000000e+02
5.600000000000000000e+02
5.640000000000000000e+02
5.640000000000000000e+02
6.000000000000000000e+02
6.000000000000000000e+02
6.000000000000000000e+02
5.360000000000000000e+02
5.360000000000000000e+02
5.240000000000000000e+02
6.680000000000000000e+02
5.760000000000000000e+02
6.000000000000000000e+02
5.900000000000000000e+02
5.920000000000000000e+02
6.000000000000000000e+02
6.240000000000000000e+02
5.786666666666666288e+02
7.760000000000000000e+02
7.760000000000000000e+02
7.760000000000000000e+02
7.760000000000000000e+02
5.920000000000000000e+02
6.040000000000000000e+02
5.600000000000000000e+02
5.640000000000000000e+02
5.653333333333333712e+02
5.680000000000000000e+02
5.680000000000000000e+02
5.560000000000000000e+02
5.480000000000000000e+02
5.520000000000000000e+02
5.680000000000000000e+02
5.533333333333333712e+02
5.720000000000000000e+02
5.720000000000000000e+02
5.620000000000000000e+02
5.940000000000000000e+02
5.853333333333333712e+02
7.760000000000000000e+02
7.760000000000000000e+02
7.760000000000000000e+02
6.640000000000000000e+02
6.520000000000000000e+02
6.560000000000000000e+02
6.106666666666666288e+02
6.240000000000000000e+02
6.630000000000000000e+02
6.560000000000000000e+02
6.560000000000000000e+02
7.720000000000000000e+02
7.760000000000000000e+02
7.800000000000000000e+02
7.760000000000000000e+02
5.840000000000000000e+02
6.000000000000000000e+02
5.490000000000000000e+02
5.640000000000000000e+02
5.693333333333333712e+02
5.680000000000000000e+02
7.413333333333333712e+02
7.660000000000000000e+02
6.066666666666666288e+02
6.560000000000000000e+02
4.840000000000000000e+02
6.110000000000000000e+02
6.290000000000000000e+02
5.840000000000000000e+02
5.500000000000000000e+02
7.666666666666666288e+02
5.920000000000000000e+02
7.760000000000000000e+02
7.760000000000000000e+02
7.960000000000000000e+02
7.893333333333333712e+02
6.640000000000000000e+02
6.360000000000000000e+02
6.400000000000000000e+02
