7.946666666666666288e+02
5.186666666666666288e+02
7.946666666666666288e+02
7.920000000000000000e+02
7.920000000000000000e+02
7.853333333333333712e+02
7.800000000000000000e+02
7.880000000000000000e+02
7.920000000000000000e+02
7.820000000000000000e+02
7.880000000000000000e+02
7.880000000000000000e+02
7.950000000000000000e+02
5.480000000000000000e+02
5.520000000000000000e+02
7.960000000000000000e+02
7.920000000000000000e+02
5.400000000000000000e+02
5.130000000000000000e+02
7.840000000000000000e+02
6.920000000000000000e+02
7.920000000000000000e+02
7.880000000000000000e+02
7.920000000000000000e+02
7.960000000000000000e+02
7.960000000000000000e+02
7.840000000000000000e+02
7.870000000000000000e+02
7.800000000000000000e+02
7.720000000000000000e+02
6.040000000000000000e+02
5.790000000000000000e+02
5.930000000000000000e+02
7.880000000000000000e+02
7.580000000000000000e+02
7.880000000000000000e+02
7.840000000000000000e+02
7.800000000000000000e+02
7.900000000000000000e+02
7.800000000000000000e+02
7.800000000000000000e+02
7.840000000000000000e+02
7.866666666666666288e+02
7.880000000000000000e+02
7.910000000000000000e+02
5.280000000000000000e+02
5.170000000000000000e+02
5.000000000000000000e+02
5.266666666666666288e+02
7.960000000000000000e+02
4.440000000000000000e+02
7.870000000000000000e+02
7.880000000000000000e+02
7.840000000000000000e+02
7.840000000000000000e+02
7.810000000000000000e+02
7.840000000000000000e+02
7.960000000000000000e+02
7.840000000000000000e+02
7.840000000000000000e+02
7.800000000000000000e+02
7.780000000000000000e+02
5.160000000000000000e+02
5.720000000000000000e+02
5.093333333333333144e+02
5.200000000000000000e+02
5.080000000000000000e+02
7.920000000000000000e+02
7.840000000000000000e+02
7.800000000000000000e+02
7.880000000000000000e+02
7.840000000000000000e+02
7.840000000000000000e+02
7.840000000000000000e+02
4.480000000000000000e+02
4.440000000000000000e+02
5.120000000000000000e+02
5.133333333333333712e+02
5.000000000000000000e+02
5.000000000000000000e+02
4.960000000000000000e+02
5.000000000000000000e+02
5.040000000000000000e+02
5.040000000000000000e+02
4.440000000000000000e+02
7.880000000000000000e+02
7.800000000000000000e+02
7.840000000000000000e+02
7.880000000000000000e+02
7.893333333333333712e+02
7.860000000000000000e+02
7.800000000000000000e+02
7.853333333333333712e+02
7.940000000000000000e+02
5.160000000000000000e+02
5.440000000000000000e+02
5.173333333333333712e+02
5.133333333333333712e+02
4.986666666666666856e+02
7.906666666666666288e+02
7.880000000000000000e+02
7.920000000000000000e+02
7.960000000000000000e+02
7.830000000000000000e+02
4.360000000000000000e+02
4.370000000000000000e+02
4.320000000000000000e+02
4.280000000000000000e+02
4.200000000000000000e+02
4.720000000000000000e+02
4.610000000000000000e+02
4.640000000000000000e+02
4.560000000000000000e+02
4.200000000000000000e+02
4.240000000000000000e+02
4.310000000000000000e+02
4.250000000000000000e+02
4.200000000000000000e+02
4.266666666666666856e+02
4.400000000000000000e+02
4.360000000000000000e+02
4.400000000000000000e+02
4.480000000000000000e+02
4.400000000000000000e+02
4.400000000000000000e+02
4.480000000000000000e+02
5.240000000000000000e+02
5.200000000000000000e+02
5.200000000000000000e+02
5.170000000000000000e+02
4.760000000000000000e+02
4.360000000000000000e+02
4.360000000000000000e+02
4.280000000000000000e+02
4.320000000000000000e+02
4.200000000000000000e+02
4.200000000000000000e+02
4.240000000000000000e+02
4.160000000000000000e+02
4.200000000000000000e+02
4.120000000000000000e+02
4.160000000000000000e+02
4.200000000000000000e+02
4.200000000000000000e+02
4.120000000000000000e+02
4.160000000000000000e+02
4.120000000000000000e+02
4.120000000000000000e+02
4.200000000000000000e+02
4.160000000000000000e+02
4.240000000000000000e+02
4.240000000000000000e+02
4.120000000000000000e+02
4.240000000000000000e+02
4.280000000000000000e+02
4.360000000000000000e+02
4.360000000000000000e+02
4.400000000000000000e+02
5.360000000000000000e+02
5.200000000000000000e+02
5.200000000000000000e+02
5.190000000000000000e+02
4.680000000000000000e+02
4.400000000000000000e+02
4.320000000000000000e+02
4.240000000000000000e+02
4.280000000000000000e+02
4.160000000000000000e+02
3.960000000000000000e+02
4.240000000000000000e+02
3.970000000000000000e+02
3.960000000000000000e+02
4.160000000000000000e+02
4.200000000000000000e+02
4.080000000000000000e+02
4.080000000000000000e+02
4.200000000000000000e+02
4.000000000000000000e+02
4.130000000000000000e+02
4.160000000000000000e+02
4.240000000000000000e+02
4.080000000000000000e+02
4.120000000000000000e+02
4.200000000000000000e+02
4.160000000000000000e+02
4.240000000000000000e+02
4.240000000000000000e+02
4.360000000000000000e+02
4.266666666666666856e+02
4.640000000000000000e+02
5.160000000000000000e+02
5.200000000000000000e+02
5.200000000000000000e+02
5.200000000000000000e+02
4.640000000000000000e+02
4.680000000000000000e+02
4.240000000000000000e+02
4.200000000000000000e+02
4.280000000000000000e+02
4.280000000000000000e+02
4.240000000000000000e+02
4.120000000000000000e+02
4.000000000000000000e+02
3.960000000000000000e+02
4.053333333333333144e+02
4.240000000000000000e+02
4.360000000000000000e+02
4.360000000000000000e+02
4.230000000000000000e+02
4.200000000000000000e+02
4.280000000000000000e+02
4.170000000000000000e+02
4.040000000000000000e+02
4.000000000000000000e+02
4.160000000000000000e+02
4.200000000000000000e+02
4.240000000000000000e+02
4.280000000000000000e+02
4.360000000000000000e+02
4.680000000000000000e+02
4.250000000000000000e+02
5.120000000000000000e+02
5.120000000000000000e+02
5.133333333333333712e+02
5.373333333333333712e+02
5.440000000000000000e+02
5.380000000000000000e+02
5.320000000000000000e+02
4.200000000000000000e+02
4.900000000000000000e+02
4.840000000000000000e+02
4.280000000000000000e+02
4.240000000000000000e+02
4.320000000000000000e+02
4.306666666666666856e+02
4.240000000000000000e+02
4.200000000000000000e+02
4.560000000000000000e+02
4.880000000000000000e+02
4.960000000000000000e+02
4.960000000000000000e+02
4.880000000000000000e+02
4.420000000000000000e+02
4.760000000000000000e+02
4.240000000000000000e+02
4.240000000000000000e+02
4.280000000000000000e+02
4.240000000000000000e+02
4.240000000000000000e+02
4.160000000000000000e+02
4.760000000000000000e+02
4.720000000000000000e+02
4.706666666666666856e+02
5.280000000000000000e+02
5.520000000000000000e+02
5.440000000000000000e+02
