3.456000000000000227e+02
3.456000000000000227e+02
3.424000000000000341e+02
3.456000000000000227e+02
4.224000000000000341e+02
4.256000000000000227e+02
3.552000000000000455e+02
3.584000000000000341e+02
3.680000000000000000e+02
3.712000000000000455e+02
3.840000000000000000e+02
3.808000000000000114e+02
3.680000000000000000e+02
3.744000000000000341e+02
3.776000000000000227e+02
3.776000000000000227e+02
3.872000000000000455e+02
3.904000000000000341e+02
3.904000000000000341e+02
3.808000000000000114e+02
4.352000000000000455e+02
3.392000000000000455e+02
3.456000000000000227e+02
3.520000000000000000e+02
3.552000000000000455e+02
3.520000000000000000e+02
3.552000000000000455e+02
4.224000000000000341e+02
4.224000000000000341e+02
3.424000000000000341e+02
3.392000000000000455e+02
3.424000000000000341e+02
3.424000000000000341e+02
3.392000000000000455e+02
3.392000000000000455e+02
3.360000000000000000e+02
3.424000000000000341e+02
3.328000000000000114e+02
3.328000000000000114e+02
3.328000000000000114e+02
3.392000000000000455e+02
3.392000000000000455e+02
3.456000000000000227e+02
3.424000000000000341e+02
3.392000000000000455e+02
3.392000000000000455e+02
3.360000000000000000e+02
3.392000000000000455e+02
3.488000000000000114e+02
3.488000000000000114e+02
3.360000000000000000e+02
3.360000000000000000e+02
3.424000000000000341e+02
3.424000000000000341e+02
3.392000000000000455e+02
3.424000000000000341e+02
4.000000000000000000e+02
3.808000000000000114e+02
3.616000000000000227e+02
3.584000000000000341e+02
3.584000000000000341e+02
3.456000000000000227e+02
3.744000000000000341e+02
3.776000000000000227e+02
3.808000000000000114e+02
3.840000000000000000e+02
3.552000000000000455e+02
3.520000000000000000e+02
3.456000000000000227e+02
3.424000000000000341e+02
3.456000000000000227e+02
3.520000000000000000e+02
3.584000000000000341e+02
3.552000000000000455e+02
3.424000000000000341e+02
3.392000000000000455e+02
3.392000000000000455e+02
3.424000000000000341e+02
3.392000000000000455e+02
3.360000000000000000e+02
3.392000000000000455e+02
3.360000000000000000e+02
3.360000000000000000e+02
3.392000000000000455e+02
3.424000000000000341e+02
3.456000000000000227e+02
3.488000000000000114e+02
3.392000000000000455e+02
3.424000000000000341e+02
3.360000000000000000e+02
3.392000000000000455e+02
3.392000000000000455e+02
3.392000000000000455e+02
3.296000000000000227e+02
3.296000000000000227e+02
3.296000000000000227e+02
3.200000000000000000e+02
3.200000000000000000e+02
3.456000000000000227e+02
3.488000000000000114e+02
3.488000000000000114e+02
3.456000000000000227e+02
3.424000000000000341e+02
3.680000000000000000e+02
3.712000000000000455e+02
3.488000000000000114e+02
3.520000000000000000e+02
3.488000000000000114e+02
3.712000000000000455e+02
3.712000000000000455e+02
3.680000000000000000e+02
3.680000000000000000e+02
3.968000000000000114e+02
4.000000000000000000e+02
3.936000000000000227e+02
3.904000000000000341e+02
3.456000000000000227e+02
3.456000000000000227e+02
3.424000000000000341e+02
3.456000000000000227e+02
3.584000000000000341e+02
3.648000000000000114e+02
3.680000000000000000e+02
3.744000000000000341e+02
3.488000000000000114e+02
3.520000000000000000e+02
3.648000000000000114e+02
3.776000000000000227e+02
3.328000000000000114e+02
3.392000000000000455e+02
3.392000000000000455e+02
3.392000000000000455e+02
3.360000000000000000e+02
3.328000000000000114e+02
3.200000000000000000e+02
3.296000000000000227e+02
3.392000000000000455e+02
3.392000000000000455e+02
3.392000000000000455e+02
3.392000000000000455e+02
3.392000000000000455e+02
3.360000000000000000e+02
3.360000000000000000e+02
3.392000000000000455e+02
3.424000000000000341e+02
3.456000000000000227e+02
3.424000000000000341e+02
3.456000000000000227e+02
3.456000000000000227e+02
3.424000000000000341e+02
3.424000000000000341e+02
3.424000000000000341e+02
3.488000000000000114e+02
3.456000000000000227e+02
3.456000000000000227e+02
3.456000000000000227e+02
3.392000000000000455e+02
3.360000000000000000e+02
3.328000000000000114e+02
3.360000000000000000e+02
3.424000000000000341e+02
3.424000000000000341e+02
3.392000000000000455e+02
3.392000000000000455e+02
3.360000000000000000e+02
3.392000000000000455e+02
3.328000000000000114e+02
3.296000000000000227e+02
3.264000000000000341e+02
3.200000000000000000e+02
3.264000000000000341e+02
3.328000000000000114e+02
3.072000000000000455e+02
3.488000000000000114e+02
3.488000000000000114e+02
3.456000000000000227e+02
3.328000000000000114e+02
3.328000000000000114e+02
3.328000000000000114e+02
3.296000000000000227e+02
3.712000000000000455e+02
3.776000000000000227e+02
3.744000000000000341e+02
3.712000000000000455e+02
3.712000000000000455e+02
3.744000000000000341e+02
3.712000000000000455e+02
3.584000000000000341e+02
3.584000000000000341e+02
3.552000000000000455e+02
3.520000000000000000e+02
3.520000000000000000e+02
3.552000000000000455e+02
3.488000000000000114e+02
3.648000000000000114e+02
3.680000000000000000e+02
3.744000000000000341e+02
3.744000000000000341e+02
3.744000000000000341e+02
3.744000000000000341e+02
3.776000000000000227e+02
3.744000000000000341e+02
3.744000000000000341e+02
3.776000000000000227e+02
3.712000000000000455e+02
3.264000000000000341e+02
3.296000000000000227e+02
3.392000000000000455e+02
3.488000000000000114e+02
3.072000000000000455e+02
3.104000000000000341e+02
3.136000000000000227e+02
3.200000000000000000e+02
3.200000000000000000e+02
3.232000000000000455e+02
3.200000000000000000e+02
3.200000000000000000e+02
3.200000000000000000e+02
3.328000000000000114e+02
3.392000000000000455e+02
3.392000000000000455e+02
3.392000000000000455e+02
3.360000000000000000e+02
3.360000000000000000e+02
3.264000000000000341e+02
3.264000000000000341e+02
3.264000000000000341e+02
3.264000000000000341e+02
3.392000000000000455e+02
3.392000000000000455e+02
3.392000000000000455e+02
3.392000000000000455e+02
3.392000000000000455e+02
3.328000000000000114e+02
3.424000000000000341e+02
3.200000000000000000e+02
3.360000000000000000e+02
3.264000000000000341e+02
3.264000000000000341e+02
3.264000000000000341e+02
3.264000000000000341e+02
3.296000000000000227e+02
3.360000000000000000e+02
3.360000000000000000e+02
3.328000000000000114e+02
3.328000000000000114e+02
3.392000000000000455e+02
3.008000000000000114e+02
3.040000000000000000e+02
3.104000000000000341e+02
3.104000000000000341e+02
3.136000000000000227e+02
3.104000000000000341e+02
3.104000000000000341e+02
3.168000000000000114e+02
3.168000000000000114e+02
3.200000000000000000e+02
3.200000000000000000e+02
3.168000000000000114e+02
3.168000000000000114e+02
3.200000000000000000e+02
3.232000000000000455e+02
3.264000000000000341e+02
3.232000000000000455e+02
3.744000000000000341e+02
3.680000000000000000e+02
3.712000000000000455e+02
3.712000000000000455e+02
3.680000000000000000e+02
3.648000000000000114e+02
3.584000000000000341e+02
3.520000000000000000e+02
3.552000000000000455e+02
3.520000000000000000e+02
3.520000000000000000e+02
3.520000000000000000e+02
3.712000000000000455e+02
3.712000000000000455e+02
3.712000000000000455e+02
3.712000000000000455e+02
3.712000000000000455e+02
3.712000000000000455e+02
3.744000000000000341e+02
3.712000000000000455e+02
3.712000000000000455e+02
3.680000000000000000e+02
3.648000000000000114e+02
3.168000000000000114e+02
3.136000000000000227e+02
3.168000000000000114e+02
3.136000000000000227e+02
3.136000000000000227e+02
3.072000000000000455e+02
3.072000000000000455e+02
3.104000000000000341e+02
3.072000000000000455e+02
3.072000000000000455e+02
3.072000000000000455e+02
3.072000000000000455e+02
3.008000000000000114e+02
3.008000000000000114e+02
3.072000000000000455e+02
3.072000000000000455e+02
3.200000000000000000e+02
3.328000000000000114e+02
3.328000000000000114e+02
3.328000000000000114e+02
3.328000000000000114e+02
3.296000000000000227e+02
3.392000000000000455e+02
3.392000000000000455e+02
3.424000000000000341e+02
3.424000000000000341e+02
3.424000000000000341e+02
3.456000000000000227e+02
3.360000000000000000e+02
3.424000000000000341e+02
3.456000000000000227e+02
3.392000000000000455e+02
3.328000000000000114e+02
3.328000000000000114e+02
3.296000000000000227e+02
3.328000000000000114e+02
3.328000000000000114e+02
3.392000000000000455e+02
3.456000000000000227e+02
3.392000000000000455e+02
3.328000000000000114e+02
3.200000000000000000e+02
3.104000000000000341e+02
3.136000000000000227e+02
3.136000000000000227e+02
3.072000000000000455e+02
3.072000000000000455e+02
3.072000000000000455e+02
3.104000000000000341e+02
3.104000000000000341e+02
3.168000000000000114e+02
3.136000000000000227e+02
3.104000000000000341e+02
3.104000000000000341e+02
3.104000000000000341e+02
3.136000000000000227e+02
3.168000000000000114e+02
3.712000000000000455e+02
3.712000000000000455e+02
3.744000000000000341e+02
3.712000000000000455e+02
3.712000000000000455e+02
3.744000000000000341e+02
3.744000000000000341e+02
3.648000000000000114e+02
3.616000000000000227e+02
3.552000000000000455e+02
3.520000000000000000e+02
3.552000000000000455e+02
3.488000000000000114e+02
3.616000000000000227e+02
3.712000000000000455e+02
3.744000000000000341e+02
3.744000000000000341e+02
3.712000000000000455e+02
3.744000000000000341e+02
3.744000000000000341e+02
3.744000000000000341e+02
3.712000000000000455e+02
3.712000000000000455e+02
3.776000000000000227e+02
3.136000000000000227e+02
3.072000000000000455e+02
3.136000000000000227e+02
3.136000000000000227e+02
3.136000000000000227e+02
3.136000000000000227e+02
3.104000000000000341e+02
3.072000000000000455e+02
3.104000000000000341e+02
3.104000000000000341e+02
3.104000000000000341e+02
3.168000000000000114e+02
3.168000000000000114e+02
3.168000000000000114e+02
3.168000000000000114e+02
3.072000000000000455e+02
3.136000000000000227e+02
3.488000000000000114e+02
3.456000000000000227e+02
3.264000000000000341e+02
3.328000000000000114e+02
3.296000000000000227e+02
3.328000000000000114e+02
3.296000000000000227e+02
3.328000000000000114e+02
3.328000000000000114e+02
3.360000000000000000e+02
3.392000000000000455e+02
3.392000000000000455e+02
3.424000000000000341e+02
3.392000000000000455e+02
3.424000000000000341e+02
3.456000000000000227e+02
3.424000000000000341e+02
3.424000000000000341e+02
3.392000000000000455e+02
3.360000000000000000e+02
3.360000000000000000e+02
3.328000000000000114e+02
3.296000000000000227e+02
3.296000000000000227e+02
3.392000000000000455e+02
3.392000000000000455e+02
3.456000000000000227e+02
2.944000000000000341e+02
3.008000000000000114e+02
3.168000000000000114e+02
3.168000000000000114e+02
3.168000000000000114e+02
3.136000000000000227e+02
3.104000000000000341e+02
3.072000000000000455e+02
3.136000000000000227e+02
3.136000000000000227e+02
3.136000000000000227e+02
3.104000000000000341e+02
3.136000000000000227e+02
3.168000000000000114e+02
3.136000000000000227e+02
3.744000000000000341e+02
3.744000000000000341e+02
3.744000000000000341e+02
3.680000000000000000e+02
3.712000000000000455e+02
3.712000000000000455e+02
3.712000000000000455e+02
3.712000000000000455e+02
3.712000000000000455e+02
3.712000000000000455e+02
3.744000000000000341e+02
3.744000000000000341e+02
3.616000000000000227e+02
3.584000000000000341e+02
3.552000000000000455e+02
3.584000000000000341e+02
3.552000000000000455e+02
3.488000000000000114e+02
3.744000000000000341e+02
3.744000000000000341e+02
3.744000000000000341e+02
3.744000000000000341e+02
3.744000000000000341e+02
3.744000000000000341e+02
3.744000000000000341e+02
3.712000000000000455e+02
3.712000000000000455e+02
3.712000000000000455e+02
3.136000000000000227e+02
3.168000000000000114e+02
3.168000000000000114e+02
3.136000000000000227e+02
3.168000000000000114e+02
3.168000000000000114e+02
3.136000000000000227e+02
3.104000000000000341e+02
3.072000000000000455e+02
3.040000000000000000e+02
3.040000000000000000e+02
3.072000000000000455e+02
3.072000000000000455e+02
3.072000000000000455e+02
3.072000000000000455e+02
3.072000000000000455e+02
3.008000000000000114e+02
3.360000000000000000e+02
3.392000000000000455e+02
3.328000000000000114e+02
3.328000000000000114e+02
3.328000000000000114e+02
3.328000000000000114e+02
3.328000000000000114e+02
3.328000000000000114e+02
3.392000000000000455e+02
3.488000000000000114e+02
3.456000000000000227e+02
3.424000000000000341e+02
3.360000000000000000e+02
3.360000000000000000e+02
3.424000000000000341e+02
3.392000000000000455e+02
3.360000000000000000e+02
3.360000000000000000e+02
3.296000000000000227e+02
3.296000000000000227e+02
3.328000000000000114e+02
3.360000000000000000e+02
3.392000000000000455e+02
3.328000000000000114e+02
3.104000000000000341e+02
3.072000000000000455e+02
3.072000000000000455e+02
3.136000000000000227e+02
3.072000000000000455e+02
3.104000000000000341e+02
3.072000000000000455e+02
3.136000000000000227e+02
3.104000000000000341e+02
3.104000000000000341e+02
3.168000000000000114e+02
3.136000000000000227e+02
3.200000000000000000e+02
3.200000000000000000e+02
3.200000000000000000e+02
3.232000000000000455e+02
3.136000000000000227e+02
3.680000000000000000e+02
3.648000000000000114e+02
3.712000000000000455e+02
3.712000000000000455e+02
3.744000000000000341e+02
3.712000000000000455e+02
3.744000000000000341e+02
3.712000000000000455e+02
3.680000000000000000e+02
3.712000000000000455e+02
3.552000000000000455e+02
3.552000000000000455e+02
3.616000000000000227e+02
3.680000000000000000e+02
3.680000000000000000e+02
3.680000000000000000e+02
3.712000000000000455e+02
3.712000000000000455e+02
3.744000000000000341e+02
3.712000000000000455e+02
3.680000000000000000e+02
3.744000000000000341e+02
3.680000000000000000e+02
3.200000000000000000e+02
3.744000000000000341e+02
3.648000000000000114e+02
3.648000000000000114e+02
3.168000000000000114e+02
3.168000000000000114e+02
3.200000000000000000e+02
3.168000000000000114e+02
3.200000000000000000e+02
3.168000000000000114e+02
3.136000000000000227e+02
3.232000000000000455e+02
3.232000000000000455e+02
3.168000000000000114e+02
3.136000000000000227e+02
3.136000000000000227e+02
3.168000000000000114e+02
3.136000000000000227e+02
3.136000000000000227e+02
3.456000000000000227e+02
3.520000000000000000e+02
3.488000000000000114e+02
3.520000000000000000e+02
3.360000000000000000e+02
3.328000000000000114e+02
3.360000000000000000e+02
3.328000000000000114e+02
3.360000000000000000e+02
3.424000000000000341e+02
3.520000000000000000e+02
3.584000000000000341e+02
3.712000000000000455e+02
3.520000000000000000e+02
3.520000000000000000e+02
3.136000000000000227e+02
3.392000000000000455e+02
3.392000000000000455e+02
3.424000000000000341e+02
3.456000000000000227e+02
3.424000000000000341e+02
3.488000000000000114e+02
3.328000000000000114e+02
3.232000000000000455e+02
3.104000000000000341e+02
3.104000000000000341e+02
3.168000000000000114e+02
3.232000000000000455e+02
3.264000000000000341e+02
3.200000000000000000e+02
3.232000000000000455e+02
3.200000000000000000e+02
3.200000000000000000e+02
3.168000000000000114e+02
3.168000000000000114e+02
3.104000000000000341e+02
3.776000000000000227e+02
3.776000000000000227e+02
3.712000000000000455e+02
3.744000000000000341e+02
3.744000000000000341e+02
3.680000000000000000e+02
3.776000000000000227e+02
3.744000000000000341e+02
3.744000000000000341e+02
3.744000000000000341e+02
3.712000000000000455e+02
3.712000000000000455e+02
3.584000000000000341e+02
3.584000000000000341e+02
3.552000000000000455e+02
3.584000000000000341e+02
3.552000000000000455e+02
3.584000000000000341e+02
3.648000000000000114e+02
3.712000000000000455e+02
3.680000000000000000e+02
3.712000000000000455e+02
3.712000000000000455e+02
3.744000000000000341e+02
3.648000000000000114e+02
3.648000000000000114e+02
3.520000000000000000e+02
3.840000000000000000e+02
3.488000000000000114e+02
3.488000000000000114e+02
3.488000000000000114e+02
3.488000000000000114e+02
3.264000000000000341e+02
3.232000000000000455e+02
3.264000000000000341e+02
3.328000000000000114e+02
3.104000000000000341e+02
3.040000000000000000e+02
3.424000000000000341e+02
3.136000000000000227e+02
3.136000000000000227e+02
3.136000000000000227e+02
3.232000000000000455e+02
3.392000000000000455e+02
3.424000000000000341e+02
3.424000000000000341e+02
3.456000000000000227e+02
3.424000000000000341e+02
3.424000000000000341e+02
3.392000000000000455e+02
3.360000000000000000e+02
3.360000000000000000e+02
3.424000000000000341e+02
3.520000000000000000e+02
3.552000000000000455e+02
3.296000000000000227e+02
3.296000000000000227e+02
3.328000000000000114e+02
3.616000000000000227e+02
3.584000000000000341e+02
3.488000000000000114e+02
3.424000000000000341e+02
3.392000000000000455e+02
3.424000000000000341e+02
3.392000000000000455e+02
3.424000000000000341e+02
3.456000000000000227e+02
3.424000000000000341e+02
3.168000000000000114e+02
3.168000000000000114e+02
3.136000000000000227e+02
3.136000000000000227e+02
3.200000000000000000e+02
3.264000000000000341e+02
3.552000000000000455e+02
3.264000000000000341e+02
3.264000000000000341e+02
3.264000000000000341e+02
3.296000000000000227e+02
3.552000000000000455e+02
3.584000000000000341e+02
3.552000000000000455e+02
3.584000000000000341e+02
3.424000000000000341e+02
3.424000000000000341e+02
3.776000000000000227e+02
3.744000000000000341e+02
3.712000000000000455e+02
3.712000000000000455e+02
3.776000000000000227e+02
3.840000000000000000e+02
3.744000000000000341e+02
3.744000000000000341e+02
3.712000000000000455e+02
3.680000000000000000e+02
3.712000000000000455e+02
3.712000000000000455e+02
3.712000000000000455e+02
3.712000000000000455e+02
3.712000000000000455e+02
3.808000000000000114e+02
3.712000000000000455e+02
3.648000000000000114e+02
3.648000000000000114e+02
3.680000000000000000e+02
3.680000000000000000e+02
3.712000000000000455e+02
3.648000000000000114e+02
3.488000000000000114e+02
3.456000000000000227e+02
3.456000000000000227e+02
3.328000000000000114e+02
3.264000000000000341e+02
3.296000000000000227e+02
3.328000000000000114e+02
3.328000000000000114e+02
3.424000000000000341e+02
3.392000000000000455e+02
3.392000000000000455e+02
3.392000000000000455e+02
3.328000000000000114e+02
3.392000000000000455e+02
3.424000000000000341e+02
3.456000000000000227e+02
3.456000000000000227e+02
3.424000000000000341e+02
3.456000000000000227e+02
3.456000000000000227e+02
3.424000000000000341e+02
3.392000000000000455e+02
3.584000000000000341e+02
3.552000000000000455e+02
3.552000000000000455e+02
4.096000000000000227e+02
3.552000000000000455e+02
3.520000000000000000e+02
3.456000000000000227e+02
3.488000000000000114e+02
3.456000000000000227e+02
3.360000000000000000e+02
3.360000000000000000e+02
3.392000000000000455e+02
3.456000000000000227e+02
3.456000000000000227e+02
3.584000000000000341e+02
3.232000000000000455e+02
3.264000000000000341e+02
3.264000000000000341e+02
3.232000000000000455e+02
3.680000000000000000e+02
3.712000000000000455e+02
3.840000000000000000e+02
3.840000000000000000e+02
3.776000000000000227e+02
3.744000000000000341e+02
3.776000000000000227e+02
3.744000000000000341e+02
3.712000000000000455e+02
3.776000000000000227e+02
3.648000000000000114e+02
3.648000000000000114e+02
3.680000000000000000e+02
3.680000000000000000e+02
3.680000000000000000e+02
3.616000000000000227e+02
3.680000000000000000e+02
3.680000000000000000e+02
3.712000000000000455e+02
3.680000000000000000e+02
3.616000000000000227e+02
3.616000000000000227e+02
3.904000000000000341e+02
4.032000000000000455e+02
3.488000000000000114e+02
3.520000000000000000e+02
3.360000000000000000e+02
3.424000000000000341e+02
3.424000000000000341e+02
3.456000000000000227e+02
3.456000000000000227e+02
3.456000000000000227e+02
3.424000000000000341e+02
3.424000000000000341e+02
4.256000000000000227e+02
4.192000000000000455e+02
4.160000000000000000e+02
3.424000000000000341e+02
3.456000000000000227e+02
3.424000000000000341e+02
3.424000000000000341e+02
3.392000000000000455e+02
3.392000000000000455e+02
3.424000000000000341e+02
3.392000000000000455e+02
3.488000000000000114e+02
3.584000000000000341e+02
3.456000000000000227e+02
4.224000000000000341e+02
4.256000000000000227e+02
4.224000000000000341e+02
4.256000000000000227e+02
3.392000000000000455e+02
3.424000000000000341e+02
3.456000000000000227e+02
3.488000000000000114e+02
3.456000000000000227e+02
3.424000000000000341e+02
3.360000000000000000e+02
3.360000000000000000e+02
3.328000000000000114e+02
4.256000000000000227e+02
4.256000000000000227e+02
4.320000000000000000e+02
4.320000000000000000e+02
3.712000000000000455e+02
3.552000000000000455e+02
3.552000000000000455e+02
3.648000000000000114e+02
3.680000000000000000e+02
3.680000000000000000e+02
3.712000000000000455e+02
3.712000000000000455e+02
3.680000000000000000e+02
3.680000000000000000e+02
3.712000000000000455e+02
3.680000000000000000e+02
3.712000000000000455e+02
3.680000000000000000e+02
3.552000000000000455e+02
3.552000000000000455e+02
4.128000000000000114e+02
4.256000000000000227e+02
4.224000000000000341e+02
4.224000000000000341e+02
4.224000000000000341e+02
4.352000000000000455e+02
3.808000000000000114e+02
4.384000000000000341e+02
3.392000000000000455e+02
3.520000000000000000e+02
3.456000000000000227e+02
3.488000000000000114e+02
3.488000000000000114e+02
4.288000000000000114e+02
4.288000000000000114e+02
4.288000000000000114e+02
4.256000000000000227e+02
4.256000000000000227e+02
4.224000000000000341e+02
4.256000000000000227e+02
3.392000000000000455e+02
3.392000000000000455e+02
3.424000000000000341e+02
3.424000000000000341e+02
4.064000000000000341e+02
4.096000000000000227e+02
3.488000000000000114e+02
4.160000000000000000e+02
4.256000000000000227e+02
4.288000000000000114e+02
4.256000000000000227e+02
4.256000000000000227e+02
3.488000000000000114e+02
3.424000000000000341e+02
3.424000000000000341e+02
3.456000000000000227e+02
4.192000000000000455e+02
4.224000000000000341e+02
4.224000000000000341e+02
4.032000000000000455e+02
4.064000000000000341e+02
4.096000000000000227e+02
4.224000000000000341e+02
4.320000000000000000e+02
3.872000000000000455e+02
3.904000000000000341e+02
3.904000000000000341e+02
3.808000000000000114e+02
3.680000000000000000e+02
3.712000000000000455e+02
3.744000000000000341e+02
3.648000000000000114e+02
3.680000000000000000e+02
3.680000000000000000e+02
3.648000000000000114e+02
3.680000000000000000e+02
3.680000000000000000e+02
3.680000000000000000e+02
3.680000000000000000e+02
4.192000000000000455e+02
4.160000000000000000e+02
4.192000000000000455e+02
4.128000000000000114e+02
4.096000000000000227e+02
4.096000000000000227e+02
4.416000000000000227e+02
4.256000000000000227e+02
4.256000000000000227e+02
4.288000000000000114e+02
4.288000000000000114e+02
4.256000000000000227e+02
4.256000000000000227e+02
4.288000000000000114e+02
4.224000000000000341e+02
3.456000000000000227e+02
