6.520000000000000000e+02
6.560000000000000000e+02
6.480000000000000000e+02
7.493333333333333712e+02
6.440000000000000000e+02
7.450000000000000000e+02
7.480000000000000000e+02
4.786666666666666856e+02
4.870000000000000000e+02
4.800000000000000000e+02
4.386666666666666856e+02
4.280000000000000000e+02
4.300000000000000000e+02
6.800000000000000000e+02
7.640000000000000000e+02
4.240000000000000000e+02
7.030000000000000000e+02
7.570000000000000000e+02
7.610000000000000000e+02
7.390000000000000000e+02
7.493333333333333712e+02
7.480000000000000000e+02
7.500000000000000000e+02
7.533333333333333712e+02
7.510000000000000000e+02
7.546666666666666288e+02
6.870000000000000000e+02
7.590000000000000000e+02
7.560000000000000000e+02
7.040000000000000000e+02
6.960000000000000000e+02
7.000000000000000000e+02
7.550000000000000000e+02
4.460000000000000000e+02
4.650000000000000000e+02
7.520000000000000000e+02
7.430000000000000000e+02
7.500000000000000000e+02
6.490000000000000000e+02
6.480000000000000000e+02
6.520000000000000000e+02
6.520000000000000000e+02
6.520000000000000000e+02
6.520000000000000000e+02
6.480000000000000000e+02
6.540000000000000000e+02
7.120000000000000000e+02
7.440000000000000000e+02
4.280000000000000000e+02
6.960000000000000000e+02
4.630000000000000000e+02
6.880000000000000000e+02
6.920000000000000000e+02
6.840000000000000000e+02
7.520000000000000000e+02
7.500000000000000000e+02
7.480000000000000000e+02
7.420000000000000000e+02
4.240000000000000000e+02
4.200000000000000000e+02
4.200000000000000000e+02
4.120000000000000000e+02
7.213333333333333712e+02
4.240000000000000000e+02
4.120000000000000000e+02
4.160000000000000000e+02
4.160000000000000000e+02
4.200000000000000000e+02
4.250000000000000000e+02
4.280000000000000000e+02
7.386666666666666288e+02
7.400000000000000000e+02
7.400000000000000000e+02
7.493333333333333712e+02
4.860000000000000000e+02
4.970000000000000000e+02
5.320000000000000000e+02
6.906666666666666288e+02
6.780000000000000000e+02
7.020000000000000000e+02
7.050000000000000000e+02
6.480000000000000000e+02
6.480000000000000000e+02
6.520000000000000000e+02
6.520000000000000000e+02
6.520000000000000000e+02
6.440000000000000000e+02
6.480000000000000000e+02
6.400000000000000000e+02
7.573333333333333712e+02
7.480000000000000000e+02
4.920000000000000000e+02
4.960000000000000000e+02
4.986666666666666856e+02
4.920000000000000000e+02
7.360000000000000000e+02
7.410000000000000000e+02
6.600000000000000000e+02
4.970000000000000000e+02
7.253333333333333712e+02
4.213333333333333144e+02
4.120000000000000000e+02
7.560000000000000000e+02
7.580000000000000000e+02
4.270000000000000000e+02
7.470000000000000000e+02
7.306666666666666288e+02
4.586666666666666856e+02
7.346666666666666288e+02
4.280000000000000000e+02
4.240000000000000000e+02
4.130000000000000000e+02
4.920000000000000000e+02
3.986666666666666856e+02
4.840000000000000000e+02
4.960000000000000000e+02
4.920000000000000000e+02
4.960000000000000000e+02
5.000000000000000000e+02
4.960000000000000000e+02
4.000000000000000000e+02
7.506666666666666288e+02
6.400000000000000000e+02
6.426666666666666288e+02
6.440000000000000000e+02
6.440000000000000000e+02
6.440000000000000000e+02
6.320000000000000000e+02
6.293333333333333712e+02
4.200000000000000000e+02
4.080000000000000000e+02
4.040000000000000000e+02
4.120000000000000000e+02
4.920000000000000000e+02
4.880000000000000000e+02
4.960000000000000000e+02
4.960000000000000000e+02
5.000000000000000000e+02
6.920000000000000000e+02
4.040000000000000000e+02
4.120000000000000000e+02
6.920000000000000000e+02
7.410000000000000000e+02
7.533333333333333712e+02
7.540000000000000000e+02
7.480000000000000000e+02
7.420000000000000000e+02
7.550000000000000000e+02
4.830000000000000000e+02
4.120000000000000000e+02
4.240000000000000000e+02
4.253333333333333144e+02
4.170000000000000000e+02
4.360000000000000000e+02
4.000000000000000000e+02
4.400000000000000000e+02
5.000000000000000000e+02
5.000000000000000000e+02
4.960000000000000000e+02
4.960000000000000000e+02
4.160000000000000000e+02
4.120000000000000000e+02
4.120000000000000000e+02
4.140000000000000000e+02
4.160000000000000000e+02
6.320000000000000000e+02
6.280000000000000000e+02
6.320000000000000000e+02
6.320000000000000000e+02
6.280000000000000000e+02
6.306666666666666288e+02
4.040000000000000000e+02
4.253333333333333144e+02
4.160000000000000000e+02
4.120000000000000000e+02
4.040000000000000000e+02
4.066666666666666856e+02
5.000000000000000000e+02
4.960000000000000000e+02
4.960000000000000000e+02
3.920000000000000000e+02
3.800000000000000000e+02
4.093333333333333144e+02
7.500000000000000000e+02
4.140000000000000000e+02
4.440000000000000000e+02
7.480000000000000000e+02
7.440000000000000000e+02
7.450000000000000000e+02
7.150000000000000000e+02
4.080000000000000000e+02
4.080000000000000000e+02
4.120000000000000000e+02
4.240000000000000000e+02
3.800000000000000000e+02
3.920000000000000000e+02
3.920000000000000000e+02
3.920000000000000000e+02
3.920000000000000000e+02
3.880000000000000000e+02
5.040000000000000000e+02
3.920000000000000000e+02
4.000000000000000000e+02
4.120000000000000000e+02
3.960000000000000000e+02
3.840000000000000000e+02
3.880000000000000000e+02
3.960000000000000000e+02
4.920000000000000000e+02
4.920000000000000000e+02
4.880000000000000000e+02
4.840000000000000000e+02
4.000000000000000000e+02
3.890000000000000000e+02
3.840000000000000000e+02
3.840000000000000000e+02
4.060000000000000000e+02
3.840000000000000000e+02
3.840000000000000000e+02
3.800000000000000000e+02
3.880000000000000000e+02
3.880000000000000000e+02
3.880000000000000000e+02
3.840000000000000000e+02
3.760000000000000000e+02
3.840000000000000000e+02
3.920000000000000000e+02
3.800000000000000000e+02
7.460000000000000000e+02
3.880000000000000000e+02
3.790000000000000000e+02
5.000000000000000000e+02
4.500000000000000000e+02
7.460000000000000000e+02
3.790000000000000000e+02
3.960000000000000000e+02
4.200000000000000000e+02
3.760000000000000000e+02
3.800000000000000000e+02
3.840000000000000000e+02
3.840000000000000000e+02
3.840000000000000000e+02
3.840000000000000000e+02
3.840000000000000000e+02
3.720000000000000000e+02
3.760000000000000000e+02
3.760000000000000000e+02
3.800000000000000000e+02
3.760000000000000000e+02
3.800000000000000000e+02
3.960000000000000000e+02
3.920000000000000000e+02
3.840000000000000000e+02
3.840000000000000000e+02
3.760000000000000000e+02
3.640000000000000000e+02
3.720000000000000000e+02
3.640000000000000000e+02
3.680000000000000000e+02
3.640000000000000000e+02
3.720000000000000000e+02
3.800000000000000000e+02
3.880000000000000000e+02
3.840000000000000000e+02
3.840000000000000000e+02
3.840000000000000000e+02
3.720000000000000000e+02
3.680000000000000000e+02
3.680000000000000000e+02
3.720000000000000000e+02
3.720000000000000000e+02
3.980000000000000000e+02
3.960000000000000000e+02
3.850000000000000000e+02
4.000000000000000000e+02
3.706666666666666856e+02
3.680000000000000000e+02
3.680000000000000000e+02
3.680000000000000000e+02
3.640000000000000000e+02
3.640000000000000000e+02
3.640000000000000000e+02
3.760000000000000000e+02
3.850000000000000000e+02
3.960000000000000000e+02
3.360000000000000000e+02
3.320000000000000000e+02
3.600000000000000000e+02
3.640000000000000000e+02
3.600000000000000000e+02
3.440000000000000000e+02
3.560000000000000000e+02
3.720000000000000000e+02
3.640000000000000000e+02
3.680000000000000000e+02
3.680000000000000000e+02
3.520000000000000000e+02
3.560000000000000000e+02
3.560000000000000000e+02
3.640000000000000000e+02
3.450000000000000000e+02
3.480000000000000000e+02
3.320000000000000000e+02
3.800000000000000000e+02
3.840000000000000000e+02
3.840000000000000000e+02
3.520000000000000000e+02
3.650000000000000000e+02
3.680000000000000000e+02
3.640000000000000000e+02
3.600000000000000000e+02
3.720000000000000000e+02
3.690000000000000000e+02
3.720000000000000000e+02
3.933333333333333144e+02
4.040000000000000000e+02
4.160000000000000000e+02
3.640000000000000000e+02
3.760000000000000000e+02
3.800000000000000000e+02
3.640000000000000000e+02
3.640000000000000000e+02
3.680000000000000000e+02
3.680000000000000000e+02
3.700000000000000000e+02
3.840000000000000000e+02
3.840000000000000000e+02
3.440000000000000000e+02
3.520000000000000000e+02
3.560000000000000000e+02
3.560000000000000000e+02
3.600000000000000000e+02
3.600000000000000000e+02
3.640000000000000000e+02
3.720000000000000000e+02
3.720000000000000000e+02
3.720000000000000000e+02
3.720000000000000000e+02
3.680000000000000000e+02
3.560000000000000000e+02
3.600000000000000000e+02
3.680000000000000000e+02
3.760000000000000000e+02
3.800000000000000000e+02
3.840000000000000000e+02
3.880000000000000000e+02
3.980000000000000000e+02
3.800000000000000000e+02
3.640000000000000000e+02
3.600000000000000000e+02
3.640000000000000000e+02
3.600000000000000000e+02
3.680000000000000000e+02
4.260000000000000000e+02
4.000000000000000000e+02
3.940000000000000000e+02
3.466666666666666856e+02
4.120000000000000000e+02
4.020000000000000000e+02
4.040000000000000000e+02
4.013333333333333144e+02
3.746666666666666856e+02
3.640000000000000000e+02
3.640000000000000000e+02
3.560000000000000000e+02
3.680000000000000000e+02
3.730000000000000000e+02
3.840000000000000000e+02
3.840000000000000000e+02
3.640000000000000000e+02
3.760000000000000000e+02
3.720000000000000000e+02
3.730000000000000000e+02
3.760000000000000000e+02
3.640000000000000000e+02
3.640000000000000000e+02
3.533333333333333144e+02
3.800000000000000000e+02
3.720000000000000000e+02
3.520000000000000000e+02
3.680000000000000000e+02
3.760000000000000000e+02
3.680000000000000000e+02
3.720000000000000000e+02
3.760000000000000000e+02
3.760000000000000000e+02
3.720000000000000000e+02
3.840000000000000000e+02
3.800000000000000000e+02
3.760000000000000000e+02
3.830000000000000000e+02
3.680000000000000000e+02
3.680000000000000000e+02
3.560000000000000000e+02
3.813333333333333144e+02
6.740000000000000000e+02
4.186666666666666856e+02
4.080000000000000000e+02
4.080000000000000000e+02
4.146666666666666856e+02
4.320000000000000000e+02
4.240000000000000000e+02
3.853333333333333144e+02
3.760000000000000000e+02
4.360000000000000000e+02
3.720000000000000000e+02
3.680000000000000000e+02
3.680000000000000000e+02
3.720000000000000000e+02
3.760000000000000000e+02
3.760000000000000000e+02
3.773333333333333144e+02
3.720000000000000000e+02
3.720000000000000000e+02
3.720000000000000000e+02
3.760000000000000000e+02
3.880000000000000000e+02
3.840000000000000000e+02
3.800000000000000000e+02
5.040000000000000000e+02
5.160000000000000000e+02
5.173333333333333712e+02
3.960000000000000000e+02
4.010000000000000000e+02
3.920000000000000000e+02
3.680000000000000000e+02
3.720000000000000000e+02
3.720000000000000000e+02
3.720000000000000000e+02
3.920000000000000000e+02
3.830000000000000000e+02
3.800000000000000000e+02
3.693333333333333144e+02
3.640000000000000000e+02
3.720000000000000000e+02
3.720000000000000000e+02
3.720000000000000000e+02
4.940000000000000000e+02
4.120000000000000000e+02
4.120000000000000000e+02
4.240000000000000000e+02
7.226666666666666288e+02
4.000000000000000000e+02
4.266666666666666856e+02
4.140000000000000000e+02
4.230000000000000000e+02
4.240000000000000000e+02
4.320000000000000000e+02
4.240000000000000000e+02
4.830000000000000000e+02
4.870000000000000000e+02
4.960000000000000000e+02
3.760000000000000000e+02
3.680000000000000000e+02
3.720000000000000000e+02
3.720000000000000000e+02
3.720000000000000000e+02
3.900000000000000000e+02
3.800000000000000000e+02
4.360000000000000000e+02
5.080000000000000000e+02
5.160000000000000000e+02
5.160000000000000000e+02
6.200000000000000000e+02
6.200000000000000000e+02
4.120000000000000000e+02
4.200000000000000000e+02
4.320000000000000000e+02
4.080000000000000000e+02
4.160000000000000000e+02
4.946666666666666856e+02
4.960000000000000000e+02
4.960000000000000000e+02
4.960000000000000000e+02
4.960000000000000000e+02
3.920000000000000000e+02
6.310000000000000000e+02
4.080000000000000000e+02
7.190000000000000000e+02
4.280000000000000000e+02
3.960000000000000000e+02
7.533333333333333712e+02
4.230000000000000000e+02
6.740000000000000000e+02
7.480000000000000000e+02
7.470000000000000000e+02
4.386666666666666856e+02
4.150000000000000000e+02
4.200000000000000000e+02
7.520000000000000000e+02
3.733333333333333144e+02
5.000000000000000000e+02
5.030000000000000000e+02
5.040000000000000000e+02
5.040000000000000000e+02
5.040000000000000000e+02
4.226666666666666856e+02
4.200000000000000000e+02
4.240000000000000000e+02
4.280000000000000000e+02
4.320000000000000000e+02
6.240000000000000000e+02
6.240000000000000000e+02
6.240000000000000000e+02
6.280000000000000000e+02
6.240000000000000000e+02
6.240000000000000000e+02
7.480000000000000000e+02
4.240000000000000000e+02
4.240000000000000000e+02
4.160000000000000000e+02
4.120000000000000000e+02
4.973333333333333144e+02
4.960000000000000000e+02
4.960000000000000000e+02
4.960000000000000000e+02
5.000000000000000000e+02
5.040000000000000000e+02
7.480000000000000000e+02
7.440000000000000000e+02
7.520000000000000000e+02
4.900000000000000000e+02
7.480000000000000000e+02
7.040000000000000000e+02
4.280000000000000000e+02
4.200000000000000000e+02
4.280000000000000000e+02
4.200000000000000000e+02
7.493333333333333712e+02
4.240000000000000000e+02
4.320000000000000000e+02
4.320000000000000000e+02
4.240000000000000000e+02
5.030000000000000000e+02
4.960000000000000000e+02
4.960000000000000000e+02
4.960000000000000000e+02
5.000000000000000000e+02
4.960000000000000000e+02
5.000000000000000000e+02
6.400000000000000000e+02
4.240000000000000000e+02
7.310000000000000000e+02
6.320000000000000000e+02
6.360000000000000000e+02
6.320000000000000000e+02
6.360000000000000000e+02
6.320000000000000000e+02
6.320000000000000000e+02
6.320000000000000000e+02
6.390000000000000000e+02
6.360000000000000000e+02
5.010000000000000000e+02
5.000000000000000000e+02
5.000000000000000000e+02
4.960000000000000000e+02
4.960000000000000000e+02
4.973333333333333144e+02
4.960000000000000000e+02
6.970000000000000000e+02
4.210000000000000000e+02
7.480000000000000000e+02
4.306666666666666856e+02
4.280000000000000000e+02
4.320000000000000000e+02
4.333333333333333144e+02
5.100000000000000000e+02
