6.560000000000000000e+02
6.560000000000000000e+02
6.520000000000000000e+02
4.270000000000000000e+02
6.560000000000000000e+02
7.420000000000000000e+02
7.506666666666666288e+02
4.760000000000000000e+02
4.800000000000000000e+02
4.946666666666666856e+02
4.386666666666666856e+02
6.840000000000000000e+02
7.340000000000000000e+02
6.800000000000000000e+02
4.120000000000000000e+02
4.160000000000000000e+02
7.030000000000000000e+02
7.520000000000000000e+02
4.120000000000000000e+02
6.900000000000000000e+02
6.893333333333333712e+02
7.490000000000000000e+02
7.530000000000000000e+02
7.500000000000000000e+02
7.510000000000000000e+02
7.546666666666666288e+02
7.580000000000000000e+02
6.900000000000000000e+02
6.920000000000000000e+02
6.920000000000000000e+02
6.980000000000000000e+02
7.040000000000000000e+02
6.920000000000000000e+02
7.120000000000000000e+02
7.380000000000000000e+02
7.173333333333333712e+02
7.400000000000000000e+02
7.440000000000000000e+02
6.573333333333333712e+02
6.530000000000000000e+02
6.520000000000000000e+02
6.520000000000000000e+02
6.520000000000000000e+02
6.520000000000000000e+02
6.480000000000000000e+02
6.440000000000000000e+02
7.300000000000000000e+02
6.970000000000000000e+02
6.980000000000000000e+02
6.920000000000000000e+02
6.850000000000000000e+02
6.920000000000000000e+02
6.973333333333333712e+02
7.570000000000000000e+02
7.520000000000000000e+02
7.500000000000000000e+02
7.480000000000000000e+02
7.420000000000000000e+02
4.240000000000000000e+02
4.200000000000000000e+02
4.106666666666666856e+02
4.160000000000000000e+02
7.213333333333333712e+02
4.240000000000000000e+02
4.213333333333333144e+02
4.160000000000000000e+02
4.160000000000000000e+02
7.360000000000000000e+02
4.250000000000000000e+02
7.400000000000000000e+02
7.386666666666666288e+02
7.440000000000000000e+02
7.373333333333333712e+02
7.410000000000000000e+02
6.853333333333333712e+02
6.786666666666666288e+02
4.740000000000000000e+02
6.840000000000000000e+02
6.950000000000000000e+02
6.860000000000000000e+02
6.400000000000000000e+02
6.480000000000000000e+02
6.520000000000000000e+02
6.520000000000000000e+02
6.480000000000000000e+02
6.480000000000000000e+02
6.440000000000000000e+02
6.440000000000000000e+02
6.930000000000000000e+02
7.510000000000000000e+02
4.920000000000000000e+02
4.920000000000000000e+02
4.960000000000000000e+02
4.960000000000000000e+02
4.880000000000000000e+02
4.200000000000000000e+02
7.373333333333333712e+02
4.890000000000000000e+02
7.560000000000000000e+02
7.020000000000000000e+02
7.720000000000000000e+02
4.260000000000000000e+02
7.560000000000000000e+02
4.080000000000000000e+02
4.270000000000000000e+02
4.870000000000000000e+02
7.306666666666666288e+02
4.460000000000000000e+02
7.346666666666666288e+02
4.280000000000000000e+02
4.310000000000000000e+02
4.120000000000000000e+02
6.760000000000000000e+02
4.740000000000000000e+02
4.840000000000000000e+02
4.890000000000000000e+02
4.960000000000000000e+02
4.880000000000000000e+02
4.960000000000000000e+02
4.950000000000000000e+02
6.940000000000000000e+02
7.573333333333333712e+02
6.440000000000000000e+02
6.400000000000000000e+02
6.440000000000000000e+02
6.440000000000000000e+02
6.440000000000000000e+02
6.373333333333333712e+02
6.293333333333333712e+02
4.200000000000000000e+02
7.480000000000000000e+02
4.040000000000000000e+02
4.120000000000000000e+02
4.990000000000000000e+02
4.880000000000000000e+02
4.920000000000000000e+02
4.960000000000000000e+02
4.960000000000000000e+02
3.960000000000000000e+02
4.040000000000000000e+02
4.093333333333333144e+02
4.040000000000000000e+02
4.140000000000000000e+02
7.533333333333333712e+02
7.510000000000000000e+02
7.413333333333333712e+02
7.450000000000000000e+02
7.400000000000000000e+02
6.960000000000000000e+02
3.790000000000000000e+02
4.170000000000000000e+02
4.253333333333333144e+02
4.220000000000000000e+02
4.360000000000000000e+02
4.533333333333333144e+02
4.410000000000000000e+02
4.986666666666666856e+02
5.000000000000000000e+02
4.960000000000000000e+02
4.960000000000000000e+02
4.120000000000000000e+02
4.120000000000000000e+02
4.080000000000000000e+02
4.120000000000000000e+02
6.453333333333333712e+02
6.320000000000000000e+02
6.280000000000000000e+02
6.320000000000000000e+02
6.360000000000000000e+02
6.290000000000000000e+02
4.200000000000000000e+02
4.080000000000000000e+02
4.050000000000000000e+02
4.120000000000000000e+02
4.160000000000000000e+02
4.040000000000000000e+02
5.040000000000000000e+02
5.000000000000000000e+02
4.960000000000000000e+02
5.000000000000000000e+02
3.880000000000000000e+02
3.800000000000000000e+02
4.066666666666666856e+02
7.520000000000000000e+02
7.490000000000000000e+02
4.390000000000000000e+02
7.480000000000000000e+02
7.440000000000000000e+02
7.450000000000000000e+02
4.200000000000000000e+02
4.080000000000000000e+02
4.080000000000000000e+02
4.280000000000000000e+02
3.840000000000000000e+02
3.840000000000000000e+02
3.853333333333333144e+02
3.850000000000000000e+02
3.920000000000000000e+02
3.920000000000000000e+02
3.840000000000000000e+02
5.040000000000000000e+02
3.920000000000000000e+02
4.080000000000000000e+02
4.120000000000000000e+02
3.960000000000000000e+02
3.880000000000000000e+02
3.920000000000000000e+02
3.960000000000000000e+02
4.960000000000000000e+02
4.920000000000000000e+02
4.920000000000000000e+02
4.840000000000000000e+02
4.000000000000000000e+02
3.960000000000000000e+02
3.840000000000000000e+02
3.840000000000000000e+02
4.040000000000000000e+02
3.860000000000000000e+02
3.760000000000000000e+02
3.760000000000000000e+02
3.910000000000000000e+02
3.880000000000000000e+02
3.880000000000000000e+02
3.840000000000000000e+02
3.760000000000000000e+02
4.060000000000000000e+02
3.840000000000000000e+02
3.810000000000000000e+02
4.133333333333333144e+02
4.000000000000000000e+02
4.200000000000000000e+02
5.000000000000000000e+02
7.480000000000000000e+02
3.860000000000000000e+02
3.880000000000000000e+02
3.960000000000000000e+02
4.080000000000000000e+02
3.760000000000000000e+02
3.800000000000000000e+02
3.840000000000000000e+02
3.880000000000000000e+02
3.840000000000000000e+02
3.840000000000000000e+02
3.840000000000000000e+02
3.840000000000000000e+02
4.480000000000000000e+02
3.560000000000000000e+02
3.800000000000000000e+02
3.720000000000000000e+02
3.920000000000000000e+02
3.960000000000000000e+02
3.920000000000000000e+02
3.840000000000000000e+02
3.840000000000000000e+02
3.760000000000000000e+02
3.640000000000000000e+02
3.720000000000000000e+02
3.640000000000000000e+02
3.600000000000000000e+02
3.640000000000000000e+02
3.720000000000000000e+02
3.800000000000000000e+02
3.880000000000000000e+02
3.840000000000000000e+02
3.800000000000000000e+02
3.840000000000000000e+02
3.720000000000000000e+02
3.720000000000000000e+02
3.720000000000000000e+02
3.720000000000000000e+02
3.720000000000000000e+02
3.980000000000000000e+02
3.920000000000000000e+02
7.386666666666666288e+02
4.000000000000000000e+02
3.640000000000000000e+02
3.680000000000000000e+02
3.600000000000000000e+02
3.640000000000000000e+02
3.600000000000000000e+02
3.640000000000000000e+02
3.640000000000000000e+02
3.760000000000000000e+02
3.840000000000000000e+02
3.920000000000000000e+02
3.360000000000000000e+02
3.360000000000000000e+02
3.600000000000000000e+02
3.600000000000000000e+02
3.600000000000000000e+02
3.440000000000000000e+02
3.480000000000000000e+02
3.720000000000000000e+02
3.680000000000000000e+02
3.680000000000000000e+02
3.610000000000000000e+02
3.480000000000000000e+02
3.600000000000000000e+02
3.560000000000000000e+02
3.560000000000000000e+02
3.450000000000000000e+02
3.480000000000000000e+02
3.400000000000000000e+02
3.840000000000000000e+02
3.880000000000000000e+02
3.760000000000000000e+02
3.480000000000000000e+02
3.640000000000000000e+02
3.680000000000000000e+02
3.640000000000000000e+02
3.640000000000000000e+02
3.666666666666666856e+02
3.680000000000000000e+02
3.800000000000000000e+02
3.933333333333333144e+02
4.040000000000000000e+02
4.160000000000000000e+02
3.680000000000000000e+02
3.760000000000000000e+02
3.800000000000000000e+02
3.640000000000000000e+02
3.640000000000000000e+02
3.680000000000000000e+02
3.640000000000000000e+02
3.760000000000000000e+02
3.840000000000000000e+02
3.840000000000000000e+02
3.440000000000000000e+02
3.520000000000000000e+02
3.560000000000000000e+02
3.600000000000000000e+02
3.600000000000000000e+02
3.600000000000000000e+02
3.640000000000000000e+02
3.720000000000000000e+02
3.720000000000000000e+02
3.760000000000000000e+02
3.680000000000000000e+02
3.600000000000000000e+02
3.600000000000000000e+02
3.640000000000000000e+02
3.680000000000000000e+02
3.760000000000000000e+02
3.840000000000000000e+02
3.840000000000000000e+02
3.880000000000000000e+02
3.980000000000000000e+02
3.840000000000000000e+02
3.786666666666666856e+02
3.640000000000000000e+02
3.600000000000000000e+02
3.600000000000000000e+02
3.720000000000000000e+02
4.240000000000000000e+02
4.050000000000000000e+02
4.000000000000000000e+02
4.120000000000000000e+02
4.133333333333333144e+02
4.020000000000000000e+02
4.000000000000000000e+02
4.013333333333333144e+02
3.706666666666666856e+02
3.640000000000000000e+02
3.600000000000000000e+02
3.560000000000000000e+02
3.680000000000000000e+02
3.800000000000000000e+02
3.840000000000000000e+02
3.840000000000000000e+02
3.700000000000000000e+02
3.760000000000000000e+02
3.720000000000000000e+02
3.760000000000000000e+02
3.760000000000000000e+02
3.680000000000000000e+02
3.640000000000000000e+02
3.600000000000000000e+02
3.800000000000000000e+02
3.720000000000000000e+02
3.600000000000000000e+02
3.680000000000000000e+02
3.720000000000000000e+02
3.680000000000000000e+02
3.666666666666666856e+02
3.760000000000000000e+02
3.720000000000000000e+02
3.720000000000000000e+02
3.840000000000000000e+02
3.840000000000000000e+02
3.770000000000000000e+02
3.760000000000000000e+02
3.720000000000000000e+02
3.680000000000000000e+02
3.640000000000000000e+02
3.880000000000000000e+02
7.360000000000000000e+02
4.120000000000000000e+02
4.050000000000000000e+02
4.160000000000000000e+02
4.160000000000000000e+02
4.320000000000000000e+02
4.120000000000000000e+02
3.800000000000000000e+02
3.730000000000000000e+02
3.720000000000000000e+02
3.640000000000000000e+02
3.680000000000000000e+02
3.680000000000000000e+02
3.760000000000000000e+02
3.760000000000000000e+02
3.760000000000000000e+02
3.760000000000000000e+02
3.720000000000000000e+02
3.720000000000000000e+02
3.760000000000000000e+02
3.760000000000000000e+02
3.760000000000000000e+02
4.040000000000000000e+02
3.840000000000000000e+02
5.026666666666666856e+02
5.160000000000000000e+02
5.173333333333333712e+02
3.860000000000000000e+02
4.000000000000000000e+02
3.920000000000000000e+02
3.680000000000000000e+02
3.720000000000000000e+02
3.680000000000000000e+02
3.760000000000000000e+02
4.040000000000000000e+02
3.800000000000000000e+02
3.760000000000000000e+02
3.760000000000000000e+02
3.640000000000000000e+02
3.720000000000000000e+02
3.720000000000000000e+02
4.200000000000000000e+02
4.940000000000000000e+02
4.120000000000000000e+02
4.610000000000000000e+02
4.240000000000000000e+02
7.226666666666666288e+02
3.946666666666666856e+02
4.200000000000000000e+02
4.340000000000000000e+02
4.160000000000000000e+02
4.160000000000000000e+02
4.280000000000000000e+02
4.240000000000000000e+02
4.830000000000000000e+02
4.920000000000000000e+02
4.960000000000000000e+02
3.760000000000000000e+02
3.760000000000000000e+02
3.680000000000000000e+02
3.720000000000000000e+02
3.800000000000000000e+02
4.066666666666666856e+02
3.890000000000000000e+02
3.800000000000000000e+02
5.160000000000000000e+02
5.160000000000000000e+02
5.120000000000000000e+02
6.240000000000000000e+02
6.200000000000000000e+02
4.120000000000000000e+02
4.333333333333333144e+02
4.346666666666666856e+02
4.150000000000000000e+02
4.226666666666666856e+02
4.920000000000000000e+02
4.960000000000000000e+02
4.960000000000000000e+02
4.960000000000000000e+02
4.960000000000000000e+02
7.493333333333333712e+02
4.920000000000000000e+02
7.466666666666666288e+02
4.240000000000000000e+02
4.180000000000000000e+02
4.440000000000000000e+02
4.340000000000000000e+02
4.220000000000000000e+02
7.270000000000000000e+02
7.460000000000000000e+02
7.470000000000000000e+02
4.280000000000000000e+02
7.293333333333333712e+02
4.160000000000000000e+02
4.240000000000000000e+02
4.240000000000000000e+02
4.060000000000000000e+02
5.000000000000000000e+02
5.040000000000000000e+02
5.000000000000000000e+02
5.040000000000000000e+02
4.226666666666666856e+02
4.200000000000000000e+02
4.240000000000000000e+02
4.280000000000000000e+02
4.320000000000000000e+02
6.240000000000000000e+02
6.240000000000000000e+02
6.240000000000000000e+02
6.280000000000000000e+02
6.240000000000000000e+02
6.200000000000000000e+02
7.480000000000000000e+02
4.240000000000000000e+02
4.200000000000000000e+02
4.160000000000000000e+02
4.160000000000000000e+02
4.973333333333333144e+02
5.000000000000000000e+02
4.960000000000000000e+02
4.960000000000000000e+02
4.960000000000000000e+02
4.320000000000000000e+02
4.170000000000000000e+02
4.320000000000000000e+02
4.346666666666666856e+02
4.900000000000000000e+02
4.293333333333333144e+02
7.040000000000000000e+02
4.306666666666666856e+02
4.240000000000000000e+02
4.200000000000000000e+02
4.240000000000000000e+02
7.493333333333333712e+02
4.280000000000000000e+02
4.346666666666666856e+02
4.360000000000000000e+02
5.306666666666666288e+02
5.000000000000000000e+02
4.960000000000000000e+02
4.960000000000000000e+02
4.960000000000000000e+02
4.960000000000000000e+02
5.000000000000000000e+02
5.000000000000000000e+02
6.320000000000000000e+02
6.350000000000000000e+02
7.520000000000000000e+02
6.280000000000000000e+02
6.320000000000000000e+02
6.360000000000000000e+02
6.360000000000000000e+02
6.320000000000000000e+02
6.320000000000000000e+02
6.240000000000000000e+02
6.520000000000000000e+02
6.360000000000000000e+02
6.370000000000000000e+02
4.960000000000000000e+02
4.960000000000000000e+02
4.960000000000000000e+02
5.000000000000000000e+02
4.930000000000000000e+02
4.980000000000000000e+02
6.970000000000000000e+02
7.560000000000000000e+02
4.240000000000000000e+02
4.306666666666666856e+02
4.200000000000000000e+02
4.320000000000000000e+02
4.250000000000000000e+02
7.400000000000000000e+02
