5.590000000000000000e+02
5.360000000000000000e+02
7.484444444444444571e+02
7.493333333333333712e+02
7.457777777777778283e+02
5.290000000000000000e+02
5.125000000000000000e+02
5.048888888888889142e+02
5.530000000000000000e+02
5.193333333333333712e+02
5.017777777777777715e+02
5.182222222222221717e+02
7.112000000000000455e+02
4.960000000000000000e+02
5.195555555555555429e+02
5.463999999999999773e+02
6.823999999999999773e+02
4.800000000000000000e+02
4.826666666666666856e+02
4.853333333333333144e+02
5.348571428571428896e+02
5.351111111111110858e+02
5.653333333333333712e+02
7.506666666666666288e+02
5.577142857142856656e+02
5.490000000000000000e+02
5.473333333333333712e+02
7.471111111111110858e+02
7.466666666666666288e+02
7.480000000000000000e+02
6.233333333333333712e+02
5.053333333333333144e+02
6.045714285714285552e+02
6.851428571428571104e+02
7.466666666666666288e+02
7.480000000000000000e+02
7.480000000000000000e+02
7.426666666666666288e+02
5.480000000000000000e+02
5.546666666666666288e+02
5.520000000000000000e+02
5.600000000000000000e+02
5.628571428571428896e+02
4.700000000000000000e+02
5.616000000000000227e+02
5.013333333333333144e+02
4.991111111111110858e+02
5.040000000000000000e+02
7.620000000000000000e+02
5.380000000000000000e+02
5.240000000000000000e+02
5.528888888888889142e+02
4.791111111111110858e+02
5.564444444444444571e+02
5.560000000000000000e+02
5.520000000000000000e+02
5.520000000000000000e+02
5.560000000000000000e+02
5.560000000000000000e+02
7.440000000000000000e+02
7.425000000000000000e+02
7.440000000000000000e+02
7.440000000000000000e+02
5.951111111111110858e+02
6.040000000000000000e+02
5.960000000000000000e+02
7.205714285714285552e+02
7.360000000000000000e+02
7.360000000000000000e+02
6.426666666666666288e+02
5.600000000000000000e+02
5.560000000000000000e+02
5.520000000000000000e+02
5.560000000000000000e+02
5.560000000000000000e+02
5.460000000000000000e+02
5.645714285714285552e+02
5.668571428571428896e+02
5.335000000000000000e+02
7.548571428571428896e+02
5.308571428571428896e+02
5.390000000000000000e+02
5.480000000000000000e+02
5.440000000000000000e+02
5.495000000000000000e+02
5.560000000000000000e+02
5.560000000000000000e+02
5.560000000000000000e+02
5.480000000000000000e+02
5.520000000000000000e+02
4.742857142857142776e+02
7.320000000000000000e+02
7.320000000000000000e+02
7.302857142857143344e+02
5.786666666666666288e+02
6.015000000000000000e+02
5.500000000000000000e+02
5.610000000000000000e+02
5.491428571428571104e+02
5.306666666666666288e+02
4.684444444444444571e+02
4.714285714285714448e+02
4.725714285714285552e+02
5.508571428571428896e+02
5.520000000000000000e+02
5.560000000000000000e+02
5.560000000000000000e+02
5.480000000000000000e+02
4.945000000000000000e+02
4.940000000000000000e+02
4.983999999999999773e+02
5.102857142857142776e+02
5.248888888888889142e+02
5.268571428571428896e+02
4.977142857142857224e+02
5.035000000000000000e+02
4.451428571428571672e+02
4.496000000000000227e+02
5.533333333333333712e+02
5.560000000000000000e+02
4.455000000000000000e+02
4.480000000000000000e+02
nan
4.420000000000000000e+02
4.615000000000000000e+02
5.420000000000000000e+02
5.420000000000000000e+02
nan
5.348571428571428896e+02
5.360000000000000000e+02
5.382857142857143344e+02
5.333333333333333712e+02
4.506666666666666856e+02
4.360000000000000000e+02
4.375000000000000000e+02
4.360000000000000000e+02
4.440000000000000000e+02
4.440000000000000000e+02
4.480000000000000000e+02
4.480000000000000000e+02
4.440000000000000000e+02
4.620000000000000000e+02
4.615000000000000000e+02
4.645000000000000000e+02
4.525714285714285552e+02
4.480000000000000000e+02
4.405714285714285552e+02
4.360000000000000000e+02
4.345000000000000000e+02
4.420000000000000000e+02
4.425000000000000000e+02
4.471111111111110858e+02
4.444444444444444571e+02
4.270000000000000000e+02
nan
nan
4.280000000000000000e+02
5.460000000000000000e+02
5.400000000000000000e+02
5.440000000000000000e+02
5.400000000000000000e+02
5.325000000000000000e+02
4.265000000000000000e+02
4.240000000000000000e+02
4.213333333333333144e+02
4.160000000000000000e+02
4.160000000000000000e+02
4.222857142857142776e+02
4.071999999999999886e+02
4.515000000000000000e+02
4.570000000000000000e+02
4.340000000000000000e+02
4.280000000000000000e+02
4.320000000000000000e+02
4.435000000000000000e+02
4.400000000000000000e+02
4.413333333333333144e+02
4.400000000000000000e+02
4.325714285714285552e+02
4.280000000000000000e+02
4.280000000000000000e+02
4.320000000000000000e+02
4.466666666666666856e+02
4.151999999999999886e+02
4.110000000000000000e+02
4.040000000000000000e+02
4.115555555555555429e+02
4.160000000000000000e+02
4.200000000000000000e+02
4.240000000000000000e+02
4.346666666666666856e+02
5.044444444444444571e+02
5.065000000000000000e+02
5.393333333333333712e+02
4.324444444444444571e+02
4.220000000000000000e+02
4.200000000000000000e+02
4.177777777777777715e+02
4.226666666666666856e+02
4.240000000000000000e+02
4.262857142857142776e+02
4.460000000000000000e+02
4.480000000000000000e+02
4.270000000000000000e+02
4.280000000000000000e+02
4.320000000000000000e+02
4.400000000000000000e+02
4.345000000000000000e+02
4.626666666666666856e+02
4.293333333333333144e+02
4.337142857142857224e+02
4.296000000000000227e+02
4.275000000000000000e+02
4.320000000000000000e+02
4.400000000000000000e+02
4.400000000000000000e+02
4.360000000000000000e+02
4.320000000000000000e+02
4.275000000000000000e+02
4.510000000000000000e+02
4.506666666666666856e+02
5.320000000000000000e+02
5.290000000000000000e+02
5.140000000000000000e+02
5.225000000000000000e+02
5.380000000000000000e+02
7.154285714285714448e+02
7.137777777777778283e+02
7.120000000000000000e+02
4.380000000000000000e+02
4.360000000000000000e+02
4.360000000000000000e+02
4.380000000000000000e+02
4.446666666666666856e+02
4.502857142857142776e+02
4.310000000000000000e+02
4.373333333333333144e+02
4.360000000000000000e+02
4.390000000000000000e+02
4.800000000000000000e+02
4.766666666666666856e+02
4.866666666666666856e+02
4.900000000000000000e+02
4.360000000000000000e+02
4.594285714285714448e+02
4.686666666666666856e+02
5.066666666666666856e+02
5.600000000000000000e+02
5.565714285714285552e+02
4.680000000000000000e+02
4.680000000000000000e+02
7.177777777777778283e+02
7.133333333333333712e+02
nan
5.582857142857143344e+02
5.566666666666666288e+02
5.440000000000000000e+02
5.650000000000000000e+02
7.154285714285714448e+02
7.120000000000000000e+02
7.160000000000000000e+02
4.740000000000000000e+02
4.786666666666666856e+02
5.537142857142856656e+02
5.560000000000000000e+02
5.600000000000000000e+02
5.613333333333333712e+02
4.400000000000000000e+02
4.480000000000000000e+02
4.950000000000000000e+02
4.817777777777777715e+02
4.920000000000000000e+02
4.977777777777777715e+02
5.000000000000000000e+02
4.964444444444444571e+02
5.011428571428571672e+02
4.775000000000000000e+02
5.306666666666666288e+02
5.564444444444444571e+02
5.520000000000000000e+02
5.537777777777778283e+02
nan
5.533333333333333712e+02
7.131428571428571104e+02
7.160000000000000000e+02
7.200000000000000000e+02
7.200000000000000000e+02
5.506666666666666288e+02
6.496000000000000227e+02
7.240000000000000000e+02
nan
7.200000000000000000e+02
7.213333333333333712e+02
7.293333333333333712e+02
7.222857142857143344e+02
5.540000000000000000e+02
5.500000000000000000e+02
5.480000000000000000e+02
7.525714285714285552e+02
7.480000000000000000e+02
7.140000000000000000e+02
5.025000000000000000e+02
4.875000000000000000e+02
4.840000000000000000e+02
5.215000000000000000e+02
nan
5.053333333333333144e+02
7.422857142857143344e+02
7.400000000000000000e+02
5.690000000000000000e+02
5.675555555555555429e+02
5.310000000000000000e+02
5.273333333333333712e+02
5.435555555555555429e+02
7.300000000000000000e+02
7.280000000000000000e+02
7.213333333333333712e+02
7.240000000000000000e+02
7.240000000000000000e+02
7.240000000000000000e+02
7.240000000000000000e+02
7.240000000000000000e+02
7.210000000000000000e+02
7.240000000000000000e+02
7.343999999999999773e+02
7.411428571428571104e+02
4.893333333333333144e+02
5.085714285714285552e+02
5.136000000000000227e+02
7.250000000000000000e+02
7.177142857142856656e+02
7.400000000000000000e+02
5.380000000000000000e+02
7.474285714285714448e+02
5.000000000000000000e+02
4.945000000000000000e+02
