6.520000000000000000e+02
6.560000000000000000e+02
6.480000000000000000e+02
6.680000000000000000e+02
7.520000000000000000e+02
7.420000000000000000e+02
7.520000000000000000e+02
4.786666666666666856e+02
4.870000000000000000e+02
4.800000000000000000e+02
7.360000000000000000e+02
7.160000000000000000e+02
4.300000000000000000e+02
6.800000000000000000e+02
6.880000000000000000e+02
4.213333333333333144e+02
7.600000000000000000e+02
7.570000000000000000e+02
6.920000000000000000e+02
7.586666666666666288e+02
7.493333333333333712e+02
7.490000000000000000e+02
7.560000000000000000e+02
7.533333333333333712e+02
7.330000000000000000e+02
7.490000000000000000e+02
7.600000000000000000e+02
6.880000000000000000e+02
6.920000000000000000e+02
6.920000000000000000e+02
6.980000000000000000e+02
6.930000000000000000e+02
6.920000000000000000e+02
4.613333333333333144e+02
7.426666666666666288e+02
7.173333333333333712e+02
7.400000000000000000e+02
7.440000000000000000e+02
7.400000000000000000e+02
6.530000000000000000e+02
6.520000000000000000e+02
6.520000000000000000e+02
6.520000000000000000e+02
6.520000000000000000e+02
6.520000000000000000e+02
6.520000000000000000e+02
6.980000000000000000e+02
6.620000000000000000e+02
6.880000000000000000e+02
6.920000000000000000e+02
6.830000000000000000e+02
6.880000000000000000e+02
7.586666666666666288e+02
7.570000000000000000e+02
7.540000000000000000e+02
7.560000000000000000e+02
7.480000000000000000e+02
7.450000000000000000e+02
4.200000000000000000e+02
4.200000000000000000e+02
4.200000000000000000e+02
4.200000000000000000e+02
4.200000000000000000e+02
4.240000000000000000e+02
4.120000000000000000e+02
4.160000000000000000e+02
4.120000000000000000e+02
4.200000000000000000e+02
4.200000000000000000e+02
7.440000000000000000e+02
7.390000000000000000e+02
7.440000000000000000e+02
7.400000000000000000e+02
4.890000000000000000e+02
4.960000000000000000e+02
4.933333333333333144e+02
7.333333333333333712e+02
6.906666666666666288e+02
6.950000000000000000e+02
6.860000000000000000e+02
6.440000000000000000e+02
6.480000000000000000e+02
6.480000000000000000e+02
6.480000000000000000e+02
6.520000000000000000e+02
6.520000000000000000e+02
6.480000000000000000e+02
6.440000000000000000e+02
6.400000000000000000e+02
7.510000000000000000e+02
7.510000000000000000e+02
4.840000000000000000e+02
4.960000000000000000e+02
4.933333333333333144e+02
4.920000000000000000e+02
4.320000000000000000e+02
4.200000000000000000e+02
6.600000000000000000e+02
7.560000000000000000e+02
6.950000000000000000e+02
4.240000000000000000e+02
4.260000000000000000e+02
4.200000000000000000e+02
4.080000000000000000e+02
4.200000000000000000e+02
5.380000000000000000e+02
7.306666666666666288e+02
6.540000000000000000e+02
7.346666666666666288e+02
4.200000000000000000e+02
4.280000000000000000e+02
7.440000000000000000e+02
4.920000000000000000e+02
3.986666666666666856e+02
4.870000000000000000e+02
4.960000000000000000e+02
4.920000000000000000e+02
4.960000000000000000e+02
5.000000000000000000e+02
4.990000000000000000e+02
6.400000000000000000e+02
7.573333333333333712e+02
6.400000000000000000e+02
6.500000000000000000e+02
6.440000000000000000e+02
6.480000000000000000e+02
6.400000000000000000e+02
6.373333333333333712e+02
6.230000000000000000e+02
4.200000000000000000e+02
7.480000000000000000e+02
4.080000000000000000e+02
4.120000000000000000e+02
4.920000000000000000e+02
4.920000000000000000e+02
4.920000000000000000e+02
4.960000000000000000e+02
4.960000000000000000e+02
3.946666666666666856e+02
4.040000000000000000e+02
4.093333333333333144e+02
4.040000000000000000e+02
4.140000000000000000e+02
7.540000000000000000e+02
7.520000000000000000e+02
7.480000000000000000e+02
7.450000000000000000e+02
7.453333333333333712e+02
4.830000000000000000e+02
4.120000000000000000e+02
4.240000000000000000e+02
4.146666666666666856e+02
4.880000000000000000e+02
4.440000000000000000e+02
5.020000000000000000e+02
4.440000000000000000e+02
5.000000000000000000e+02
5.000000000000000000e+02
4.960000000000000000e+02
5.000000000000000000e+02
4.120000000000000000e+02
4.080000000000000000e+02
4.080000000000000000e+02
4.140000000000000000e+02
4.160000000000000000e+02
6.280000000000000000e+02
6.320000000000000000e+02
6.360000000000000000e+02
6.320000000000000000e+02
6.290000000000000000e+02
6.306666666666666288e+02
4.080000000000000000e+02
4.253333333333333144e+02
4.160000000000000000e+02
4.120000000000000000e+02
4.080000000000000000e+02
5.040000000000000000e+02
5.000000000000000000e+02
5.000000000000000000e+02
4.960000000000000000e+02
3.880000000000000000e+02
3.880000000000000000e+02
4.093333333333333144e+02
7.560000000000000000e+02
4.200000000000000000e+02
4.440000000000000000e+02
7.480000000000000000e+02
7.440000000000000000e+02
7.453333333333333712e+02
4.300000000000000000e+02
4.240000000000000000e+02
4.080000000000000000e+02
4.120000000000000000e+02
4.240000000000000000e+02
3.840000000000000000e+02
3.920000000000000000e+02
3.800000000000000000e+02
3.920000000000000000e+02
3.920000000000000000e+02
3.906666666666666856e+02
3.960000000000000000e+02
5.053333333333333144e+02
4.080000000000000000e+02
4.120000000000000000e+02
4.000000000000000000e+02
3.870000000000000000e+02
3.920000000000000000e+02
3.960000000000000000e+02
4.920000000000000000e+02
4.920000000000000000e+02
4.880000000000000000e+02
4.900000000000000000e+02
4.000000000000000000e+02
3.960000000000000000e+02
3.800000000000000000e+02
3.840000000000000000e+02
4.060000000000000000e+02
3.840000000000000000e+02
3.760000000000000000e+02
3.800000000000000000e+02
3.880000000000000000e+02
3.880000000000000000e+02
3.880000000000000000e+02
3.840000000000000000e+02
3.800000000000000000e+02
4.040000000000000000e+02
3.840000000000000000e+02
3.840000000000000000e+02
7.493333333333333712e+02
4.000000000000000000e+02
3.790000000000000000e+02
7.430000000000000000e+02
3.720000000000000000e+02
3.866666666666666856e+02
3.800000000000000000e+02
4.040000000000000000e+02
4.040000000000000000e+02
3.906666666666666856e+02
3.800000000000000000e+02
3.840000000000000000e+02
3.880000000000000000e+02
3.840000000000000000e+02
3.840000000000000000e+02
3.840000000000000000e+02
3.840000000000000000e+02
3.760000000000000000e+02
3.780000000000000000e+02
4.110000000000000000e+02
3.760000000000000000e+02
3.920000000000000000e+02
3.920000000000000000e+02
3.960000000000000000e+02
3.840000000000000000e+02
3.840000000000000000e+02
3.730000000000000000e+02
3.640000000000000000e+02
3.720000000000000000e+02
3.640000000000000000e+02
3.680000000000000000e+02
3.640000000000000000e+02
3.666666666666666856e+02
3.800000000000000000e+02
3.880000000000000000e+02
3.840000000000000000e+02
3.840000000000000000e+02
3.870000000000000000e+02
3.720000000000000000e+02
3.720000000000000000e+02
3.720000000000000000e+02
3.720000000000000000e+02
3.720000000000000000e+02
4.200000000000000000e+02
3.920000000000000000e+02
3.850000000000000000e+02
4.000000000000000000e+02
3.680000000000000000e+02
3.640000000000000000e+02
3.680000000000000000e+02
3.680000000000000000e+02
3.640000000000000000e+02
3.640000000000000000e+02
3.640000000000000000e+02
3.760000000000000000e+02
3.840000000000000000e+02
3.920000000000000000e+02
3.906666666666666856e+02
3.360000000000000000e+02
3.600000000000000000e+02
3.600000000000000000e+02
3.600000000000000000e+02
3.480000000000000000e+02
3.560000000000000000e+02
3.720000000000000000e+02
3.640000000000000000e+02
3.720000000000000000e+02
3.680000000000000000e+02
3.520000000000000000e+02
3.600000000000000000e+02
3.560000000000000000e+02
3.570000000000000000e+02
3.440000000000000000e+02
3.400000000000000000e+02
3.400000000000000000e+02
3.800000000000000000e+02
3.880000000000000000e+02
3.760000000000000000e+02
3.480000000000000000e+02
3.650000000000000000e+02
3.680000000000000000e+02
3.680000000000000000e+02
3.640000000000000000e+02
3.760000000000000000e+02
3.720000000000000000e+02
3.720000000000000000e+02
3.933333333333333144e+02
4.040000000000000000e+02
4.160000000000000000e+02
3.680000000000000000e+02
3.760000000000000000e+02
3.800000000000000000e+02
3.640000000000000000e+02
3.640000000000000000e+02
3.680000000000000000e+02
3.680000000000000000e+02
3.700000000000000000e+02
3.800000000000000000e+02
3.880000000000000000e+02
3.440000000000000000e+02
3.480000000000000000e+02
3.560000000000000000e+02
3.573333333333333144e+02
3.600000000000000000e+02
3.600000000000000000e+02
3.640000000000000000e+02
3.720000000000000000e+02
3.760000000000000000e+02
3.720000000000000000e+02
3.680000000000000000e+02
3.680000000000000000e+02
3.560000000000000000e+02
3.640000000000000000e+02
3.680000000000000000e+02
3.760000000000000000e+02
3.800000000000000000e+02
3.800000000000000000e+02
3.880000000000000000e+02
3.900000000000000000e+02
3.840000000000000000e+02
3.786666666666666856e+02
3.600000000000000000e+02
3.600000000000000000e+02
3.600000000000000000e+02
3.720000000000000000e+02
4.240000000000000000e+02
4.013333333333333144e+02
3.986666666666666856e+02
4.053333333333333144e+02
4.120000000000000000e+02
4.000000000000000000e+02
4.000000000000000000e+02
4.013333333333333144e+02
3.706666666666666856e+02
3.600000000000000000e+02
3.600000000000000000e+02
3.600000000000000000e+02
3.680000000000000000e+02
3.840000000000000000e+02
3.840000000000000000e+02
3.840000000000000000e+02
3.760000000000000000e+02
3.760000000000000000e+02
3.720000000000000000e+02
3.760000000000000000e+02
3.760000000000000000e+02
3.680000000000000000e+02
3.640000000000000000e+02
3.600000000000000000e+02
3.773333333333333144e+02
3.706666666666666856e+02
3.560000000000000000e+02
3.680000000000000000e+02
3.720000000000000000e+02
3.680000000000000000e+02
3.720000000000000000e+02
3.720000000000000000e+02
3.720000000000000000e+02
3.720000000000000000e+02
3.840000000000000000e+02
3.840000000000000000e+02
3.760000000000000000e+02
3.760000000000000000e+02
3.720000000000000000e+02
3.680000000000000000e+02
3.573333333333333144e+02
3.880000000000000000e+02
6.740000000000000000e+02
4.120000000000000000e+02
4.080000000000000000e+02
4.120000000000000000e+02
4.230000000000000000e+02
4.280000000000000000e+02
4.160000000000000000e+02
3.840000000000000000e+02
3.770000000000000000e+02
4.360000000000000000e+02
3.720000000000000000e+02
3.680000000000000000e+02
3.680000000000000000e+02
3.760000000000000000e+02
3.760000000000000000e+02
3.760000000000000000e+02
3.720000000000000000e+02
3.720000000000000000e+02
3.720000000000000000e+02
3.720000000000000000e+02
3.720000000000000000e+02
3.800000000000000000e+02
3.840000000000000000e+02
3.840000000000000000e+02
5.040000000000000000e+02
5.160000000000000000e+02
5.173333333333333712e+02
3.870000000000000000e+02
4.000000000000000000e+02
4.000000000000000000e+02
3.680000000000000000e+02
3.720000000000000000e+02
3.720000000000000000e+02
3.680000000000000000e+02
3.840000000000000000e+02
3.760000000000000000e+02
3.840000000000000000e+02
3.693333333333333144e+02
3.640000000000000000e+02
3.680000000000000000e+02
3.680000000000000000e+02
4.280000000000000000e+02
4.440000000000000000e+02
4.120000000000000000e+02
4.190000000000000000e+02
4.266666666666666856e+02
7.226666666666666288e+02
4.133333333333333144e+02
4.173333333333333144e+02
4.400000000000000000e+02
4.230000000000000000e+02
4.280000000000000000e+02
4.320000000000000000e+02
4.240000000000000000e+02
3.800000000000000000e+02
4.920000000000000000e+02
4.960000000000000000e+02
3.760000000000000000e+02
3.680000000000000000e+02
4.360000000000000000e+02
3.720000000000000000e+02
3.800000000000000000e+02
4.040000000000000000e+02
3.760000000000000000e+02
4.360000000000000000e+02
5.120000000000000000e+02
5.120000000000000000e+02
5.120000000000000000e+02
6.200000000000000000e+02
6.200000000000000000e+02
4.160000000000000000e+02
4.040000000000000000e+02
4.230000000000000000e+02
4.040000000000000000e+02
4.200000000000000000e+02
4.920000000000000000e+02
4.960000000000000000e+02
4.960000000000000000e+02
4.960000000000000000e+02
4.960000000000000000e+02
3.920000000000000000e+02
4.000000000000000000e+02
7.466666666666666288e+02
4.120000000000000000e+02
4.306666666666666856e+02
3.960000000000000000e+02
4.340000000000000000e+02
4.220000000000000000e+02
6.740000000000000000e+02
7.480000000000000000e+02
7.520000000000000000e+02
4.320000000000000000e+02
7.480000000000000000e+02
4.200000000000000000e+02
7.380000000000000000e+02
3.800000000000000000e+02
5.000000000000000000e+02
5.000000000000000000e+02
5.000000000000000000e+02
5.000000000000000000e+02
5.040000000000000000e+02
4.240000000000000000e+02
4.200000000000000000e+02
4.240000000000000000e+02
4.240000000000000000e+02
4.320000000000000000e+02
6.240000000000000000e+02
6.240000000000000000e+02
6.240000000000000000e+02
6.280000000000000000e+02
6.240000000000000000e+02
6.200000000000000000e+02
4.320000000000000000e+02
4.250000000000000000e+02
4.240000000000000000e+02
4.160000000000000000e+02
4.090000000000000000e+02
4.973333333333333144e+02
5.000000000000000000e+02
4.960000000000000000e+02
4.960000000000000000e+02
5.000000000000000000e+02
4.280000000000000000e+02
7.480000000000000000e+02
5.013333333333333144e+02
6.820000000000000000e+02
7.520000000000000000e+02
4.293333333333333144e+02
4.266666666666666856e+02
4.360000000000000000e+02
4.240000000000000000e+02
4.280000000000000000e+02
4.200000000000000000e+02
7.493333333333333712e+02
7.450000000000000000e+02
4.320000000000000000e+02
4.320000000000000000e+02
4.240000000000000000e+02
5.030000000000000000e+02
4.960000000000000000e+02
4.960000000000000000e+02
5.000000000000000000e+02
5.000000000000000000e+02
4.960000000000000000e+02
5.000000000000000000e+02
4.960000000000000000e+02
6.800000000000000000e+02
6.700000000000000000e+02
6.350000000000000000e+02
6.360000000000000000e+02
6.320000000000000000e+02
6.320000000000000000e+02
6.320000000000000000e+02
6.320000000000000000e+02
6.320000000000000000e+02
7.280000000000000000e+02
6.320000000000000000e+02
5.000000000000000000e+02
5.000000000000000000e+02
4.960000000000000000e+02
4.920000000000000000e+02
4.960000000000000000e+02
4.930000000000000000e+02
5.040000000000000000e+02
6.880000000000000000e+02
4.250000000000000000e+02
4.280000000000000000e+02
4.306666666666666856e+02
4.280000000000000000e+02
4.190000000000000000e+02
4.280000000000000000e+02
4.200000000000000000e+02
