6.560000000000000000e+02
6.560000000000000000e+02
6.480000000000000000e+02
7.493333333333333712e+02
7.520000000000000000e+02
7.450000000000000000e+02
7.480000000000000000e+02
4.760000000000000000e+02
4.870000000000000000e+02
4.950000000000000000e+02
4.386666666666666856e+02
4.280000000000000000e+02
6.980000000000000000e+02
4.680000000000000000e+02
4.226666666666666856e+02
6.933333333333333712e+02
4.200000000000000000e+02
7.520000000000000000e+02
6.920000000000000000e+02
7.240000000000000000e+02
6.893333333333333712e+02
7.480000000000000000e+02
7.500000000000000000e+02
7.533333333333333712e+02
7.510000000000000000e+02
7.490000000000000000e+02
7.580000000000000000e+02
6.920000000000000000e+02
6.910000000000000000e+02
6.990000000000000000e+02
7.640000000000000000e+02
6.870000000000000000e+02
6.960000000000000000e+02
4.613333333333333144e+02
7.453333333333333712e+02
7.520000000000000000e+02
7.440000000000000000e+02
7.466666666666666288e+02
6.580000000000000000e+02
6.520000000000000000e+02
6.520000000000000000e+02
6.520000000000000000e+02
6.520000000000000000e+02
6.520000000000000000e+02
6.480000000000000000e+02
6.540000000000000000e+02
7.300000000000000000e+02
6.620000000000000000e+02
6.800000000000000000e+02
6.960000000000000000e+02
4.826666666666666856e+02
6.906666666666666288e+02
6.973333333333333712e+02
7.060000000000000000e+02
7.520000000000000000e+02
7.520000000000000000e+02
7.480000000000000000e+02
7.480000000000000000e+02
7.440000000000000000e+02
4.160000000000000000e+02
4.160000000000000000e+02
4.120000000000000000e+02
7.213333333333333712e+02
4.240000000000000000e+02
4.120000000000000000e+02
4.160000000000000000e+02
4.120000000000000000e+02
4.200000000000000000e+02
4.200000000000000000e+02
4.280000000000000000e+02
7.390000000000000000e+02
7.400000000000000000e+02
7.400000000000000000e+02
4.890000000000000000e+02
4.960000000000000000e+02
4.970000000000000000e+02
4.740000000000000000e+02
6.906666666666666288e+02
6.780000000000000000e+02
7.020000000000000000e+02
6.400000000000000000e+02
6.440000000000000000e+02
6.480000000000000000e+02
6.480000000000000000e+02
6.520000000000000000e+02
6.480000000000000000e+02
6.440000000000000000e+02
6.440000000000000000e+02
6.360000000000000000e+02
4.240000000000000000e+02
4.920000000000000000e+02
4.910000000000000000e+02
4.960000000000000000e+02
4.960000000000000000e+02
4.960000000000000000e+02
4.333333333333333144e+02
4.266666666666666856e+02
4.820000000000000000e+02
4.970000000000000000e+02
6.950000000000000000e+02
4.260000000000000000e+02
4.120000000000000000e+02
4.200000000000000000e+02
7.580000000000000000e+02
4.200000000000000000e+02
5.380000000000000000e+02
7.320000000000000000e+02
4.346666666666666856e+02
4.120000000000000000e+02
4.280000000000000000e+02
4.240000000000000000e+02
7.440000000000000000e+02
4.920000000000000000e+02
7.493333333333333712e+02
4.940000000000000000e+02
4.893333333333333144e+02
4.920000000000000000e+02
4.960000000000000000e+02
4.960000000000000000e+02
4.990000000000000000e+02
5.020000000000000000e+02
7.506666666666666288e+02
6.426666666666666288e+02
6.426666666666666288e+02
6.440000000000000000e+02
6.480000000000000000e+02
6.440000000000000000e+02
6.320000000000000000e+02
4.280000000000000000e+02
4.200000000000000000e+02
7.480000000000000000e+02
4.053333333333333144e+02
4.120000000000000000e+02
4.990000000000000000e+02
4.920000000000000000e+02
4.920000000000000000e+02
4.960000000000000000e+02
4.960000000000000000e+02
3.960000000000000000e+02
6.946666666666666288e+02
4.000000000000000000e+02
6.920000000000000000e+02
7.590000000000000000e+02
7.540000000000000000e+02
7.510000000000000000e+02
7.230000000000000000e+02
7.450000000000000000e+02
7.400000000000000000e+02
4.890000000000000000e+02
7.186666666666666288e+02
4.170000000000000000e+02
4.253333333333333144e+02
4.200000000000000000e+02
4.440000000000000000e+02
4.000000000000000000e+02
4.440000000000000000e+02
5.000000000000000000e+02
5.000000000000000000e+02
4.960000000000000000e+02
5.000000000000000000e+02
4.160000000000000000e+02
4.080000000000000000e+02
4.080000000000000000e+02
4.120000000000000000e+02
4.100000000000000000e+02
6.320000000000000000e+02
6.280000000000000000e+02
6.320000000000000000e+02
6.360000000000000000e+02
6.320000000000000000e+02
4.200000000000000000e+02
4.120000000000000000e+02
4.146666666666666856e+02
4.160000000000000000e+02
4.130000000000000000e+02
4.040000000000000000e+02
5.000000000000000000e+02
5.000000000000000000e+02
5.000000000000000000e+02
4.960000000000000000e+02
3.880000000000000000e+02
3.880000000000000000e+02
5.013333333333333144e+02
7.560000000000000000e+02
4.400000000000000000e+02
4.390000000000000000e+02
7.480000000000000000e+02
7.440000000000000000e+02
7.440000000000000000e+02
7.150000000000000000e+02
4.160000000000000000e+02
4.080000000000000000e+02
4.160000000000000000e+02
4.160000000000000000e+02
3.800000000000000000e+02
3.893333333333333144e+02
3.880000000000000000e+02
3.920000000000000000e+02
3.920000000000000000e+02
3.906666666666666856e+02
5.020000000000000000e+02
3.960000000000000000e+02
4.000000000000000000e+02
4.120000000000000000e+02
3.960000000000000000e+02
3.840000000000000000e+02
3.920000000000000000e+02
4.000000000000000000e+02
3.940000000000000000e+02
4.920000000000000000e+02
4.920000000000000000e+02
4.840000000000000000e+02
4.000000000000000000e+02
3.960000000000000000e+02
3.840000000000000000e+02
3.880000000000000000e+02
4.060000000000000000e+02
3.840000000000000000e+02
3.760000000000000000e+02
3.800000000000000000e+02
3.880000000000000000e+02
3.880000000000000000e+02
3.840000000000000000e+02
3.840000000000000000e+02
3.800000000000000000e+02
4.000000000000000000e+02
3.840000000000000000e+02
3.800000000000000000e+02
3.813333333333333144e+02
4.000000000000000000e+02
3.800000000000000000e+02
3.693333333333333144e+02
4.500000000000000000e+02
7.466666666666666288e+02
3.800000000000000000e+02
4.040000000000000000e+02
4.080000000000000000e+02
3.760000000000000000e+02
3.800000000000000000e+02
3.840000000000000000e+02
3.840000000000000000e+02
3.840000000000000000e+02
3.840000000000000000e+02
3.840000000000000000e+02
3.800000000000000000e+02
7.450000000000000000e+02
3.560000000000000000e+02
3.800000000000000000e+02
3.760000000000000000e+02
3.800000000000000000e+02
3.920000000000000000e+02
4.820000000000000000e+02
3.840000000000000000e+02
3.840000000000000000e+02
3.800000000000000000e+02
3.680000000000000000e+02
3.720000000000000000e+02
3.680000000000000000e+02
3.600000000000000000e+02
3.640000000000000000e+02
3.720000000000000000e+02
3.840000000000000000e+02
3.880000000000000000e+02
3.880000000000000000e+02
3.840000000000000000e+02
3.880000000000000000e+02
3.800000000000000000e+02
3.720000000000000000e+02
4.226666666666666856e+02
3.750000000000000000e+02
3.960000000000000000e+02
3.900000000000000000e+02
3.960000000000000000e+02
3.850000000000000000e+02
4.000000000000000000e+02
3.680000000000000000e+02
3.640000000000000000e+02
3.680000000000000000e+02
3.600000000000000000e+02
3.640000000000000000e+02
3.600000000000000000e+02
3.640000000000000000e+02
3.720000000000000000e+02
3.840000000000000000e+02
3.920000000000000000e+02
3.360000000000000000e+02
3.360000000000000000e+02
3.600000000000000000e+02
3.600000000000000000e+02
3.640000000000000000e+02
3.600000000000000000e+02
3.520000000000000000e+02
3.640000000000000000e+02
3.680000000000000000e+02
3.680000000000000000e+02
3.680000000000000000e+02
3.600000000000000000e+02
3.560000000000000000e+02
3.560000000000000000e+02
3.600000000000000000e+02
3.480000000000000000e+02
3.440000000000000000e+02
3.400000000000000000e+02
3.800000000000000000e+02
3.840000000000000000e+02
3.826666666666666856e+02
3.986666666666666856e+02
3.650000000000000000e+02
3.680000000000000000e+02
3.680000000000000000e+02
3.640000000000000000e+02
3.760000000000000000e+02
3.690000000000000000e+02
3.960000000000000000e+02
4.040000000000000000e+02
3.960000000000000000e+02
4.160000000000000000e+02
3.680000000000000000e+02
3.720000000000000000e+02
3.760000000000000000e+02
3.640000000000000000e+02
3.640000000000000000e+02
3.680000000000000000e+02
3.680000000000000000e+02
3.760000000000000000e+02
3.840000000000000000e+02
3.840000000000000000e+02
3.440000000000000000e+02
3.480000000000000000e+02
3.520000000000000000e+02
3.573333333333333144e+02
3.600000000000000000e+02
3.600000000000000000e+02
3.640000000000000000e+02
3.680000000000000000e+02
3.760000000000000000e+02
3.760000000000000000e+02
3.720000000000000000e+02
3.640000000000000000e+02
3.520000000000000000e+02
3.600000000000000000e+02
3.680000000000000000e+02
3.760000000000000000e+02
3.800000000000000000e+02
3.840000000000000000e+02
3.880000000000000000e+02
3.890000000000000000e+02
3.800000000000000000e+02
3.640000000000000000e+02
3.600000000000000000e+02
3.640000000000000000e+02
3.640000000000000000e+02
3.720000000000000000e+02
4.253333333333333144e+02
4.000000000000000000e+02
3.986666666666666856e+02
3.466666666666666856e+02
4.293333333333333144e+02
4.146666666666666856e+02
4.040000000000000000e+02
4.013333333333333144e+02
3.760000000000000000e+02
3.640000000000000000e+02
3.640000000000000000e+02
3.600000000000000000e+02
3.680000000000000000e+02
3.800000000000000000e+02
3.840000000000000000e+02
3.840000000000000000e+02
3.700000000000000000e+02
3.760000000000000000e+02
3.720000000000000000e+02
3.720000000000000000e+02
3.730000000000000000e+02
3.600000000000000000e+02
3.640000000000000000e+02
3.533333333333333144e+02
3.773333333333333144e+02
3.720000000000000000e+02
3.560000000000000000e+02
3.690000000000000000e+02
3.720000000000000000e+02
3.680000000000000000e+02
3.720000000000000000e+02
3.720000000000000000e+02
3.760000000000000000e+02
3.720000000000000000e+02
3.840000000000000000e+02
3.840000000000000000e+02
3.840000000000000000e+02
3.760000000000000000e+02
3.720000000000000000e+02
3.720000000000000000e+02
3.680000000000000000e+02
3.840000000000000000e+02
3.800000000000000000e+02
6.920000000000000000e+02
4.080000000000000000e+02
4.120000000000000000e+02
4.200000000000000000e+02
4.280000000000000000e+02
4.250000000000000000e+02
3.960000000000000000e+02
3.760000000000000000e+02
3.560000000000000000e+02
3.640000000000000000e+02
3.690000000000000000e+02
3.720000000000000000e+02
3.760000000000000000e+02
3.760000000000000000e+02
3.760000000000000000e+02
3.720000000000000000e+02
3.720000000000000000e+02
3.720000000000000000e+02
3.720000000000000000e+02
3.760000000000000000e+02
3.800000000000000000e+02
3.980000000000000000e+02
3.840000000000000000e+02
5.040000000000000000e+02
5.080000000000000000e+02
3.790000000000000000e+02
5.133333333333333712e+02
3.920000000000000000e+02
3.920000000000000000e+02
3.680000000000000000e+02
3.680000000000000000e+02
3.680000000000000000e+02
3.680000000000000000e+02
3.800000000000000000e+02
3.893333333333333144e+02
3.790000000000000000e+02
3.693333333333333144e+02
3.620000000000000000e+02
3.720000000000000000e+02
3.730000000000000000e+02
4.160000000000000000e+02
4.280000000000000000e+02
4.270000000000000000e+02
4.190000000000000000e+02
4.266666666666666856e+02
4.210000000000000000e+02
4.040000000000000000e+02
4.186666666666666856e+02
4.370000000000000000e+02
4.200000000000000000e+02
4.160000000000000000e+02
4.320000000000000000e+02
4.580000000000000000e+02
4.226666666666666856e+02
4.920000000000000000e+02
3.800000000000000000e+02
3.760000000000000000e+02
3.760000000000000000e+02
3.680000000000000000e+02
3.720000000000000000e+02
3.730000000000000000e+02
3.900000000000000000e+02
3.760000000000000000e+02
4.360000000000000000e+02
5.080000000000000000e+02
5.120000000000000000e+02
5.160000000000000000e+02
6.230000000000000000e+02
6.240000000000000000e+02
6.200000000000000000e+02
4.240000000000000000e+02
4.280000000000000000e+02
4.040000000000000000e+02
4.170000000000000000e+02
4.910000000000000000e+02
4.920000000000000000e+02
4.990000000000000000e+02
4.920000000000000000e+02
4.880000000000000000e+02
7.480000000000000000e+02
4.000000000000000000e+02
4.160000000000000000e+02
4.120000000000000000e+02
4.160000000000000000e+02
3.930000000000000000e+02
4.280000000000000000e+02
4.220000000000000000e+02
6.740000000000000000e+02
4.270000000000000000e+02
4.386666666666666856e+02
4.386666666666666856e+02
7.480000000000000000e+02
4.173333333333333144e+02
7.580000000000000000e+02
4.000000000000000000e+02
5.000000000000000000e+02
5.040000000000000000e+02
5.000000000000000000e+02
5.040000000000000000e+02
5.040000000000000000e+02
4.200000000000000000e+02
4.200000000000000000e+02
4.240000000000000000e+02
4.280000000000000000e+02
4.320000000000000000e+02
6.190000000000000000e+02
6.240000000000000000e+02
6.240000000000000000e+02
6.280000000000000000e+02
6.240000000000000000e+02
6.240000000000000000e+02
4.320000000000000000e+02
4.240000000000000000e+02
4.200000000000000000e+02
4.160000000000000000e+02
4.120000000000000000e+02
4.960000000000000000e+02
4.960000000000000000e+02
5.000000000000000000e+02
4.960000000000000000e+02
5.000000000000000000e+02
5.040000000000000000e+02
7.480000000000000000e+02
7.440000000000000000e+02
4.346666666666666856e+02
4.466666666666666856e+02
7.480000000000000000e+02
4.266666666666666856e+02
7.480000000000000000e+02
4.320000000000000000e+02
4.320000000000000000e+02
4.240000000000000000e+02
4.186666666666666856e+02
4.240000000000000000e+02
4.346666666666666856e+02
4.360000000000000000e+02
4.880000000000000000e+02
4.990000000000000000e+02
4.960000000000000000e+02
4.960000000000000000e+02
5.000000000000000000e+02
5.000000000000000000e+02
5.000000000000000000e+02
5.000000000000000000e+02
6.360000000000000000e+02
6.906666666666666288e+02
7.310000000000000000e+02
6.320000000000000000e+02
6.320000000000000000e+02
6.360000000000000000e+02
6.360000000000000000e+02
6.320000000000000000e+02
6.320000000000000000e+02
6.200000000000000000e+02
7.500000000000000000e+02
6.320000000000000000e+02
5.010000000000000000e+02
4.960000000000000000e+02
4.960000000000000000e+02
4.920000000000000000e+02
4.960000000000000000e+02
4.960000000000000000e+02
5.000000000000000000e+02
6.970000000000000000e+02
6.870000000000000000e+02
4.260000000000000000e+02
4.250000000000000000e+02
4.280000000000000000e+02
4.240000000000000000e+02
4.280000000000000000e+02
6.800000000000000000e+02
