5.145000000000000000e+02
7.457777777777778283e+02
7.497777777777778283e+02
5.216000000000000227e+02
6.817142857142856656e+02
5.125714285714285552e+02
5.210000000000000000e+02
5.140000000000000000e+02
5.173333333333333712e+02
5.177142857142856656e+02
5.220000000000000000e+02
7.346666666666666288e+02
5.631111111111110858e+02
5.465000000000000000e+02
5.290000000000000000e+02
5.137142857142856656e+02
5.486666666666666288e+02
5.293333333333333712e+02
5.266666666666666288e+02
4.955000000000000000e+02
5.542857142857143344e+02
5.468571428571428896e+02
5.460000000000000000e+02
5.515000000000000000e+02
5.102857142857142776e+02
5.554285714285714448e+02
5.433333333333333712e+02
6.786666666666666288e+02
7.455000000000000000e+02
7.480000000000000000e+02
5.073333333333333144e+02
7.480000000000000000e+02
7.440000000000000000e+02
7.480000000000000000e+02
7.480000000000000000e+02
7.480000000000000000e+02
7.480000000000000000e+02
4.982222222222222285e+02
5.106666666666666856e+02
5.645000000000000000e+02
5.136000000000000227e+02
5.577142857142856656e+02
5.305000000000000000e+02
5.102222222222222285e+02
5.022222222222222285e+02
5.565000000000000000e+02
5.070000000000000000e+02
5.605000000000000000e+02
5.213333333333333712e+02
5.000000000000000000e+02
6.160000000000000000e+02
4.954285714285714448e+02
5.150000000000000000e+02
4.897142857142857224e+02
5.284444444444444571e+02
5.300000000000000000e+02
5.240000000000000000e+02
5.180000000000000000e+02
5.257777777777778283e+02
7.485000000000000000e+02
7.480000000000000000e+02
7.440000000000000000e+02
7.440000000000000000e+02
7.480000000000000000e+02
5.302222222222221717e+02
5.628571428571428896e+02
7.440000000000000000e+02
7.400000000000000000e+02
7.415000000000000000e+02
5.217777777777778283e+02
5.220000000000000000e+02
5.271111111111110858e+02
5.280000000000000000e+02
5.300000000000000000e+02
5.320000000000000000e+02
5.280000000000000000e+02
5.255000000000000000e+02
5.136000000000000227e+02
6.295000000000000000e+02
5.680000000000000000e+02
5.533333333333333712e+02
5.513333333333333712e+02
5.034285714285714448e+02
5.537142857142856656e+02
5.200000000000000000e+02
5.377142857142856656e+02
5.360000000000000000e+02
nan
5.320000000000000000e+02
5.280000000000000000e+02
5.308571428571428896e+02
7.280000000000000000e+02
7.320000000000000000e+02
7.320000000000000000e+02
5.775000000000000000e+02
5.715000000000000000e+02
5.245714285714285552e+02
5.280000000000000000e+02
5.331428571428571104e+02
7.028571428571428896e+02
7.217777777777778283e+02
4.588571428571428328e+02
5.080000000000000000e+02
5.240000000000000000e+02
5.240000000000000000e+02
5.280000000000000000e+02
5.280000000000000000e+02
5.146666666666666288e+02
4.811428571428571672e+02
5.140000000000000000e+02
5.488888888888889142e+02
5.063999999999999773e+02
4.965000000000000000e+02
4.968888888888889142e+02
4.935000000000000000e+02
4.580000000000000000e+02
4.686666666666666856e+02
4.245000000000000000e+02
5.366666666666666288e+02
4.215000000000000000e+02
4.160000000000000000e+02
4.350000000000000000e+02
4.433333333333333144e+02
4.582857142857142776e+02
7.284444444444444571e+02
6.280000000000000000e+02
5.320000000000000000e+02
5.295000000000000000e+02
5.337142857142856656e+02
5.360000000000000000e+02
5.320000000000000000e+02
4.610000000000000000e+02
4.360000000000000000e+02
4.257777777777777715e+02
4.220000000000000000e+02
nan
4.220000000000000000e+02
4.280000000000000000e+02
4.280000000000000000e+02
4.240000000000000000e+02
4.290000000000000000e+02
4.350000000000000000e+02
4.937777777777777715e+02
4.977142857142857224e+02
4.465000000000000000e+02
4.177777777777777715e+02
4.200000000000000000e+02
4.136000000000000227e+02
4.160000000000000000e+02
4.200000000000000000e+02
4.320000000000000000e+02
4.250000000000000000e+02
4.177777777777777715e+02
4.185000000000000000e+02
4.160000000000000000e+02
4.253333333333333144e+02
4.280000000000000000e+02
4.270000000000000000e+02
5.360000000000000000e+02
5.287999999999999545e+02
5.173333333333333712e+02
5.142222222222221717e+02
4.173333333333333144e+02
4.200000000000000000e+02
4.271999999999999886e+02
4.168888888888889142e+02
4.190000000000000000e+02
4.200000000000000000e+02
4.106666666666666856e+02
4.280000000000000000e+02
4.333333333333333144e+02
4.320000000000000000e+02
4.165714285714285552e+02
4.191999999999999886e+02
4.188571428571428328e+02
4.260000000000000000e+02
4.280000000000000000e+02
4.280000000000000000e+02
4.240000000000000000e+02
4.160000000000000000e+02
4.160000000000000000e+02
4.180000000000000000e+02
4.268571428571428328e+02
4.215000000000000000e+02
4.200000000000000000e+02
4.245000000000000000e+02
4.095000000000000000e+02
4.040000000000000000e+02
4.164444444444444571e+02
4.160000000000000000e+02
4.160000000000000000e+02
4.870000000000000000e+02
4.875000000000000000e+02
4.182857142857142776e+02
nan
4.280000000000000000e+02
4.095000000000000000e+02
4.080000000000000000e+02
4.080000000000000000e+02
4.000000000000000000e+02
4.183999999999999773e+02
4.262857142857142776e+02
4.180000000000000000e+02
4.120000000000000000e+02
4.160000000000000000e+02
4.240000000000000000e+02
4.171428571428571672e+02
4.480000000000000000e+02
4.445714285714285552e+02
4.133333333333333144e+02
4.368000000000000114e+02
4.137777777777777715e+02
4.151111111111110858e+02
4.215000000000000000e+02
4.345000000000000000e+02
4.360000000000000000e+02
4.120000000000000000e+02
4.031999999999999886e+02
nan
4.091428571428571672e+02
4.160000000000000000e+02
4.246666666666666856e+02
5.260000000000000000e+02
5.290000000000000000e+02
5.330000000000000000e+02
5.346666666666666288e+02
5.315000000000000000e+02
5.225000000000000000e+02
4.453333333333333144e+02
4.546666666666666856e+02
4.360000000000000000e+02
4.415000000000000000e+02
4.400000000000000000e+02
nan
4.600000000000000000e+02
4.700000000000000000e+02
4.474285714285714448e+02
4.390000000000000000e+02
5.020000000000000000e+02
5.244444444444444571e+02
5.137777777777778283e+02
5.211428571428571104e+02
6.474285714285714448e+02
4.815000000000000000e+02
4.790000000000000000e+02
4.490000000000000000e+02
4.460000000000000000e+02
4.440000000000000000e+02
4.360000000000000000e+02
4.400000000000000000e+02
4.428571428571428328e+02
7.135000000000000000e+02
7.160000000000000000e+02
7.120000000000000000e+02
7.133333333333333712e+02
5.270000000000000000e+02
5.207999999999999545e+02
5.840000000000000000e+02
7.182857142857143344e+02
7.185000000000000000e+02
7.133333333333333712e+02
4.766666666666666856e+02
4.706666666666666856e+02
4.845000000000000000e+02
5.635555555555555429e+02
5.620000000000000000e+02
4.400000000000000000e+02
4.408888888888889142e+02
4.768000000000000114e+02
4.888000000000000114e+02
4.960000000000000000e+02
5.004444444444444571e+02
4.993333333333333144e+02
4.975000000000000000e+02
4.914285714285714448e+02
7.194285714285714448e+02
4.545000000000000000e+02
4.450000000000000000e+02
5.528888888888889142e+02
5.595000000000000000e+02
5.466666666666666288e+02
4.871999999999999886e+02
4.600000000000000000e+02
7.070000000000000000e+02
7.133333333333333712e+02
7.160000000000000000e+02
5.930000000000000000e+02
5.946666666666666288e+02
5.811428571428571104e+02
5.866666666666666288e+02
6.540000000000000000e+02
7.240000000000000000e+02
7.354285714285714448e+02
7.355555555555555429e+02
7.333333333333333712e+02
5.114285714285714448e+02
5.914285714285714448e+02
5.411428571428571104e+02
5.165714285714285552e+02
7.228571428571428896e+02
4.970000000000000000e+02
4.960000000000000000e+02
4.840000000000000000e+02
5.013333333333333144e+02
5.026666666666666856e+02
4.964444444444444571e+02
5.053333333333333144e+02
5.226666666666666288e+02
5.084444444444444571e+02
5.160000000000000000e+02
5.148571428571428896e+02
5.713333333333333712e+02
5.140000000000000000e+02
7.080000000000000000e+02
7.350000000000000000e+02
7.272000000000000455e+02
7.200000000000000000e+02
7.200000000000000000e+02
7.262222222222221717e+02
7.240000000000000000e+02
7.240000000000000000e+02
7.240000000000000000e+02
5.045000000000000000e+02
7.220000000000000000e+02
7.255000000000000000e+02
7.360000000000000000e+02
6.260000000000000000e+02
5.140000000000000000e+02
5.400000000000000000e+02
5.228571428571428896e+02
7.537142857142856656e+02
7.485714285714285552e+02
5.240000000000000000e+02
5.006666666666666856e+02
5.035000000000000000e+02
4.880000000000000000e+02
