6.560000000000000000e+02
6.560000000000000000e+02
6.520000000000000000e+02
4.270000000000000000e+02
6.440000000000000000e+02
7.460000000000000000e+02
7.520000000000000000e+02
4.760000000000000000e+02
7.400000000000000000e+02
7.260000000000000000e+02
4.573333333333333144e+02
4.280000000000000000e+02
7.440000000000000000e+02
6.880000000000000000e+02
4.226666666666666856e+02
4.240000000000000000e+02
7.000000000000000000e+02
7.520000000000000000e+02
6.920000000000000000e+02
6.900000000000000000e+02
7.470000000000000000e+02
7.490000000000000000e+02
7.493333333333333712e+02
7.546666666666666288e+02
7.510000000000000000e+02
7.490000000000000000e+02
7.600000000000000000e+02
7.550000000000000000e+02
6.893333333333333712e+02
7.400000000000000000e+02
7.640000000000000000e+02
6.930000000000000000e+02
5.360000000000000000e+02
7.120000000000000000e+02
4.650000000000000000e+02
7.400000000000000000e+02
7.506666666666666288e+02
7.500000000000000000e+02
7.380000000000000000e+02
6.520000000000000000e+02
6.520000000000000000e+02
6.520000000000000000e+02
6.520000000000000000e+02
6.480000000000000000e+02
6.480000000000000000e+02
6.520000000000000000e+02
7.300000000000000000e+02
6.986666666666666288e+02
6.800000000000000000e+02
6.960000000000000000e+02
4.826666666666666856e+02
6.880000000000000000e+02
6.920000000000000000e+02
6.920000000000000000e+02
7.540000000000000000e+02
7.560000000000000000e+02
7.480000000000000000e+02
7.480000000000000000e+02
4.160000000000000000e+02
4.200000000000000000e+02
4.106666666666666856e+02
4.200000000000000000e+02
4.180000000000000000e+02
4.040000000000000000e+02
4.320000000000000000e+02
4.120000000000000000e+02
4.130000000000000000e+02
4.200000000000000000e+02
4.213333333333333144e+02
7.400000000000000000e+02
4.160000000000000000e+02
7.440000000000000000e+02
7.400000000000000000e+02
7.410000000000000000e+02
4.840000000000000000e+02
4.970000000000000000e+02
7.333333333333333712e+02
6.840000000000000000e+02
6.906666666666666288e+02
7.000000000000000000e+02
6.426666666666666288e+02
6.480000000000000000e+02
6.480000000000000000e+02
6.520000000000000000e+02
6.480000000000000000e+02
6.480000000000000000e+02
6.440000000000000000e+02
6.480000000000000000e+02
6.360000000000000000e+02
4.240000000000000000e+02
4.900000000000000000e+02
4.920000000000000000e+02
4.960000000000000000e+02
4.960000000000000000e+02
4.920000000000000000e+02
7.360000000000000000e+02
4.200000000000000000e+02
4.840000000000000000e+02
7.030000000000000000e+02
7.020000000000000000e+02
4.890000000000000000e+02
4.120000000000000000e+02
4.160000000000000000e+02
4.080000000000000000e+02
4.200000000000000000e+02
6.720000000000000000e+02
7.330000000000000000e+02
4.346666666666666856e+02
4.160000000000000000e+02
4.240000000000000000e+02
4.240000000000000000e+02
4.130000000000000000e+02
4.106666666666666856e+02
4.740000000000000000e+02
4.906666666666666856e+02
4.960000000000000000e+02
4.920000000000000000e+02
4.960000000000000000e+02
5.070000000000000000e+02
4.960000000000000000e+02
6.940000000000000000e+02
7.506666666666666288e+02
6.440000000000000000e+02
6.440000000000000000e+02
6.440000000000000000e+02
6.480000000000000000e+02
6.400000000000000000e+02
6.320000000000000000e+02
4.280000000000000000e+02
4.200000000000000000e+02
7.160000000000000000e+02
4.040000000000000000e+02
4.120000000000000000e+02
4.093333333333333144e+02
4.920000000000000000e+02
4.920000000000000000e+02
4.960000000000000000e+02
5.000000000000000000e+02
3.960000000000000000e+02
4.020000000000000000e+02
6.920000000000000000e+02
4.026666666666666856e+02
4.133333333333333144e+02
7.560000000000000000e+02
7.510000000000000000e+02
7.230000000000000000e+02
7.420000000000000000e+02
7.000000000000000000e+02
6.960000000000000000e+02
3.790000000000000000e+02
4.240000000000000000e+02
4.173333333333333144e+02
4.220000000000000000e+02
4.986666666666666856e+02
4.480000000000000000e+02
4.440000000000000000e+02
5.000000000000000000e+02
5.000000000000000000e+02
4.960000000000000000e+02
4.960000000000000000e+02
4.160000000000000000e+02
4.120000000000000000e+02
4.080000000000000000e+02
4.080000000000000000e+02
4.100000000000000000e+02
6.310000000000000000e+02
6.280000000000000000e+02
6.320000000000000000e+02
6.360000000000000000e+02
6.290000000000000000e+02
4.160000000000000000e+02
4.093333333333333144e+02
4.050000000000000000e+02
4.160000000000000000e+02
4.120000000000000000e+02
4.040000000000000000e+02
5.040000000000000000e+02
5.000000000000000000e+02
5.000000000000000000e+02
4.960000000000000000e+02
4.700000000000000000e+02
3.800000000000000000e+02
4.066666666666666856e+02
7.520000000000000000e+02
4.220000000000000000e+02
4.390000000000000000e+02
7.480000000000000000e+02
7.440000000000000000e+02
7.450000000000000000e+02
4.120000000000000000e+02
4.150000000000000000e+02
4.066666666666666856e+02
4.280000000000000000e+02
3.880000000000000000e+02
3.960000000000000000e+02
4.026666666666666856e+02
3.850000000000000000e+02
3.870000000000000000e+02
3.920000000000000000e+02
3.880000000000000000e+02
5.020000000000000000e+02
5.053333333333333144e+02
4.000000000000000000e+02
4.120000000000000000e+02
4.110000000000000000e+02
3.810000000000000000e+02
3.850000000000000000e+02
3.960000000000000000e+02
4.920000000000000000e+02
4.920000000000000000e+02
4.880000000000000000e+02
4.840000000000000000e+02
3.960000000000000000e+02
3.960000000000000000e+02
3.800000000000000000e+02
3.880000000000000000e+02
4.000000000000000000e+02
3.840000000000000000e+02
3.760000000000000000e+02
3.840000000000000000e+02
3.880000000000000000e+02
3.840000000000000000e+02
3.840000000000000000e+02
3.840000000000000000e+02
3.760000000000000000e+02
4.060000000000000000e+02
3.920000000000000000e+02
3.760000000000000000e+02
7.460000000000000000e+02
3.880000000000000000e+02
7.346666666666666288e+02
3.693333333333333144e+02
4.500000000000000000e+02
3.866666666666666856e+02
3.800000000000000000e+02
3.933333333333333144e+02
4.080000000000000000e+02
3.760000000000000000e+02
3.800000000000000000e+02
3.840000000000000000e+02
3.813333333333333144e+02
3.840000000000000000e+02
3.840000000000000000e+02
3.840000000000000000e+02
3.840000000000000000e+02
3.760000000000000000e+02
3.560000000000000000e+02
3.800000000000000000e+02
3.760000000000000000e+02
3.920000000000000000e+02
3.930000000000000000e+02
3.920000000000000000e+02
3.920000000000000000e+02
3.840000000000000000e+02
3.720000000000000000e+02
3.640000000000000000e+02
3.720000000000000000e+02
3.640000000000000000e+02
3.600000000000000000e+02
3.640000000000000000e+02
3.720000000000000000e+02
3.800000000000000000e+02
3.880000000000000000e+02
3.840000000000000000e+02
3.800000000000000000e+02
3.840000000000000000e+02
3.800000000000000000e+02
3.720000000000000000e+02
3.680000000000000000e+02
3.760000000000000000e+02
3.720000000000000000e+02
3.980000000000000000e+02
3.920000000000000000e+02
3.880000000000000000e+02
4.000000000000000000e+02
3.680000000000000000e+02
3.640000000000000000e+02
3.680000000000000000e+02
3.640000000000000000e+02
3.640000000000000000e+02
3.640000000000000000e+02
3.640000000000000000e+02
3.760000000000000000e+02
3.840000000000000000e+02
3.920000000000000000e+02
3.906666666666666856e+02
3.320000000000000000e+02
3.600000000000000000e+02
3.600000000000000000e+02
3.600000000000000000e+02
3.440000000000000000e+02
3.520000000000000000e+02
3.680000000000000000e+02
3.640000000000000000e+02
3.720000000000000000e+02
3.610000000000000000e+02
3.480000000000000000e+02
3.560000000000000000e+02
3.560000000000000000e+02
3.600000000000000000e+02
3.450000000000000000e+02
3.400000000000000000e+02
3.400000000000000000e+02
3.800000000000000000e+02
3.840000000000000000e+02
3.826666666666666856e+02
3.520000000000000000e+02
3.640000000000000000e+02
3.680000000000000000e+02
3.680000000000000000e+02
3.640000000000000000e+02
3.720000000000000000e+02
3.690000000000000000e+02
3.720000000000000000e+02
4.040000000000000000e+02
3.960000000000000000e+02
4.080000000000000000e+02
3.720000000000000000e+02
3.800000000000000000e+02
3.760000000000000000e+02
3.640000000000000000e+02
3.640000000000000000e+02
3.680000000000000000e+02
3.680000000000000000e+02
3.700000000000000000e+02
3.813333333333333144e+02
3.840000000000000000e+02
3.440000000000000000e+02
3.480000000000000000e+02
3.560000000000000000e+02
3.640000000000000000e+02
3.640000000000000000e+02
3.600000000000000000e+02
3.640000000000000000e+02
3.720000000000000000e+02
3.720000000000000000e+02
3.720000000000000000e+02
3.720000000000000000e+02
3.640000000000000000e+02
3.520000000000000000e+02
3.640000000000000000e+02
3.680000000000000000e+02
3.760000000000000000e+02
3.800000000000000000e+02
3.840000000000000000e+02
3.880000000000000000e+02
3.890000000000000000e+02
3.800000000000000000e+02
3.720000000000000000e+02
3.640000000000000000e+02
3.600000000000000000e+02
3.640000000000000000e+02
3.720000000000000000e+02
4.253333333333333144e+02
3.946666666666666856e+02
3.986666666666666856e+02
3.466666666666666856e+02
4.293333333333333144e+02
4.020000000000000000e+02
4.040000000000000000e+02
6.760000000000000000e+02
3.760000000000000000e+02
3.600000000000000000e+02
3.640000000000000000e+02
3.600000000000000000e+02
3.680000000000000000e+02
3.800000000000000000e+02
3.840000000000000000e+02
3.840000000000000000e+02
3.640000000000000000e+02
3.760000000000000000e+02
3.720000000000000000e+02
3.730000000000000000e+02
3.800000000000000000e+02
3.640000000000000000e+02
3.640000000000000000e+02
3.550000000000000000e+02
3.800000000000000000e+02
3.640000000000000000e+02
3.520000000000000000e+02
3.720000000000000000e+02
3.760000000000000000e+02
3.680000000000000000e+02
3.720000000000000000e+02
3.760000000000000000e+02
3.720000000000000000e+02
3.720000000000000000e+02
3.840000000000000000e+02
3.800000000000000000e+02
3.800000000000000000e+02
3.760000000000000000e+02
3.720000000000000000e+02
3.720000000000000000e+02
3.573333333333333144e+02
3.840000000000000000e+02
6.740000000000000000e+02
4.120000000000000000e+02
4.080000000000000000e+02
4.080000000000000000e+02
4.230000000000000000e+02
4.190000000000000000e+02
4.120000000000000000e+02
3.853333333333333144e+02
3.973333333333333144e+02
3.560000000000000000e+02
3.720000000000000000e+02
3.680000000000000000e+02
3.720000000000000000e+02
3.760000000000000000e+02
3.760000000000000000e+02
3.760000000000000000e+02
3.720000000000000000e+02
3.690000000000000000e+02
3.720000000000000000e+02
3.720000000000000000e+02
3.720000000000000000e+02
3.880000000000000000e+02
3.920000000000000000e+02
3.840000000000000000e+02
5.026666666666666856e+02
5.160000000000000000e+02
3.840000000000000000e+02
3.960000000000000000e+02
4.000000000000000000e+02
3.960000000000000000e+02
3.680000000000000000e+02
3.680000000000000000e+02
3.720000000000000000e+02
3.680000000000000000e+02
4.080000000000000000e+02
3.893333333333333144e+02
3.840000000000000000e+02
3.750000000000000000e+02
3.620000000000000000e+02
3.680000000000000000e+02
3.730000000000000000e+02
4.120000000000000000e+02
4.180000000000000000e+02
4.270000000000000000e+02
4.160000000000000000e+02
4.190000000000000000e+02
4.210000000000000000e+02
4.000000000000000000e+02
4.200000000000000000e+02
4.340000000000000000e+02
4.230000000000000000e+02
4.293333333333333144e+02
4.320000000000000000e+02
4.240000000000000000e+02
4.226666666666666856e+02
4.920000000000000000e+02
4.946666666666666856e+02
3.840000000000000000e+02
3.680000000000000000e+02
3.680000000000000000e+02
3.720000000000000000e+02
3.730000000000000000e+02
5.020000000000000000e+02
3.800000000000000000e+02
4.440000000000000000e+02
5.120000000000000000e+02
5.120000000000000000e+02
5.120000000000000000e+02
6.200000000000000000e+02
6.200000000000000000e+02
4.160000000000000000e+02
4.240000000000000000e+02
4.280000000000000000e+02
4.150000000000000000e+02
4.226666666666666856e+02
4.920000000000000000e+02
4.920000000000000000e+02
4.990000000000000000e+02
4.960000000000000000e+02
4.920000000000000000e+02
4.480000000000000000e+02
4.906666666666666856e+02
4.160000000000000000e+02
4.120000000000000000e+02
4.280000000000000000e+02
4.440000000000000000e+02
5.380000000000000000e+02
4.230000000000000000e+02
4.190000000000000000e+02
7.460000000000000000e+02
6.860000000000000000e+02
4.240000000000000000e+02
4.150000000000000000e+02
4.120000000000000000e+02
7.380000000000000000e+02
3.920000000000000000e+02
5.000000000000000000e+02
5.000000000000000000e+02
5.040000000000000000e+02
5.040000000000000000e+02
5.040000000000000000e+02
4.200000000000000000e+02
4.200000000000000000e+02
4.200000000000000000e+02
4.280000000000000000e+02
4.280000000000000000e+02
6.240000000000000000e+02
6.240000000000000000e+02
6.240000000000000000e+02
6.280000000000000000e+02
6.240000000000000000e+02
6.240000000000000000e+02
4.320000000000000000e+02
4.240000000000000000e+02
4.240000000000000000e+02
4.200000000000000000e+02
4.090000000000000000e+02
4.960000000000000000e+02
5.000000000000000000e+02
5.000000000000000000e+02
4.960000000000000000e+02
4.960000000000000000e+02
5.040000000000000000e+02
7.480000000000000000e+02
7.440000000000000000e+02
7.460000000000000000e+02
4.880000000000000000e+02
7.480000000000000000e+02
4.266666666666666856e+02
4.360000000000000000e+02
4.240000000000000000e+02
4.200000000000000000e+02
4.200000000000000000e+02
4.200000000000000000e+02
4.280000000000000000e+02
4.370000000000000000e+02
4.320000000000000000e+02
4.240000000000000000e+02
4.920000000000000000e+02
4.960000000000000000e+02
4.960000000000000000e+02
4.960000000000000000e+02
4.960000000000000000e+02
4.960000000000000000e+02
4.960000000000000000e+02
6.400000000000000000e+02
4.240000000000000000e+02
7.460000000000000000e+02
6.360000000000000000e+02
6.360000000000000000e+02
6.320000000000000000e+02
6.360000000000000000e+02
6.320000000000000000e+02
6.320000000000000000e+02
6.240000000000000000e+02
6.520000000000000000e+02
6.300000000000000000e+02
6.370000000000000000e+02
4.960000000000000000e+02
4.970000000000000000e+02
4.920000000000000000e+02
4.960000000000000000e+02
4.973333333333333144e+02
4.980000000000000000e+02
6.880000000000000000e+02
7.560000000000000000e+02
4.240000000000000000e+02
4.306666666666666856e+02
4.306666666666666856e+02
4.320000000000000000e+02
4.280000000000000000e+02
6.800000000000000000e+02
