6.520000000000000000e+02
6.560000000000000000e+02
6.520000000000000000e+02
6.680000000000000000e+02
7.440000000000000000e+02
6.540000000000000000e+02
6.560000000000000000e+02
4.760000000000000000e+02
4.960000000000000000e+02
4.946666666666666856e+02
4.386666666666666856e+02
4.320000000000000000e+02
7.440000000000000000e+02
7.730000000000000000e+02
4.173333333333333144e+02
4.240000000000000000e+02
4.200000000000000000e+02
7.430000000000000000e+02
4.186666666666666856e+02
7.390000000000000000e+02
6.960000000000000000e+02
7.500000000000000000e+02
7.560000000000000000e+02
7.533333333333333712e+02
7.510000000000000000e+02
4.240000000000000000e+02
6.870000000000000000e+02
6.880000000000000000e+02
6.893333333333333712e+02
7.400000000000000000e+02
7.640000000000000000e+02
7.540000000000000000e+02
6.960000000000000000e+02
7.190000000000000000e+02
7.426666666666666288e+02
7.173333333333333712e+02
7.506666666666666288e+02
7.500000000000000000e+02
7.380000000000000000e+02
6.520000000000000000e+02
6.520000000000000000e+02
6.520000000000000000e+02
6.520000000000000000e+02
6.520000000000000000e+02
6.480000000000000000e+02
6.540000000000000000e+02
6.460000000000000000e+02
7.013333333333333712e+02
6.800000000000000000e+02
6.960000000000000000e+02
4.826666666666666856e+02
6.880000000000000000e+02
6.920000000000000000e+02
6.840000000000000000e+02
7.520000000000000000e+02
7.560000000000000000e+02
7.480000000000000000e+02
7.453333333333333712e+02
4.160000000000000000e+02
4.160000000000000000e+02
4.106666666666666856e+02
4.200000000000000000e+02
4.200000000000000000e+02
4.040000000000000000e+02
4.213333333333333144e+02
4.120000000000000000e+02
4.146666666666666856e+02
4.160000000000000000e+02
4.240000000000000000e+02
4.280000000000000000e+02
7.400000000000000000e+02
7.440000000000000000e+02
7.373333333333333712e+02
4.890000000000000000e+02
4.840000000000000000e+02
4.970000000000000000e+02
5.320000000000000000e+02
6.906666666666666288e+02
6.800000000000000000e+02
7.000000000000000000e+02
6.400000000000000000e+02
6.480000000000000000e+02
6.480000000000000000e+02
6.520000000000000000e+02
6.520000000000000000e+02
6.480000000000000000e+02
6.480000000000000000e+02
6.480000000000000000e+02
6.320000000000000000e+02
7.510000000000000000e+02
7.460000000000000000e+02
4.840000000000000000e+02
4.960000000000000000e+02
4.960000000000000000e+02
4.960000000000000000e+02
4.200000000000000000e+02
4.180000000000000000e+02
4.820000000000000000e+02
4.970000000000000000e+02
6.950000000000000000e+02
7.720000000000000000e+02
4.260000000000000000e+02
7.560000000000000000e+02
7.580000000000000000e+02
7.586666666666666288e+02
4.870000000000000000e+02
7.306666666666666288e+02
6.540000000000000000e+02
7.346666666666666288e+02
4.280000000000000000e+02
4.240000000000000000e+02
7.440000000000000000e+02
4.920000000000000000e+02
4.613333333333333144e+02
4.870000000000000000e+02
4.890000000000000000e+02
4.960000000000000000e+02
4.960000000000000000e+02
5.070000000000000000e+02
5.000000000000000000e+02
6.940000000000000000e+02
7.400000000000000000e+02
6.426666666666666288e+02
6.440000000000000000e+02
6.440000000000000000e+02
6.450000000000000000e+02
6.440000000000000000e+02
6.320000000000000000e+02
4.320000000000000000e+02
4.160000000000000000e+02
7.480000000000000000e+02
4.053333333333333144e+02
4.120000000000000000e+02
4.920000000000000000e+02
4.920000000000000000e+02
4.960000000000000000e+02
4.960000000000000000e+02
4.960000000000000000e+02
3.946666666666666856e+02
4.020000000000000000e+02
4.053333333333333144e+02
4.026666666666666856e+02
7.410000000000000000e+02
7.533333333333333712e+02
7.520000000000000000e+02
7.230000000000000000e+02
7.480000000000000000e+02
7.000000000000000000e+02
6.960000000000000000e+02
7.186666666666666288e+02
4.240000000000000000e+02
4.253333333333333144e+02
4.200000000000000000e+02
4.440000000000000000e+02
4.000000000000000000e+02
3.880000000000000000e+02
5.000000000000000000e+02
5.000000000000000000e+02
4.960000000000000000e+02
4.960000000000000000e+02
4.160000000000000000e+02
4.120000000000000000e+02
4.120000000000000000e+02
4.140000000000000000e+02
4.160000000000000000e+02
6.310000000000000000e+02
6.280000000000000000e+02
6.360000000000000000e+02
6.320000000000000000e+02
6.280000000000000000e+02
4.200000000000000000e+02
4.093333333333333144e+02
4.146666666666666856e+02
4.120000000000000000e+02
4.120000000000000000e+02
4.080000000000000000e+02
5.000000000000000000e+02
5.000000000000000000e+02
4.960000000000000000e+02
5.000000000000000000e+02
3.880000000000000000e+02
7.530000000000000000e+02
4.093333333333333144e+02
7.560000000000000000e+02
7.490000000000000000e+02
4.160000000000000000e+02
7.310000000000000000e+02
7.440000000000000000e+02
7.413333333333333712e+02
4.120000000000000000e+02
4.240000000000000000e+02
4.080000000000000000e+02
4.160000000000000000e+02
3.840000000000000000e+02
3.710000000000000000e+02
4.026666666666666856e+02
3.800000000000000000e+02
3.920000000000000000e+02
3.920000000000000000e+02
3.906666666666666856e+02
5.020000000000000000e+02
3.930000000000000000e+02
4.080000000000000000e+02
4.120000000000000000e+02
4.000000000000000000e+02
3.870000000000000000e+02
3.850000000000000000e+02
4.000000000000000000e+02
4.920000000000000000e+02
4.920000000000000000e+02
4.880000000000000000e+02
4.850000000000000000e+02
3.960000000000000000e+02
3.890000000000000000e+02
3.840000000000000000e+02
3.840000000000000000e+02
4.060000000000000000e+02
3.840000000000000000e+02
3.800000000000000000e+02
3.800000000000000000e+02
3.840000000000000000e+02
3.880000000000000000e+02
3.840000000000000000e+02
3.840000000000000000e+02
3.800000000000000000e+02
4.080000000000000000e+02
3.840000000000000000e+02
3.840000000000000000e+02
7.493333333333333712e+02
3.880000000000000000e+02
3.800000000000000000e+02
3.693333333333333144e+02
3.720000000000000000e+02
3.866666666666666856e+02
3.870000000000000000e+02
3.960000000000000000e+02
4.040000000000000000e+02
3.906666666666666856e+02
3.800000000000000000e+02
3.840000000000000000e+02
3.880000000000000000e+02
3.840000000000000000e+02
3.880000000000000000e+02
3.840000000000000000e+02
3.720000000000000000e+02
3.773333333333333144e+02
3.760000000000000000e+02
3.800000000000000000e+02
3.720000000000000000e+02
3.920000000000000000e+02
3.930000000000000000e+02
3.930000000000000000e+02
3.840000000000000000e+02
3.840000000000000000e+02
3.760000000000000000e+02
3.640000000000000000e+02
3.680000000000000000e+02
3.680000000000000000e+02
3.600000000000000000e+02
3.640000000000000000e+02
3.666666666666666856e+02
3.800000000000000000e+02
3.880000000000000000e+02
3.880000000000000000e+02
3.840000000000000000e+02
3.840000000000000000e+02
3.720000000000000000e+02
3.720000000000000000e+02
4.226666666666666856e+02
3.720000000000000000e+02
3.890000000000000000e+02
3.980000000000000000e+02
3.960000000000000000e+02
3.850000000000000000e+02
4.000000000000000000e+02
3.680000000000000000e+02
3.680000000000000000e+02
3.680000000000000000e+02
3.680000000000000000e+02
3.600000000000000000e+02
3.640000000000000000e+02
3.680000000000000000e+02
3.760000000000000000e+02
3.850000000000000000e+02
3.880000000000000000e+02
3.360000000000000000e+02
3.320000000000000000e+02
3.600000000000000000e+02
3.600000000000000000e+02
3.640000000000000000e+02
3.520000000000000000e+02
3.520000000000000000e+02
3.720000000000000000e+02
3.640000000000000000e+02
3.680000000000000000e+02
3.610000000000000000e+02
3.480000000000000000e+02
3.600000000000000000e+02
3.560000000000000000e+02
3.600000000000000000e+02
3.480000000000000000e+02
3.400000000000000000e+02
3.320000000000000000e+02
3.840000000000000000e+02
3.800000000000000000e+02
3.840000000000000000e+02
3.520000000000000000e+02
3.640000000000000000e+02
3.680000000000000000e+02
3.680000000000000000e+02
3.720000000000000000e+02
3.666666666666666856e+02
3.690000000000000000e+02
3.800000000000000000e+02
4.040000000000000000e+02
4.030000000000000000e+02
4.160000000000000000e+02
3.680000000000000000e+02
3.760000000000000000e+02
3.760000000000000000e+02
3.720000000000000000e+02
3.640000000000000000e+02
3.680000000000000000e+02
3.680000000000000000e+02
3.760000000000000000e+02
3.840000000000000000e+02
3.840000000000000000e+02
3.440000000000000000e+02
3.520000000000000000e+02
3.560000000000000000e+02
3.600000000000000000e+02
3.600000000000000000e+02
3.600000000000000000e+02
3.640000000000000000e+02
3.720000000000000000e+02
3.760000000000000000e+02
3.720000000000000000e+02
3.720000000000000000e+02
3.600000000000000000e+02
3.560000000000000000e+02
3.600000000000000000e+02
3.680000000000000000e+02
3.760000000000000000e+02
3.800000000000000000e+02
3.840000000000000000e+02
3.880000000000000000e+02
3.890000000000000000e+02
3.800000000000000000e+02
3.870000000000000000e+02
3.640000000000000000e+02
3.640000000000000000e+02
3.640000000000000000e+02
3.760000000000000000e+02
4.280000000000000000e+02
4.050000000000000000e+02
3.980000000000000000e+02
4.053333333333333144e+02
4.240000000000000000e+02
4.146666666666666856e+02
4.040000000000000000e+02
7.453333333333333712e+02
3.706666666666666856e+02
3.640000000000000000e+02
3.600000000000000000e+02
3.650000000000000000e+02
3.680000000000000000e+02
3.840000000000000000e+02
3.840000000000000000e+02
3.840000000000000000e+02
3.680000000000000000e+02
3.760000000000000000e+02
3.720000000000000000e+02
3.720000000000000000e+02
3.760000000000000000e+02
3.600000000000000000e+02
3.640000000000000000e+02
3.600000000000000000e+02
3.760000000000000000e+02
3.720000000000000000e+02
3.600000000000000000e+02
3.680000000000000000e+02
3.720000000000000000e+02
3.660000000000000000e+02
3.720000000000000000e+02
3.760000000000000000e+02
3.720000000000000000e+02
3.720000000000000000e+02
3.800000000000000000e+02
3.800000000000000000e+02
3.760000000000000000e+02
3.830000000000000000e+02
3.680000000000000000e+02
3.680000000000000000e+02
3.680000000000000000e+02
3.813333333333333144e+02
3.800000000000000000e+02
4.186666666666666856e+02
4.120000000000000000e+02
4.080000000000000000e+02
4.146666666666666856e+02
4.320000000000000000e+02
4.250000000000000000e+02
3.853333333333333144e+02
3.730000000000000000e+02
3.650000000000000000e+02
3.720000000000000000e+02
3.690000000000000000e+02
3.720000000000000000e+02
3.760000000000000000e+02
3.760000000000000000e+02
3.800000000000000000e+02
3.720000000000000000e+02
3.690000000000000000e+02
3.720000000000000000e+02
3.760000000000000000e+02
3.720000000000000000e+02
3.800000000000000000e+02
4.040000000000000000e+02
3.800000000000000000e+02
5.080000000000000000e+02
5.080000000000000000e+02
3.790000000000000000e+02
3.960000000000000000e+02
3.920000000000000000e+02
3.880000000000000000e+02
3.680000000000000000e+02
3.680000000000000000e+02
3.720000000000000000e+02
3.760000000000000000e+02
3.840000000000000000e+02
3.830000000000000000e+02
3.800000000000000000e+02
3.813333333333333144e+02
3.760000000000000000e+02
3.680000000000000000e+02
3.730000000000000000e+02
4.160000000000000000e+02
4.280000000000000000e+02
4.120000000000000000e+02
4.200000000000000000e+02
4.266666666666666856e+02
7.453333333333333712e+02
4.040000000000000000e+02
4.266666666666666856e+02
4.370000000000000000e+02
4.160000000000000000e+02
4.280000000000000000e+02
4.320000000000000000e+02
4.240000000000000000e+02
4.830000000000000000e+02
4.920000000000000000e+02
3.800000000000000000e+02
3.840000000000000000e+02
3.680000000000000000e+02
3.680000000000000000e+02
3.760000000000000000e+02
3.720000000000000000e+02
5.020000000000000000e+02
3.880000000000000000e+02
4.440000000000000000e+02
4.360000000000000000e+02
5.120000000000000000e+02
5.160000000000000000e+02
6.200000000000000000e+02
6.200000000000000000e+02
4.160000000000000000e+02
4.200000000000000000e+02
4.230000000000000000e+02
4.080000000000000000e+02
4.160000000000000000e+02
4.920000000000000000e+02
4.960000000000000000e+02
4.960000000000000000e+02
4.930000000000000000e+02
4.880000000000000000e+02
3.920000000000000000e+02
4.773333333333333144e+02
7.466666666666666288e+02
7.190000000000000000e+02
4.280000000000000000e+02
4.420000000000000000e+02
4.280000000000000000e+02
4.220000000000000000e+02
7.493333333333333712e+02
7.480000000000000000e+02
7.560000000000000000e+02
4.280000000000000000e+02
7.480000000000000000e+02
4.200000000000000000e+02
4.933333333333333144e+02
3.800000000000000000e+02
4.060000000000000000e+02
5.030000000000000000e+02
5.040000000000000000e+02
5.000000000000000000e+02
5.040000000000000000e+02
4.240000000000000000e+02
4.200000000000000000e+02
4.240000000000000000e+02
4.280000000000000000e+02
4.320000000000000000e+02
6.240000000000000000e+02
6.240000000000000000e+02
6.240000000000000000e+02
6.280000000000000000e+02
6.240000000000000000e+02
6.240000000000000000e+02
7.480000000000000000e+02
4.240000000000000000e+02
4.240000000000000000e+02
4.160000000000000000e+02
4.160000000000000000e+02
4.960000000000000000e+02
4.960000000000000000e+02
5.000000000000000000e+02
4.960000000000000000e+02
4.960000000000000000e+02
5.040000000000000000e+02
4.450000000000000000e+02
4.906666666666666856e+02
4.346666666666666856e+02
4.466666666666666856e+02
4.293333333333333144e+02
4.266666666666666856e+02
7.480000000000000000e+02
4.320000000000000000e+02
4.240000000000000000e+02
4.200000000000000000e+02
4.186666666666666856e+02
4.240000000000000000e+02
4.370000000000000000e+02
4.320000000000000000e+02
4.240000000000000000e+02
4.990000000000000000e+02
4.960000000000000000e+02
4.960000000000000000e+02
4.960000000000000000e+02
4.960000000000000000e+02
4.960000000000000000e+02
5.000000000000000000e+02
6.400000000000000000e+02
6.800000000000000000e+02
7.520000000000000000e+02
6.280000000000000000e+02
6.320000000000000000e+02
6.360000000000000000e+02
6.320000000000000000e+02
6.320000000000000000e+02
6.320000000000000000e+02
6.320000000000000000e+02
6.440000000000000000e+02
6.360000000000000000e+02
6.790000000000000000e+02
4.960000000000000000e+02
5.000000000000000000e+02
4.960000000000000000e+02
4.960000000000000000e+02
4.960000000000000000e+02
4.960000000000000000e+02
7.546666666666666288e+02
6.870000000000000000e+02
7.480000000000000000e+02
4.306666666666666856e+02
4.306666666666666856e+02
4.240000000000000000e+02
7.360000000000000000e+02
4.200000000000000000e+02
