4.055000000000000000e+02
4.062857142857142776e+02
4.866666666666666856e+02
5.966666666666666288e+02
4.240000000000000000e+02
4.115000000000000000e+02
4.251428571428571672e+02
5.850000000000000000e+02
3.891428571428571672e+02
3.964444444444444571e+02
4.000000000000000000e+02
4.063999999999999773e+02
4.160000000000000000e+02
4.230000000000000000e+02
4.235555555555555429e+02
4.320000000000000000e+02
4.426666666666666856e+02
4.462222222222222285e+02
4.370000000000000000e+02
4.360000000000000000e+02
nan
4.320000000000000000e+02
4.320000000000000000e+02
4.570000000000000000e+02
3.217777777777777715e+02
3.405000000000000000e+02
3.555000000000000000e+02
3.660000000000000000e+02
5.110000000000000000e+02
4.622857142857142776e+02
4.790000000000000000e+02
3.434285714285714448e+02
3.524444444444444571e+02
6.245000000000000000e+02
5.706666666666666288e+02
5.657142857142856656e+02
6.020000000000000000e+02
6.260000000000000000e+02
5.246666666666666288e+02
5.340000000000000000e+02
6.248888888888889142e+02
5.695000000000000000e+02
5.135000000000000000e+02
5.720000000000000000e+02
5.113333333333333144e+02
5.953333333333333712e+02
5.895000000000000000e+02
5.715555555555555429e+02
5.920000000000000000e+02
6.354285714285714448e+02
3.435000000000000000e+02
4.160000000000000000e+02
4.413333333333333144e+02
4.462857142857142776e+02
4.920000000000000000e+02
3.582222222222222285e+02
3.480000000000000000e+02
3.297142857142857224e+02
4.714285714285714448e+02
4.280000000000000000e+02
4.320000000000000000e+02
4.320000000000000000e+02
4.360000000000000000e+02
4.360000000000000000e+02
nan
4.457777777777777715e+02
4.350000000000000000e+02
4.280000000000000000e+02
4.240000000000000000e+02
4.200000000000000000e+02
4.062857142857142776e+02
4.108571428571428328e+02
5.690000000000000000e+02
5.807999999999999545e+02
6.182857142857143344e+02
6.155000000000000000e+02
4.170000000000000000e+02
4.640000000000000000e+02
4.885000000000000000e+02
6.175000000000000000e+02
6.051428571428571104e+02
3.936000000000000227e+02
3.960000000000000000e+02
3.960000000000000000e+02
4.155000000000000000e+02
4.900000000000000000e+02
4.222857142857142776e+02
5.086666666666666856e+02
5.680000000000000000e+02
5.788571428571428896e+02
5.023999999999999773e+02
3.960000000000000000e+02
4.005714285714285552e+02
4.053333333333333144e+02
4.177142857142857224e+02
4.248888888888889142e+02
4.268571428571428328e+02
4.342857142857142776e+02
4.400000000000000000e+02
4.411428571428571672e+02
4.400000000000000000e+02
4.426666666666666856e+02
4.360000000000000000e+02
4.360000000000000000e+02
4.320000000000000000e+02
4.615000000000000000e+02
4.713333333333333144e+02
4.800000000000000000e+02
3.470000000000000000e+02
4.225000000000000000e+02
6.245714285714285552e+02
4.470000000000000000e+02
4.333333333333333144e+02
4.513333333333333144e+02
3.431111111111110858e+02
4.703999999999999773e+02
4.120000000000000000e+02
5.253333333333333712e+02
5.960000000000000000e+02
6.080000000000000000e+02
5.971428571428571104e+02
6.382857142857143344e+02
6.185000000000000000e+02
5.588571428571428896e+02
5.460000000000000000e+02
5.804444444444444571e+02
5.971428571428571104e+02
5.634285714285714448e+02
5.760000000000000000e+02
5.965000000000000000e+02
5.991111111111110858e+02
5.955000000000000000e+02
4.620000000000000000e+02
4.395000000000000000e+02
5.250000000000000000e+02
5.480000000000000000e+02
4.130000000000000000e+02
4.453333333333333144e+02
5.256000000000000227e+02
4.554285714285714448e+02
4.474285714285714448e+02
4.364444444444444571e+02
4.400000000000000000e+02
4.440000000000000000e+02
4.457777777777777715e+02
4.480000000000000000e+02
4.520000000000000000e+02
4.634285714285714448e+02
4.340000000000000000e+02
4.415000000000000000e+02
4.440000000000000000e+02
6.450000000000000000e+02
5.715000000000000000e+02
3.970000000000000000e+02
3.942857142857142776e+02
4.475000000000000000e+02
6.360000000000000000e+02
6.310000000000000000e+02
4.085000000000000000e+02
5.583999999999999773e+02
5.010000000000000000e+02
5.315555555555555429e+02
3.810000000000000000e+02
3.890000000000000000e+02
3.920000000000000000e+02
3.880000000000000000e+02
3.895000000000000000e+02
4.355000000000000000e+02
4.266666666666666856e+02
4.200000000000000000e+02
4.200000000000000000e+02
4.211428571428571672e+02
4.308571428571428328e+02
4.400000000000000000e+02
3.862857142857142776e+02
3.994285714285714448e+02
4.240000000000000000e+02
4.353333333333333144e+02
4.400000000000000000e+02
4.320000000000000000e+02
4.565714285714285552e+02
4.560000000000000000e+02
nan
4.560000000000000000e+02
4.497777777777777715e+02
4.502222222222222285e+02
4.440000000000000000e+02
4.433333333333333144e+02
3.426666666666666856e+02
4.977142857142857224e+02
4.497777777777777715e+02
3.790000000000000000e+02
4.220000000000000000e+02
6.260000000000000000e+02
5.440000000000000000e+02
6.410000000000000000e+02
4.983999999999999773e+02
4.960000000000000000e+02
5.085714285714285552e+02
6.053333333333333712e+02
5.708571428571428896e+02
5.740000000000000000e+02
5.928888888888889142e+02
5.435000000000000000e+02
5.800000000000000000e+02
5.555555555555555429e+02
5.446666666666666288e+02
5.448888888888889142e+02
5.382222222222221717e+02
5.440000000000000000e+02
5.336000000000000227e+02
5.220000000000000000e+02
4.928888888888889142e+02
4.945000000000000000e+02
4.924444444444444571e+02
6.480000000000000000e+02
6.480000000000000000e+02
3.715000000000000000e+02
3.684444444444444571e+02
3.640000000000000000e+02
4.674285714285714448e+02
4.060000000000000000e+02
3.680000000000000000e+02
4.497777777777777715e+02
4.560000000000000000e+02
nan
4.560000000000000000e+02
4.560000000000000000e+02
nan
4.656000000000000227e+02
4.213333333333333144e+02
4.302857142857142776e+02
4.320000000000000000e+02
4.280000000000000000e+02
4.160000000000000000e+02
6.148571428571428896e+02
4.404444444444444571e+02
4.497777777777777715e+02
4.355555555555555429e+02
4.380000000000000000e+02
4.386666666666666856e+02
4.337142857142857224e+02
4.305000000000000000e+02
4.366666666666666856e+02
3.906666666666666856e+02
3.920000000000000000e+02
3.960000000000000000e+02
3.920000000000000000e+02
4.644444444444444571e+02
4.543999999999999773e+02
4.453333333333333144e+02
4.520000000000000000e+02
4.520000000000000000e+02
4.591111111111110858e+02
3.977142857142857224e+02
4.088888888888889142e+02
4.040000000000000000e+02
4.145000000000000000e+02
4.200000000000000000e+02
4.240000000000000000e+02
4.280000000000000000e+02
4.280000000000000000e+02
4.666666666666666856e+02
4.640000000000000000e+02
4.575000000000000000e+02
4.560000000000000000e+02
4.560000000000000000e+02
nan
4.560000000000000000e+02
4.640000000000000000e+02
4.776000000000000227e+02
5.273333333333333712e+02
3.690000000000000000e+02
3.680000000000000000e+02
3.720000000000000000e+02
6.060000000000000000e+02
3.813333333333333144e+02
5.875000000000000000e+02
4.833333333333333144e+02
4.870000000000000000e+02
4.888888888888889142e+02
6.433333333333333712e+02
5.456000000000000227e+02
5.030000000000000000e+02
6.280000000000000000e+02
5.268571428571428896e+02
5.466666666666666288e+02
6.354285714285714448e+02
4.920000000000000000e+02
5.193333333333333712e+02
5.571428571428571104e+02
5.462857142857143344e+02
5.565000000000000000e+02
5.533333333333333712e+02
6.165714285714285552e+02
6.084444444444444571e+02
5.670000000000000000e+02
6.475000000000000000e+02
6.440000000000000000e+02
5.127999999999999545e+02
6.324444444444444571e+02
5.114285714285714448e+02
6.353333333333333712e+02
4.585000000000000000e+02
4.620000000000000000e+02
4.611428571428571672e+02
4.600000000000000000e+02
4.600000000000000000e+02
4.560000000000000000e+02
4.600000000000000000e+02
4.662222222222222285e+02
4.613333333333333144e+02
4.480000000000000000e+02
4.295000000000000000e+02
4.262222222222222285e+02
4.208888888888889142e+02
4.200000000000000000e+02
4.097142857142857224e+02
4.100000000000000000e+02
3.950000000000000000e+02
4.466666666666666856e+02
4.537142857142857224e+02
4.520000000000000000e+02
4.560000000000000000e+02
4.660000000000000000e+02
4.680000000000000000e+02
4.720000000000000000e+02
3.977777777777777715e+02
3.960000000000000000e+02
4.782222222222222285e+02
4.760000000000000000e+02
4.760000000000000000e+02
4.720000000000000000e+02
4.660000000000000000e+02
3.773333333333333144e+02
3.735000000000000000e+02
4.884444444444444571e+02
5.068571428571428328e+02
3.908571428571428328e+02
4.080000000000000000e+02
4.193333333333333144e+02
4.240000000000000000e+02
4.280000000000000000e+02
4.346666666666666856e+02
4.531428571428571672e+02
4.600000000000000000e+02
4.640000000000000000e+02
4.640000000000000000e+02
4.600000000000000000e+02
4.628571428571428328e+02
4.640000000000000000e+02
4.640000000000000000e+02
4.573333333333333144e+02
6.337777777777778283e+02
6.480000000000000000e+02
6.470000000000000000e+02
6.475000000000000000e+02
6.400000000000000000e+02
6.480000000000000000e+02
6.480000000000000000e+02
6.480000000000000000e+02
5.880000000000000000e+02
6.288888888888889142e+02
5.980000000000000000e+02
5.605714285714285552e+02
5.680000000000000000e+02
5.468571428571428896e+02
4.748571428571428328e+02
4.617142857142857224e+02
5.287999999999999545e+02
5.165000000000000000e+02
5.766666666666666288e+02
5.182857142857143344e+02
5.965000000000000000e+02
5.536000000000000227e+02
6.480000000000000000e+02
6.480000000000000000e+02
6.480000000000000000e+02
6.480000000000000000e+02
6.480000000000000000e+02
6.480000000000000000e+02
6.480000000000000000e+02
6.480000000000000000e+02
6.480000000000000000e+02
6.471111111111110858e+02
4.794285714285714448e+02
4.675555555555555429e+02
4.640000000000000000e+02
nan
4.617142857142857224e+02
4.640000000000000000e+02
nan
4.570000000000000000e+02
4.486666666666666856e+02
4.355555555555555429e+02
4.320000000000000000e+02
4.240000000000000000e+02
4.240000000000000000e+02
4.200000000000000000e+02
4.080000000000000000e+02
4.860000000000000000e+02
4.855000000000000000e+02
4.855000000000000000e+02
4.231111111111110858e+02
4.820000000000000000e+02
4.800000000000000000e+02
nan
4.800000000000000000e+02
4.800000000000000000e+02
nan
4.810000000000000000e+02
4.760000000000000000e+02
4.800000000000000000e+02
4.800000000000000000e+02
4.800000000000000000e+02
4.840000000000000000e+02
4.160000000000000000e+02
4.906666666666666856e+02
4.885714285714285552e+02
5.670000000000000000e+02
3.526666666666666856e+02
4.217777777777777715e+02
4.240000000000000000e+02
4.240000000000000000e+02
4.253333333333333144e+02
4.297142857142857224e+02
4.360000000000000000e+02
4.466666666666666856e+02
4.480000000000000000e+02
4.520000000000000000e+02
4.488888888888889142e+02
4.406666666666666856e+02
4.480000000000000000e+02
4.577142857142857224e+02
4.955000000000000000e+02
5.035000000000000000e+02
6.480000000000000000e+02
6.480000000000000000e+02
6.480000000000000000e+02
6.480000000000000000e+02
6.480000000000000000e+02
6.480000000000000000e+02
6.480000000000000000e+02
6.480000000000000000e+02
5.542857142857143344e+02
6.160000000000000000e+02
5.474285714285714448e+02
5.462857142857143344e+02
5.473333333333333712e+02
5.600000000000000000e+02
5.153333333333333712e+02
5.630000000000000000e+02
5.648888888888889142e+02
5.550000000000000000e+02
5.395000000000000000e+02
5.520000000000000000e+02
5.493333333333333712e+02
5.760000000000000000e+02
6.340000000000000000e+02
6.471111111111110858e+02
6.480000000000000000e+02
6.480000000000000000e+02
6.480000000000000000e+02
6.475555555555555429e+02
6.471111111111110858e+02
6.426666666666666288e+02
5.660000000000000000e+02
5.040000000000000000e+02
5.115000000000000000e+02
6.106666666666666288e+02
4.711999999999999886e+02
4.731428571428571672e+02
4.631111111111110858e+02
4.600000000000000000e+02
4.530000000000000000e+02
4.500000000000000000e+02
4.355555555555555429e+02
4.280000000000000000e+02
4.253333333333333144e+02
4.240000000000000000e+02
4.240000000000000000e+02
5.137142857142856656e+02
5.380000000000000000e+02
5.297777777777778283e+02
5.240000000000000000e+02
4.180000000000000000e+02
4.200000000000000000e+02
4.826666666666666856e+02
4.773333333333333144e+02
4.735000000000000000e+02
4.720000000000000000e+02
4.720000000000000000e+02
4.650000000000000000e+02
4.657777777777777715e+02
4.657777777777777715e+02
4.657777777777777715e+02
4.353333333333333144e+02
4.200000000000000000e+02
4.135000000000000000e+02
5.225000000000000000e+02
5.302857142857143344e+02
5.360000000000000000e+02
5.417777777777778283e+02
5.385000000000000000e+02
4.222222222222222285e+02
4.270000000000000000e+02
4.280000000000000000e+02
4.328000000000000114e+02
4.746666666666666856e+02
4.828571428571428328e+02
4.920000000000000000e+02
4.986666666666666856e+02
5.062222222222222285e+02
5.034285714285714448e+02
4.920000000000000000e+02
6.110000000000000000e+02
5.040000000000000000e+02
nan
4.215000000000000000e+02
6.444444444444444571e+02
6.391111111111110858e+02
6.342857142857143344e+02
6.457777777777778283e+02
6.480000000000000000e+02
5.594285714285714448e+02
5.653333333333333712e+02
5.620000000000000000e+02
5.075555555555555429e+02
5.720000000000000000e+02
5.520000000000000000e+02
5.513333333333333712e+02
4.791999999999999886e+02
5.466666666666666288e+02
6.262857142857143344e+02
6.115000000000000000e+02
4.745000000000000000e+02
5.407999999999999545e+02
5.975000000000000000e+02
6.225000000000000000e+02
5.672000000000000455e+02
6.360000000000000000e+02
5.993333333333333712e+02
6.388571428571428896e+02
6.346666666666666288e+02
5.726666666666666288e+02
3.860000000000000000e+02
3.760000000000000000e+02
3.733333333333333144e+02
4.860000000000000000e+02
4.790000000000000000e+02
4.790000000000000000e+02
5.053333333333333144e+02
5.080000000000000000e+02
5.150000000000000000e+02
5.320000000000000000e+02
5.313333333333333712e+02
5.315555555555555429e+02
5.302857142857143344e+02
4.825000000000000000e+02
4.786666666666666856e+02
4.740000000000000000e+02
4.828571428571428328e+02
5.445714285714285552e+02
5.471111111111110858e+02
5.440000000000000000e+02
5.377142857142856656e+02
4.728000000000000114e+02
4.595555555555555429e+02
4.560000000000000000e+02
4.377777777777777715e+02
4.484444444444444571e+02
4.588571428571428328e+02
4.600000000000000000e+02
4.600000000000000000e+02
4.600000000000000000e+02
4.560000000000000000e+02
4.560000000000000000e+02
4.520000000000000000e+02
4.520000000000000000e+02
4.617142857142857224e+02
3.693333333333333144e+02
3.720000000000000000e+02
5.400000000000000000e+02
5.466666666666666288e+02
5.513333333333333712e+02
4.771428571428571672e+02
4.800000000000000000e+02
4.951999999999999886e+02
5.020000000000000000e+02
5.000000000000000000e+02
5.114285714285714448e+02
5.257142857142856656e+02
nan
5.302222222222221717e+02
4.768888888888889142e+02
4.743999999999999773e+02
4.833333333333333144e+02
4.800000000000000000e+02
4.885714285714285552e+02
4.691428571428571672e+02
4.651428571428571672e+02
3.740000000000000000e+02
4.568000000000000114e+02
5.600000000000000000e+02
5.786666666666666288e+02
6.440000000000000000e+02
6.422857142857143344e+02
6.380000000000000000e+02
6.215000000000000000e+02
6.350000000000000000e+02
6.343999999999999773e+02
6.291428571428571104e+02
6.404444444444444571e+02
6.340000000000000000e+02
6.360000000000000000e+02
6.480000000000000000e+02
6.445000000000000000e+02
5.352000000000000455e+02
6.462222222222221717e+02
5.496000000000000227e+02
4.320000000000000000e+02
5.325000000000000000e+02
5.527999999999999545e+02
4.135000000000000000e+02
5.583999999999999773e+02
4.485000000000000000e+02
4.893333333333333144e+02
5.740000000000000000e+02
4.657777777777777715e+02
4.565000000000000000e+02
6.360000000000000000e+02
4.925000000000000000e+02
4.897142857142857224e+02
4.920000000000000000e+02
4.920000000000000000e+02
4.960000000000000000e+02
4.986666666666666856e+02
4.960000000000000000e+02
4.856000000000000227e+02
4.724444444444444571e+02
4.680000000000000000e+02
4.720000000000000000e+02
4.777777777777777715e+02
4.831111111111110858e+02
4.840000000000000000e+02
4.760000000000000000e+02
4.697777777777777715e+02
3.620000000000000000e+02
nan
3.560000000000000000e+02
3.520000000000000000e+02
3.520000000000000000e+02
4.257142857142857224e+02
4.265000000000000000e+02
4.354285714285714448e+02
3.937777777777777715e+02
3.960000000000000000e+02
4.020000000000000000e+02
4.240000000000000000e+02
4.253333333333333144e+02
3.560000000000000000e+02
3.560000000000000000e+02
3.560000000000000000e+02
nan
nan
4.071999999999999886e+02
4.760000000000000000e+02
4.845000000000000000e+02
4.840000000000000000e+02
4.800000000000000000e+02
4.760000000000000000e+02
4.720000000000000000e+02
4.695000000000000000e+02
4.800000000000000000e+02
4.880000000000000000e+02
4.951999999999999886e+02
5.000000000000000000e+02
nan
4.960000000000000000e+02
4.920000000000000000e+02
4.960000000000000000e+02
4.975000000000000000e+02
4.604444444444444571e+02
6.070000000000000000e+02
5.114285714285714448e+02
5.725714285714285552e+02
5.152000000000000455e+02
6.248888888888889142e+02
4.146666666666666856e+02
4.102857142857142776e+02
4.411428571428571672e+02
4.240000000000000000e+02
5.394285714285714448e+02
4.914285714285714448e+02
4.411428571428571672e+02
6.167999999999999545e+02
5.806666666666666288e+02
6.285000000000000000e+02
6.400000000000000000e+02
4.480000000000000000e+02
4.485000000000000000e+02
5.927999999999999545e+02
6.016000000000000227e+02
6.023999999999999773e+02
5.130000000000000000e+02
6.270000000000000000e+02
5.610000000000000000e+02
6.273333333333333712e+02
5.280000000000000000e+02
4.942222222222222285e+02
4.900000000000000000e+02
4.630000000000000000e+02
4.960000000000000000e+02
4.960000000000000000e+02
4.960000000000000000e+02
4.920000000000000000e+02
4.960000000000000000e+02
5.028571428571428328e+02
5.000000000000000000e+02
4.920000000000000000e+02
4.808888888888889142e+02
4.760000000000000000e+02
4.800000000000000000e+02
4.800000000000000000e+02
4.760000000000000000e+02
4.828571428571428328e+02
4.866666666666666856e+02
4.860000000000000000e+02
3.666666666666666856e+02
3.640000000000000000e+02
3.600000000000000000e+02
3.600000000000000000e+02
3.525000000000000000e+02
3.520000000000000000e+02
3.560000000000000000e+02
3.560000000000000000e+02
4.217777777777777715e+02
4.048888888888889142e+02
4.080000000000000000e+02
3.571428571428571672e+02
3.600000000000000000e+02
3.560000000000000000e+02
3.520000000000000000e+02
3.535000000000000000e+02
3.560000000000000000e+02
3.582222222222222285e+02
3.600000000000000000e+02
3.640000000000000000e+02
4.875000000000000000e+02
4.880000000000000000e+02
4.800000000000000000e+02
4.800000000000000000e+02
4.775000000000000000e+02
4.800000000000000000e+02
4.800000000000000000e+02
4.800000000000000000e+02
4.840000000000000000e+02
4.948571428571428328e+02
5.000000000000000000e+02
5.000000000000000000e+02
4.920000000000000000e+02
4.920000000000000000e+02
4.920000000000000000e+02
4.975000000000000000e+02
5.022857142857142776e+02
5.853333333333333712e+02
5.020000000000000000e+02
4.900000000000000000e+02
5.028571428571428328e+02
5.071111111111110858e+02
5.440000000000000000e+02
5.284444444444444571e+02
5.186666666666666288e+02
6.400000000000000000e+02
5.700000000000000000e+02
4.691428571428571672e+02
4.525714285714285552e+02
5.310000000000000000e+02
4.253333333333333144e+02
4.853333333333333144e+02
6.391111111111110858e+02
5.826666666666666288e+02
5.985000000000000000e+02
6.113333333333333712e+02
4.857142857142857224e+02
6.031111111111110858e+02
5.327999999999999545e+02
6.420000000000000000e+02
5.170000000000000000e+02
4.955555555555555429e+02
4.924444444444444571e+02
4.933333333333333144e+02
5.713333333333333712e+02
4.951111111111110858e+02
4.960000000000000000e+02
4.920000000000000000e+02
4.920000000000000000e+02
4.880000000000000000e+02
4.937777777777777715e+02
5.000000000000000000e+02
4.982222222222222285e+02
4.900000000000000000e+02
4.817777777777777715e+02
4.800000000000000000e+02
4.800000000000000000e+02
4.800000000000000000e+02
4.777777777777777715e+02
4.760000000000000000e+02
4.810000000000000000e+02
4.880000000000000000e+02
3.640000000000000000e+02
3.613333333333333144e+02
3.600000000000000000e+02
3.560000000000000000e+02
3.560000000000000000e+02
3.560000000000000000e+02
3.560000000000000000e+02
3.600000000000000000e+02
3.560000000000000000e+02
3.600000000000000000e+02
nan
3.600000000000000000e+02
3.600000000000000000e+02
3.560000000000000000e+02
3.560000000000000000e+02
3.560000000000000000e+02
3.560000000000000000e+02
3.600000000000000000e+02
3.600000000000000000e+02
3.640000000000000000e+02
4.865000000000000000e+02
4.840000000000000000e+02
4.775000000000000000e+02
4.760000000000000000e+02
4.760000000000000000e+02
4.800000000000000000e+02
4.800000000000000000e+02
4.800000000000000000e+02
4.840000000000000000e+02
4.920000000000000000e+02
4.990000000000000000e+02
4.982222222222222285e+02
4.920000000000000000e+02
nan
4.920000000000000000e+02
4.920000000000000000e+02
4.940000000000000000e+02
4.060000000000000000e+02
6.160000000000000000e+02
6.471111111111110858e+02
6.475555555555555429e+02
5.893333333333333712e+02
6.346666666666666288e+02
6.480000000000000000e+02
6.270000000000000000e+02
6.413333333333333712e+02
4.983999999999999773e+02
6.195000000000000000e+02
6.365000000000000000e+02
6.426666666666666288e+02
6.440000000000000000e+02
5.891428571428571104e+02
6.433333333333333712e+02
6.350000000000000000e+02
6.465000000000000000e+02
4.966666666666666856e+02
6.480000000000000000e+02
6.480000000000000000e+02
6.480000000000000000e+02
6.480000000000000000e+02
6.480000000000000000e+02
6.480000000000000000e+02
6.471111111111110858e+02
6.435000000000000000e+02
6.448888888888889142e+02
4.936000000000000227e+02
4.915555555555555429e+02
4.891428571428571672e+02
4.880000000000000000e+02
4.880000000000000000e+02
4.920000000000000000e+02
4.960000000000000000e+02
4.960000000000000000e+02
4.895000000000000000e+02
4.813333333333333144e+02
4.800000000000000000e+02
nan
4.800000000000000000e+02
4.760000000000000000e+02
4.760000000000000000e+02
4.820000000000000000e+02
4.840000000000000000e+02
3.645000000000000000e+02
3.600000000000000000e+02
3.600000000000000000e+02
3.560000000000000000e+02
nan
3.560000000000000000e+02
3.560000000000000000e+02
3.600000000000000000e+02
3.600000000000000000e+02
3.640000000000000000e+02
3.640000000000000000e+02
3.640000000000000000e+02
3.600000000000000000e+02
3.600000000000000000e+02
3.560000000000000000e+02
3.600000000000000000e+02
3.600000000000000000e+02
3.600000000000000000e+02
3.640000000000000000e+02
3.640000000000000000e+02
4.466666666666666856e+02
4.840000000000000000e+02
4.760000000000000000e+02
4.720000000000000000e+02
4.760000000000000000e+02
4.800000000000000000e+02
4.800000000000000000e+02
4.840000000000000000e+02
4.862222222222222285e+02
4.920000000000000000e+02
4.920000000000000000e+02
4.880000000000000000e+02
4.920000000000000000e+02
4.920000000000000000e+02
4.937142857142857224e+02
4.920000000000000000e+02
4.977142857142857224e+02
4.980000000000000000e+02
6.462222222222221717e+02
6.480000000000000000e+02
6.462222222222221717e+02
6.480000000000000000e+02
6.480000000000000000e+02
6.480000000000000000e+02
6.480000000000000000e+02
6.480000000000000000e+02
6.480000000000000000e+02
6.480000000000000000e+02
6.451428571428571104e+02
6.346666666666666288e+02
6.405000000000000000e+02
6.480000000000000000e+02
6.466666666666666288e+02
6.475555555555555429e+02
6.460000000000000000e+02
6.440000000000000000e+02
6.432000000000000455e+02
6.475555555555555429e+02
6.471111111111110858e+02
6.465000000000000000e+02
6.460000000000000000e+02
6.462222222222221717e+02
6.453333333333333712e+02
5.365714285714285552e+02
4.920000000000000000e+02
5.777777777777778283e+02
4.933333333333333144e+02
4.960000000000000000e+02
5.031111111111110858e+02
5.000000000000000000e+02
4.960000000000000000e+02
4.920000000000000000e+02
4.880000000000000000e+02
4.840000000000000000e+02
4.840000000000000000e+02
4.800000000000000000e+02
4.805000000000000000e+02
4.768000000000000114e+02
4.711111111111110858e+02
4.680000000000000000e+02
4.748571428571428328e+02
4.851428571428571672e+02
3.680000000000000000e+02
3.640000000000000000e+02
3.640000000000000000e+02
3.600000000000000000e+02
3.560000000000000000e+02
3.560000000000000000e+02
3.560000000000000000e+02
3.560000000000000000e+02
4.285714285714285552e+02
4.306666666666666856e+02
4.240000000000000000e+02
4.240000000000000000e+02
4.240000000000000000e+02
3.742857142857142776e+02
3.520000000000000000e+02
3.560000000000000000e+02
3.600000000000000000e+02
3.568888888888889142e+02
3.600000000000000000e+02
3.600000000000000000e+02
3.600000000000000000e+02
4.911111111111110858e+02
4.710000000000000000e+02
4.680000000000000000e+02
4.640000000000000000e+02
5.096000000000000227e+02
5.240000000000000000e+02
4.702857142857142776e+02
4.746666666666666856e+02
4.800000000000000000e+02
4.880000000000000000e+02
4.933333333333333144e+02
5.000000000000000000e+02
5.000000000000000000e+02
4.826666666666666856e+02
5.268571428571428896e+02
5.480000000000000000e+02
4.775000000000000000e+02
6.185000000000000000e+02
6.150000000000000000e+02
6.474285714285714448e+02
6.480000000000000000e+02
6.417777777777778283e+02
6.382857142857143344e+02
6.146666666666666288e+02
6.480000000000000000e+02
6.453333333333333712e+02
5.770000000000000000e+02
6.471111111111110858e+02
6.465000000000000000e+02
6.470000000000000000e+02
6.475000000000000000e+02
6.350000000000000000e+02
6.480000000000000000e+02
6.115555555555555429e+02
6.314285714285714448e+02
6.480000000000000000e+02
6.480000000000000000e+02
6.480000000000000000e+02
6.480000000000000000e+02
6.448888888888889142e+02
6.240000000000000000e+02
6.480000000000000000e+02
5.512000000000000455e+02
4.725714285714285552e+02
5.880000000000000000e+02
5.657777777777778283e+02
5.568888888888889142e+02
4.180000000000000000e+02
4.137777777777777715e+02
4.160000000000000000e+02
nan
4.926666666666666856e+02
4.697142857142857224e+02
5.314285714285714448e+02
5.280000000000000000e+02
5.320000000000000000e+02
4.693333333333333144e+02
4.228571428571428328e+02
4.200000000000000000e+02
4.160000000000000000e+02
4.073333333333333144e+02
4.653333333333333144e+02
5.093333333333333144e+02
3.553333333333333144e+02
3.520000000000000000e+02
3.520000000000000000e+02
3.480000000000000000e+02
4.190000000000000000e+02
4.200000000000000000e+02
4.160000000000000000e+02
4.160000000000000000e+02
4.160000000000000000e+02
4.160000000000000000e+02
4.160000000000000000e+02
4.200000000000000000e+02
4.313333333333333144e+02
4.700000000000000000e+02
5.226666666666666288e+02
5.280000000000000000e+02
3.773333333333333144e+02
3.777777777777777715e+02
3.826666666666666856e+02
4.110000000000000000e+02
4.240000000000000000e+02
4.226666666666666856e+02
5.360000000000000000e+02
5.320000000000000000e+02
nan
5.280000000000000000e+02
5.180000000000000000e+02
4.297142857142857224e+02
4.288888888888889142e+02
4.240000000000000000e+02
4.170000000000000000e+02
4.080000000000000000e+02
5.742222222222221717e+02
5.740000000000000000e+02
6.090000000000000000e+02
5.693333333333333712e+02
6.290000000000000000e+02
6.215000000000000000e+02
6.475555555555555429e+02
5.456000000000000227e+02
6.355000000000000000e+02
6.470000000000000000e+02
6.386666666666666288e+02
6.346666666666666288e+02
6.455000000000000000e+02
5.832000000000000455e+02
6.008888888888889142e+02
6.440000000000000000e+02
5.742857142857143344e+02
6.017777777777778283e+02
3.960000000000000000e+02
6.250000000000000000e+02
5.927999999999999545e+02
5.255000000000000000e+02
6.022222222222221717e+02
5.465000000000000000e+02
5.085714285714285552e+02
3.013333333333333144e+02
3.700000000000000000e+02
3.665000000000000000e+02
3.730000000000000000e+02
5.960000000000000000e+02
5.010000000000000000e+02
3.924444444444444571e+02
3.800000000000000000e+02
5.025000000000000000e+02
5.760000000000000000e+02
4.200000000000000000e+02
4.300000000000000000e+02
4.340000000000000000e+02
4.337142857142857224e+02
4.988571428571428328e+02
5.186666666666666288e+02
5.260000000000000000e+02
5.320000000000000000e+02
4.222857142857142776e+02
4.271999999999999886e+02
4.346666666666666856e+02
4.360000000000000000e+02
4.493333333333333144e+02
4.580000000000000000e+02
3.724444444444444571e+02
3.680000000000000000e+02
3.640000000000000000e+02
3.600000000000000000e+02
4.351111111111110858e+02
4.257777777777777715e+02
4.240000000000000000e+02
4.200000000000000000e+02
4.160000000000000000e+02
4.160000000000000000e+02
4.200000000000000000e+02
4.200000000000000000e+02
4.200000000000000000e+02
4.262222222222222285e+02
4.314285714285714448e+02
4.568888888888889142e+02
4.591111111111110858e+02
5.231111111111110858e+02
5.233333333333333712e+02
4.462222222222222285e+02
4.428571428571428328e+02
3.840000000000000000e+02
4.857142857142857224e+02
4.770000000000000000e+02
4.656000000000000227e+02
4.560000000000000000e+02
4.548571428571428328e+02
4.306666666666666856e+02
4.280000000000000000e+02
4.320000000000000000e+02
4.360000000000000000e+02
nan
4.393333333333333144e+02
5.440000000000000000e+02
6.348571428571428896e+02
3.777777777777777715e+02
5.840000000000000000e+02
4.386666666666666856e+02
5.862222222222221717e+02
6.100000000000000000e+02
5.794285714285714448e+02
6.137142857142856656e+02
5.426666666666666288e+02
5.235000000000000000e+02
5.430000000000000000e+02
5.453333333333333712e+02
5.400000000000000000e+02
5.490000000000000000e+02
4.105000000000000000e+02
4.088888888888889142e+02
4.040000000000000000e+02
5.340000000000000000e+02
6.111111111111110858e+02
6.007999999999999545e+02
4.074285714285714448e+02
5.791111111111110858e+02
6.177142857142856656e+02
6.102222222222221717e+02
5.326666666666666288e+02
5.742857142857143344e+02
5.020000000000000000e+02
3.615000000000000000e+02
3.648888888888889142e+02
6.313333333333333712e+02
6.393333333333333712e+02
6.331428571428571104e+02
6.431111111111110858e+02
6.210000000000000000e+02
4.426666666666666856e+02
4.360000000000000000e+02
4.320000000000000000e+02
4.320000000000000000e+02
4.280000000000000000e+02
4.451428571428571672e+02
4.580000000000000000e+02
4.600000000000000000e+02
4.640000000000000000e+02
4.680000000000000000e+02
4.680000000000000000e+02
4.586666666666666856e+02
4.423999999999999773e+02
3.662222222222222285e+02
4.345000000000000000e+02
4.328888888888889142e+02
4.513333333333333144e+02
4.115555555555555429e+02
4.200000000000000000e+02
4.200000000000000000e+02
4.200000000000000000e+02
4.905000000000000000e+02
4.240000000000000000e+02
4.240000000000000000e+02
4.914285714285714448e+02
4.888888888888889142e+02
4.271111111111110858e+02
4.320000000000000000e+02
4.320000000000000000e+02
4.291428571428571672e+02
4.313333333333333144e+02
4.240000000000000000e+02
4.280000000000000000e+02
4.280000000000000000e+02
4.293333333333333144e+02
4.555000000000000000e+02
4.640000000000000000e+02
4.640000000000000000e+02
4.640000000000000000e+02
4.600000000000000000e+02
4.355000000000000000e+02
nan
4.280000000000000000e+02
4.320000000000000000e+02
4.360000000000000000e+02
4.360000000000000000e+02
4.594285714285714448e+02
5.108571428571428328e+02
5.795000000000000000e+02
6.375000000000000000e+02
6.315555555555555429e+02
5.672000000000000455e+02
5.340000000000000000e+02
4.726666666666666856e+02
5.687999999999999545e+02
4.804444444444444571e+02
4.382857142857142776e+02
5.537777777777778283e+02
5.434285714285714448e+02
5.648888888888889142e+02
5.533333333333333712e+02
5.525714285714285552e+02
5.480000000000000000e+02
6.005000000000000000e+02
5.456000000000000227e+02
5.580000000000000000e+02
5.700000000000000000e+02
5.540000000000000000e+02
5.486666666666666288e+02
5.300000000000000000e+02
5.968888888888889142e+02
6.020000000000000000e+02
6.226666666666666288e+02
6.080000000000000000e+02
4.405000000000000000e+02
5.280000000000000000e+02
6.360000000000000000e+02
6.370000000000000000e+02
6.280000000000000000e+02
4.380000000000000000e+02
4.391111111111110858e+02
4.640000000000000000e+02
4.500000000000000000e+02
4.360000000000000000e+02
4.337777777777777715e+02
4.320000000000000000e+02
4.280000000000000000e+02
4.320000000000000000e+02
4.385000000000000000e+02
4.466666666666666856e+02
4.590000000000000000e+02
4.080000000000000000e+02
3.497777777777777715e+02
3.946666666666666856e+02
4.111111111111110858e+02
4.106666666666666856e+02
4.200000000000000000e+02
4.251428571428571672e+02
4.346666666666666856e+02
4.400000000000000000e+02
4.440000000000000000e+02
4.417777777777777715e+02
4.360000000000000000e+02
4.280000000000000000e+02
4.280000000000000000e+02
4.280000000000000000e+02
4.320000000000000000e+02
4.345000000000000000e+02
4.400000000000000000e+02
4.440000000000000000e+02
4.440000000000000000e+02
4.373333333333333144e+02
4.213333333333333144e+02
4.120000000000000000e+02
4.120000000000000000e+02
4.142222222222222285e+02
4.220000000000000000e+02
4.337142857142857224e+02
4.360000000000000000e+02
4.360000000000000000e+02
4.360000000000000000e+02
4.320000000000000000e+02
4.320000000000000000e+02
4.280000000000000000e+02
4.255000000000000000e+02
4.394285714285714448e+02
4.520000000000000000e+02
4.480000000000000000e+02
4.520000000000000000e+02
6.062857142857143344e+02
6.075000000000000000e+02
5.355000000000000000e+02
5.670000000000000000e+02
5.832000000000000455e+02
6.168888888888889142e+02
6.253333333333333712e+02
5.733333333333333712e+02
6.175000000000000000e+02
5.200000000000000000e+02
6.315555555555555429e+02
6.445000000000000000e+02
3.897142857142857224e+02
5.440000000000000000e+02
6.151111111111110858e+02
3.855000000000000000e+02
3.650000000000000000e+02
3.690000000000000000e+02
3.662222222222222285e+02
5.960000000000000000e+02
6.434285714285714448e+02
3.777777777777777715e+02
4.653333333333333144e+02
6.451428571428571104e+02
5.460000000000000000e+02
4.160000000000000000e+02
4.220000000000000000e+02
4.235000000000000000e+02
4.760000000000000000e+02
6.127999999999999545e+02
3.966666666666666856e+02
5.746666666666666288e+02
5.474285714285714448e+02
5.628571428571428896e+02
4.386666666666666856e+02
4.440000000000000000e+02
4.440000000000000000e+02
4.571428571428571672e+02
4.345000000000000000e+02
4.360000000000000000e+02
4.360000000000000000e+02
4.360000000000000000e+02
4.360000000000000000e+02
4.360000000000000000e+02
4.400000000000000000e+02
4.400000000000000000e+02
4.400000000000000000e+02
4.270000000000000000e+02
4.120000000000000000e+02
4.080000000000000000e+02
4.120000000000000000e+02
4.220000000000000000e+02
4.400000000000000000e+02
4.466666666666666856e+02
4.480000000000000000e+02
4.377142857142857224e+02
4.348571428571428328e+02
4.297777777777777715e+02
4.280000000000000000e+02
4.280000000000000000e+02
4.295000000000000000e+02
4.360000000000000000e+02
4.456000000000000227e+02
4.480000000000000000e+02
4.373333333333333144e+02
4.262857142857142776e+02
4.084444444444444571e+02
4.231999999999999886e+02
4.340000000000000000e+02
4.360000000000000000e+02
4.400000000000000000e+02
4.453333333333333144e+02
4.425000000000000000e+02
4.400000000000000000e+02
4.360000000000000000e+02
4.360000000000000000e+02
4.400000000000000000e+02
4.400000000000000000e+02
4.400000000000000000e+02
4.335000000000000000e+02
4.360000000000000000e+02
4.375000000000000000e+02
4.400000000000000000e+02
4.542857142857142776e+02
4.920000000000000000e+02
3.933333333333333144e+02
3.985000000000000000e+02
4.773333333333333144e+02
5.360000000000000000e+02
4.385000000000000000e+02
4.743999999999999773e+02
6.333333333333333712e+02
6.480000000000000000e+02
4.693333333333333144e+02
6.475555555555555429e+02
6.480000000000000000e+02
6.480000000000000000e+02
6.480000000000000000e+02
6.480000000000000000e+02
6.480000000000000000e+02
6.480000000000000000e+02
6.288888888888889142e+02
6.480000000000000000e+02
6.306666666666666288e+02
6.480000000000000000e+02
6.480000000000000000e+02
6.473333333333333712e+02
6.251428571428571104e+02
5.346666666666666288e+02
4.782222222222222285e+02
4.686666666666666856e+02
4.633333333333333144e+02
4.710000000000000000e+02
3.933333333333333144e+02
4.645000000000000000e+02
4.420000000000000000e+02
4.422222222222222285e+02
4.375000000000000000e+02
4.360000000000000000e+02
4.348571428571428328e+02
4.335000000000000000e+02
4.360000000000000000e+02
4.360000000000000000e+02
4.360000000000000000e+02
4.400000000000000000e+02
4.400000000000000000e+02
4.440000000000000000e+02
4.440000000000000000e+02
4.391111111111110858e+02
4.360000000000000000e+02
4.360000000000000000e+02
4.395555555555555429e+02
4.426666666666666856e+02
4.422222222222222285e+02
4.480000000000000000e+02
4.488888888888889142e+02
4.394285714285714448e+02
4.333333333333333144e+02
4.300000000000000000e+02
4.240000000000000000e+02
4.240000000000000000e+02
4.240000000000000000e+02
4.468571428571428328e+02
4.853333333333333144e+02
3.977142857142857224e+02
4.605714285714285552e+02
3.848888888888889142e+02
4.430000000000000000e+02
4.337777777777777715e+02
4.360000000000000000e+02
4.368888888888889142e+02
nan
4.400000000000000000e+02
4.440000000000000000e+02
4.400000000000000000e+02
4.360000000000000000e+02
4.360000000000000000e+02
4.320000000000000000e+02
4.360000000000000000e+02
4.360000000000000000e+02
4.360000000000000000e+02
4.274285714285714448e+02
4.377777777777777715e+02
4.480000000000000000e+02
4.520000000000000000e+02
4.540000000000000000e+02
4.966666666666666856e+02
4.994285714285714448e+02
4.646666666666666856e+02
4.900000000000000000e+02
4.777142857142857224e+02
4.868571428571428328e+02
4.846666666666666856e+02
5.960000000000000000e+02
6.085000000000000000e+02
4.988571428571428328e+02
6.480000000000000000e+02
6.480000000000000000e+02
6.480000000000000000e+02
4.980000000000000000e+02
5.817142857142856656e+02
4.266666666666666856e+02
6.480000000000000000e+02
5.495000000000000000e+02
5.663999999999999773e+02
6.245714285714285552e+02
6.354285714285714448e+02
6.030000000000000000e+02
5.720000000000000000e+02
5.453333333333333712e+02
5.420000000000000000e+02
6.090000000000000000e+02
4.770000000000000000e+02
4.706666666666666856e+02
6.360000000000000000e+02
5.573333333333333712e+02
4.570000000000000000e+02
4.560000000000000000e+02
4.622857142857142776e+02
4.251428571428571672e+02
4.185000000000000000e+02
4.348571428571428328e+02
4.360000000000000000e+02
4.360000000000000000e+02
4.360000000000000000e+02
4.360000000000000000e+02
4.360000000000000000e+02
4.360000000000000000e+02
4.400000000000000000e+02
4.440000000000000000e+02
4.400000000000000000e+02
4.400000000000000000e+02
nan
4.360000000000000000e+02
4.325714285714285552e+02
4.780000000000000000e+02
5.635000000000000000e+02
3.986666666666666856e+02
4.124444444444444571e+02
4.095000000000000000e+02
3.788571428571428328e+02
4.235555555555555429e+02
4.700000000000000000e+02
6.155000000000000000e+02
4.102222222222222285e+02
4.200000000000000000e+02
4.188571428571428328e+02
5.810000000000000000e+02
3.980000000000000000e+02
3.973333333333333144e+02
4.360000000000000000e+02
4.400000000000000000e+02
4.440000000000000000e+02
4.400000000000000000e+02
4.360000000000000000e+02
4.360000000000000000e+02
4.360000000000000000e+02
4.360000000000000000e+02
nan
4.360000000000000000e+02
4.360000000000000000e+02
4.360000000000000000e+02
4.360000000000000000e+02
4.360000000000000000e+02
4.260000000000000000e+02
4.505000000000000000e+02
4.537142857142857224e+02
4.515000000000000000e+02
3.820000000000000000e+02
4.840000000000000000e+02
6.386666666666666288e+02
6.446666666666666288e+02
5.813333333333333712e+02
5.857777777777778283e+02
5.755000000000000000e+02
4.590000000000000000e+02
4.526666666666666856e+02
4.691428571428571672e+02
6.288888888888889142e+02
6.217142857142856656e+02
5.720000000000000000e+02
6.025000000000000000e+02
5.313333333333333712e+02
6.130000000000000000e+02
4.830000000000000000e+02
6.360000000000000000e+02
6.386666666666666288e+02
6.200000000000000000e+02
6.266666666666666288e+02
4.680000000000000000e+02
4.700000000000000000e+02
5.193333333333333712e+02
5.300000000000000000e+02
5.446666666666666288e+02
5.786666666666666288e+02
5.777777777777778283e+02
4.542857142857142776e+02
5.060000000000000000e+02
4.342857142857142776e+02
4.413333333333333144e+02
4.497777777777777715e+02
4.474285714285714448e+02
4.280000000000000000e+02
4.320000000000000000e+02
4.360000000000000000e+02
4.360000000000000000e+02
4.360000000000000000e+02
4.360000000000000000e+02
4.360000000000000000e+02
4.360000000000000000e+02
4.360000000000000000e+02
4.320000000000000000e+02
4.320000000000000000e+02
4.393333333333333144e+02
4.440000000000000000e+02
4.350000000000000000e+02
4.093333333333333144e+02
4.080000000000000000e+02
4.080000000000000000e+02
4.165000000000000000e+02
4.160000000000000000e+02
4.160000000000000000e+02
4.160000000000000000e+02
nan
nan
4.200000000000000000e+02
4.130000000000000000e+02
4.120000000000000000e+02
4.330000000000000000e+02
5.066666666666666856e+02
5.240000000000000000e+02
4.150000000000000000e+02
4.164444444444444571e+02
4.346666666666666856e+02
4.457142857142857224e+02
4.310000000000000000e+02
4.280000000000000000e+02
4.340000000000000000e+02
4.382222222222222285e+02
4.360000000000000000e+02
4.360000000000000000e+02
4.360000000000000000e+02
4.333333333333333144e+02
4.320000000000000000e+02
4.320000000000000000e+02
4.320000000000000000e+02
3.468571428571428328e+02
4.413333333333333144e+02
4.420000000000000000e+02
4.360000000000000000e+02
5.606666666666666288e+02
3.988571428571428328e+02
5.840000000000000000e+02
6.271111111111110858e+02
5.044444444444444571e+02
5.111999999999999886e+02
4.977142857142857224e+02
4.954285714285714448e+02
4.880000000000000000e+02
6.093333333333333712e+02
6.480000000000000000e+02
5.671111111111110858e+02
5.553333333333333712e+02
4.595555555555555429e+02
4.582857142857142776e+02
