5.397000000000000455e+02
5.418000000000000682e+02
6.363000000000000682e+02
6.363000000000000682e+02
6.342000000000000455e+02
6.405000000000000000e+02
6.383999999999999773e+02
5.418000000000000682e+02
5.376000000000000227e+02
5.418000000000000682e+02
6.300000000000000000e+02
6.363000000000000682e+02
6.383999999999999773e+02
6.363000000000000682e+02
6.426000000000000227e+02
6.426000000000000227e+02
6.383999999999999773e+02
5.333999999999999773e+02
5.376000000000000227e+02
6.405000000000000000e+02
6.426000000000000227e+02
6.426000000000000227e+02
6.426000000000000227e+02
6.363000000000000682e+02
5.481000000000000227e+02
5.438999999999999773e+02
5.397000000000000455e+02
5.418000000000000682e+02
5.460000000000000000e+02
5.418000000000000682e+02
5.397000000000000455e+02
5.460000000000000000e+02
5.438999999999999773e+02
5.438999999999999773e+02
5.460000000000000000e+02
5.460000000000000000e+02
5.397000000000000455e+02
5.438999999999999773e+02
5.418000000000000682e+02
5.438999999999999773e+02
5.438999999999999773e+02
5.418000000000000682e+02
5.438999999999999773e+02
6.383999999999999773e+02
6.447000000000000455e+02
6.405000000000000000e+02
5.376000000000000227e+02
5.333999999999999773e+02
5.355000000000000000e+02
5.313000000000000682e+02
5.355000000000000000e+02
5.292000000000000455e+02
5.292000000000000455e+02
5.333999999999999773e+02
5.397000000000000455e+02
5.376000000000000227e+02
6.363000000000000682e+02
6.363000000000000682e+02
6.383999999999999773e+02
5.271000000000000227e+02
5.418000000000000682e+02
5.418000000000000682e+02
5.418000000000000682e+02
5.355000000000000000e+02
5.333999999999999773e+02
5.123999999999999773e+02
5.502000000000000455e+02
5.481000000000000227e+02
5.460000000000000000e+02
5.418000000000000682e+02
5.250000000000000000e+02
5.228999999999999773e+02
5.250000000000000000e+02
5.228999999999999773e+02
5.292000000000000455e+02
5.228999999999999773e+02
5.208000000000000682e+02
5.082000000000000455e+02
5.103000000000000114e+02
5.082000000000000455e+02
5.333999999999999773e+02
5.397000000000000455e+02
5.397000000000000455e+02
5.418000000000000682e+02
5.397000000000000455e+02
5.292000000000000455e+02
5.313000000000000682e+02
5.418000000000000682e+02
5.313000000000000682e+02
5.418000000000000682e+02
5.355000000000000000e+02
5.333999999999999773e+02
5.376000000000000227e+02
5.376000000000000227e+02
5.355000000000000000e+02
5.397000000000000455e+02
5.333999999999999773e+02
5.376000000000000227e+02
6.342000000000000455e+02
4.935000000000000000e+02
5.019000000000000341e+02
5.061000000000000227e+02
5.123999999999999773e+02
5.040000000000000000e+02
4.914000000000000341e+02
4.893000000000000114e+02
4.872000000000000455e+02
4.893000000000000114e+02
5.543999999999999773e+02
5.438999999999999773e+02
5.438999999999999773e+02
4.935000000000000000e+02
4.998000000000000114e+02
5.061000000000000227e+02
4.977000000000000455e+02
4.935000000000000000e+02
4.998000000000000114e+02
5.040000000000000000e+02
5.019000000000000341e+02
5.040000000000000000e+02
5.271000000000000227e+02
5.313000000000000682e+02
5.355000000000000000e+02
5.333999999999999773e+02
5.333999999999999773e+02
5.333999999999999773e+02
5.250000000000000000e+02
5.313000000000000682e+02
5.271000000000000227e+02
5.313000000000000682e+02
5.271000000000000227e+02
5.313000000000000682e+02
5.313000000000000682e+02
5.292000000000000455e+02
5.271000000000000227e+02
5.250000000000000000e+02
5.250000000000000000e+02
5.292000000000000455e+02
5.376000000000000227e+02
5.355000000000000000e+02
5.292000000000000455e+02
5.333999999999999773e+02
5.271000000000000227e+02
4.914000000000000341e+02
4.977000000000000455e+02
4.893000000000000114e+02
4.977000000000000455e+02
5.502000000000000455e+02
5.523000000000000682e+02
5.586000000000000227e+02
5.565000000000000000e+02
5.502000000000000455e+02
5.438999999999999773e+02
5.565000000000000000e+02
5.586000000000000227e+02
5.628000000000000682e+02
5.628000000000000682e+02
5.019000000000000341e+02
5.040000000000000000e+02
4.830000000000000000e+02
4.830000000000000000e+02
4.788000000000000114e+02
4.809000000000000341e+02
5.313000000000000682e+02
5.333999999999999773e+02
5.397000000000000455e+02
5.418000000000000682e+02
4.872000000000000455e+02
5.418000000000000682e+02
5.418000000000000682e+02
5.355000000000000000e+02
5.271000000000000227e+02
5.313000000000000682e+02
5.228999999999999773e+02
5.313000000000000682e+02
5.292000000000000455e+02
5.376000000000000227e+02
5.376000000000000227e+02
5.292000000000000455e+02
5.586000000000000227e+02
5.753999999999999773e+02
5.271000000000000227e+02
5.313000000000000682e+02
5.313000000000000682e+02
5.228999999999999773e+02
5.292000000000000455e+02
5.292000000000000455e+02
5.313000000000000682e+02
5.355000000000000000e+02
5.376000000000000227e+02
5.376000000000000227e+02
5.438999999999999773e+02
4.767000000000000455e+02
4.767000000000000455e+02
4.851000000000000227e+02
4.809000000000000341e+02
4.956000000000000227e+02
4.914000000000000341e+02
4.956000000000000227e+02
4.956000000000000227e+02
4.914000000000000341e+02
5.648999999999999773e+02
5.691000000000000227e+02
5.438999999999999773e+02
5.397000000000000455e+02
5.355000000000000000e+02
5.376000000000000227e+02
4.956000000000000227e+02
4.956000000000000227e+02
4.956000000000000227e+02
4.956000000000000227e+02
4.914000000000000341e+02
4.893000000000000114e+02
4.893000000000000114e+02
4.914000000000000341e+02
4.914000000000000341e+02
4.830000000000000000e+02
4.872000000000000455e+02
5.376000000000000227e+02
5.376000000000000227e+02
5.333999999999999773e+02
5.333999999999999773e+02
5.333999999999999773e+02
5.355000000000000000e+02
5.292000000000000455e+02
5.292000000000000455e+02
5.333999999999999773e+02
5.397000000000000455e+02
5.397000000000000455e+02
5.271000000000000227e+02
5.858999999999999773e+02
5.228999999999999773e+02
5.187000000000000455e+02
5.208000000000000682e+02
5.228999999999999773e+02
5.228999999999999773e+02
5.292000000000000455e+02
5.313000000000000682e+02
5.313000000000000682e+02
5.271000000000000227e+02
5.355000000000000000e+02
5.271000000000000227e+02
4.977000000000000455e+02
5.019000000000000341e+02
4.935000000000000000e+02
4.872000000000000455e+02
4.872000000000000455e+02
4.935000000000000000e+02
4.935000000000000000e+02
4.893000000000000114e+02
4.914000000000000341e+02
4.893000000000000114e+02
4.935000000000000000e+02
4.998000000000000114e+02
5.208000000000000682e+02
5.418000000000000682e+02
5.397000000000000455e+02
5.460000000000000000e+02
5.502000000000000455e+02
4.872000000000000455e+02
4.893000000000000114e+02
4.914000000000000341e+02
4.893000000000000114e+02
4.788000000000000114e+02
4.914000000000000341e+02
4.914000000000000341e+02
4.914000000000000341e+02
4.893000000000000114e+02
4.935000000000000000e+02
4.956000000000000227e+02
4.914000000000000341e+02
4.872000000000000455e+02
5.481000000000000227e+02
5.292000000000000455e+02
5.313000000000000682e+02
5.292000000000000455e+02
5.292000000000000455e+02
5.376000000000000227e+02
5.460000000000000000e+02
5.502000000000000455e+02
5.481000000000000227e+02
5.523000000000000682e+02
5.460000000000000000e+02
5.481000000000000227e+02
5.502000000000000455e+02
5.376000000000000227e+02
5.418000000000000682e+02
5.376000000000000227e+02
5.376000000000000227e+02
5.376000000000000227e+02
5.376000000000000227e+02
5.460000000000000000e+02
5.502000000000000455e+02
4.851000000000000227e+02
4.872000000000000455e+02
4.935000000000000000e+02
4.935000000000000000e+02
4.956000000000000227e+02
4.914000000000000341e+02
4.893000000000000114e+02
4.851000000000000227e+02
4.872000000000000455e+02
4.935000000000000000e+02
4.914000000000000341e+02
4.872000000000000455e+02
5.523000000000000682e+02
5.523000000000000682e+02
5.543999999999999773e+02
5.523000000000000682e+02
5.523000000000000682e+02
5.502000000000000455e+02
5.460000000000000000e+02
5.460000000000000000e+02
4.872000000000000455e+02
4.872000000000000455e+02
4.914000000000000341e+02
4.935000000000000000e+02
4.935000000000000000e+02
4.956000000000000227e+02
4.998000000000000114e+02
5.019000000000000341e+02
4.893000000000000114e+02
4.851000000000000227e+02
5.523000000000000682e+02
5.502000000000000455e+02
5.481000000000000227e+02
5.460000000000000000e+02
5.397000000000000455e+02
5.376000000000000227e+02
5.376000000000000227e+02
5.418000000000000682e+02
5.438999999999999773e+02
5.418000000000000682e+02
5.397000000000000455e+02
5.397000000000000455e+02
5.397000000000000455e+02
5.418000000000000682e+02
5.103000000000000114e+02
5.103000000000000114e+02
5.460000000000000000e+02
5.502000000000000455e+02
5.481000000000000227e+02
5.460000000000000000e+02
5.103000000000000114e+02
5.040000000000000000e+02
5.019000000000000341e+02
5.019000000000000341e+02
4.998000000000000114e+02
4.935000000000000000e+02
4.893000000000000114e+02
4.914000000000000341e+02
4.914000000000000341e+02
4.914000000000000341e+02
4.914000000000000341e+02
4.893000000000000114e+02
4.977000000000000455e+02
5.543999999999999773e+02
5.523000000000000682e+02
5.460000000000000000e+02
4.872000000000000455e+02
5.523000000000000682e+02
5.523000000000000682e+02
4.893000000000000114e+02
4.872000000000000455e+02
4.914000000000000341e+02
4.914000000000000341e+02
4.893000000000000114e+02
4.914000000000000341e+02
4.935000000000000000e+02
4.977000000000000455e+02
4.956000000000000227e+02
4.935000000000000000e+02
4.935000000000000000e+02
5.061000000000000227e+02
5.123999999999999773e+02
5.438999999999999773e+02
5.460000000000000000e+02
5.438999999999999773e+02
5.438999999999999773e+02
5.333999999999999773e+02
5.355000000000000000e+02
5.271000000000000227e+02
5.460000000000000000e+02
5.418000000000000682e+02
5.313000000000000682e+02
5.355000000000000000e+02
5.418000000000000682e+02
5.438999999999999773e+02
5.438999999999999773e+02
5.438999999999999773e+02
5.438999999999999773e+02
5.460000000000000000e+02
5.397000000000000455e+02
5.397000000000000455e+02
5.019000000000000341e+02
4.977000000000000455e+02
5.019000000000000341e+02
4.998000000000000114e+02
4.935000000000000000e+02
4.935000000000000000e+02
4.956000000000000227e+02
4.956000000000000227e+02
4.998000000000000114e+02
5.607000000000000455e+02
5.586000000000000227e+02
5.586000000000000227e+02
5.523000000000000682e+02
5.460000000000000000e+02
5.460000000000000000e+02
5.019000000000000341e+02
5.019000000000000341e+02
4.998000000000000114e+02
5.082000000000000455e+02
5.019000000000000341e+02
5.061000000000000227e+02
5.103000000000000114e+02
4.998000000000000114e+02
5.019000000000000341e+02
4.998000000000000114e+02
4.956000000000000227e+02
5.166000000000000227e+02
5.355000000000000000e+02
5.418000000000000682e+02
5.460000000000000000e+02
5.502000000000000455e+02
5.418000000000000682e+02
5.355000000000000000e+02
5.271000000000000227e+02
5.481000000000000227e+02
5.481000000000000227e+02
5.460000000000000000e+02
5.502000000000000455e+02
5.460000000000000000e+02
5.418000000000000682e+02
5.481000000000000227e+02
5.438999999999999773e+02
5.292000000000000455e+02
5.228999999999999773e+02
5.228999999999999773e+02
5.292000000000000455e+02
5.333999999999999773e+02
5.502000000000000455e+02
5.460000000000000000e+02
5.586000000000000227e+02
5.543999999999999773e+02
5.607000000000000455e+02
5.208000000000000682e+02
5.187000000000000455e+02
5.523000000000000682e+02
5.397000000000000455e+02
5.376000000000000227e+02
5.145000000000000000e+02
5.228999999999999773e+02
5.187000000000000455e+02
5.481000000000000227e+02
5.502000000000000455e+02
5.460000000000000000e+02
5.543999999999999773e+02
5.460000000000000000e+02
5.502000000000000455e+02
5.543999999999999773e+02
5.502000000000000455e+02
5.502000000000000455e+02
5.523000000000000682e+02
5.502000000000000455e+02
5.460000000000000000e+02
5.481000000000000227e+02
5.438999999999999773e+02
5.460000000000000000e+02
5.523000000000000682e+02
5.523000000000000682e+02
6.510000000000000000e+02
6.488999999999999773e+02
6.447000000000000455e+02
5.481000000000000227e+02
5.418000000000000682e+02
5.438999999999999773e+02
5.418000000000000682e+02
5.481000000000000227e+02
5.418000000000000682e+02
5.397000000000000455e+02
5.418000000000000682e+02
5.460000000000000000e+02
5.460000000000000000e+02
5.460000000000000000e+02
5.438999999999999773e+02
5.418000000000000682e+02
5.481000000000000227e+02
6.468000000000000682e+02
6.510000000000000000e+02
6.488999999999999773e+02
6.447000000000000455e+02
5.460000000000000000e+02
5.481000000000000227e+02
5.523000000000000682e+02
6.468000000000000682e+02
6.510000000000000000e+02
6.531000000000000227e+02
5.565000000000000000e+02
5.565000000000000000e+02
5.523000000000000682e+02
5.565000000000000000e+02
6.552000000000000455e+02
6.468000000000000682e+02
6.531000000000000227e+02
6.593999999999999773e+02
