4.600000000000000000e+02
4.590000000000000000e+02
4.680000000000000000e+02
5.290000000000000000e+02
4.640000000000000000e+02
4.720000000000000000e+02
4.800000000000000000e+02
4.680000000000000000e+02
4.830000000000000000e+02
4.720000000000000000e+02
7.120000000000000000e+02
5.700000000000000000e+02
4.800000000000000000e+02
4.860000000000000000e+02
4.960000000000000000e+02
4.680000000000000000e+02
4.600000000000000000e+02
4.960000000000000000e+02
4.920000000000000000e+02
7.466666666666666288e+02
4.813333333333333144e+02
6.960000000000000000e+02
6.960000000000000000e+02
4.740000000000000000e+02
7.620000000000000000e+02
4.680000000000000000e+02
4.620000000000000000e+02
4.710000000000000000e+02
4.720000000000000000e+02
4.760000000000000000e+02
4.720000000000000000e+02
4.800000000000000000e+02
4.800000000000000000e+02
4.840000000000000000e+02
4.680000000000000000e+02
4.640000000000000000e+02
6.570000000000000000e+02
4.640000000000000000e+02
4.840000000000000000e+02
4.840000000000000000e+02
4.720000000000000000e+02
4.460000000000000000e+02
4.920000000000000000e+02
7.466666666666666288e+02
7.480000000000000000e+02
4.826666666666666856e+02
4.760000000000000000e+02
4.773333333333333144e+02
7.320000000000000000e+02
7.360000000000000000e+02
6.680000000000000000e+02
7.480000000000000000e+02
7.400000000000000000e+02
7.400000000000000000e+02
4.760000000000000000e+02
7.520000000000000000e+02
7.120000000000000000e+02
4.960000000000000000e+02
4.800000000000000000e+02
7.530000000000000000e+02
7.400000000000000000e+02
4.706666666666666856e+02
4.840000000000000000e+02
4.800000000000000000e+02
4.840000000000000000e+02
7.440000000000000000e+02
4.760000000000000000e+02
4.720000000000000000e+02
4.660000000000000000e+02
4.840000000000000000e+02
4.350000000000000000e+02
4.840000000000000000e+02
4.880000000000000000e+02
4.880000000000000000e+02
7.480000000000000000e+02
7.440000000000000000e+02
7.400000000000000000e+02
7.360000000000000000e+02
7.360000000000000000e+02
7.320000000000000000e+02
7.320000000000000000e+02
7.320000000000000000e+02
7.360000000000000000e+02
7.380000000000000000e+02
5.180000000000000000e+02
5.240000000000000000e+02
4.800000000000000000e+02
4.880000000000000000e+02
4.880000000000000000e+02
4.530000000000000000e+02
4.600000000000000000e+02
4.840000000000000000e+02
4.800000000000000000e+02
4.840000000000000000e+02
4.773333333333333144e+02
7.533333333333333712e+02
4.840000000000000000e+02
4.580000000000000000e+02
4.333333333333333144e+02
4.880000000000000000e+02
4.770000000000000000e+02
4.680000000000000000e+02
4.480000000000000000e+02
4.440000000000000000e+02
4.880000000000000000e+02
4.760000000000000000e+02
5.170000000000000000e+02
5.120000000000000000e+02
4.850000000000000000e+02
4.600000000000000000e+02
7.280000000000000000e+02
7.320000000000000000e+02
7.320000000000000000e+02
7.280000000000000000e+02
7.226666666666666288e+02
4.720000000000000000e+02
4.853333333333333144e+02
4.740000000000000000e+02
4.000000000000000000e+02
4.840000000000000000e+02
4.750000000000000000e+02
4.480000000000000000e+02
4.480000000000000000e+02
4.850000000000000000e+02
4.880000000000000000e+02
4.440000000000000000e+02
4.440000000000000000e+02
6.920000000000000000e+02
4.773333333333333144e+02
4.866666666666666856e+02
4.120000000000000000e+02
5.000000000000000000e+02
4.000000000000000000e+02
4.040000000000000000e+02
4.200000000000000000e+02
3.760000000000000000e+02
4.040000000000000000e+02
4.000000000000000000e+02
4.040000000000000000e+02
4.040000000000000000e+02
4.020000000000000000e+02
3.773333333333333144e+02
4.240000000000000000e+02
3.960000000000000000e+02
3.920000000000000000e+02
4.040000000000000000e+02
4.080000000000000000e+02
3.906666666666666856e+02
3.980000000000000000e+02
4.040000000000000000e+02
4.000000000000000000e+02
3.960000000000000000e+02
3.840000000000000000e+02
3.920000000000000000e+02
4.200000000000000000e+02
4.000000000000000000e+02
4.000000000000000000e+02
4.080000000000000000e+02
4.746666666666666856e+02
4.800000000000000000e+02
4.920000000000000000e+02
4.840000000000000000e+02
4.200000000000000000e+02
4.120000000000000000e+02
4.120000000000000000e+02
3.960000000000000000e+02
3.960000000000000000e+02
3.880000000000000000e+02
3.800000000000000000e+02
4.000000000000000000e+02
4.000000000000000000e+02
4.040000000000000000e+02
4.130000000000000000e+02
3.880000000000000000e+02
3.960000000000000000e+02
3.946666666666666856e+02
3.760000000000000000e+02
3.800000000000000000e+02
3.853333333333333144e+02
3.630000000000000000e+02
4.000000000000000000e+02
4.040000000000000000e+02
3.960000000000000000e+02
3.950000000000000000e+02
3.920000000000000000e+02
3.880000000000000000e+02
3.960000000000000000e+02
4.000000000000000000e+02
4.200000000000000000e+02
4.280000000000000000e+02
4.280000000000000000e+02
4.940000000000000000e+02
4.480000000000000000e+02
4.320000000000000000e+02
4.280000000000000000e+02
4.090000000000000000e+02
4.040000000000000000e+02
4.160000000000000000e+02
3.920000000000000000e+02
3.920000000000000000e+02
3.960000000000000000e+02
3.920000000000000000e+02
4.146666666666666856e+02
3.600000000000000000e+02
3.560000000000000000e+02
4.080000000000000000e+02
4.040000000000000000e+02
3.990000000000000000e+02
3.800000000000000000e+02
3.920000000000000000e+02
4.160000000000000000e+02
3.960000000000000000e+02
3.800000000000000000e+02
4.080000000000000000e+02
3.960000000000000000e+02
3.960000000000000000e+02
3.880000000000000000e+02
3.960000000000000000e+02
4.186666666666666856e+02
4.000000000000000000e+02
4.120000000000000000e+02
4.240000000000000000e+02
4.360000000000000000e+02
5.100000000000000000e+02
5.080000000000000000e+02
5.000000000000000000e+02
4.920000000000000000e+02
4.280000000000000000e+02
4.120000000000000000e+02
4.080000000000000000e+02
3.880000000000000000e+02
3.930000000000000000e+02
4.040000000000000000e+02
4.000000000000000000e+02
4.080000000000000000e+02
4.040000000000000000e+02
4.040000000000000000e+02
4.000000000000000000e+02
4.040000000000000000e+02
3.960000000000000000e+02
4.080000000000000000e+02
4.040000000000000000e+02
4.010000000000000000e+02
4.040000000000000000e+02
4.000000000000000000e+02
4.000000000000000000e+02
4.040000000000000000e+02
4.040000000000000000e+02
4.000000000000000000e+02
4.000000000000000000e+02
4.090000000000000000e+02
4.690000000000000000e+02
4.733333333333333144e+02
4.840000000000000000e+02
4.760000000000000000e+02
4.760000000000000000e+02
4.860000000000000000e+02
4.480000000000000000e+02
4.600000000000000000e+02
4.720000000000000000e+02
4.680000000000000000e+02
4.560000000000000000e+02
4.600000000000000000e+02
4.720000000000000000e+02
4.040000000000000000e+02
4.080000000000000000e+02
4.080000000000000000e+02
4.080000000000000000e+02
4.040000000000000000e+02
4.040000000000000000e+02
4.200000000000000000e+02
4.440000000000000000e+02
7.160000000000000000e+02
7.200000000000000000e+02
4.550000000000000000e+02
4.640000000000000000e+02
4.600000000000000000e+02
5.050000000000000000e+02
5.080000000000000000e+02
4.880000000000000000e+02
4.600000000000000000e+02
4.520000000000000000e+02
4.440000000000000000e+02
4.586666666666666856e+02
4.720000000000000000e+02
4.680000000000000000e+02
4.600000000000000000e+02
4.760000000000000000e+02
5.330000000000000000e+02
4.333333333333333144e+02
5.666666666666666288e+02
4.870000000000000000e+02
4.760000000000000000e+02
4.720000000000000000e+02
5.080000000000000000e+02
5.120000000000000000e+02
4.880000000000000000e+02
5.120000000000000000e+02
5.080000000000000000e+02
5.110000000000000000e+02
4.560000000000000000e+02
7.200000000000000000e+02
7.200000000000000000e+02
7.240000000000000000e+02
7.200000000000000000e+02
7.200000000000000000e+02
7.200000000000000000e+02
4.640000000000000000e+02
5.080000000000000000e+02
5.080000000000000000e+02
5.120000000000000000e+02
5.040000000000000000e+02
5.050000000000000000e+02
5.133333333333333712e+02
5.213333333333333712e+02
4.720000000000000000e+02
4.720000000000000000e+02
4.800000000000000000e+02
4.800000000000000000e+02
4.853333333333333144e+02
4.990000000000000000e+02
4.800000000000000000e+02
4.720000000000000000e+02
4.780000000000000000e+02
4.770000000000000000e+02
4.720000000000000000e+02
4.733333333333333144e+02
4.820000000000000000e+02
4.700000000000000000e+02
7.330000000000000000e+02
7.490000000000000000e+02
7.480000000000000000e+02
7.370000000000000000e+02
7.306666666666666288e+02
7.200000000000000000e+02
7.240000000000000000e+02
