3.875000000000000000e+02
6.805000000000000000e+02
6.800000000000000000e+02
4.660000000000000000e+02
4.670000000000000000e+02
4.700000000000000000e+02
4.737777777777777715e+02
4.733333333333333144e+02
4.760000000000000000e+02
4.764444444444444571e+02
7.048888888888889142e+02
7.040000000000000000e+02
5.560000000000000000e+02
3.925714285714285552e+02
3.786666666666666856e+02
3.702857142857142776e+02
3.783999999999999773e+02
4.662857142857142776e+02
nan
4.662222222222222285e+02
4.640000000000000000e+02
4.720000000000000000e+02
4.720000000000000000e+02
4.720000000000000000e+02
4.720000000000000000e+02
4.720000000000000000e+02
4.697142857142857224e+02
4.680000000000000000e+02
nan
5.912000000000000455e+02
6.785000000000000000e+02
6.840000000000000000e+02
6.773333333333333712e+02
6.800000000000000000e+02
6.777777777777778283e+02
6.817142857142856656e+02
4.626666666666666856e+02
4.640000000000000000e+02
4.640000000000000000e+02
4.680000000000000000e+02
4.660000000000000000e+02
4.640000000000000000e+02
4.648000000000000114e+02
4.640000000000000000e+02
4.605000000000000000e+02
4.640000000000000000e+02
4.591111111111110858e+02
4.143999999999999773e+02
4.580000000000000000e+02
4.480000000000000000e+02
4.500000000000000000e+02
4.560000000000000000e+02
4.582222222222222285e+02
4.368888888888889142e+02
4.945000000000000000e+02
4.551999999999999886e+02
7.370000000000000000e+02
6.905000000000000000e+02
7.097777777777778283e+02
6.926666666666666288e+02
4.653333333333333144e+02
6.780000000000000000e+02
6.800000000000000000e+02
6.805000000000000000e+02
6.737142857142856656e+02
6.760000000000000000e+02
6.706666666666666288e+02
6.896000000000000227e+02
4.600000000000000000e+02
4.560000000000000000e+02
4.560000000000000000e+02
4.497777777777777715e+02
4.354285714285714448e+02
4.355555555555555429e+02
4.320000000000000000e+02
4.485000000000000000e+02
4.308571428571428328e+02
3.991111111111110858e+02
4.405000000000000000e+02
3.973333333333333144e+02
3.850000000000000000e+02
4.063999999999999773e+02
4.060000000000000000e+02
4.040000000000000000e+02
4.336000000000000227e+02
4.366666666666666856e+02
4.360000000000000000e+02
4.320000000000000000e+02
4.394285714285714448e+02
4.500000000000000000e+02
4.588571428571428328e+02
7.280000000000000000e+02
3.564444444444444571e+02
6.100000000000000000e+02
6.685714285714285552e+02
5.714285714285714448e+02
4.155000000000000000e+02
4.760000000000000000e+02
4.488888888888889142e+02
3.700000000000000000e+02
3.640000000000000000e+02
3.608888888888889142e+02
3.594285714285714448e+02
3.697142857142857224e+02
4.310000000000000000e+02
4.320000000000000000e+02
4.297777777777777715e+02
4.085714285714285552e+02
4.045714285714285552e+02
3.975000000000000000e+02
3.866666666666666856e+02
nan
3.742222222222222285e+02
3.745000000000000000e+02
3.828571428571428328e+02
3.340000000000000000e+02
3.205000000000000000e+02
3.200000000000000000e+02
4.740000000000000000e+02
7.954285714285714448e+02
7.888888888888889142e+02
3.675555555555555429e+02
3.426666666666666856e+02
3.515000000000000000e+02
3.537142857142857224e+02
3.480000000000000000e+02
6.146666666666666288e+02
4.293333333333333144e+02
4.335000000000000000e+02
3.480000000000000000e+02
3.440000000000000000e+02
3.400000000000000000e+02
5.640000000000000000e+02
7.920000000000000000e+02
3.160000000000000000e+02
3.160000000000000000e+02
3.125714285714285552e+02
3.175000000000000000e+02
3.200000000000000000e+02
3.213333333333333144e+02
3.200000000000000000e+02
3.160000000000000000e+02
3.166666666666666856e+02
3.165714285714285552e+02
3.088888888888889142e+02
3.120000000000000000e+02
3.120000000000000000e+02
3.160000000000000000e+02
3.240000000000000000e+02
3.240000000000000000e+02
3.280000000000000000e+02
3.251428571428571672e+02
3.200000000000000000e+02
3.160000000000000000e+02
3.200000000000000000e+02
3.200000000000000000e+02
3.200000000000000000e+02
3.240000000000000000e+02
3.690000000000000000e+02
4.075000000000000000e+02
4.050000000000000000e+02
3.808000000000000114e+02
3.115000000000000000e+02
3.120000000000000000e+02
3.120000000000000000e+02
3.013333333333333144e+02
3.026666666666666856e+02
3.102222222222222285e+02
3.160000000000000000e+02
3.120000000000000000e+02
3.268571428571428328e+02
3.257777777777777715e+02
3.225000000000000000e+02
3.120000000000000000e+02
3.142222222222222285e+02
3.120000000000000000e+02
3.120000000000000000e+02
3.120000000000000000e+02
3.120000000000000000e+02
nan
3.185000000000000000e+02
3.016000000000000227e+02
3.245714285714285552e+02
2.950000000000000000e+02
2.920000000000000000e+02
3.053333333333333144e+02
3.040000000000000000e+02
3.080000000000000000e+02
3.040000000000000000e+02
3.153333333333333144e+02
3.200000000000000000e+02
3.160000000000000000e+02
4.120000000000000000e+02
3.200000000000000000e+02
nan
3.053333333333333144e+02
3.040000000000000000e+02
3.000000000000000000e+02
3.017142857142857224e+02
3.070000000000000000e+02
2.875000000000000000e+02
2.840000000000000000e+02
3.085000000000000000e+02
3.234285714285714448e+02
3.105000000000000000e+02
3.111111111111110858e+02
3.080000000000000000e+02
3.120000000000000000e+02
3.120000000000000000e+02
3.145000000000000000e+02
3.097777777777777715e+02
3.128888888888889142e+02
3.275000000000000000e+02
3.305000000000000000e+02
3.250000000000000000e+02
nan
3.070000000000000000e+02
3.040000000000000000e+02
3.040000000000000000e+02
3.022222222222222285e+02
3.062222222222222285e+02
3.140000000000000000e+02
3.177142857142857224e+02
3.200000000000000000e+02
3.200000000000000000e+02
3.160000000000000000e+02
3.160000000000000000e+02
3.080000000000000000e+02
3.143999999999999773e+02
3.060000000000000000e+02
3.040000000000000000e+02
3.154285714285714448e+02
3.173333333333333144e+02
3.177777777777777715e+02
3.265000000000000000e+02
3.240000000000000000e+02
nan
3.248888888888889142e+02
3.140000000000000000e+02
3.160000000000000000e+02
3.160000000000000000e+02
3.095000000000000000e+02
3.173333333333333144e+02
3.222857142857142776e+02
3.240000000000000000e+02
3.240000000000000000e+02
3.200000000000000000e+02
nan
3.200000000000000000e+02
3.160000000000000000e+02
3.120000000000000000e+02
3.120000000000000000e+02
nan
3.200000000000000000e+02
3.460000000000000000e+02
3.466666666666666856e+02
4.340000000000000000e+02
3.444444444444444571e+02
3.514285714285714448e+02
3.365000000000000000e+02
3.175000000000000000e+02
3.160000000000000000e+02
3.200000000000000000e+02
3.200000000000000000e+02
3.240000000000000000e+02
3.240000000000000000e+02
3.280000000000000000e+02
3.306666666666666856e+02
3.280000000000000000e+02
3.240000000000000000e+02
3.417142857142857224e+02
3.737142857142857224e+02
3.902222222222222285e+02
4.026666666666666856e+02
4.200000000000000000e+02
3.293333333333333144e+02
3.280000000000000000e+02
3.280000000000000000e+02
3.160000000000000000e+02
3.142222222222222285e+02
3.120000000000000000e+02
3.160000000000000000e+02
3.585000000000000000e+02
3.668571428571428328e+02
3.760000000000000000e+02
3.700000000000000000e+02
4.630000000000000000e+02
4.428571428571428328e+02
4.855000000000000000e+02
4.880000000000000000e+02
4.760000000000000000e+02
3.688888888888889142e+02
3.620000000000000000e+02
3.600000000000000000e+02
3.635000000000000000e+02
3.680000000000000000e+02
3.777142857142857224e+02
4.415000000000000000e+02
4.400000000000000000e+02
4.320000000000000000e+02
3.800000000000000000e+02
4.164444444444444571e+02
4.160000000000000000e+02
4.035000000000000000e+02
4.040000000000000000e+02
4.136000000000000227e+02
4.200000000000000000e+02
4.008000000000000114e+02
4.320000000000000000e+02
4.388571428571428328e+02
4.382222222222222285e+02
3.860000000000000000e+02
3.920000000000000000e+02
3.485000000000000000e+02
7.388571428571428896e+02
6.874285714285714448e+02
6.910000000000000000e+02
4.740000000000000000e+02
4.760000000000000000e+02
4.905000000000000000e+02
4.862222222222222285e+02
5.182857142857143344e+02
7.085714285714285552e+02
7.080000000000000000e+02
7.073333333333333712e+02
7.440000000000000000e+02
6.982857142857143344e+02
4.051428571428571672e+02
3.902857142857142776e+02
4.413333333333333144e+02
4.405714285714285552e+02
4.400000000000000000e+02
7.331428571428571104e+02
4.253333333333333144e+02
4.143999999999999773e+02
4.130000000000000000e+02
