6.533333333333333712e+02
6.590000000000000000e+02
6.120000000000000000e+02
5.920000000000000000e+02
5.870000000000000000e+02
7.816666666666666288e+02
7.853333333333333712e+02
6.180000000000000000e+02
6.210000000000000000e+02
5.163333333333332575e+02
5.030000000000000000e+02
6.156666666666666288e+02
6.120000000000000000e+02
6.233333333333333712e+02
6.100000000000000000e+02
6.113333333333333712e+02
5.040000000000000000e+02
5.110000000000000000e+02
6.220000000000000000e+02
6.170000000000000000e+02
6.210000000000000000e+02
6.920000000000000000e+02
6.990000000000000000e+02
5.940000000000000000e+02
6.300000000000000000e+02
6.290000000000000000e+02
6.020000000000000000e+02
6.160000000000000000e+02
6.170000000000000000e+02
6.093333333333333712e+02
4.960000000000000000e+02
6.526666666666666288e+02
6.360000000000000000e+02
6.190000000000000000e+02
6.100000000000000000e+02
5.903333333333333712e+02
5.690000000000000000e+02
5.960000000000000000e+02
5.850000000000000000e+02
6.450000000000000000e+02
6.450000000000000000e+02
6.480000000000000000e+02
6.170000000000000000e+02
6.326666666666666288e+02
6.280000000000000000e+02
6.330000000000000000e+02
6.260000000000000000e+02
6.920000000000000000e+02
5.813333333333333712e+02
7.556666666666666288e+02
6.290000000000000000e+02
6.200000000000000000e+02
6.380000000000000000e+02
6.180000000000000000e+02
4.890000000000000000e+02
6.210000000000000000e+02
6.110000000000000000e+02
5.893333333333333712e+02
6.403333333333333712e+02
6.210000000000000000e+02
6.060000000000000000e+02
6.220000000000000000e+02
5.696666666666666288e+02
5.730000000000000000e+02
6.090000000000000000e+02
6.080000000000000000e+02
6.300000000000000000e+02
6.103333333333333712e+02
5.950000000000000000e+02
5.953333333333333712e+02
6.190000000000000000e+02
6.340000000000000000e+02
6.160000000000000000e+02
6.220000000000000000e+02
6.120000000000000000e+02
6.020000000000000000e+02
6.110000000000000000e+02
5.910000000000000000e+02
5.936666666666666288e+02
5.910000000000000000e+02
5.880000000000000000e+02
5.890000000000000000e+02
5.920000000000000000e+02
6.220000000000000000e+02
6.350000000000000000e+02
6.400000000000000000e+02
5.960000000000000000e+02
6.020000000000000000e+02
5.940000000000000000e+02
5.996666666666666288e+02
6.180000000000000000e+02
5.796666666666666288e+02
6.020000000000000000e+02
6.130000000000000000e+02
6.350000000000000000e+02
6.240000000000000000e+02
6.260000000000000000e+02
5.810000000000000000e+02
6.010000000000000000e+02
6.010000000000000000e+02
6.200000000000000000e+02
6.150000000000000000e+02
6.030000000000000000e+02
6.110000000000000000e+02
5.030000000000000000e+02
4.900000000000000000e+02
4.920000000000000000e+02
5.960000000000000000e+02
6.030000000000000000e+02
5.970000000000000000e+02
5.930000000000000000e+02
5.990000000000000000e+02
5.850000000000000000e+02
5.860000000000000000e+02
6.200000000000000000e+02
6.310000000000000000e+02
6.230000000000000000e+02
6.490000000000000000e+02
5.923333333333333712e+02
5.230000000000000000e+02
5.110000000000000000e+02
6.663333333333333712e+02
6.570000000000000000e+02
6.850000000000000000e+02
6.540000000000000000e+02
6.520000000000000000e+02
6.200000000000000000e+02
6.080000000000000000e+02
5.900000000000000000e+02
6.580000000000000000e+02
6.433333333333333712e+02
5.620000000000000000e+02
5.420000000000000000e+02
5.460000000000000000e+02
5.926666666666666288e+02
5.200000000000000000e+02
5.170000000000000000e+02
5.246666666666666288e+02
4.936666666666666856e+02
5.640000000000000000e+02
5.650000000000000000e+02
5.840000000000000000e+02
5.930000000000000000e+02
5.980000000000000000e+02
5.980000000000000000e+02
5.693333333333333712e+02
4.980000000000000000e+02
5.000000000000000000e+02
6.050000000000000000e+02
5.640000000000000000e+02
5.720000000000000000e+02
5.690000000000000000e+02
5.760000000000000000e+02
5.550000000000000000e+02
4.950000000000000000e+02
5.020000000000000000e+02
4.880000000000000000e+02
5.440000000000000000e+02
5.200000000000000000e+02
5.160000000000000000e+02
5.240000000000000000e+02
5.473333333333333712e+02
5.380000000000000000e+02
5.460000000000000000e+02
6.540000000000000000e+02
6.220000000000000000e+02
6.160000000000000000e+02
6.236666666666666288e+02
6.100000000000000000e+02
5.993333333333333712e+02
5.953333333333333712e+02
6.260000000000000000e+02
6.480000000000000000e+02
5.330000000000000000e+02
5.430000000000000000e+02
4.923333333333333144e+02
4.850000000000000000e+02
4.970000000000000000e+02
4.880000000000000000e+02
5.000000000000000000e+02
4.960000000000000000e+02
5.030000000000000000e+02
5.040000000000000000e+02
5.110000000000000000e+02
5.693333333333333712e+02
5.620000000000000000e+02
5.550000000000000000e+02
5.803333333333333712e+02
6.410000000000000000e+02
6.390000000000000000e+02
5.780000000000000000e+02
5.060000000000000000e+02
5.663333333333333712e+02
5.020000000000000000e+02
4.960000000000000000e+02
5.060000000000000000e+02
5.000000000000000000e+02
5.060000000000000000e+02
5.080000000000000000e+02
4.913333333333333144e+02
5.000000000000000000e+02
5.070000000000000000e+02
5.010000000000000000e+02
5.220000000000000000e+02
4.950000000000000000e+02
4.950000000000000000e+02
4.960000000000000000e+02
5.880000000000000000e+02
5.990000000000000000e+02
5.850000000000000000e+02
5.850000000000000000e+02
5.910000000000000000e+02
6.000000000000000000e+02
6.020000000000000000e+02
4.870000000000000000e+02
4.800000000000000000e+02
4.830000000000000000e+02
5.110000000000000000e+02
5.090000000000000000e+02
5.090000000000000000e+02
4.940000000000000000e+02
5.110000000000000000e+02
4.990000000000000000e+02
4.890000000000000000e+02
4.990000000000000000e+02
5.050000000000000000e+02
5.210000000000000000e+02
5.010000000000000000e+02
4.970000000000000000e+02
5.210000000000000000e+02
4.990000000000000000e+02
5.453333333333333712e+02
5.036666666666666856e+02
4.880000000000000000e+02
5.050000000000000000e+02
5.090000000000000000e+02
4.980000000000000000e+02
5.050000000000000000e+02
4.990000000000000000e+02
4.880000000000000000e+02
5.070000000000000000e+02
5.060000000000000000e+02
4.963333333333333144e+02
5.080000000000000000e+02
4.960000000000000000e+02
4.930000000000000000e+02
4.900000000000000000e+02
4.970000000000000000e+02
4.990000000000000000e+02
5.000000000000000000e+02
5.720000000000000000e+02
6.010000000000000000e+02
5.940000000000000000e+02
5.743333333333333712e+02
5.030000000000000000e+02
4.980000000000000000e+02
4.940000000000000000e+02
4.910000000000000000e+02
4.920000000000000000e+02
4.860000000000000000e+02
4.820000000000000000e+02
4.940000000000000000e+02
4.910000000000000000e+02
4.970000000000000000e+02
5.060000000000000000e+02
4.970000000000000000e+02
5.160000000000000000e+02
5.130000000000000000e+02
4.930000000000000000e+02
5.000000000000000000e+02
5.140000000000000000e+02
5.233333333333333712e+02
5.460000000000000000e+02
5.540000000000000000e+02
5.330000000000000000e+02
5.390000000000000000e+02
5.153333333333332575e+02
5.000000000000000000e+02
5.050000000000000000e+02
5.140000000000000000e+02
4.980000000000000000e+02
5.060000000000000000e+02
5.130000000000000000e+02
5.030000000000000000e+02
4.960000000000000000e+02
4.930000000000000000e+02
5.076666666666666856e+02
4.860000000000000000e+02
4.860000000000000000e+02
5.100000000000000000e+02
4.860000000000000000e+02
5.000000000000000000e+02
4.860000000000000000e+02
5.750000000000000000e+02
5.960000000000000000e+02
6.193333333333333712e+02
4.920000000000000000e+02
4.920000000000000000e+02
5.030000000000000000e+02
4.850000000000000000e+02
5.000000000000000000e+02
4.910000000000000000e+02
4.970000000000000000e+02
5.170000000000000000e+02
4.970000000000000000e+02
5.050000000000000000e+02
5.020000000000000000e+02
5.020000000000000000e+02
5.060000000000000000e+02
4.970000000000000000e+02
5.020000000000000000e+02
5.170000000000000000e+02
5.230000000000000000e+02
5.200000000000000000e+02
5.410000000000000000e+02
6.300000000000000000e+02
6.160000000000000000e+02
6.223333333333333712e+02
5.630000000000000000e+02
5.306666666666666288e+02
5.100000000000000000e+02
5.220000000000000000e+02
4.920000000000000000e+02
5.110000000000000000e+02
4.980000000000000000e+02
5.040000000000000000e+02
5.000000000000000000e+02
5.170000000000000000e+02
4.960000000000000000e+02
4.920000000000000000e+02
5.050000000000000000e+02
4.990000000000000000e+02
4.950000000000000000e+02
4.926666666666666856e+02
6.330000000000000000e+02
6.103333333333333712e+02
6.080000000000000000e+02
6.076666666666666288e+02
6.250000000000000000e+02
6.270000000000000000e+02
5.000000000000000000e+02
5.030000000000000000e+02
5.790000000000000000e+02
4.986666666666666856e+02
5.160000000000000000e+02
5.180000000000000000e+02
5.120000000000000000e+02
5.030000000000000000e+02
4.880000000000000000e+02
4.840000000000000000e+02
5.060000000000000000e+02
5.070000000000000000e+02
5.010000000000000000e+02
5.530000000000000000e+02
5.670000000000000000e+02
6.156666666666666288e+02
6.046666666666666288e+02
6.026666666666666288e+02
6.090000000000000000e+02
6.010000000000000000e+02
5.870000000000000000e+02
5.800000000000000000e+02
5.020000000000000000e+02
4.950000000000000000e+02
5.160000000000000000e+02
4.900000000000000000e+02
5.080000000000000000e+02
5.000000000000000000e+02
5.220000000000000000e+02
4.950000000000000000e+02
5.093333333333333144e+02
5.180000000000000000e+02
5.270000000000000000e+02
5.060000000000000000e+02
6.720000000000000000e+02
6.580000000000000000e+02
6.396666666666666288e+02
6.380000000000000000e+02
6.263333333333333712e+02
6.343333333333333712e+02
6.360000000000000000e+02
6.790000000000000000e+02
6.570000000000000000e+02
5.670000000000000000e+02
5.650000000000000000e+02
5.640000000000000000e+02
5.590000000000000000e+02
6.300000000000000000e+02
6.300000000000000000e+02
6.210000000000000000e+02
6.090000000000000000e+02
5.086666666666666856e+02
5.020000000000000000e+02
5.990000000000000000e+02
6.070000000000000000e+02
6.330000000000000000e+02
5.820000000000000000e+02
5.130000000000000000e+02
5.010000000000000000e+02
5.060000000000000000e+02
5.180000000000000000e+02
5.120000000000000000e+02
5.860000000000000000e+02
6.140000000000000000e+02
6.060000000000000000e+02
6.380000000000000000e+02
5.950000000000000000e+02
6.220000000000000000e+02
6.100000000000000000e+02
6.230000000000000000e+02
6.230000000000000000e+02
6.140000000000000000e+02
6.240000000000000000e+02
5.110000000000000000e+02
5.626666666666666288e+02
5.660000000000000000e+02
6.616666666666666288e+02
6.690000000000000000e+02
6.240000000000000000e+02
6.210000000000000000e+02
6.160000000000000000e+02
6.160000000000000000e+02
6.923333333333333712e+02
6.720000000000000000e+02
6.710000000000000000e+02
6.283333333333333712e+02
6.230000000000000000e+02
5.323333333333332575e+02
5.056666666666666856e+02
6.220000000000000000e+02
6.200000000000000000e+02
6.200000000000000000e+02
6.240000000000000000e+02
6.233333333333333712e+02
5.050000000000000000e+02
5.070000000000000000e+02
5.210000000000000000e+02
5.080000000000000000e+02
5.190000000000000000e+02
5.840000000000000000e+02
5.986666666666666288e+02
