7.100000000000000000e+02
7.320000000000000000e+02
7.240000000000000000e+02
7.200000000000000000e+02
7.840000000000000000e+02
7.213333333333333712e+02
5.853333333333333712e+02
7.040000000000000000e+02
7.000000000000000000e+02
6.960000000000000000e+02
6.870000000000000000e+02
6.960000000000000000e+02
6.800000000000000000e+02
6.880000000000000000e+02
5.770000000000000000e+02
6.893333333333333712e+02
5.853333333333333712e+02
7.580000000000000000e+02
7.430000000000000000e+02
6.920000000000000000e+02
5.680000000000000000e+02
5.680000000000000000e+02
7.320000000000000000e+02
7.530000000000000000e+02
5.733333333333333712e+02
7.480000000000000000e+02
6.490000000000000000e+02
6.693333333333333712e+02
6.560000000000000000e+02
6.640000000000000000e+02
5.740000000000000000e+02
5.760000000000000000e+02
5.800000000000000000e+02
5.840000000000000000e+02
5.880000000000000000e+02
5.920000000000000000e+02
5.830000000000000000e+02
7.293333333333333712e+02
7.840000000000000000e+02
7.440000000000000000e+02
7.040000000000000000e+02
7.040000000000000000e+02
7.120000000000000000e+02
7.280000000000000000e+02
6.053333333333333712e+02
7.013333333333333712e+02
6.960000000000000000e+02
5.760000000000000000e+02
5.800000000000000000e+02
6.880000000000000000e+02
6.880000000000000000e+02
6.920000000000000000e+02
7.040000000000000000e+02
6.840000000000000000e+02
6.826666666666666288e+02
6.830000000000000000e+02
5.800000000000000000e+02
5.660000000000000000e+02
6.860000000000000000e+02
5.890000000000000000e+02
6.910000000000000000e+02
5.930000000000000000e+02
6.000000000000000000e+02
5.960000000000000000e+02
5.960000000000000000e+02
6.693333333333333712e+02
5.666666666666666288e+02
6.173333333333333712e+02
6.626666666666666288e+02
6.666666666666666288e+02
6.760000000000000000e+02
6.800000000000000000e+02
6.840000000000000000e+02
6.400000000000000000e+02
5.780000000000000000e+02
5.670000000000000000e+02
6.853333333333333712e+02
5.720000000000000000e+02
6.190000000000000000e+02
6.850000000000000000e+02
6.866666666666666288e+02
6.053333333333333712e+02
5.970000000000000000e+02
6.826666666666666288e+02
6.810000000000000000e+02
6.626666666666666288e+02
7.140000000000000000e+02
6.800000000000000000e+02
5.640000000000000000e+02
6.810000000000000000e+02
5.680000000000000000e+02
6.880000000000000000e+02
6.750000000000000000e+02
5.760000000000000000e+02
5.720000000000000000e+02
6.360000000000000000e+02
6.440000000000000000e+02
6.520000000000000000e+02
6.640000000000000000e+02
6.760000000000000000e+02
6.780000000000000000e+02
6.520000000000000000e+02
6.670000000000000000e+02
6.060000000000000000e+02
6.680000000000000000e+02
6.010000000000000000e+02
6.690000000000000000e+02
6.720000000000000000e+02
6.590000000000000000e+02
6.400000000000000000e+02
6.760000000000000000e+02
6.640000000000000000e+02
6.640000000000000000e+02
6.440000000000000000e+02
6.400000000000000000e+02
5.680000000000000000e+02
5.680000000000000000e+02
6.746666666666666288e+02
6.720000000000000000e+02
5.880000000000000000e+02
5.840000000000000000e+02
5.760000000000000000e+02
5.920000000000000000e+02
6.970000000000000000e+02
5.893333333333333712e+02
6.920000000000000000e+02
6.920000000000000000e+02
7.000000000000000000e+02
6.520000000000000000e+02
6.370000000000000000e+02
5.650000000000000000e+02
5.800000000000000000e+02
5.760000000000000000e+02
5.706666666666666288e+02
6.760000000000000000e+02
5.693333333333333712e+02
5.720000000000000000e+02
5.720000000000000000e+02
6.440000000000000000e+02
6.480000000000000000e+02
6.520000000000000000e+02
6.360000000000000000e+02
6.360000000000000000e+02
6.440000000000000000e+02
6.520000000000000000e+02
6.600000000000000000e+02
6.626666666666666288e+02
6.670000000000000000e+02
6.773333333333333712e+02
6.640000000000000000e+02
6.580000000000000000e+02
6.480000000000000000e+02
6.426666666666666288e+02
5.720000000000000000e+02
5.690000000000000000e+02
5.680000000000000000e+02
5.720000000000000000e+02
5.720000000000000000e+02
5.680000000000000000e+02
5.680000000000000000e+02
5.960000000000000000e+02
5.600000000000000000e+02
5.840000000000000000e+02
6.000000000000000000e+02
5.920000000000000000e+02
6.440000000000000000e+02
6.630000000000000000e+02
7.040000000000000000e+02
5.786666666666666288e+02
5.800000000000000000e+02
5.760000000000000000e+02
5.680000000000000000e+02
5.640000000000000000e+02
5.680000000000000000e+02
5.720000000000000000e+02
5.720000000000000000e+02
5.760000000000000000e+02
6.040000000000000000e+02
5.660000000000000000e+02
5.680000000000000000e+02
5.720000000000000000e+02
5.680000000000000000e+02
5.720000000000000000e+02
5.720000000000000000e+02
5.760000000000000000e+02
6.520000000000000000e+02
6.520000000000000000e+02
6.560000000000000000e+02
5.720000000000000000e+02
6.810000000000000000e+02
6.506666666666666288e+02
6.560000000000000000e+02
6.560000000000000000e+02
5.720000000000000000e+02
5.720000000000000000e+02
5.720000000000000000e+02
5.680000000000000000e+02
5.680000000000000000e+02
5.720000000000000000e+02
5.680000000000000000e+02
5.680000000000000000e+02
5.640000000000000000e+02
5.733333333333333712e+02
5.680000000000000000e+02
5.680000000000000000e+02
5.600000000000000000e+02
5.800000000000000000e+02
5.800000000000000000e+02
5.800000000000000000e+02
5.826666666666666288e+02
5.786666666666666288e+02
5.760000000000000000e+02
5.760000000000000000e+02
5.720000000000000000e+02
5.720000000000000000e+02
5.640000000000000000e+02
5.600000000000000000e+02
5.520000000000000000e+02
5.560000000000000000e+02
5.860000000000000000e+02
5.680000000000000000e+02
5.720000000000000000e+02
5.680000000000000000e+02
5.720000000000000000e+02
5.680000000000000000e+02
5.866666666666666288e+02
5.760000000000000000e+02
5.800000000000000000e+02
6.240000000000000000e+02
6.400000000000000000e+02
6.533333333333333712e+02
6.680000000000000000e+02
5.866666666666666288e+02
6.070000000000000000e+02
6.960000000000000000e+02
6.910000000000000000e+02
6.000000000000000000e+02
5.960000000000000000e+02
5.760000000000000000e+02
5.800000000000000000e+02
5.760000000000000000e+02
5.790000000000000000e+02
5.740000000000000000e+02
5.800000000000000000e+02
5.760000000000000000e+02
5.720000000000000000e+02
5.680000000000000000e+02
5.800000000000000000e+02
5.800000000000000000e+02
5.800000000000000000e+02
5.800000000000000000e+02
6.650000000000000000e+02
6.660000000000000000e+02
6.813333333333333712e+02
5.800000000000000000e+02
5.800000000000000000e+02
5.800000000000000000e+02
5.840000000000000000e+02
5.800000000000000000e+02
5.800000000000000000e+02
5.800000000000000000e+02
5.760000000000000000e+02
5.720000000000000000e+02
5.720000000000000000e+02
5.720000000000000000e+02
5.730000000000000000e+02
5.760000000000000000e+02
5.720000000000000000e+02
6.840000000000000000e+02
6.890000000000000000e+02
6.880000000000000000e+02
6.810000000000000000e+02
5.720000000000000000e+02
6.920000000000000000e+02
6.740000000000000000e+02
6.840000000000000000e+02
6.880000000000000000e+02
6.950000000000000000e+02
5.840000000000000000e+02
6.586666666666666288e+02
5.780000000000000000e+02
5.720000000000000000e+02
5.720000000000000000e+02
5.720000000000000000e+02
5.710000000000000000e+02
5.760000000000000000e+02
5.760000000000000000e+02
5.760000000000000000e+02
5.680000000000000000e+02
6.110000000000000000e+02
5.720000000000000000e+02
5.680000000000000000e+02
6.460000000000000000e+02
6.920000000000000000e+02
7.040000000000000000e+02
7.040000000000000000e+02
6.986666666666666288e+02
6.120000000000000000e+02
6.060000000000000000e+02
6.060000000000000000e+02
6.140000000000000000e+02
5.870000000000000000e+02
5.840000000000000000e+02
5.800000000000000000e+02
5.760000000000000000e+02
5.840000000000000000e+02
6.680000000000000000e+02
6.760000000000000000e+02
6.680000000000000000e+02
6.640000000000000000e+02
6.680000000000000000e+02
6.773333333333333712e+02
5.853333333333333712e+02
6.020000000000000000e+02
6.620000000000000000e+02
6.786666666666666288e+02
7.013333333333333712e+02
5.800000000000000000e+02
5.900000000000000000e+02
6.640000000000000000e+02
6.640000000000000000e+02
6.570000000000000000e+02
6.560000000000000000e+02
6.760000000000000000e+02
5.880000000000000000e+02
5.880000000000000000e+02
6.960000000000000000e+02
6.960000000000000000e+02
6.440000000000000000e+02
6.400000000000000000e+02
6.400000000000000000e+02
6.400000000000000000e+02
6.466666666666666288e+02
7.200000000000000000e+02
7.040000000000000000e+02
6.920000000000000000e+02
6.960000000000000000e+02
7.000000000000000000e+02
6.960000000000000000e+02
6.573333333333333712e+02
6.520000000000000000e+02
6.900000000000000000e+02
6.400000000000000000e+02
6.960000000000000000e+02
7.000000000000000000e+02
7.040000000000000000e+02
7.020000000000000000e+02
5.800000000000000000e+02
5.840000000000000000e+02
6.760000000000000000e+02
6.640000000000000000e+02
6.640000000000000000e+02
6.640000000000000000e+02
5.840000000000000000e+02
5.800000000000000000e+02
5.786666666666666288e+02
6.060000000000000000e+02
6.100000000000000000e+02
5.840000000000000000e+02
6.800000000000000000e+02
5.986666666666666288e+02
5.960000000000000000e+02
5.980000000000000000e+02
6.880000000000000000e+02
6.780000000000000000e+02
5.900000000000000000e+02
7.160000000000000000e+02
7.080000000000000000e+02
7.040000000000000000e+02
7.080000000000000000e+02
7.080000000000000000e+02
6.720000000000000000e+02
6.000000000000000000e+02
7.160000000000000000e+02
7.946666666666666288e+02
7.960000000000000000e+02
7.146666666666666288e+02
7.093333333333333712e+02
7.106666666666666288e+02
7.160000000000000000e+02
7.240000000000000000e+02
7.230000000000000000e+02
6.900000000000000000e+02
6.320000000000000000e+02
6.560000000000000000e+02
5.970000000000000000e+02
6.130000000000000000e+02
7.130000000000000000e+02
7.160000000000000000e+02
6.013333333333333712e+02
6.920000000000000000e+02
6.520000000000000000e+02
6.830000000000000000e+02
6.040000000000000000e+02
6.840000000000000000e+02
6.600000000000000000e+02
7.360000000000000000e+02
6.186666666666666288e+02
6.160000000000000000e+02
6.130000000000000000e+02
6.040000000000000000e+02
5.920000000000000000e+02
6.960000000000000000e+02
6.920000000000000000e+02
6.906666666666666288e+02
6.080000000000000000e+02
5.920000000000000000e+02
6.040000000000000000e+02
6.546666666666666288e+02
6.480000000000000000e+02
6.580000000000000000e+02
6.230000000000000000e+02
7.200000000000000000e+02
6.560000000000000000e+02
7.240000000000000000e+02
6.820000000000000000e+02
7.310000000000000000e+02
7.090000000000000000e+02
7.120000000000000000e+02
7.080000000000000000e+02
6.840000000000000000e+02
7.080000000000000000e+02
6.493333333333333712e+02
6.280000000000000000e+02
6.480000000000000000e+02
6.580000000000000000e+02
6.820000000000000000e+02
6.010000000000000000e+02
6.000000000000000000e+02
6.760000000000000000e+02
7.053333333333333712e+02
7.420000000000000000e+02
6.133333333333333712e+02
6.080000000000000000e+02
6.080000000000000000e+02
7.040000000000000000e+02
7.520000000000000000e+02
6.960000000000000000e+02
6.560000000000000000e+02
7.160000000000000000e+02
7.460000000000000000e+02
