4.626666666666666856e+02
4.560000000000000000e+02
4.640000000000000000e+02
5.220000000000000000e+02
4.640000000000000000e+02
4.680000000000000000e+02
4.680000000000000000e+02
4.760000000000000000e+02
4.840000000000000000e+02
4.760000000000000000e+02
7.120000000000000000e+02
4.960000000000000000e+02
4.840000000000000000e+02
4.920000000000000000e+02
5.090000000000000000e+02
4.680000000000000000e+02
4.680000000000000000e+02
4.960000000000000000e+02
4.880000000000000000e+02
7.500000000000000000e+02
7.493333333333333712e+02
4.820000000000000000e+02
4.960000000000000000e+02
4.720000000000000000e+02
5.010000000000000000e+02
4.680000000000000000e+02
6.840000000000000000e+02
4.720000000000000000e+02
4.680000000000000000e+02
4.760000000000000000e+02
4.720000000000000000e+02
4.800000000000000000e+02
4.800000000000000000e+02
4.880000000000000000e+02
4.760000000000000000e+02
4.670000000000000000e+02
4.800000000000000000e+02
4.780000000000000000e+02
5.066666666666666856e+02
4.013333333333333144e+02
4.693333333333333144e+02
7.480000000000000000e+02
7.550000000000000000e+02
7.450000000000000000e+02
7.460000000000000000e+02
4.720000000000000000e+02
4.710000000000000000e+02
4.810000000000000000e+02
7.360000000000000000e+02
7.360000000000000000e+02
7.270000000000000000e+02
7.440000000000000000e+02
7.440000000000000000e+02
7.440000000000000000e+02
6.940000000000000000e+02
7.490000000000000000e+02
7.120000000000000000e+02
4.620000000000000000e+02
7.493333333333333712e+02
4.800000000000000000e+02
7.530000000000000000e+02
4.810000000000000000e+02
4.900000000000000000e+02
4.800000000000000000e+02
4.880000000000000000e+02
4.920000000000000000e+02
4.760000000000000000e+02
4.700000000000000000e+02
4.680000000000000000e+02
4.920000000000000000e+02
4.906666666666666856e+02
4.840000000000000000e+02
4.840000000000000000e+02
4.850000000000000000e+02
7.480000000000000000e+02
7.440000000000000000e+02
4.840000000000000000e+02
7.360000000000000000e+02
7.360000000000000000e+02
7.360000000000000000e+02
7.320000000000000000e+02
7.320000000000000000e+02
7.360000000000000000e+02
4.920000000000000000e+02
5.180000000000000000e+02
5.190000000000000000e+02
4.760000000000000000e+02
4.880000000000000000e+02
4.880000000000000000e+02
4.520000000000000000e+02
4.650000000000000000e+02
4.813333333333333144e+02
4.770000000000000000e+02
4.840000000000000000e+02
4.760000000000000000e+02
4.800000000000000000e+02
5.453333333333333712e+02
4.580000000000000000e+02
4.470000000000000000e+02
4.920000000000000000e+02
4.760000000000000000e+02
4.680000000000000000e+02
4.480000000000000000e+02
5.000000000000000000e+02
4.880000000000000000e+02
4.760000000000000000e+02
4.680000000000000000e+02
5.160000000000000000e+02
4.660000000000000000e+02
4.600000000000000000e+02
7.280000000000000000e+02
7.320000000000000000e+02
7.280000000000000000e+02
7.240000000000000000e+02
7.226666666666666288e+02
4.720000000000000000e+02
4.780000000000000000e+02
4.140000000000000000e+02
4.040000000000000000e+02
4.773333333333333144e+02
4.800000000000000000e+02
4.480000000000000000e+02
4.450000000000000000e+02
4.880000000000000000e+02
4.960000000000000000e+02
4.480000000000000000e+02
4.510000000000000000e+02
4.906666666666666856e+02
4.866666666666666856e+02
4.840000000000000000e+02
4.080000000000000000e+02
5.030000000000000000e+02
4.000000000000000000e+02
4.040000000000000000e+02
3.960000000000000000e+02
3.840000000000000000e+02
4.000000000000000000e+02
4.000000000000000000e+02
4.000000000000000000e+02
4.080000000000000000e+02
4.020000000000000000e+02
3.760000000000000000e+02
4.260000000000000000e+02
3.960000000000000000e+02
3.920000000000000000e+02
4.040000000000000000e+02
3.650000000000000000e+02
3.840000000000000000e+02
3.980000000000000000e+02
4.040000000000000000e+02
4.000000000000000000e+02
3.920000000000000000e+02
3.880000000000000000e+02
3.920000000000000000e+02
3.973333333333333144e+02
4.000000000000000000e+02
4.040000000000000000e+02
4.080000000000000000e+02
4.750000000000000000e+02
4.800000000000000000e+02
4.840000000000000000e+02
4.850000000000000000e+02
4.200000000000000000e+02
4.120000000000000000e+02
4.120000000000000000e+02
4.026666666666666856e+02
3.920000000000000000e+02
3.920000000000000000e+02
3.840000000000000000e+02
3.960000000000000000e+02
4.040000000000000000e+02
4.000000000000000000e+02
3.530000000000000000e+02
3.880000000000000000e+02
3.920000000000000000e+02
4.860000000000000000e+02
4.920000000000000000e+02
3.800000000000000000e+02
3.800000000000000000e+02
3.693333333333333144e+02
4.040000000000000000e+02
4.080000000000000000e+02
4.000000000000000000e+02
3.920000000000000000e+02
3.920000000000000000e+02
3.880000000000000000e+02
3.960000000000000000e+02
3.960000000000000000e+02
4.200000000000000000e+02
4.240000000000000000e+02
4.280000000000000000e+02
4.940000000000000000e+02
5.013333333333333144e+02
4.400000000000000000e+02
4.320000000000000000e+02
4.090000000000000000e+02
4.040000000000000000e+02
4.080000000000000000e+02
3.920000000000000000e+02
3.960000000000000000e+02
3.960000000000000000e+02
3.960000000000000000e+02
4.200000000000000000e+02
4.080000000000000000e+02
3.560000000000000000e+02
4.080000000000000000e+02
4.080000000000000000e+02
3.990000000000000000e+02
3.730000000000000000e+02
3.960000000000000000e+02
4.053333333333333144e+02
4.060000000000000000e+02
3.960000000000000000e+02
4.080000000000000000e+02
3.920000000000000000e+02
4.000000000000000000e+02
3.880000000000000000e+02
3.960000000000000000e+02
3.940000000000000000e+02
4.040000000000000000e+02
4.120000000000000000e+02
4.320000000000000000e+02
4.360000000000000000e+02
5.120000000000000000e+02
5.000000000000000000e+02
5.000000000000000000e+02
5.000000000000000000e+02
4.280000000000000000e+02
4.180000000000000000e+02
4.040000000000000000e+02
3.920000000000000000e+02
3.920000000000000000e+02
4.040000000000000000e+02
4.000000000000000000e+02
4.120000000000000000e+02
4.040000000000000000e+02
4.040000000000000000e+02
4.000000000000000000e+02
4.040000000000000000e+02
3.960000000000000000e+02
4.080000000000000000e+02
4.000000000000000000e+02
4.080000000000000000e+02
4.040000000000000000e+02
4.040000000000000000e+02
4.000000000000000000e+02
4.040000000000000000e+02
4.040000000000000000e+02
4.000000000000000000e+02
3.960000000000000000e+02
4.120000000000000000e+02
4.680000000000000000e+02
4.240000000000000000e+02
4.760000000000000000e+02
4.790000000000000000e+02
4.640000000000000000e+02
4.640000000000000000e+02
4.560000000000000000e+02
4.600000000000000000e+02
4.720000000000000000e+02
4.680000000000000000e+02
4.600000000000000000e+02
4.600000000000000000e+02
4.666666666666666856e+02
4.040000000000000000e+02
4.120000000000000000e+02
4.080000000000000000e+02
4.080000000000000000e+02
4.040000000000000000e+02
4.040000000000000000e+02
4.200000000000000000e+02
4.480000000000000000e+02
7.160000000000000000e+02
7.200000000000000000e+02
4.560000000000000000e+02
4.640000000000000000e+02
5.160000000000000000e+02
5.080000000000000000e+02
5.000000000000000000e+02
4.946666666666666856e+02
4.640000000000000000e+02
4.520000000000000000e+02
4.440000000000000000e+02
4.720000000000000000e+02
4.720000000000000000e+02
4.720000000000000000e+02
4.660000000000000000e+02
4.760000000000000000e+02
4.610000000000000000e+02
4.333333333333333144e+02
5.666666666666666288e+02
4.720000000000000000e+02
4.760000000000000000e+02
4.730000000000000000e+02
5.120000000000000000e+02
5.080000000000000000e+02
5.080000000000000000e+02
5.013333333333333144e+02
5.130000000000000000e+02
5.120000000000000000e+02
4.560000000000000000e+02
7.200000000000000000e+02
7.200000000000000000e+02
7.200000000000000000e+02
7.200000000000000000e+02
7.200000000000000000e+02
7.120000000000000000e+02
4.640000000000000000e+02
4.960000000000000000e+02
5.040000000000000000e+02
5.080000000000000000e+02
5.100000000000000000e+02
5.080000000000000000e+02
5.013333333333333144e+02
4.960000000000000000e+02
4.760000000000000000e+02
4.680000000000000000e+02
4.710000000000000000e+02
4.800000000000000000e+02
7.493333333333333712e+02
4.990000000000000000e+02
4.800000000000000000e+02
4.760000000000000000e+02
4.786666666666666856e+02
4.760000000000000000e+02
4.760000000000000000e+02
4.693333333333333144e+02
5.000000000000000000e+02
4.830000000000000000e+02
5.210000000000000000e+02
7.490000000000000000e+02
7.550000000000000000e+02
7.370000000000000000e+02
7.230000000000000000e+02
7.200000000000000000e+02
7.240000000000000000e+02
