6.200000000000000000e+02
6.240000000000000000e+02
6.210000000000000000e+02
7.960000000000000000e+02
7.960000000000000000e+02
7.960000000000000000e+02
7.960000000000000000e+02
7.960000000000000000e+02
6.200000000000000000e+02
6.080000000000000000e+02
7.960000000000000000e+02
5.580000000000000000e+02
5.440000000000000000e+02
5.080000000000000000e+02
4.920000000000000000e+02
4.880000000000000000e+02
5.400000000000000000e+02
4.980000000000000000e+02
6.160000000000000000e+02
5.020000000000000000e+02
6.000000000000000000e+02
5.990000000000000000e+02
6.040000000000000000e+02
6.200000000000000000e+02
7.880000000000000000e+02
7.960000000000000000e+02
7.960000000000000000e+02
7.960000000000000000e+02
7.960000000000000000e+02
6.290000000000000000e+02
6.170000000000000000e+02
6.300000000000000000e+02
6.026666666666666288e+02
6.270000000000000000e+02
5.840000000000000000e+02
7.960000000000000000e+02
7.960000000000000000e+02
5.040000000000000000e+02
7.960000000000000000e+02
7.800000000000000000e+02
6.200000000000000000e+02
6.080000000000000000e+02
5.680000000000000000e+02
5.520000000000000000e+02
5.960000000000000000e+02
5.960000000000000000e+02
6.080000000000000000e+02
5.440000000000000000e+02
6.080000000000000000e+02
6.040000000000000000e+02
6.133333333333333712e+02
5.880000000000000000e+02
5.680000000000000000e+02
5.600000000000000000e+02
4.960000000000000000e+02
4.960000000000000000e+02
5.000000000000000000e+02
5.040000000000000000e+02
5.040000000000000000e+02
5.000000000000000000e+02
6.280000000000000000e+02
7.960000000000000000e+02
6.120000000000000000e+02
6.160000000000000000e+02
5.980000000000000000e+02
5.880000000000000000e+02
6.120000000000000000e+02
6.240000000000000000e+02
5.120000000000000000e+02
5.280000000000000000e+02
4.920000000000000000e+02
4.920000000000000000e+02
4.950000000000000000e+02
4.820000000000000000e+02
4.760000000000000000e+02
5.280000000000000000e+02
5.520000000000000000e+02
5.600000000000000000e+02
5.540000000000000000e+02
5.200000000000000000e+02
5.080000000000000000e+02
4.890000000000000000e+02
4.920000000000000000e+02
4.880000000000000000e+02
4.810000000000000000e+02
4.880000000000000000e+02
4.800000000000000000e+02
4.810000000000000000e+02
4.620000000000000000e+02
4.920000000000000000e+02
4.890000000000000000e+02
5.120000000000000000e+02
5.140000000000000000e+02
6.400000000000000000e+02
6.293333333333333712e+02
6.150000000000000000e+02
5.866666666666666288e+02
5.760000000000000000e+02
4.930000000000000000e+02
4.860000000000000000e+02
4.840000000000000000e+02
4.760000000000000000e+02
4.840000000000000000e+02
4.920000000000000000e+02
4.920000000000000000e+02
4.880000000000000000e+02
4.840000000000000000e+02
4.800000000000000000e+02
4.760000000000000000e+02
4.880000000000000000e+02
4.800000000000000000e+02
5.480000000000000000e+02
5.280000000000000000e+02
5.293333333333333712e+02
4.840000000000000000e+02
4.800000000000000000e+02
4.840000000000000000e+02
4.840000000000000000e+02
4.840000000000000000e+02
4.880000000000000000e+02
4.960000000000000000e+02
4.910000000000000000e+02
4.800000000000000000e+02
4.800000000000000000e+02
4.840000000000000000e+02
4.960000000000000000e+02
5.840000000000000000e+02
5.750000000000000000e+02
5.760000000000000000e+02
4.920000000000000000e+02
4.920000000000000000e+02
4.880000000000000000e+02
4.840000000000000000e+02
4.760000000000000000e+02
4.880000000000000000e+02
4.880000000000000000e+02
4.900000000000000000e+02
4.840000000000000000e+02
4.880000000000000000e+02
4.800000000000000000e+02
4.840000000000000000e+02
4.720000000000000000e+02
4.780000000000000000e+02
5.840000000000000000e+02
5.810000000000000000e+02
5.160000000000000000e+02
4.880000000000000000e+02
4.800000000000000000e+02
4.840000000000000000e+02
4.720000000000000000e+02
4.840000000000000000e+02
4.920000000000000000e+02
4.920000000000000000e+02
4.920000000000000000e+02
4.880000000000000000e+02
4.880000000000000000e+02
4.880000000000000000e+02
4.920000000000000000e+02
4.960000000000000000e+02
5.730000000000000000e+02
5.880000000000000000e+02
5.840000000000000000e+02
6.000000000000000000e+02
5.000000000000000000e+02
5.253333333333333712e+02
4.940000000000000000e+02
4.880000000000000000e+02
4.880000000000000000e+02
5.040000000000000000e+02
5.160000000000000000e+02
4.880000000000000000e+02
5.680000000000000000e+02
5.520000000000000000e+02
5.680000000000000000e+02
5.800000000000000000e+02
5.280000000000000000e+02
5.440000000000000000e+02
5.560000000000000000e+02
5.600000000000000000e+02
5.760000000000000000e+02
5.720000000000000000e+02
5.560000000000000000e+02
4.800000000000000000e+02
4.880000000000000000e+02
4.960000000000000000e+02
5.600000000000000000e+02
5.000000000000000000e+02
5.120000000000000000e+02
5.160000000000000000e+02
6.200000000000000000e+02
6.080000000000000000e+02
6.080000000000000000e+02
6.040000000000000000e+02
6.000000000000000000e+02
6.080000000000000000e+02
5.560000000000000000e+02
5.680000000000000000e+02
5.680000000000000000e+02
7.960000000000000000e+02
6.000000000000000000e+02
6.000000000000000000e+02
6.070000000000000000e+02
5.480000000000000000e+02
5.813333333333333712e+02
5.580000000000000000e+02
5.640000000000000000e+02
4.880000000000000000e+02
5.506666666666666288e+02
5.160000000000000000e+02
5.520000000000000000e+02
4.840000000000000000e+02
5.440000000000000000e+02
5.600000000000000000e+02
5.626666666666666288e+02
6.000000000000000000e+02
7.960000000000000000e+02
7.960000000000000000e+02
7.960000000000000000e+02
7.960000000000000000e+02
7.760000000000000000e+02
7.920000000000000000e+02
6.180000000000000000e+02
6.413333333333333712e+02
5.990000000000000000e+02
5.866666666666666288e+02
6.400000000000000000e+02
6.400000000000000000e+02
5.560000000000000000e+02
7.660000000000000000e+02
7.920000000000000000e+02
7.880000000000000000e+02
7.920000000000000000e+02
5.640000000000000000e+02
4.760000000000000000e+02
4.813333333333333144e+02
5.000000000000000000e+02
5.300000000000000000e+02
4.810000000000000000e+02
4.810000000000000000e+02
5.600000000000000000e+02
5.300000000000000000e+02
5.400000000000000000e+02
4.880000000000000000e+02
4.800000000000000000e+02
5.200000000000000000e+02
5.810000000000000000e+02
7.400000000000000000e+02
7.960000000000000000e+02
6.080000000000000000e+02
7.740000000000000000e+02
5.586666666666666288e+02
5.600000000000000000e+02
5.500000000000000000e+02
6.130000000000000000e+02
6.160000000000000000e+02
6.200000000000000000e+02
