6.200000000000000000e+02
6.200000000000000000e+02
6.210000000000000000e+02
7.960000000000000000e+02
7.960000000000000000e+02
7.960000000000000000e+02
7.960000000000000000e+02
7.960000000000000000e+02
6.210000000000000000e+02
5.173333333333333712e+02
5.960000000000000000e+02
5.680000000000000000e+02
5.400000000000000000e+02
5.080000000000000000e+02
4.893333333333333144e+02
4.920000000000000000e+02
5.506666666666666288e+02
5.040000000000000000e+02
5.080000000000000000e+02
5.020000000000000000e+02
6.000000000000000000e+02
4.930000000000000000e+02
4.973333333333333144e+02
6.200000000000000000e+02
7.880000000000000000e+02
7.920000000000000000e+02
7.960000000000000000e+02
7.960000000000000000e+02
5.680000000000000000e+02
6.280000000000000000e+02
6.240000000000000000e+02
6.240000000000000000e+02
6.026666666666666288e+02
6.270000000000000000e+02
5.840000000000000000e+02
7.960000000000000000e+02
7.960000000000000000e+02
7.960000000000000000e+02
5.080000000000000000e+02
5.093333333333333144e+02
6.200000000000000000e+02
6.040000000000000000e+02
5.680000000000000000e+02
5.520000000000000000e+02
5.960000000000000000e+02
5.960000000000000000e+02
6.080000000000000000e+02
6.080000000000000000e+02
6.080000000000000000e+02
6.040000000000000000e+02
6.040000000000000000e+02
5.880000000000000000e+02
5.680000000000000000e+02
5.640000000000000000e+02
4.960000000000000000e+02
5.000000000000000000e+02
5.040000000000000000e+02
5.640000000000000000e+02
5.050000000000000000e+02
5.000000000000000000e+02
6.160000000000000000e+02
7.960000000000000000e+02
6.240000000000000000e+02
6.120000000000000000e+02
5.800000000000000000e+02
5.880000000000000000e+02
6.360000000000000000e+02
6.240000000000000000e+02
5.120000000000000000e+02
5.280000000000000000e+02
4.920000000000000000e+02
4.920000000000000000e+02
4.920000000000000000e+02
4.840000000000000000e+02
4.760000000000000000e+02
4.760000000000000000e+02
5.520000000000000000e+02
5.000000000000000000e+02
5.013333333333333144e+02
5.173333333333333712e+02
5.080000000000000000e+02
4.840000000000000000e+02
4.920000000000000000e+02
4.920000000000000000e+02
4.800000000000000000e+02
4.840000000000000000e+02
4.800000000000000000e+02
4.810000000000000000e+02
4.720000000000000000e+02
4.870000000000000000e+02
4.920000000000000000e+02
4.973333333333333144e+02
6.400000000000000000e+02
6.280000000000000000e+02
6.200000000000000000e+02
6.200000000000000000e+02
5.880000000000000000e+02
5.900000000000000000e+02
4.960000000000000000e+02
4.860000000000000000e+02
4.840000000000000000e+02
4.800000000000000000e+02
4.880000000000000000e+02
4.920000000000000000e+02
4.880000000000000000e+02
4.880000000000000000e+02
4.840000000000000000e+02
4.800000000000000000e+02
4.760000000000000000e+02
4.840000000000000000e+02
4.800000000000000000e+02
5.480000000000000000e+02
5.320000000000000000e+02
4.760000000000000000e+02
4.840000000000000000e+02
4.800000000000000000e+02
4.840000000000000000e+02
4.840000000000000000e+02
4.840000000000000000e+02
4.880000000000000000e+02
4.960000000000000000e+02
4.880000000000000000e+02
4.800000000000000000e+02
4.800000000000000000e+02
4.840000000000000000e+02
4.960000000000000000e+02
4.940000000000000000e+02
5.840000000000000000e+02
5.770000000000000000e+02
5.860000000000000000e+02
4.910000000000000000e+02
4.880000000000000000e+02
4.760000000000000000e+02
4.800000000000000000e+02
4.880000000000000000e+02
4.920000000000000000e+02
4.880000000000000000e+02
4.840000000000000000e+02
4.880000000000000000e+02
4.840000000000000000e+02
4.840000000000000000e+02
4.720000000000000000e+02
4.920000000000000000e+02
5.880000000000000000e+02
5.800000000000000000e+02
5.160000000000000000e+02
4.880000000000000000e+02
4.840000000000000000e+02
4.840000000000000000e+02
4.760000000000000000e+02
4.840000000000000000e+02
4.920000000000000000e+02
4.920000000000000000e+02
4.920000000000000000e+02
4.880000000000000000e+02
4.880000000000000000e+02
4.880000000000000000e+02
4.920000000000000000e+02
4.960000000000000000e+02
5.800000000000000000e+02
6.000000000000000000e+02
5.840000000000000000e+02
5.810000000000000000e+02
5.000000000000000000e+02
5.120000000000000000e+02
4.960000000000000000e+02
4.880000000000000000e+02
4.920000000000000000e+02
5.040000000000000000e+02
5.320000000000000000e+02
4.880000000000000000e+02
5.690000000000000000e+02
5.520000000000000000e+02
5.650000000000000000e+02
5.820000000000000000e+02
5.680000000000000000e+02
5.480000000000000000e+02
5.520000000000000000e+02
5.600000000000000000e+02
5.760000000000000000e+02
5.720000000000000000e+02
5.560000000000000000e+02
4.800000000000000000e+02
4.880000000000000000e+02
4.960000000000000000e+02
5.640000000000000000e+02
5.000000000000000000e+02
5.080000000000000000e+02
5.120000000000000000e+02
6.340000000000000000e+02
6.120000000000000000e+02
6.040000000000000000e+02
6.040000000000000000e+02
6.000000000000000000e+02
6.080000000000000000e+02
5.586666666666666288e+02
7.960000000000000000e+02
5.573333333333333712e+02
7.960000000000000000e+02
6.000000000000000000e+02
5.960000000000000000e+02
6.070000000000000000e+02
5.480000000000000000e+02
5.813333333333333712e+02
5.480000000000000000e+02
5.640000000000000000e+02
5.440000000000000000e+02
5.230000000000000000e+02
6.866666666666666288e+02
5.520000000000000000e+02
4.840000000000000000e+02
5.490000000000000000e+02
5.500000000000000000e+02
5.626666666666666288e+02
5.920000000000000000e+02
7.960000000000000000e+02
7.960000000000000000e+02
7.960000000000000000e+02
7.960000000000000000e+02
7.960000000000000000e+02
7.960000000000000000e+02
6.440000000000000000e+02
6.520000000000000000e+02
5.960000000000000000e+02
5.866666666666666288e+02
6.400000000000000000e+02
5.560000000000000000e+02
5.560000000000000000e+02
5.540000000000000000e+02
5.506666666666666288e+02
7.880000000000000000e+02
7.960000000000000000e+02
5.773333333333333712e+02
4.760000000000000000e+02
4.840000000000000000e+02
4.933333333333333144e+02
5.300000000000000000e+02
5.280000000000000000e+02
4.810000000000000000e+02
5.600000000000000000e+02
6.826666666666666288e+02
5.400000000000000000e+02
4.880000000000000000e+02
4.840000000000000000e+02
5.180000000000000000e+02
7.450000000000000000e+02
6.080000000000000000e+02
6.200000000000000000e+02
6.080000000000000000e+02
7.680000000000000000e+02
5.440000000000000000e+02
5.650000000000000000e+02
5.530000000000000000e+02
6.090000000000000000e+02
6.160000000000000000e+02
6.160000000000000000e+02
