4.600000000000000000e+02
4.590000000000000000e+02
4.610000000000000000e+02
7.500000000000000000e+02
4.640000000000000000e+02
4.720000000000000000e+02
4.680000000000000000e+02
4.733333333333333144e+02
4.826666666666666856e+02
4.800000000000000000e+02
7.120000000000000000e+02
4.626666666666666856e+02
4.840000000000000000e+02
4.920000000000000000e+02
5.000000000000000000e+02
4.630000000000000000e+02
4.680000000000000000e+02
5.040000000000000000e+02
4.880000000000000000e+02
4.840000000000000000e+02
4.920000000000000000e+02
4.860000000000000000e+02
5.150000000000000000e+02
7.520000000000000000e+02
7.440000000000000000e+02
4.680000000000000000e+02
6.840000000000000000e+02
4.720000000000000000e+02
4.680000000000000000e+02
4.640000000000000000e+02
4.800000000000000000e+02
4.800000000000000000e+02
4.760000000000000000e+02
4.880000000000000000e+02
4.733333333333333144e+02
4.670000000000000000e+02
4.800000000000000000e+02
4.640000000000000000e+02
5.066666666666666856e+02
4.013333333333333144e+02
4.720000000000000000e+02
7.420000000000000000e+02
4.920000000000000000e+02
4.760000000000000000e+02
7.460000000000000000e+02
7.520000000000000000e+02
4.720000000000000000e+02
4.770000000000000000e+02
7.360000000000000000e+02
7.360000000000000000e+02
7.160000000000000000e+02
7.480000000000000000e+02
7.440000000000000000e+02
7.480000000000000000e+02
4.013333333333333144e+02
7.490000000000000000e+02
6.700000000000000000e+02
6.746666666666666288e+02
4.560000000000000000e+02
4.800000000000000000e+02
7.400000000000000000e+02
4.760000000000000000e+02
7.430000000000000000e+02
4.750000000000000000e+02
4.880000000000000000e+02
4.920000000000000000e+02
7.470000000000000000e+02
4.700000000000000000e+02
4.640000000000000000e+02
4.920000000000000000e+02
4.920000000000000000e+02
4.840000000000000000e+02
4.840000000000000000e+02
4.850000000000000000e+02
7.480000000000000000e+02
7.440000000000000000e+02
4.880000000000000000e+02
7.380000000000000000e+02
7.360000000000000000e+02
7.360000000000000000e+02
7.320000000000000000e+02
7.320000000000000000e+02
7.360000000000000000e+02
7.380000000000000000e+02
5.310000000000000000e+02
5.240000000000000000e+02
4.720000000000000000e+02
4.840000000000000000e+02
4.880000000000000000e+02
4.520000000000000000e+02
4.650000000000000000e+02
4.813333333333333144e+02
4.800000000000000000e+02
4.760000000000000000e+02
4.760000000000000000e+02
4.800000000000000000e+02
4.810000000000000000e+02
4.480000000000000000e+02
4.466666666666666856e+02
4.866666666666666856e+02
4.800000000000000000e+02
4.680000000000000000e+02
4.480000000000000000e+02
4.960000000000000000e+02
4.880000000000000000e+02
4.880000000000000000e+02
5.170000000000000000e+02
5.120000000000000000e+02
4.640000000000000000e+02
4.600000000000000000e+02
7.320000000000000000e+02
7.320000000000000000e+02
7.280000000000000000e+02
7.240000000000000000e+02
4.680000000000000000e+02
4.800000000000000000e+02
7.400000000000000000e+02
4.120000000000000000e+02
4.040000000000000000e+02
4.800000000000000000e+02
4.800000000000000000e+02
4.480000000000000000e+02
4.480000000000000000e+02
4.840000000000000000e+02
4.880000000000000000e+02
4.546666666666666856e+02
4.440000000000000000e+02
4.800000000000000000e+02
4.800000000000000000e+02
4.880000000000000000e+02
4.080000000000000000e+02
5.030000000000000000e+02
3.990000000000000000e+02
4.040000000000000000e+02
3.960000000000000000e+02
3.760000000000000000e+02
4.000000000000000000e+02
4.040000000000000000e+02
4.040000000000000000e+02
4.040000000000000000e+02
3.920000000000000000e+02
3.800000000000000000e+02
4.260000000000000000e+02
3.900000000000000000e+02
3.950000000000000000e+02
3.960000000000000000e+02
4.080000000000000000e+02
3.880000000000000000e+02
4.000000000000000000e+02
4.000000000000000000e+02
4.000000000000000000e+02
3.960000000000000000e+02
3.840000000000000000e+02
3.920000000000000000e+02
3.960000000000000000e+02
4.000000000000000000e+02
4.040000000000000000e+02
4.080000000000000000e+02
4.750000000000000000e+02
4.770000000000000000e+02
4.880000000000000000e+02
4.840000000000000000e+02
4.200000000000000000e+02
4.080000000000000000e+02
4.120000000000000000e+02
4.026666666666666856e+02
3.930000000000000000e+02
3.920000000000000000e+02
3.800000000000000000e+02
4.040000000000000000e+02
4.000000000000000000e+02
4.000000000000000000e+02
4.020000000000000000e+02
3.920000000000000000e+02
3.960000000000000000e+02
3.920000000000000000e+02
4.910000000000000000e+02
3.800000000000000000e+02
3.800000000000000000e+02
3.560000000000000000e+02
4.000000000000000000e+02
4.040000000000000000e+02
3.960000000000000000e+02
3.920000000000000000e+02
3.920000000000000000e+02
3.920000000000000000e+02
3.960000000000000000e+02
3.960000000000000000e+02
4.160000000000000000e+02
4.280000000000000000e+02
4.320000000000000000e+02
5.000000000000000000e+02
4.560000000000000000e+02
4.360000000000000000e+02
4.280000000000000000e+02
4.090000000000000000e+02
4.080000000000000000e+02
4.160000000000000000e+02
3.960000000000000000e+02
3.920000000000000000e+02
3.960000000000000000e+02
3.920000000000000000e+02
4.120000000000000000e+02
4.080000000000000000e+02
3.600000000000000000e+02
4.080000000000000000e+02
4.040000000000000000e+02
3.920000000000000000e+02
3.800000000000000000e+02
3.960000000000000000e+02
4.160000000000000000e+02
4.000000000000000000e+02
3.880000000000000000e+02
4.120000000000000000e+02
3.920000000000000000e+02
3.960000000000000000e+02
3.880000000000000000e+02
3.920000000000000000e+02
4.186666666666666856e+02
4.040000000000000000e+02
4.120000000000000000e+02
4.320000000000000000e+02
4.360000000000000000e+02
5.120000000000000000e+02
5.000000000000000000e+02
4.960000000000000000e+02
5.000000000000000000e+02
4.280000000000000000e+02
4.120000000000000000e+02
4.040000000000000000e+02
4.000000000000000000e+02
3.930000000000000000e+02
3.986666666666666856e+02
4.160000000000000000e+02
4.120000000000000000e+02
4.040000000000000000e+02
4.040000000000000000e+02
4.000000000000000000e+02
4.040000000000000000e+02
3.960000000000000000e+02
4.000000000000000000e+02
3.960000000000000000e+02
4.000000000000000000e+02
4.040000000000000000e+02
4.040000000000000000e+02
4.000000000000000000e+02
4.040000000000000000e+02
4.040000000000000000e+02
4.000000000000000000e+02
4.000000000000000000e+02
4.090000000000000000e+02
4.690000000000000000e+02
4.733333333333333144e+02
4.800000000000000000e+02
4.790000000000000000e+02
4.720000000000000000e+02
4.790000000000000000e+02
4.560000000000000000e+02
4.560000000000000000e+02
4.720000000000000000e+02
4.680000000000000000e+02
4.560000000000000000e+02
4.600000000000000000e+02
4.720000000000000000e+02
4.026666666666666856e+02
4.120000000000000000e+02
4.080000000000000000e+02
4.040000000000000000e+02
4.040000000000000000e+02
4.050000000000000000e+02
4.160000000000000000e+02
4.480000000000000000e+02
7.200000000000000000e+02
7.200000000000000000e+02
4.560000000000000000e+02
4.573333333333333144e+02
5.160000000000000000e+02
5.040000000000000000e+02
5.080000000000000000e+02
4.946666666666666856e+02
4.640000000000000000e+02
4.560000000000000000e+02
4.440000000000000000e+02
4.760000000000000000e+02
4.760000000000000000e+02
4.680000000000000000e+02
4.660000000000000000e+02
4.760000000000000000e+02
5.330000000000000000e+02
4.226666666666666856e+02
5.666666666666666288e+02
4.760000000000000000e+02
4.760000000000000000e+02
4.760000000000000000e+02
5.120000000000000000e+02
5.080000000000000000e+02
4.880000000000000000e+02
4.440000000000000000e+02
5.130000000000000000e+02
5.120000000000000000e+02
4.560000000000000000e+02
4.560000000000000000e+02
7.200000000000000000e+02
7.200000000000000000e+02
7.200000000000000000e+02
7.200000000000000000e+02
7.120000000000000000e+02
4.640000000000000000e+02
5.080000000000000000e+02
5.040000000000000000e+02
5.160000000000000000e+02
5.080000000000000000e+02
5.040000000000000000e+02
5.133333333333333712e+02
4.890000000000000000e+02
4.720000000000000000e+02
4.680000000000000000e+02
4.800000000000000000e+02
4.840000000000000000e+02
4.840000000000000000e+02
4.893333333333333144e+02
4.800000000000000000e+02
4.760000000000000000e+02
4.720000000000000000e+02
4.770000000000000000e+02
4.800000000000000000e+02
4.680000000000000000e+02
4.780000000000000000e+02
7.520000000000000000e+02
4.920000000000000000e+02
6.840000000000000000e+02
7.306666666666666288e+02
7.320000000000000000e+02
7.230000000000000000e+02
7.200000000000000000e+02
7.240000000000000000e+02
