4.290000000000000000e+02
4.560000000000000000e+02
4.640000000000000000e+02
4.790000000000000000e+02
4.640000000000000000e+02
4.680000000000000000e+02
4.680000000000000000e+02
4.760000000000000000e+02
4.826666666666666856e+02
4.720000000000000000e+02
5.546666666666666288e+02
4.626666666666666856e+02
7.310000000000000000e+02
4.860000000000000000e+02
4.960000000000000000e+02
4.680000000000000000e+02
4.680000000000000000e+02
4.960000000000000000e+02
4.920000000000000000e+02
4.820000000000000000e+02
4.920000000000000000e+02
7.000000000000000000e+02
4.960000000000000000e+02
7.520000000000000000e+02
7.620000000000000000e+02
4.706666666666666856e+02
6.840000000000000000e+02
4.720000000000000000e+02
4.680000000000000000e+02
4.760000000000000000e+02
4.800000000000000000e+02
4.660000000000000000e+02
4.800000000000000000e+02
4.840000000000000000e+02
4.733333333333333144e+02
4.760000000000000000e+02
4.640000000000000000e+02
4.640000000000000000e+02
5.040000000000000000e+02
7.506666666666666288e+02
4.720000000000000000e+02
4.460000000000000000e+02
4.840000000000000000e+02
7.466666666666666288e+02
7.480000000000000000e+02
4.826666666666666856e+02
4.800000000000000000e+02
4.773333333333333144e+02
7.320000000000000000e+02
7.360000000000000000e+02
6.960000000000000000e+02
7.480000000000000000e+02
7.400000000000000000e+02
7.480000000000000000e+02
4.760000000000000000e+02
7.480000000000000000e+02
7.253333333333333712e+02
4.920000000000000000e+02
4.560000000000000000e+02
4.840000000000000000e+02
7.400000000000000000e+02
4.810000000000000000e+02
4.840000000000000000e+02
4.800000000000000000e+02
4.840000000000000000e+02
7.440000000000000000e+02
4.760000000000000000e+02
4.700000000000000000e+02
4.680000000000000000e+02
4.880000000000000000e+02
4.930000000000000000e+02
4.840000000000000000e+02
4.880000000000000000e+02
4.880000000000000000e+02
7.480000000000000000e+02
7.440000000000000000e+02
4.840000000000000000e+02
7.360000000000000000e+02
7.360000000000000000e+02
7.320000000000000000e+02
7.320000000000000000e+02
7.320000000000000000e+02
7.360000000000000000e+02
4.920000000000000000e+02
7.380000000000000000e+02
5.240000000000000000e+02
4.720000000000000000e+02
4.840000000000000000e+02
4.880000000000000000e+02
4.520000000000000000e+02
4.440000000000000000e+02
4.770000000000000000e+02
4.770000000000000000e+02
4.740000000000000000e+02
4.750000000000000000e+02
4.840000000000000000e+02
5.453333333333333712e+02
4.580000000000000000e+02
4.333333333333333144e+02
4.880000000000000000e+02
4.780000000000000000e+02
4.720000000000000000e+02
4.480000000000000000e+02
5.000000000000000000e+02
4.880000000000000000e+02
4.760000000000000000e+02
5.160000000000000000e+02
5.120000000000000000e+02
4.850000000000000000e+02
4.640000000000000000e+02
7.320000000000000000e+02
7.290000000000000000e+02
7.320000000000000000e+02
7.280000000000000000e+02
4.720000000000000000e+02
4.760000000000000000e+02
4.840000000000000000e+02
4.740000000000000000e+02
4.020000000000000000e+02
4.800000000000000000e+02
4.870000000000000000e+02
4.480000000000000000e+02
4.450000000000000000e+02
4.880000000000000000e+02
4.880000000000000000e+02
4.440000000000000000e+02
4.480000000000000000e+02
7.040000000000000000e+02
4.620000000000000000e+02
4.800000000000000000e+02
4.080000000000000000e+02
5.013333333333333144e+02
4.000000000000000000e+02
4.040000000000000000e+02
3.920000000000000000e+02
3.760000000000000000e+02
3.960000000000000000e+02
4.000000000000000000e+02
4.040000000000000000e+02
4.080000000000000000e+02
3.920000000000000000e+02
3.770000000000000000e+02
4.240000000000000000e+02
3.840000000000000000e+02
3.920000000000000000e+02
4.000000000000000000e+02
3.650000000000000000e+02
3.906666666666666856e+02
4.000000000000000000e+02
4.000000000000000000e+02
4.000000000000000000e+02
3.960000000000000000e+02
3.840000000000000000e+02
3.920000000000000000e+02
3.880000000000000000e+02
4.000000000000000000e+02
4.040000000000000000e+02
4.080000000000000000e+02
4.120000000000000000e+02
4.800000000000000000e+02
4.880000000000000000e+02
4.880000000000000000e+02
4.200000000000000000e+02
4.120000000000000000e+02
4.120000000000000000e+02
3.960000000000000000e+02
3.930000000000000000e+02
3.920000000000000000e+02
3.800000000000000000e+02
3.960000000000000000e+02
4.040000000000000000e+02
4.000000000000000000e+02
4.130000000000000000e+02
3.920000000000000000e+02
3.960000000000000000e+02
4.860000000000000000e+02
3.760000000000000000e+02
3.800000000000000000e+02
3.770000000000000000e+02
3.630000000000000000e+02
4.000000000000000000e+02
4.040000000000000000e+02
4.040000000000000000e+02
3.920000000000000000e+02
3.920000000000000000e+02
3.880000000000000000e+02
3.960000000000000000e+02
3.960000000000000000e+02
4.160000000000000000e+02
4.280000000000000000e+02
4.320000000000000000e+02
4.960000000000000000e+02
5.013333333333333144e+02
4.360000000000000000e+02
4.320000000000000000e+02
4.240000000000000000e+02
4.040000000000000000e+02
4.160000000000000000e+02
3.920000000000000000e+02
3.960000000000000000e+02
3.960000000000000000e+02
3.920000000000000000e+02
4.200000000000000000e+02
4.150000000000000000e+02
3.600000000000000000e+02
4.080000000000000000e+02
4.080000000000000000e+02
3.920000000000000000e+02
3.730000000000000000e+02
3.960000000000000000e+02
4.160000000000000000e+02
3.960000000000000000e+02
3.800000000000000000e+02
4.080000000000000000e+02
3.960000000000000000e+02
3.960000000000000000e+02
3.880000000000000000e+02
3.960000000000000000e+02
4.120000000000000000e+02
4.040000000000000000e+02
4.120000000000000000e+02
4.240000000000000000e+02
4.360000000000000000e+02
5.080000000000000000e+02
5.040000000000000000e+02
5.000000000000000000e+02
4.920000000000000000e+02
4.260000000000000000e+02
4.120000000000000000e+02
4.040000000000000000e+02
3.920000000000000000e+02
3.920000000000000000e+02
4.080000000000000000e+02
4.120000000000000000e+02
4.080000000000000000e+02
4.040000000000000000e+02
4.000000000000000000e+02
4.000000000000000000e+02
4.010000000000000000e+02
3.960000000000000000e+02
4.000000000000000000e+02
3.960000000000000000e+02
4.000000000000000000e+02
4.040000000000000000e+02
4.040000000000000000e+02
4.040000000000000000e+02
4.040000000000000000e+02
4.040000000000000000e+02
4.000000000000000000e+02
3.960000000000000000e+02
4.090000000000000000e+02
4.690000000000000000e+02
4.680000000000000000e+02
4.760000000000000000e+02
4.760000000000000000e+02
4.760000000000000000e+02
4.533333333333333144e+02
4.560000000000000000e+02
4.560000000000000000e+02
4.720000000000000000e+02
4.680000000000000000e+02
4.560000000000000000e+02
4.600000000000000000e+02
4.720000000000000000e+02
4.040000000000000000e+02
4.080000000000000000e+02
4.080000000000000000e+02
4.040000000000000000e+02
4.040000000000000000e+02
4.050000000000000000e+02
4.200000000000000000e+02
4.480000000000000000e+02
7.200000000000000000e+02
7.200000000000000000e+02
4.550000000000000000e+02
4.640000000000000000e+02
5.160000000000000000e+02
5.040000000000000000e+02
5.040000000000000000e+02
4.866666666666666856e+02
4.640000000000000000e+02
4.520000000000000000e+02
4.440000000000000000e+02
4.586666666666666856e+02
4.720000000000000000e+02
4.680000000000000000e+02
7.426666666666666288e+02
4.693333333333333144e+02
4.560000000000000000e+02
5.690000000000000000e+02
7.493333333333333712e+02
4.720000000000000000e+02
4.800000000000000000e+02
4.720000000000000000e+02
5.120000000000000000e+02
5.120000000000000000e+02
4.880000000000000000e+02
4.440000000000000000e+02
5.080000000000000000e+02
5.120000000000000000e+02
4.573333333333333144e+02
7.200000000000000000e+02
7.200000000000000000e+02
7.200000000000000000e+02
7.200000000000000000e+02
7.200000000000000000e+02
7.120000000000000000e+02
4.640000000000000000e+02
5.080000000000000000e+02
5.040000000000000000e+02
5.080000000000000000e+02
5.100000000000000000e+02
5.040000000000000000e+02
5.040000000000000000e+02
4.840000000000000000e+02
4.720000000000000000e+02
4.720000000000000000e+02
4.800000000000000000e+02
4.680000000000000000e+02
4.890000000000000000e+02
4.840000000000000000e+02
4.800000000000000000e+02
4.720000000000000000e+02
4.780000000000000000e+02
4.760000000000000000e+02
4.720000000000000000e+02
4.693333333333333144e+02
4.760000000000000000e+02
4.830000000000000000e+02
7.330000000000000000e+02
7.490000000000000000e+02
7.470000000000000000e+02
7.320000000000000000e+02
7.200000000000000000e+02
7.200000000000000000e+02
7.240000000000000000e+02
