6.633333333333333712e+02
6.830000000000000000e+02
6.190000000000000000e+02
6.160000000000000000e+02
6.140000000000000000e+02
7.956666666666666288e+02
7.993333333333333712e+02
6.370000000000000000e+02
6.240000000000000000e+02
5.243333333333332575e+02
5.120000000000000000e+02
6.236666666666666288e+02
6.380000000000000000e+02
6.363333333333333712e+02
6.380000000000000000e+02
6.283333333333333712e+02
5.180000000000000000e+02
5.260000000000000000e+02
6.340000000000000000e+02
6.220000000000000000e+02
6.420000000000000000e+02
7.100000000000000000e+02
7.250000000000000000e+02
6.010000000000000000e+02
6.340000000000000000e+02
6.360000000000000000e+02
6.240000000000000000e+02
6.440000000000000000e+02
6.320000000000000000e+02
6.193333333333333712e+02
5.150000000000000000e+02
6.726666666666666288e+02
6.550000000000000000e+02
6.400000000000000000e+02
6.130000000000000000e+02
6.073333333333333712e+02
5.900000000000000000e+02
6.210000000000000000e+02
5.940000000000000000e+02
6.570000000000000000e+02
6.620000000000000000e+02
6.590000000000000000e+02
6.280000000000000000e+02
6.526666666666666288e+02
6.490000000000000000e+02
6.410000000000000000e+02
6.640000000000000000e+02
7.110000000000000000e+02
5.843333333333333712e+02
7.596666666666666288e+02
6.350000000000000000e+02
6.490000000000000000e+02
6.450000000000000000e+02
6.390000000000000000e+02
5.030000000000000000e+02
6.340000000000000000e+02
6.250000000000000000e+02
6.033333333333333712e+02
6.483333333333333712e+02
6.330000000000000000e+02
6.060000000000000000e+02
6.460000000000000000e+02
5.756666666666666288e+02
5.840000000000000000e+02
6.180000000000000000e+02
6.140000000000000000e+02
6.490000000000000000e+02
6.273333333333333712e+02
6.130000000000000000e+02
6.163333333333333712e+02
6.350000000000000000e+02
6.510000000000000000e+02
6.360000000000000000e+02
6.400000000000000000e+02
6.250000000000000000e+02
6.120000000000000000e+02
6.260000000000000000e+02
5.990000000000000000e+02
6.036666666666666288e+02
6.020000000000000000e+02
6.060000000000000000e+02
5.960000000000000000e+02
6.120000000000000000e+02
6.360000000000000000e+02
6.430000000000000000e+02
6.600000000000000000e+02
6.040000000000000000e+02
6.200000000000000000e+02
5.980000000000000000e+02
6.056666666666666288e+02
6.320000000000000000e+02
5.996666666666666288e+02
6.100000000000000000e+02
6.250000000000000000e+02
6.480000000000000000e+02
6.390000000000000000e+02
6.340000000000000000e+02
5.940000000000000000e+02
6.210000000000000000e+02
6.030000000000000000e+02
6.260000000000000000e+02
6.210000000000000000e+02
6.350000000000000000e+02
6.150000000000000000e+02
5.070000000000000000e+02
4.980000000000000000e+02
5.100000000000000000e+02
6.120000000000000000e+02
6.170000000000000000e+02
6.200000000000000000e+02
6.060000000000000000e+02
6.060000000000000000e+02
5.990000000000000000e+02
5.980000000000000000e+02
6.280000000000000000e+02
6.310000000000000000e+02
6.230000000000000000e+02
6.660000000000000000e+02
6.113333333333333712e+02
5.300000000000000000e+02
5.290000000000000000e+02
6.783333333333333712e+02
6.610000000000000000e+02
7.050000000000000000e+02
6.600000000000000000e+02
6.680000000000000000e+02
6.220000000000000000e+02
6.170000000000000000e+02
6.160000000000000000e+02
6.710000000000000000e+02
6.613333333333333712e+02
5.790000000000000000e+02
5.600000000000000000e+02
5.550000000000000000e+02
6.086666666666666288e+02
5.320000000000000000e+02
5.240000000000000000e+02
5.396666666666666288e+02
5.016666666666666856e+02
5.750000000000000000e+02
5.780000000000000000e+02
6.060000000000000000e+02
6.090000000000000000e+02
6.060000000000000000e+02
6.200000000000000000e+02
5.933333333333333712e+02
5.190000000000000000e+02
5.180000000000000000e+02
6.220000000000000000e+02
5.710000000000000000e+02
5.820000000000000000e+02
5.920000000000000000e+02
5.840000000000000000e+02
5.660000000000000000e+02
5.010000000000000000e+02
5.070000000000000000e+02
5.020000000000000000e+02
5.460000000000000000e+02
5.380000000000000000e+02
5.200000000000000000e+02
5.460000000000000000e+02
5.533333333333333712e+02
5.550000000000000000e+02
5.510000000000000000e+02
6.670000000000000000e+02
6.410000000000000000e+02
6.310000000000000000e+02
6.506666666666666288e+02
6.220000000000000000e+02
6.143333333333333712e+02
6.403333333333333712e+02
6.390000000000000000e+02
6.520000000000000000e+02
5.440000000000000000e+02
5.510000000000000000e+02
4.993333333333333144e+02
5.000000000000000000e+02
5.110000000000000000e+02
4.980000000000000000e+02
5.200000000000000000e+02
5.230000000000000000e+02
5.200000000000000000e+02
5.180000000000000000e+02
5.170000000000000000e+02
5.753333333333333712e+02
5.800000000000000000e+02
5.700000000000000000e+02
6.033333333333333712e+02
6.550000000000000000e+02
6.530000000000000000e+02
5.930000000000000000e+02
5.210000000000000000e+02
5.873333333333333712e+02
5.200000000000000000e+02
5.150000000000000000e+02
5.290000000000000000e+02
5.110000000000000000e+02
5.300000000000000000e+02
5.250000000000000000e+02
5.113333333333333144e+02
5.160000000000000000e+02
5.210000000000000000e+02
5.230000000000000000e+02
5.260000000000000000e+02
5.220000000000000000e+02
5.130000000000000000e+02
5.010000000000000000e+02
6.040000000000000000e+02
6.130000000000000000e+02
6.030000000000000000e+02
5.880000000000000000e+02
6.090000000000000000e+02
6.090000000000000000e+02
6.040000000000000000e+02
4.900000000000000000e+02
4.930000000000000000e+02
4.920000000000000000e+02
5.130000000000000000e+02
5.210000000000000000e+02
5.190000000000000000e+02
5.140000000000000000e+02
5.220000000000000000e+02
5.210000000000000000e+02
5.010000000000000000e+02
5.050000000000000000e+02
5.150000000000000000e+02
5.260000000000000000e+02
5.180000000000000000e+02
5.030000000000000000e+02
5.400000000000000000e+02
5.130000000000000000e+02
5.493333333333333712e+02
5.306666666666667425e+02
5.050000000000000000e+02
5.190000000000000000e+02
5.220000000000000000e+02
5.070000000000000000e+02
5.190000000000000000e+02
5.100000000000000000e+02
5.020000000000000000e+02
5.330000000000000000e+02
5.260000000000000000e+02
5.163333333333332575e+02
5.180000000000000000e+02
5.090000000000000000e+02
5.020000000000000000e+02
5.010000000000000000e+02
5.160000000000000000e+02
5.040000000000000000e+02
5.070000000000000000e+02
5.850000000000000000e+02
6.160000000000000000e+02
6.110000000000000000e+02
5.793333333333333712e+02
5.180000000000000000e+02
5.060000000000000000e+02
5.120000000000000000e+02
5.060000000000000000e+02
5.060000000000000000e+02
5.020000000000000000e+02
5.100000000000000000e+02
5.090000000000000000e+02
4.960000000000000000e+02
5.160000000000000000e+02
5.320000000000000000e+02
5.100000000000000000e+02
5.170000000000000000e+02
5.180000000000000000e+02
5.020000000000000000e+02
5.120000000000000000e+02
5.260000000000000000e+02
5.483333333333333712e+02
5.720000000000000000e+02
5.680000000000000000e+02
5.480000000000000000e+02
5.520000000000000000e+02
5.293333333333332575e+02
5.130000000000000000e+02
5.240000000000000000e+02
5.160000000000000000e+02
5.070000000000000000e+02
5.140000000000000000e+02
5.210000000000000000e+02
5.140000000000000000e+02
5.170000000000000000e+02
5.030000000000000000e+02
5.156666666666667425e+02
4.940000000000000000e+02
4.960000000000000000e+02
5.260000000000000000e+02
4.870000000000000000e+02
5.070000000000000000e+02
5.020000000000000000e+02
5.920000000000000000e+02
6.030000000000000000e+02
6.303333333333333712e+02
5.180000000000000000e+02
5.060000000000000000e+02
5.290000000000000000e+02
4.960000000000000000e+02
5.180000000000000000e+02
5.040000000000000000e+02
5.100000000000000000e+02
5.200000000000000000e+02
5.100000000000000000e+02
5.260000000000000000e+02
5.110000000000000000e+02
5.170000000000000000e+02
5.220000000000000000e+02
5.060000000000000000e+02
5.190000000000000000e+02
5.220000000000000000e+02
5.430000000000000000e+02
5.300000000000000000e+02
5.590000000000000000e+02
6.340000000000000000e+02
6.380000000000000000e+02
6.413333333333333712e+02
5.690000000000000000e+02
5.416666666666666288e+02
5.210000000000000000e+02
5.260000000000000000e+02
5.040000000000000000e+02
5.220000000000000000e+02
5.170000000000000000e+02
5.260000000000000000e+02
5.170000000000000000e+02
5.350000000000000000e+02
5.020000000000000000e+02
5.080000000000000000e+02
5.370000000000000000e+02
5.180000000000000000e+02
5.120000000000000000e+02
4.986666666666666856e+02
6.420000000000000000e+02
6.133333333333333712e+02
6.180000000000000000e+02
6.386666666666666288e+02
6.390000000000000000e+02
6.320000000000000000e+02
5.120000000000000000e+02
5.250000000000000000e+02
5.970000000000000000e+02
5.266666666666667425e+02
5.280000000000000000e+02
5.180000000000000000e+02
5.300000000000000000e+02
5.170000000000000000e+02
4.950000000000000000e+02
4.930000000000000000e+02
5.170000000000000000e+02
5.110000000000000000e+02
5.190000000000000000e+02
5.810000000000000000e+02
5.730000000000000000e+02
6.306666666666666288e+02
6.056666666666666288e+02
6.146666666666666288e+02
6.200000000000000000e+02
6.300000000000000000e+02
6.050000000000000000e+02
5.910000000000000000e+02
5.110000000000000000e+02
5.030000000000000000e+02
5.280000000000000000e+02
5.080000000000000000e+02
5.240000000000000000e+02
5.030000000000000000e+02
5.310000000000000000e+02
5.020000000000000000e+02
5.173333333333332575e+02
5.450000000000000000e+02
5.440000000000000000e+02
5.110000000000000000e+02
6.810000000000000000e+02
6.750000000000000000e+02
6.516666666666666288e+02
6.510000000000000000e+02
6.353333333333333712e+02
6.483333333333333712e+02
6.400000000000000000e+02
6.910000000000000000e+02
6.780000000000000000e+02
5.700000000000000000e+02
5.770000000000000000e+02
5.690000000000000000e+02
5.770000000000000000e+02
6.370000000000000000e+02
6.340000000000000000e+02
6.340000000000000000e+02
6.240000000000000000e+02
5.166666666666667425e+02
5.110000000000000000e+02
6.000000000000000000e+02
6.140000000000000000e+02
6.420000000000000000e+02
5.900000000000000000e+02
5.280000000000000000e+02
5.220000000000000000e+02
5.100000000000000000e+02
5.440000000000000000e+02
5.300000000000000000e+02
5.970000000000000000e+02
6.310000000000000000e+02
6.130000000000000000e+02
6.480000000000000000e+02
6.230000000000000000e+02
6.580000000000000000e+02
6.120000000000000000e+02
6.370000000000000000e+02
6.320000000000000000e+02
6.300000000000000000e+02
6.370000000000000000e+02
5.130000000000000000e+02
5.846666666666666288e+02
5.830000000000000000e+02
6.706666666666666288e+02
6.800000000000000000e+02
6.410000000000000000e+02
6.220000000000000000e+02
6.430000000000000000e+02
6.300000000000000000e+02
7.033333333333333712e+02
6.870000000000000000e+02
6.820000000000000000e+02
6.513333333333333712e+02
6.370000000000000000e+02
5.443333333333332575e+02
5.166666666666667425e+02
6.310000000000000000e+02
6.360000000000000000e+02
6.360000000000000000e+02
6.240000000000000000e+02
6.283333333333333712e+02
5.200000000000000000e+02
5.090000000000000000e+02
5.370000000000000000e+02
5.220000000000000000e+02
5.370000000000000000e+02
6.240000000000000000e+02
6.186666666666666288e+02
