6.160000000000000000e+02
6.180000000000000000e+02
6.240000000000000000e+02
7.960000000000000000e+02
7.960000000000000000e+02
7.960000000000000000e+02
7.960000000000000000e+02
7.960000000000000000e+02
6.170000000000000000e+02
6.160000000000000000e+02
5.960000000000000000e+02
5.740000000000000000e+02
5.440000000000000000e+02
5.040000000000000000e+02
4.840000000000000000e+02
5.520000000000000000e+02
5.506666666666666288e+02
5.000000000000000000e+02
5.080000000000000000e+02
5.020000000000000000e+02
6.000000000000000000e+02
4.960000000000000000e+02
4.960000000000000000e+02
6.200000000000000000e+02
7.880000000000000000e+02
7.960000000000000000e+02
7.960000000000000000e+02
7.960000000000000000e+02
6.360000000000000000e+02
6.290000000000000000e+02
6.240000000000000000e+02
6.280000000000000000e+02
6.026666666666666288e+02
6.270000000000000000e+02
6.240000000000000000e+02
7.590000000000000000e+02
7.960000000000000000e+02
7.960000000000000000e+02
7.960000000000000000e+02
7.800000000000000000e+02
6.230000000000000000e+02
6.080000000000000000e+02
5.680000000000000000e+02
5.520000000000000000e+02
5.960000000000000000e+02
5.960000000000000000e+02
6.080000000000000000e+02
6.000000000000000000e+02
6.080000000000000000e+02
6.040000000000000000e+02
5.480000000000000000e+02
5.920000000000000000e+02
5.600000000000000000e+02
5.600000000000000000e+02
4.906666666666666856e+02
4.960000000000000000e+02
5.000000000000000000e+02
5.040000000000000000e+02
7.960000000000000000e+02
5.080000000000000000e+02
7.960000000000000000e+02
7.960000000000000000e+02
6.240000000000000000e+02
6.160000000000000000e+02
5.980000000000000000e+02
6.013333333333333712e+02
6.320000000000000000e+02
6.280000000000000000e+02
5.160000000000000000e+02
5.240000000000000000e+02
4.880000000000000000e+02
4.920000000000000000e+02
4.950000000000000000e+02
4.840000000000000000e+02
4.760000000000000000e+02
5.320000000000000000e+02
5.560000000000000000e+02
5.000000000000000000e+02
5.306666666666666288e+02
5.280000000000000000e+02
5.580000000000000000e+02
4.800000000000000000e+02
4.960000000000000000e+02
4.920000000000000000e+02
4.800000000000000000e+02
4.850000000000000000e+02
4.840000000000000000e+02
4.800000000000000000e+02
4.680000000000000000e+02
4.920000000000000000e+02
4.920000000000000000e+02
5.080000000000000000e+02
6.350000000000000000e+02
6.400000000000000000e+02
6.200000000000000000e+02
6.106666666666666288e+02
5.760000000000000000e+02
5.900000000000000000e+02
4.960000000000000000e+02
4.890000000000000000e+02
4.840000000000000000e+02
4.800000000000000000e+02
4.840000000000000000e+02
4.920000000000000000e+02
4.920000000000000000e+02
4.920000000000000000e+02
4.940000000000000000e+02
4.840000000000000000e+02
4.760000000000000000e+02
4.880000000000000000e+02
4.880000000000000000e+02
5.480000000000000000e+02
5.253333333333333712e+02
4.800000000000000000e+02
4.810000000000000000e+02
4.760000000000000000e+02
4.840000000000000000e+02
4.840000000000000000e+02
4.880000000000000000e+02
4.960000000000000000e+02
4.960000000000000000e+02
4.880000000000000000e+02
4.840000000000000000e+02
4.800000000000000000e+02
4.880000000000000000e+02
4.880000000000000000e+02
4.940000000000000000e+02
5.830000000000000000e+02
5.840000000000000000e+02
5.860000000000000000e+02
4.920000000000000000e+02
4.840000000000000000e+02
4.840000000000000000e+02
4.800000000000000000e+02
4.880000000000000000e+02
4.930000000000000000e+02
4.900000000000000000e+02
4.870000000000000000e+02
4.960000000000000000e+02
4.840000000000000000e+02
4.840000000000000000e+02
4.720000000000000000e+02
4.780000000000000000e+02
5.840000000000000000e+02
5.810000000000000000e+02
5.120000000000000000e+02
5.000000000000000000e+02
4.870000000000000000e+02
4.800000000000000000e+02
4.760000000000000000e+02
4.840000000000000000e+02
4.920000000000000000e+02
4.880000000000000000e+02
4.920000000000000000e+02
4.960000000000000000e+02
4.840000000000000000e+02
4.840000000000000000e+02
4.906666666666666856e+02
4.920000000000000000e+02
5.800000000000000000e+02
6.000000000000000000e+02
5.840000000000000000e+02
5.880000000000000000e+02
4.973333333333333144e+02
5.760000000000000000e+02
4.910000000000000000e+02
4.920000000000000000e+02
4.880000000000000000e+02
5.040000000000000000e+02
5.360000000000000000e+02
4.880000000000000000e+02
4.866666666666666856e+02
5.400000000000000000e+02
5.680000000000000000e+02
5.800000000000000000e+02
5.500000000000000000e+02
5.480000000000000000e+02
5.560000000000000000e+02
5.693333333333333712e+02
5.693333333333333712e+02
5.680000000000000000e+02
5.520000000000000000e+02
4.810000000000000000e+02
4.920000000000000000e+02
4.990000000000000000e+02
5.600000000000000000e+02
5.080000000000000000e+02
5.080000000000000000e+02
5.120000000000000000e+02
6.340000000000000000e+02
6.080000000000000000e+02
6.000000000000000000e+02
6.040000000000000000e+02
6.040000000000000000e+02
6.093333333333333712e+02
5.960000000000000000e+02
5.560000000000000000e+02
5.573333333333333712e+02
7.960000000000000000e+02
6.000000000000000000e+02
6.000000000000000000e+02
6.070000000000000000e+02
5.520000000000000000e+02
5.813333333333333712e+02
5.580000000000000000e+02
5.640000000000000000e+02
5.440000000000000000e+02
5.506666666666666288e+02
7.480000000000000000e+02
6.950000000000000000e+02
4.840000000000000000e+02
5.453333333333333712e+02
5.620000000000000000e+02
5.620000000000000000e+02
5.786666666666666288e+02
7.960000000000000000e+02
7.960000000000000000e+02
7.960000000000000000e+02
7.960000000000000000e+02
7.960000000000000000e+02
7.960000000000000000e+02
6.520000000000000000e+02
6.520000000000000000e+02
5.990000000000000000e+02
5.866666666666666288e+02
6.400000000000000000e+02
5.560000000000000000e+02
5.560000000000000000e+02
5.540000000000000000e+02
5.560000000000000000e+02
7.920000000000000000e+02
7.920000000000000000e+02
5.773333333333333712e+02
4.760000000000000000e+02
4.920000000000000000e+02
5.580000000000000000e+02
4.720000000000000000e+02
5.280000000000000000e+02
5.250000000000000000e+02
5.640000000000000000e+02
5.390000000000000000e+02
5.400000000000000000e+02
4.880000000000000000e+02
4.800000000000000000e+02
5.200000000000000000e+02
7.290000000000000000e+02
7.400000000000000000e+02
7.960000000000000000e+02
7.960000000000000000e+02
7.710000000000000000e+02
5.440000000000000000e+02
5.600000000000000000e+02
5.500000000000000000e+02
6.130000000000000000e+02
6.160000000000000000e+02
6.200000000000000000e+02
