6.943333333333333712e+02
6.960000000000000000e+02
6.410000000000000000e+02
6.700000000000000000e+02
6.660000000000000000e+02
8.266666666666666288e+02
8.643333333333333712e+02
6.720000000000000000e+02
6.570000000000000000e+02
5.733333333333332575e+02
5.200000000000000000e+02
6.726666666666666288e+02
6.870000000000000000e+02
6.673333333333333712e+02
6.650000000000000000e+02
6.623333333333333712e+02
5.520000000000000000e+02
5.540000000000000000e+02
6.700000000000000000e+02
6.510000000000000000e+02
6.730000000000000000e+02
7.320000000000000000e+02
7.420000000000000000e+02
6.440000000000000000e+02
6.630000000000000000e+02
6.540000000000000000e+02
6.600000000000000000e+02
6.670000000000000000e+02
6.760000000000000000e+02
6.713333333333333712e+02
5.460000000000000000e+02
7.026666666666666288e+02
6.930000000000000000e+02
6.630000000000000000e+02
6.500000000000000000e+02
6.433333333333333712e+02
6.210000000000000000e+02
6.650000000000000000e+02
6.420000000000000000e+02
6.720000000000000000e+02
6.880000000000000000e+02
6.990000000000000000e+02
6.690000000000000000e+02
6.676666666666666288e+02
6.850000000000000000e+02
6.730000000000000000e+02
7.180000000000000000e+02
7.550000000000000000e+02
6.213333333333333712e+02
7.856666666666666288e+02
6.670000000000000000e+02
6.870000000000000000e+02
6.890000000000000000e+02
6.590000000000000000e+02
5.390000000000000000e+02
6.750000000000000000e+02
6.740000000000000000e+02
6.293333333333333712e+02
6.733333333333333712e+02
6.780000000000000000e+02
6.400000000000000000e+02
6.760000000000000000e+02
6.066666666666666288e+02
6.160000000000000000e+02
6.480000000000000000e+02
6.220000000000000000e+02
6.920000000000000000e+02
6.373333333333333712e+02
6.430000000000000000e+02
6.613333333333333712e+02
6.850000000000000000e+02
6.800000000000000000e+02
6.700000000000000000e+02
6.730000000000000000e+02
6.540000000000000000e+02
6.590000000000000000e+02
6.620000000000000000e+02
6.350000000000000000e+02
6.526666666666666288e+02
6.460000000000000000e+02
6.610000000000000000e+02
6.260000000000000000e+02
6.390000000000000000e+02
6.800000000000000000e+02
6.820000000000000000e+02
7.070000000000000000e+02
6.380000000000000000e+02
6.530000000000000000e+02
6.230000000000000000e+02
6.586666666666666288e+02
6.770000000000000000e+02
6.306666666666666288e+02
6.430000000000000000e+02
6.490000000000000000e+02
6.870000000000000000e+02
6.720000000000000000e+02
6.650000000000000000e+02
6.240000000000000000e+02
6.510000000000000000e+02
6.590000000000000000e+02
6.540000000000000000e+02
6.630000000000000000e+02
6.760000000000000000e+02
6.400000000000000000e+02
5.560000000000000000e+02
5.380000000000000000e+02
5.340000000000000000e+02
6.310000000000000000e+02
6.380000000000000000e+02
6.620000000000000000e+02
6.460000000000000000e+02
6.400000000000000000e+02
6.320000000000000000e+02
6.310000000000000000e+02
6.920000000000000000e+02
6.670000000000000000e+02
6.650000000000000000e+02
6.970000000000000000e+02
6.543333333333333712e+02
5.710000000000000000e+02
5.610000000000000000e+02
7.153333333333333712e+02
6.960000000000000000e+02
7.450000000000000000e+02
7.020000000000000000e+02
6.940000000000000000e+02
6.520000000000000000e+02
6.370000000000000000e+02
6.670000000000000000e+02
7.020000000000000000e+02
7.013333333333333712e+02
6.170000000000000000e+02
5.950000000000000000e+02
5.910000000000000000e+02
6.446666666666666288e+02
5.760000000000000000e+02
5.640000000000000000e+02
5.946666666666666288e+02
5.316666666666667425e+02
5.950000000000000000e+02
6.000000000000000000e+02
6.330000000000000000e+02
6.390000000000000000e+02
6.760000000000000000e+02
6.770000000000000000e+02
6.463333333333333712e+02
5.460000000000000000e+02
5.470000000000000000e+02
6.660000000000000000e+02
6.300000000000000000e+02
6.120000000000000000e+02
6.340000000000000000e+02
6.260000000000000000e+02
5.950000000000000000e+02
5.560000000000000000e+02
5.450000000000000000e+02
5.310000000000000000e+02
5.790000000000000000e+02
5.600000000000000000e+02
5.500000000000000000e+02
5.880000000000000000e+02
5.993333333333333712e+02
6.100000000000000000e+02
5.820000000000000000e+02
6.960000000000000000e+02
6.550000000000000000e+02
6.660000000000000000e+02
6.686666666666666288e+02
6.600000000000000000e+02
6.383333333333333712e+02
6.753333333333333712e+02
6.620000000000000000e+02
6.790000000000000000e+02
5.700000000000000000e+02
5.940000000000000000e+02
5.323333333333332575e+02
5.400000000000000000e+02
5.520000000000000000e+02
5.230000000000000000e+02
5.380000000000000000e+02
5.520000000000000000e+02
5.310000000000000000e+02
5.610000000000000000e+02
5.420000000000000000e+02
6.113333333333333712e+02
6.310000000000000000e+02
6.050000000000000000e+02
6.473333333333333712e+02
6.780000000000000000e+02
6.990000000000000000e+02
6.210000000000000000e+02
5.420000000000000000e+02
6.173333333333333712e+02
5.600000000000000000e+02
5.480000000000000000e+02
5.730000000000000000e+02
5.710000000000000000e+02
5.530000000000000000e+02
5.580000000000000000e+02
5.383333333333332575e+02
5.450000000000000000e+02
5.720000000000000000e+02
5.480000000000000000e+02
5.490000000000000000e+02
5.480000000000000000e+02
5.250000000000000000e+02
5.390000000000000000e+02
6.490000000000000000e+02
6.490000000000000000e+02
6.200000000000000000e+02
6.110000000000000000e+02
6.580000000000000000e+02
6.470000000000000000e+02
6.250000000000000000e+02
5.130000000000000000e+02
5.080000000000000000e+02
5.240000000000000000e+02
5.480000000000000000e+02
5.890000000000000000e+02
5.420000000000000000e+02
5.630000000000000000e+02
5.420000000000000000e+02
5.650000000000000000e+02
5.530000000000000000e+02
5.460000000000000000e+02
5.540000000000000000e+02
5.550000000000000000e+02
5.460000000000000000e+02
5.270000000000000000e+02
5.780000000000000000e+02
5.420000000000000000e+02
5.803333333333333712e+02
5.386666666666667425e+02
5.210000000000000000e+02
5.540000000000000000e+02
5.490000000000000000e+02
5.450000000000000000e+02
5.430000000000000000e+02
5.350000000000000000e+02
5.260000000000000000e+02
5.700000000000000000e+02
5.520000000000000000e+02
5.523333333333332575e+02
5.500000000000000000e+02
5.710000000000000000e+02
5.240000000000000000e+02
5.180000000000000000e+02
5.460000000000000000e+02
5.420000000000000000e+02
5.480000000000000000e+02
6.080000000000000000e+02
6.750000000000000000e+02
6.390000000000000000e+02
6.313333333333333712e+02
5.700000000000000000e+02
5.350000000000000000e+02
5.590000000000000000e+02
5.650000000000000000e+02
5.380000000000000000e+02
5.200000000000000000e+02
5.470000000000000000e+02
5.510000000000000000e+02
5.510000000000000000e+02
5.390000000000000000e+02
5.560000000000000000e+02
5.400000000000000000e+02
5.480000000000000000e+02
5.670000000000000000e+02
5.450000000000000000e+02
5.390000000000000000e+02
5.520000000000000000e+02
5.893333333333333712e+02
6.030000000000000000e+02
6.000000000000000000e+02
5.930000000000000000e+02
5.980000000000000000e+02
5.483333333333332575e+02
5.520000000000000000e+02
5.660000000000000000e+02
5.470000000000000000e+02
5.440000000000000000e+02
5.520000000000000000e+02
5.600000000000000000e+02
5.440000000000000000e+02
5.580000000000000000e+02
5.450000000000000000e+02
5.606666666666667425e+02
5.410000000000000000e+02
5.330000000000000000e+02
5.690000000000000000e+02
5.270000000000000000e+02
5.360000000000000000e+02
5.400000000000000000e+02
6.440000000000000000e+02
6.570000000000000000e+02
6.633333333333333712e+02
5.460000000000000000e+02
5.300000000000000000e+02
5.540000000000000000e+02
5.130000000000000000e+02
5.470000000000000000e+02
5.380000000000000000e+02
5.480000000000000000e+02
5.410000000000000000e+02
5.670000000000000000e+02
5.630000000000000000e+02
5.380000000000000000e+02
5.720000000000000000e+02
5.570000000000000000e+02
5.390000000000000000e+02
5.470000000000000000e+02
5.540000000000000000e+02
6.080000000000000000e+02
5.610000000000000000e+02
5.850000000000000000e+02
6.640000000000000000e+02
6.770000000000000000e+02
6.743333333333333712e+02
6.110000000000000000e+02
5.626666666666666288e+02
5.480000000000000000e+02
5.590000000000000000e+02
5.370000000000000000e+02
5.480000000000000000e+02
5.290000000000000000e+02
5.570000000000000000e+02
5.560000000000000000e+02
5.980000000000000000e+02
5.430000000000000000e+02
5.430000000000000000e+02
5.580000000000000000e+02
5.560000000000000000e+02
5.270000000000000000e+02
5.276666666666667425e+02
6.830000000000000000e+02
6.463333333333333712e+02
6.570000000000000000e+02
6.636666666666666288e+02
6.520000000000000000e+02
6.770000000000000000e+02
5.510000000000000000e+02
5.450000000000000000e+02
6.410000000000000000e+02
5.666666666666667425e+02
5.770000000000000000e+02
5.560000000000000000e+02
5.660000000000000000e+02
5.610000000000000000e+02
5.270000000000000000e+02
5.330000000000000000e+02
5.450000000000000000e+02
5.590000000000000000e+02
5.480000000000000000e+02
6.050000000000000000e+02
6.280000000000000000e+02
6.666666666666666288e+02
6.346666666666666288e+02
6.456666666666666288e+02
6.780000000000000000e+02
6.960000000000000000e+02
6.590000000000000000e+02
6.110000000000000000e+02
5.270000000000000000e+02
5.230000000000000000e+02
5.580000000000000000e+02
5.350000000000000000e+02
5.600000000000000000e+02
5.560000000000000000e+02
5.580000000000000000e+02
5.150000000000000000e+02
5.653333333333332575e+02
5.710000000000000000e+02
5.780000000000000000e+02
5.430000000000000000e+02
7.210000000000000000e+02
7.110000000000000000e+02
6.786666666666666288e+02
6.780000000000000000e+02
6.763333333333333712e+02
6.843333333333333712e+02
6.930000000000000000e+02
7.270000000000000000e+02
7.180000000000000000e+02
6.020000000000000000e+02
6.200000000000000000e+02
6.090000000000000000e+02
6.070000000000000000e+02
6.830000000000000000e+02
6.600000000000000000e+02
6.940000000000000000e+02
6.600000000000000000e+02
5.446666666666667425e+02
5.620000000000000000e+02
6.260000000000000000e+02
6.530000000000000000e+02
6.880000000000000000e+02
6.370000000000000000e+02
5.530000000000000000e+02
5.430000000000000000e+02
5.460000000000000000e+02
5.710000000000000000e+02
5.700000000000000000e+02
6.440000000000000000e+02
6.450000000000000000e+02
6.410000000000000000e+02
6.920000000000000000e+02
6.600000000000000000e+02
6.980000000000000000e+02
6.400000000000000000e+02
6.820000000000000000e+02
6.590000000000000000e+02
6.560000000000000000e+02
6.720000000000000000e+02
5.720000000000000000e+02
6.196666666666666288e+02
6.240000000000000000e+02
7.086666666666666288e+02
7.000000000000000000e+02
6.680000000000000000e+02
6.410000000000000000e+02
6.600000000000000000e+02
6.830000000000000000e+02
7.523333333333333712e+02
7.170000000000000000e+02
7.100000000000000000e+02
6.923333333333333712e+02
6.570000000000000000e+02
5.813333333333332575e+02
5.466666666666667425e+02
6.620000000000000000e+02
6.720000000000000000e+02
6.760000000000000000e+02
6.560000000000000000e+02
6.743333333333333712e+02
5.400000000000000000e+02
5.390000000000000000e+02
5.750000000000000000e+02
5.520000000000000000e+02
5.710000000000000000e+02
6.500000000000000000e+02
6.726666666666666288e+02
