4.600000000000000000e+02
4.590000000000000000e+02
4.786666666666666856e+02
7.500000000000000000e+02
4.680000000000000000e+02
4.720000000000000000e+02
4.680000000000000000e+02
4.773333333333333144e+02
4.660000000000000000e+02
4.800000000000000000e+02
5.546666666666666288e+02
4.800000000000000000e+02
4.840000000000000000e+02
4.920000000000000000e+02
5.040000000000000000e+02
4.630000000000000000e+02
4.720000000000000000e+02
5.000000000000000000e+02
4.970000000000000000e+02
4.840000000000000000e+02
4.790000000000000000e+02
6.960000000000000000e+02
6.960000000000000000e+02
4.720000000000000000e+02
7.533333333333333712e+02
4.680000000000000000e+02
6.840000000000000000e+02
4.680000000000000000e+02
4.730000000000000000e+02
4.653333333333333144e+02
4.720000000000000000e+02
4.760000000000000000e+02
4.760000000000000000e+02
4.840000000000000000e+02
4.760000000000000000e+02
4.670000000000000000e+02
4.640000000000000000e+02
4.813333333333333144e+02
5.040000000000000000e+02
4.640000000000000000e+02
7.140000000000000000e+02
7.420000000000000000e+02
4.920000000000000000e+02
4.760000000000000000e+02
7.480000000000000000e+02
4.720000000000000000e+02
4.840000000000000000e+02
4.773333333333333144e+02
7.360000000000000000e+02
7.360000000000000000e+02
7.160000000000000000e+02
7.480000000000000000e+02
7.440000000000000000e+02
7.440000000000000000e+02
3.986666666666666856e+02
7.480000000000000000e+02
6.700000000000000000e+02
4.920000000000000000e+02
7.493333333333333712e+02
4.840000000000000000e+02
4.950000000000000000e+02
7.340000000000000000e+02
4.840000000000000000e+02
4.800000000000000000e+02
4.840000000000000000e+02
4.946666666666666856e+02
4.760000000000000000e+02
4.720000000000000000e+02
4.660000000000000000e+02
4.840000000000000000e+02
4.440000000000000000e+02
4.840000000000000000e+02
4.880000000000000000e+02
4.980000000000000000e+02
7.470000000000000000e+02
7.440000000000000000e+02
7.426666666666666288e+02
7.360000000000000000e+02
7.360000000000000000e+02
7.360000000000000000e+02
7.320000000000000000e+02
7.360000000000000000e+02
7.360000000000000000e+02
4.820000000000000000e+02
7.373333333333333712e+02
5.240000000000000000e+02
4.720000000000000000e+02
4.786666666666666856e+02
4.880000000000000000e+02
4.530000000000000000e+02
4.440000000000000000e+02
4.840000000000000000e+02
4.800000000000000000e+02
4.840000000000000000e+02
4.750000000000000000e+02
4.880000000000000000e+02
4.840000000000000000e+02
4.370000000000000000e+02
4.470000000000000000e+02
4.866666666666666856e+02
4.760000000000000000e+02
4.666666666666666856e+02
4.440000000000000000e+02
4.960000000000000000e+02
4.880000000000000000e+02
4.880000000000000000e+02
4.680000000000000000e+02
5.160000000000000000e+02
4.670000000000000000e+02
4.600000000000000000e+02
7.320000000000000000e+02
7.280000000000000000e+02
7.320000000000000000e+02
7.280000000000000000e+02
4.640000000000000000e+02
4.720000000000000000e+02
5.260000000000000000e+02
4.140000000000000000e+02
4.040000000000000000e+02
4.840000000000000000e+02
4.440000000000000000e+02
4.480000000000000000e+02
4.520000000000000000e+02
4.840000000000000000e+02
4.940000000000000000e+02
4.480000000000000000e+02
4.440000000000000000e+02
4.813333333333333144e+02
4.773333333333333144e+02
4.840000000000000000e+02
4.080000000000000000e+02
5.000000000000000000e+02
4.000000000000000000e+02
4.040000000000000000e+02
3.920000000000000000e+02
5.060000000000000000e+02
4.040000000000000000e+02
4.000000000000000000e+02
4.000000000000000000e+02
4.080000000000000000e+02
3.920000000000000000e+02
3.770000000000000000e+02
4.240000000000000000e+02
4.200000000000000000e+02
3.880000000000000000e+02
3.960000000000000000e+02
3.650000000000000000e+02
3.840000000000000000e+02
4.000000000000000000e+02
4.000000000000000000e+02
3.960000000000000000e+02
3.960000000000000000e+02
3.840000000000000000e+02
3.920000000000000000e+02
3.880000000000000000e+02
4.000000000000000000e+02
4.080000000000000000e+02
4.080000000000000000e+02
4.120000000000000000e+02
4.800000000000000000e+02
4.840000000000000000e+02
4.840000000000000000e+02
4.230000000000000000e+02
4.080000000000000000e+02
4.120000000000000000e+02
3.960000000000000000e+02
3.960000000000000000e+02
3.920000000000000000e+02
3.900000000000000000e+02
3.960000000000000000e+02
4.010000000000000000e+02
4.040000000000000000e+02
4.020000000000000000e+02
3.880000000000000000e+02
3.960000000000000000e+02
4.860000000000000000e+02
3.760000000000000000e+02
3.840000000000000000e+02
3.800000000000000000e+02
3.560000000000000000e+02
4.000000000000000000e+02
4.040000000000000000e+02
3.960000000000000000e+02
3.920000000000000000e+02
3.920000000000000000e+02
3.880000000000000000e+02
3.960000000000000000e+02
4.000000000000000000e+02
4.160000000000000000e+02
4.240000000000000000e+02
4.320000000000000000e+02
4.960000000000000000e+02
4.510000000000000000e+02
4.360000000000000000e+02
4.320000000000000000e+02
4.120000000000000000e+02
4.080000000000000000e+02
4.120000000000000000e+02
4.040000000000000000e+02
3.920000000000000000e+02
3.960000000000000000e+02
3.960000000000000000e+02
4.200000000000000000e+02
4.150000000000000000e+02
3.600000000000000000e+02
4.080000000000000000e+02
4.040000000000000000e+02
3.880000000000000000e+02
3.840000000000000000e+02
3.960000000000000000e+02
4.160000000000000000e+02
4.060000000000000000e+02
3.880000000000000000e+02
4.080000000000000000e+02
3.960000000000000000e+02
4.000000000000000000e+02
3.920000000000000000e+02
3.960000000000000000e+02
4.120000000000000000e+02
4.040000000000000000e+02
4.120000000000000000e+02
4.320000000000000000e+02
4.360000000000000000e+02
5.080000000000000000e+02
5.080000000000000000e+02
4.960000000000000000e+02
4.920000000000000000e+02
4.920000000000000000e+02
4.120000000000000000e+02
4.040000000000000000e+02
3.920000000000000000e+02
3.930000000000000000e+02
4.080000000000000000e+02
4.040000000000000000e+02
4.090000000000000000e+02
4.000000000000000000e+02
4.040000000000000000e+02
4.040000000000000000e+02
4.040000000000000000e+02
3.960000000000000000e+02
4.000000000000000000e+02
4.040000000000000000e+02
4.040000000000000000e+02
4.000000000000000000e+02
4.000000000000000000e+02
4.000000000000000000e+02
4.040000000000000000e+02
4.040000000000000000e+02
4.000000000000000000e+02
3.960000000000000000e+02
4.120000000000000000e+02
4.680000000000000000e+02
4.240000000000000000e+02
4.800000000000000000e+02
4.790000000000000000e+02
4.640000000000000000e+02
4.860000000000000000e+02
4.586666666666666856e+02
4.600000000000000000e+02
4.720000000000000000e+02
4.680000000000000000e+02
4.560000000000000000e+02
4.600000000000000000e+02
4.746666666666666856e+02
4.040000000000000000e+02
4.120000000000000000e+02
4.080000000000000000e+02
4.040000000000000000e+02
4.040000000000000000e+02
4.040000000000000000e+02
4.200000000000000000e+02
4.440000000000000000e+02
7.200000000000000000e+02
7.200000000000000000e+02
4.520000000000000000e+02
4.640000000000000000e+02
4.600000000000000000e+02
5.080000000000000000e+02
5.080000000000000000e+02
4.866666666666666856e+02
4.640000000000000000e+02
4.520000000000000000e+02
4.480000000000000000e+02
4.760000000000000000e+02
4.760000000000000000e+02
4.680000000000000000e+02
4.630000000000000000e+02
4.640000000000000000e+02
5.330000000000000000e+02
5.520000000000000000e+02
5.666666666666666288e+02
4.760000000000000000e+02
4.800000000000000000e+02
4.730000000000000000e+02
5.120000000000000000e+02
5.040000000000000000e+02
4.933333333333333144e+02
5.120000000000000000e+02
5.040000000000000000e+02
5.120000000000000000e+02
4.560000000000000000e+02
4.560000000000000000e+02
7.200000000000000000e+02
7.200000000000000000e+02
7.200000000000000000e+02
7.200000000000000000e+02
7.120000000000000000e+02
4.640000000000000000e+02
5.080000000000000000e+02
5.040000000000000000e+02
5.120000000000000000e+02
5.120000000000000000e+02
5.180000000000000000e+02
5.133333333333333712e+02
4.840000000000000000e+02
4.720000000000000000e+02
4.680000000000000000e+02
4.760000000000000000e+02
4.800000000000000000e+02
7.493333333333333712e+02
4.840000000000000000e+02
4.800000000000000000e+02
4.720000000000000000e+02
4.786666666666666856e+02
4.770000000000000000e+02
4.720000000000000000e+02
4.680000000000000000e+02
5.000000000000000000e+02
4.830000000000000000e+02
5.050000000000000000e+02
7.480000000000000000e+02
7.480000000000000000e+02
7.370000000000000000e+02
7.200000000000000000e+02
7.200000000000000000e+02
7.200000000000000000e+02
