6.923333333333333712e+02
6.960000000000000000e+02
6.350000000000000000e+02
6.530000000000000000e+02
6.320000000000000000e+02
8.156666666666666288e+02
8.473333333333333712e+02
6.600000000000000000e+02
6.430000000000000000e+02
5.513333333333332575e+02
5.180000000000000000e+02
6.626666666666666288e+02
6.650000000000000000e+02
6.563333333333333712e+02
6.600000000000000000e+02
6.493333333333333712e+02
5.410000000000000000e+02
5.370000000000000000e+02
6.550000000000000000e+02
6.410000000000000000e+02
6.550000000000000000e+02
7.280000000000000000e+02
7.420000000000000000e+02
6.320000000000000000e+02
6.630000000000000000e+02
6.470000000000000000e+02
6.510000000000000000e+02
6.600000000000000000e+02
6.680000000000000000e+02
6.533333333333333712e+02
5.260000000000000000e+02
6.906666666666666288e+02
6.840000000000000000e+02
6.530000000000000000e+02
6.370000000000000000e+02
6.253333333333333712e+02
6.130000000000000000e+02
6.440000000000000000e+02
6.240000000000000000e+02
6.690000000000000000e+02
6.770000000000000000e+02
6.840000000000000000e+02
6.520000000000000000e+02
6.626666666666666288e+02
6.770000000000000000e+02
6.720000000000000000e+02
6.990000000000000000e+02
7.360000000000000000e+02
6.133333333333333712e+02
7.816666666666666288e+02
6.450000000000000000e+02
6.790000000000000000e+02
6.790000000000000000e+02
6.490000000000000000e+02
5.240000000000000000e+02
6.570000000000000000e+02
6.620000000000000000e+02
6.243333333333333712e+02
6.663333333333333712e+02
6.630000000000000000e+02
6.220000000000000000e+02
6.620000000000000000e+02
5.966666666666666288e+02
6.100000000000000000e+02
6.400000000000000000e+02
6.190000000000000000e+02
6.870000000000000000e+02
6.343333333333333712e+02
6.240000000000000000e+02
6.493333333333333712e+02
6.780000000000000000e+02
6.690000000000000000e+02
6.660000000000000000e+02
6.520000000000000000e+02
6.530000000000000000e+02
6.350000000000000000e+02
6.520000000000000000e+02
6.130000000000000000e+02
6.406666666666666288e+02
6.280000000000000000e+02
6.400000000000000000e+02
6.200000000000000000e+02
6.300000000000000000e+02
6.760000000000000000e+02
6.730000000000000000e+02
6.940000000000000000e+02
6.240000000000000000e+02
6.440000000000000000e+02
6.100000000000000000e+02
6.366666666666666288e+02
6.700000000000000000e+02
6.206666666666666288e+02
6.340000000000000000e+02
6.410000000000000000e+02
6.660000000000000000e+02
6.550000000000000000e+02
6.590000000000000000e+02
6.160000000000000000e+02
6.440000000000000000e+02
6.400000000000000000e+02
6.410000000000000000e+02
6.480000000000000000e+02
6.670000000000000000e+02
6.350000000000000000e+02
5.420000000000000000e+02
5.100000000000000000e+02
5.290000000000000000e+02
6.200000000000000000e+02
6.290000000000000000e+02
6.510000000000000000e+02
6.280000000000000000e+02
6.240000000000000000e+02
6.200000000000000000e+02
6.190000000000000000e+02
6.650000000000000000e+02
6.550000000000000000e+02
6.540000000000000000e+02
6.920000000000000000e+02
6.333333333333333712e+02
5.600000000000000000e+02
5.400000000000000000e+02
7.063333333333333712e+02
6.780000000000000000e+02
7.190000000000000000e+02
6.870000000000000000e+02
6.840000000000000000e+02
6.450000000000000000e+02
6.270000000000000000e+02
6.390000000000000000e+02
6.880000000000000000e+02
6.853333333333333712e+02
5.980000000000000000e+02
5.910000000000000000e+02
5.810000000000000000e+02
6.256666666666666288e+02
5.680000000000000000e+02
5.530000000000000000e+02
5.786666666666666288e+02
5.146666666666667425e+02
5.850000000000000000e+02
5.930000000000000000e+02
6.230000000000000000e+02
6.300000000000000000e+02
6.440000000000000000e+02
6.550000000000000000e+02
6.363333333333333712e+02
5.350000000000000000e+02
5.390000000000000000e+02
6.420000000000000000e+02
6.090000000000000000e+02
6.070000000000000000e+02
6.210000000000000000e+02
6.050000000000000000e+02
5.810000000000000000e+02
5.310000000000000000e+02
5.380000000000000000e+02
5.210000000000000000e+02
5.690000000000000000e+02
5.490000000000000000e+02
5.410000000000000000e+02
5.710000000000000000e+02
5.833333333333333712e+02
5.820000000000000000e+02
5.680000000000000000e+02
6.820000000000000000e+02
6.510000000000000000e+02
6.530000000000000000e+02
6.586666666666666288e+02
6.550000000000000000e+02
6.313333333333333712e+02
6.673333333333333712e+02
6.430000000000000000e+02
6.650000000000000000e+02
5.620000000000000000e+02
5.800000000000000000e+02
5.243333333333332575e+02
5.260000000000000000e+02
5.400000000000000000e+02
5.200000000000000000e+02
5.350000000000000000e+02
5.300000000000000000e+02
5.270000000000000000e+02
5.500000000000000000e+02
5.410000000000000000e+02
6.073333333333333712e+02
6.020000000000000000e+02
5.950000000000000000e+02
6.363333333333333712e+02
6.670000000000000000e+02
6.860000000000000000e+02
6.150000000000000000e+02
5.280000000000000000e+02
6.063333333333333712e+02
5.440000000000000000e+02
5.400000000000000000e+02
5.670000000000000000e+02
5.560000000000000000e+02
5.480000000000000000e+02
5.440000000000000000e+02
5.283333333333332575e+02
5.280000000000000000e+02
5.550000000000000000e+02
5.410000000000000000e+02
5.360000000000000000e+02
5.370000000000000000e+02
5.180000000000000000e+02
5.330000000000000000e+02
6.410000000000000000e+02
6.360000000000000000e+02
6.170000000000000000e+02
6.060000000000000000e+02
6.280000000000000000e+02
6.260000000000000000e+02
6.160000000000000000e+02
5.070000000000000000e+02
5.050000000000000000e+02
5.030000000000000000e+02
5.400000000000000000e+02
5.620000000000000000e+02
5.350000000000000000e+02
5.430000000000000000e+02
5.390000000000000000e+02
5.580000000000000000e+02
5.320000000000000000e+02
5.160000000000000000e+02
5.380000000000000000e+02
5.460000000000000000e+02
5.390000000000000000e+02
5.120000000000000000e+02
5.670000000000000000e+02
5.300000000000000000e+02
5.723333333333333712e+02
5.386666666666667425e+02
5.210000000000000000e+02
5.360000000000000000e+02
5.430000000000000000e+02
5.200000000000000000e+02
5.340000000000000000e+02
5.230000000000000000e+02
5.250000000000000000e+02
5.530000000000000000e+02
5.460000000000000000e+02
5.363333333333332575e+02
5.430000000000000000e+02
5.510000000000000000e+02
5.140000000000000000e+02
5.150000000000000000e+02
5.350000000000000000e+02
5.310000000000000000e+02
5.330000000000000000e+02
5.970000000000000000e+02
6.600000000000000000e+02
6.230000000000000000e+02
6.163333333333333712e+02
5.540000000000000000e+02
5.310000000000000000e+02
5.370000000000000000e+02
5.560000000000000000e+02
5.320000000000000000e+02
5.200000000000000000e+02
5.440000000000000000e+02
5.400000000000000000e+02
5.180000000000000000e+02
5.310000000000000000e+02
5.470000000000000000e+02
5.310000000000000000e+02
5.400000000000000000e+02
5.540000000000000000e+02
5.300000000000000000e+02
5.280000000000000000e+02
5.430000000000000000e+02
5.693333333333333712e+02
5.980000000000000000e+02
5.860000000000000000e+02
5.790000000000000000e+02
5.750000000000000000e+02
5.443333333333332575e+02
5.390000000000000000e+02
5.520000000000000000e+02
5.330000000000000000e+02
5.390000000000000000e+02
5.400000000000000000e+02
5.380000000000000000e+02
5.420000000000000000e+02
5.420000000000000000e+02
5.370000000000000000e+02
5.516666666666667425e+02
5.250000000000000000e+02
5.150000000000000000e+02
5.560000000000000000e+02
5.250000000000000000e+02
5.210000000000000000e+02
5.220000000000000000e+02
6.200000000000000000e+02
6.380000000000000000e+02
6.553333333333333712e+02
5.350000000000000000e+02
5.300000000000000000e+02
5.450000000000000000e+02
5.000000000000000000e+02
5.370000000000000000e+02
5.240000000000000000e+02
5.290000000000000000e+02
5.320000000000000000e+02
5.570000000000000000e+02
5.470000000000000000e+02
5.360000000000000000e+02
5.580000000000000000e+02
5.520000000000000000e+02
5.190000000000000000e+02
5.410000000000000000e+02
5.470000000000000000e+02
5.900000000000000000e+02
5.410000000000000000e+02
5.750000000000000000e+02
6.540000000000000000e+02
6.670000000000000000e+02
6.653333333333333712e+02
5.970000000000000000e+02
5.546666666666666288e+02
5.470000000000000000e+02
5.520000000000000000e+02
5.320000000000000000e+02
5.410000000000000000e+02
5.210000000000000000e+02
5.410000000000000000e+02
5.390000000000000000e+02
5.780000000000000000e+02
5.230000000000000000e+02
5.320000000000000000e+02
5.470000000000000000e+02
5.530000000000000000e+02
5.170000000000000000e+02
5.236666666666667425e+02
6.770000000000000000e+02
6.383333333333333712e+02
6.440000000000000000e+02
6.586666666666666288e+02
6.520000000000000000e+02
6.580000000000000000e+02
5.270000000000000000e+02
5.400000000000000000e+02
6.290000000000000000e+02
5.526666666666667425e+02
5.650000000000000000e+02
5.500000000000000000e+02
5.530000000000000000e+02
5.560000000000000000e+02
5.150000000000000000e+02
5.250000000000000000e+02
5.410000000000000000e+02
5.310000000000000000e+02
5.350000000000000000e+02
5.970000000000000000e+02
6.200000000000000000e+02
6.596666666666666288e+02
6.316666666666666288e+02
6.386666666666666288e+02
6.760000000000000000e+02
6.710000000000000000e+02
6.410000000000000000e+02
6.070000000000000000e+02
5.210000000000000000e+02
5.120000000000000000e+02
5.540000000000000000e+02
5.310000000000000000e+02
5.430000000000000000e+02
5.330000000000000000e+02
5.490000000000000000e+02
5.020000000000000000e+02
5.493333333333332575e+02
5.620000000000000000e+02
5.640000000000000000e+02
5.360000000000000000e+02
7.100000000000000000e+02
7.110000000000000000e+02
6.696666666666666288e+02
6.660000000000000000e+02
6.673333333333333712e+02
6.693333333333333712e+02
6.770000000000000000e+02
7.150000000000000000e+02
7.140000000000000000e+02
5.830000000000000000e+02
6.130000000000000000e+02
6.050000000000000000e+02
5.960000000000000000e+02
6.690000000000000000e+02
6.540000000000000000e+02
6.720000000000000000e+02
6.450000000000000000e+02
5.386666666666667425e+02
5.610000000000000000e+02
6.180000000000000000e+02
6.370000000000000000e+02
6.690000000000000000e+02
6.230000000000000000e+02
5.450000000000000000e+02
5.320000000000000000e+02
5.330000000000000000e+02
5.620000000000000000e+02
5.530000000000000000e+02
6.340000000000000000e+02
6.410000000000000000e+02
6.280000000000000000e+02
6.720000000000000000e+02
6.390000000000000000e+02
6.770000000000000000e+02
6.290000000000000000e+02
6.580000000000000000e+02
6.440000000000000000e+02
6.550000000000000000e+02
6.670000000000000000e+02
5.420000000000000000e+02
6.136666666666666288e+02
6.120000000000000000e+02
6.886666666666666288e+02
6.920000000000000000e+02
6.680000000000000000e+02
6.290000000000000000e+02
6.550000000000000000e+02
6.600000000000000000e+02
7.323333333333333712e+02
7.080000000000000000e+02
6.930000000000000000e+02
6.793333333333333712e+02
6.450000000000000000e+02
5.763333333333332575e+02
5.276666666666667425e+02
6.480000000000000000e+02
6.610000000000000000e+02
6.520000000000000000e+02
6.520000000000000000e+02
6.673333333333333712e+02
5.320000000000000000e+02
5.310000000000000000e+02
5.600000000000000000e+02
5.430000000000000000e+02
5.640000000000000000e+02
6.440000000000000000e+02
6.546666666666666288e+02
