6.943333333333333712e+02
6.960000000000000000e+02
6.380000000000000000e+02
6.530000000000000000e+02
6.580000000000000000e+02
8.186666666666666288e+02
8.563333333333333712e+02
6.680000000000000000e+02
6.540000000000000000e+02
5.693333333333332575e+02
5.200000000000000000e+02
6.686666666666666288e+02
6.780000000000000000e+02
6.583333333333333712e+02
6.640000000000000000e+02
6.583333333333333712e+02
5.440000000000000000e+02
5.490000000000000000e+02
6.590000000000000000e+02
6.510000000000000000e+02
6.590000000000000000e+02
7.320000000000000000e+02
7.420000000000000000e+02
6.340000000000000000e+02
6.630000000000000000e+02
6.540000000000000000e+02
6.560000000000000000e+02
6.670000000000000000e+02
6.720000000000000000e+02
6.573333333333333712e+02
5.410000000000000000e+02
7.006666666666666288e+02
6.890000000000000000e+02
6.600000000000000000e+02
6.400000000000000000e+02
6.363333333333333712e+02
6.160000000000000000e+02
6.610000000000000000e+02
6.390000000000000000e+02
6.690000000000000000e+02
6.790000000000000000e+02
6.900000000000000000e+02
6.560000000000000000e+02
6.626666666666666288e+02
6.820000000000000000e+02
6.730000000000000000e+02
6.990000000000000000e+02
7.470000000000000000e+02
6.133333333333333712e+02
7.856666666666666288e+02
6.550000000000000000e+02
6.840000000000000000e+02
6.820000000000000000e+02
6.590000000000000000e+02
5.290000000000000000e+02
6.570000000000000000e+02
6.660000000000000000e+02
6.243333333333333712e+02
6.693333333333333712e+02
6.700000000000000000e+02
6.320000000000000000e+02
6.670000000000000000e+02
6.066666666666666288e+02
6.100000000000000000e+02
6.450000000000000000e+02
6.220000000000000000e+02
6.920000000000000000e+02
6.343333333333333712e+02
6.280000000000000000e+02
6.513333333333333712e+02
6.830000000000000000e+02
6.800000000000000000e+02
6.700000000000000000e+02
6.600000000000000000e+02
6.540000000000000000e+02
6.510000000000000000e+02
6.520000000000000000e+02
6.210000000000000000e+02
6.436666666666666288e+02
6.370000000000000000e+02
6.530000000000000000e+02
6.200000000000000000e+02
6.340000000000000000e+02
6.770000000000000000e+02
6.770000000000000000e+02
6.990000000000000000e+02
6.330000000000000000e+02
6.530000000000000000e+02
6.200000000000000000e+02
6.496666666666666288e+02
6.730000000000000000e+02
6.216666666666666288e+02
6.340000000000000000e+02
6.430000000000000000e+02
6.760000000000000000e+02
6.600000000000000000e+02
6.630000000000000000e+02
6.210000000000000000e+02
6.460000000000000000e+02
6.480000000000000000e+02
6.430000000000000000e+02
6.580000000000000000e+02
6.750000000000000000e+02
6.400000000000000000e+02
5.420000000000000000e+02
5.290000000000000000e+02
5.340000000000000000e+02
6.300000000000000000e+02
6.300000000000000000e+02
6.620000000000000000e+02
6.380000000000000000e+02
6.330000000000000000e+02
6.260000000000000000e+02
6.240000000000000000e+02
6.720000000000000000e+02
6.610000000000000000e+02
6.610000000000000000e+02
6.970000000000000000e+02
6.413333333333333712e+02
5.690000000000000000e+02
5.450000000000000000e+02
7.123333333333333712e+02
6.830000000000000000e+02
7.300000000000000000e+02
6.930000000000000000e+02
6.860000000000000000e+02
6.500000000000000000e+02
6.310000000000000000e+02
6.480000000000000000e+02
6.930000000000000000e+02
6.963333333333333712e+02
6.030000000000000000e+02
5.940000000000000000e+02
5.850000000000000000e+02
6.326666666666666288e+02
5.730000000000000000e+02
5.640000000000000000e+02
5.906666666666666288e+02
5.266666666666667425e+02
5.880000000000000000e+02
5.950000000000000000e+02
6.270000000000000000e+02
6.380000000000000000e+02
6.660000000000000000e+02
6.650000000000000000e+02
6.363333333333333712e+02
5.440000000000000000e+02
5.420000000000000000e+02
6.470000000000000000e+02
6.190000000000000000e+02
6.090000000000000000e+02
6.330000000000000000e+02
6.210000000000000000e+02
5.890000000000000000e+02
5.420000000000000000e+02
5.430000000000000000e+02
5.270000000000000000e+02
5.710000000000000000e+02
5.520000000000000000e+02
5.450000000000000000e+02
5.760000000000000000e+02
5.873333333333333712e+02
5.990000000000000000e+02
5.680000000000000000e+02
6.880000000000000000e+02
6.550000000000000000e+02
6.610000000000000000e+02
6.606666666666666288e+02
6.550000000000000000e+02
6.343333333333333712e+02
6.693333333333333712e+02
6.540000000000000000e+02
6.740000000000000000e+02
5.660000000000000000e+02
5.900000000000000000e+02
5.243333333333332575e+02
5.300000000000000000e+02
5.440000000000000000e+02
5.230000000000000000e+02
5.350000000000000000e+02
5.510000000000000000e+02
5.270000000000000000e+02
5.550000000000000000e+02
5.420000000000000000e+02
6.113333333333333712e+02
6.070000000000000000e+02
5.990000000000000000e+02
6.373333333333333712e+02
6.760000000000000000e+02
6.950000000000000000e+02
6.190000000000000000e+02
5.350000000000000000e+02
6.133333333333333712e+02
5.540000000000000000e+02
5.460000000000000000e+02
5.730000000000000000e+02
5.650000000000000000e+02
5.520000000000000000e+02
5.480000000000000000e+02
5.283333333333332575e+02
5.330000000000000000e+02
5.570000000000000000e+02
5.460000000000000000e+02
5.410000000000000000e+02
5.390000000000000000e+02
5.230000000000000000e+02
5.350000000000000000e+02
6.490000000000000000e+02
6.360000000000000000e+02
6.170000000000000000e+02
6.060000000000000000e+02
6.470000000000000000e+02
6.290000000000000000e+02
6.250000000000000000e+02
5.130000000000000000e+02
5.080000000000000000e+02
5.150000000000000000e+02
5.440000000000000000e+02
5.810000000000000000e+02
5.360000000000000000e+02
5.490000000000000000e+02
5.390000000000000000e+02
5.610000000000000000e+02
5.440000000000000000e+02
5.290000000000000000e+02
5.470000000000000000e+02
5.490000000000000000e+02
5.410000000000000000e+02
5.200000000000000000e+02
5.680000000000000000e+02
5.300000000000000000e+02
5.723333333333333712e+02
5.386666666666667425e+02
5.210000000000000000e+02
5.430000000000000000e+02
5.480000000000000000e+02
5.410000000000000000e+02
5.340000000000000000e+02
5.250000000000000000e+02
5.250000000000000000e+02
5.640000000000000000e+02
5.520000000000000000e+02
5.383333333333332575e+02
5.480000000000000000e+02
5.650000000000000000e+02
5.140000000000000000e+02
5.150000000000000000e+02
5.430000000000000000e+02
5.350000000000000000e+02
5.370000000000000000e+02
6.000000000000000000e+02
6.750000000000000000e+02
6.320000000000000000e+02
6.183333333333333712e+02
5.700000000000000000e+02
5.310000000000000000e+02
5.550000000000000000e+02
5.610000000000000000e+02
5.350000000000000000e+02
5.200000000000000000e+02
5.450000000000000000e+02
5.510000000000000000e+02
5.250000000000000000e+02
5.390000000000000000e+02
5.540000000000000000e+02
5.400000000000000000e+02
5.480000000000000000e+02
5.620000000000000000e+02
5.390000000000000000e+02
5.350000000000000000e+02
5.490000000000000000e+02
5.823333333333333712e+02
5.980000000000000000e+02
5.960000000000000000e+02
5.830000000000000000e+02
5.860000000000000000e+02
5.483333333333332575e+02
5.440000000000000000e+02
5.570000000000000000e+02
5.430000000000000000e+02
5.390000000000000000e+02
5.460000000000000000e+02
5.510000000000000000e+02
5.430000000000000000e+02
5.490000000000000000e+02
5.370000000000000000e+02
5.566666666666667425e+02
5.360000000000000000e+02
5.310000000000000000e+02
5.560000000000000000e+02
5.270000000000000000e+02
5.280000000000000000e+02
5.360000000000000000e+02
6.290000000000000000e+02
6.570000000000000000e+02
6.603333333333333712e+02
5.430000000000000000e+02
5.300000000000000000e+02
5.500000000000000000e+02
5.050000000000000000e+02
5.370000000000000000e+02
5.280000000000000000e+02
5.400000000000000000e+02
5.370000000000000000e+02
5.610000000000000000e+02
5.550000000000000000e+02
5.380000000000000000e+02
5.580000000000000000e+02
5.530000000000000000e+02
5.350000000000000000e+02
5.460000000000000000e+02
5.520000000000000000e+02
5.980000000000000000e+02
5.490000000000000000e+02
5.810000000000000000e+02
6.620000000000000000e+02
6.690000000000000000e+02
6.703333333333333712e+02
6.030000000000000000e+02
5.546666666666666288e+02
5.470000000000000000e+02
5.570000000000000000e+02
5.360000000000000000e+02
5.440000000000000000e+02
5.210000000000000000e+02
5.470000000000000000e+02
5.530000000000000000e+02
5.880000000000000000e+02
5.320000000000000000e+02
5.430000000000000000e+02
5.480000000000000000e+02
5.560000000000000000e+02
5.210000000000000000e+02
5.236666666666667425e+02
6.780000000000000000e+02
6.383333333333333712e+02
6.530000000000000000e+02
6.636666666666666288e+02
6.520000000000000000e+02
6.750000000000000000e+02
5.360000000000000000e+02
5.450000000000000000e+02
6.410000000000000000e+02
5.616666666666667425e+02
5.710000000000000000e+02
5.530000000000000000e+02
5.620000000000000000e+02
5.560000000000000000e+02
5.240000000000000000e+02
5.310000000000000000e+02
5.440000000000000000e+02
5.510000000000000000e+02
5.400000000000000000e+02
5.970000000000000000e+02
6.220000000000000000e+02
6.646666666666666288e+02
6.316666666666666288e+02
6.456666666666666288e+02
6.780000000000000000e+02
6.860000000000000000e+02
6.500000000000000000e+02
6.090000000000000000e+02
5.260000000000000000e+02
5.180000000000000000e+02
5.550000000000000000e+02
5.310000000000000000e+02
5.460000000000000000e+02
5.490000000000000000e+02
5.530000000000000000e+02
5.050000000000000000e+02
5.523333333333332575e+02
5.650000000000000000e+02
5.740000000000000000e+02
5.390000000000000000e+02
7.120000000000000000e+02
7.110000000000000000e+02
6.736666666666666288e+02
6.700000000000000000e+02
6.693333333333333712e+02
6.753333333333333712e+02
6.800000000000000000e+02
7.150000000000000000e+02
7.180000000000000000e+02
5.860000000000000000e+02
6.130000000000000000e+02
6.050000000000000000e+02
5.990000000000000000e+02
6.750000000000000000e+02
6.540000000000000000e+02
6.900000000000000000e+02
6.500000000000000000e+02
5.446666666666667425e+02
5.620000000000000000e+02
6.250000000000000000e+02
6.490000000000000000e+02
6.820000000000000000e+02
6.260000000000000000e+02
5.500000000000000000e+02
5.330000000000000000e+02
5.380000000000000000e+02
5.670000000000000000e+02
5.600000000000000000e+02
6.420000000000000000e+02
6.410000000000000000e+02
6.340000000000000000e+02
6.790000000000000000e+02
6.520000000000000000e+02
6.890000000000000000e+02
6.340000000000000000e+02
6.660000000000000000e+02
6.490000000000000000e+02
6.560000000000000000e+02
6.720000000000000000e+02
5.680000000000000000e+02
6.166666666666666288e+02
6.170000000000000000e+02
6.946666666666666288e+02
6.940000000000000000e+02
6.680000000000000000e+02
6.330000000000000000e+02
6.600000000000000000e+02
6.770000000000000000e+02
7.443333333333333712e+02
7.120000000000000000e+02
7.070000000000000000e+02
6.843333333333333712e+02
6.450000000000000000e+02
5.773333333333332575e+02
5.306666666666667425e+02
6.600000000000000000e+02
6.710000000000000000e+02
6.590000000000000000e+02
6.520000000000000000e+02
6.733333333333333712e+02
5.370000000000000000e+02
5.360000000000000000e+02
5.650000000000000000e+02
5.500000000000000000e+02
5.690000000000000000e+02
6.450000000000000000e+02
6.686666666666666288e+02
