6.993333333333333712e+02
6.970000000000000000e+02
6.410000000000000000e+02
6.750000000000000000e+02
6.660000000000000000e+02
8.266666666666666288e+02
8.703333333333333712e+02
6.780000000000000000e+02
6.600000000000000000e+02
5.733333333333332575e+02
5.230000000000000000e+02
6.766666666666666288e+02
6.870000000000000000e+02
6.713333333333333712e+02
6.680000000000000000e+02
6.623333333333333712e+02
5.560000000000000000e+02
5.640000000000000000e+02
6.750000000000000000e+02
6.510000000000000000e+02
6.810000000000000000e+02
7.430000000000000000e+02
7.440000000000000000e+02
6.450000000000000000e+02
6.690000000000000000e+02
6.670000000000000000e+02
6.620000000000000000e+02
6.680000000000000000e+02
6.760000000000000000e+02
6.793333333333333712e+02
5.460000000000000000e+02
7.076666666666666288e+02
7.080000000000000000e+02
6.750000000000000000e+02
6.520000000000000000e+02
6.493333333333333712e+02
6.330000000000000000e+02
6.690000000000000000e+02
6.450000000000000000e+02
6.750000000000000000e+02
6.910000000000000000e+02
6.990000000000000000e+02
6.690000000000000000e+02
6.726666666666666288e+02
7.050000000000000000e+02
6.780000000000000000e+02
7.180000000000000000e+02
7.550000000000000000e+02
6.293333333333333712e+02
7.886666666666666288e+02
6.680000000000000000e+02
6.880000000000000000e+02
6.890000000000000000e+02
6.710000000000000000e+02
5.450000000000000000e+02
6.750000000000000000e+02
6.780000000000000000e+02
6.293333333333333712e+02
6.753333333333333712e+02
6.780000000000000000e+02
6.400000000000000000e+02
6.820000000000000000e+02
6.066666666666666288e+02
6.250000000000000000e+02
6.550000000000000000e+02
6.370000000000000000e+02
6.920000000000000000e+02
6.423333333333333712e+02
6.430000000000000000e+02
6.623333333333333712e+02
6.960000000000000000e+02
6.880000000000000000e+02
6.730000000000000000e+02
6.760000000000000000e+02
6.570000000000000000e+02
6.590000000000000000e+02
6.640000000000000000e+02
6.390000000000000000e+02
6.546666666666666288e+02
6.460000000000000000e+02
6.620000000000000000e+02
6.260000000000000000e+02
6.480000000000000000e+02
6.860000000000000000e+02
6.890000000000000000e+02
7.070000000000000000e+02
6.460000000000000000e+02
6.530000000000000000e+02
6.250000000000000000e+02
6.626666666666666288e+02
6.830000000000000000e+02
6.406666666666666288e+02
6.430000000000000000e+02
6.530000000000000000e+02
6.890000000000000000e+02
6.740000000000000000e+02
6.680000000000000000e+02
6.340000000000000000e+02
6.520000000000000000e+02
6.590000000000000000e+02
6.540000000000000000e+02
6.630000000000000000e+02
6.810000000000000000e+02
6.470000000000000000e+02
5.590000000000000000e+02
5.440000000000000000e+02
5.390000000000000000e+02
6.310000000000000000e+02
6.380000000000000000e+02
6.620000000000000000e+02
6.540000000000000000e+02
6.420000000000000000e+02
6.360000000000000000e+02
6.400000000000000000e+02
6.960000000000000000e+02
6.720000000000000000e+02
6.740000000000000000e+02
6.980000000000000000e+02
6.543333333333333712e+02
5.750000000000000000e+02
5.690000000000000000e+02
7.153333333333333712e+02
7.050000000000000000e+02
7.500000000000000000e+02
7.020000000000000000e+02
6.950000000000000000e+02
6.560000000000000000e+02
6.450000000000000000e+02
6.760000000000000000e+02
7.040000000000000000e+02
7.013333333333333712e+02
6.260000000000000000e+02
5.950000000000000000e+02
5.920000000000000000e+02
6.446666666666666288e+02
5.760000000000000000e+02
5.700000000000000000e+02
5.956666666666666288e+02
5.336666666666667425e+02
6.010000000000000000e+02
6.070000000000000000e+02
6.330000000000000000e+02
6.400000000000000000e+02
6.790000000000000000e+02
6.790000000000000000e+02
6.493333333333333712e+02
5.490000000000000000e+02
5.470000000000000000e+02
6.660000000000000000e+02
6.380000000000000000e+02
6.120000000000000000e+02
6.340000000000000000e+02
6.280000000000000000e+02
6.000000000000000000e+02
5.620000000000000000e+02
5.500000000000000000e+02
5.410000000000000000e+02
5.790000000000000000e+02
5.620000000000000000e+02
5.630000000000000000e+02
5.900000000000000000e+02
6.043333333333333712e+02
6.170000000000000000e+02
5.850000000000000000e+02
6.980000000000000000e+02
6.550000000000000000e+02
6.720000000000000000e+02
6.736666666666666288e+02
6.600000000000000000e+02
6.423333333333333712e+02
6.753333333333333712e+02
6.620000000000000000e+02
6.790000000000000000e+02
5.740000000000000000e+02
6.000000000000000000e+02
5.363333333333332575e+02
5.420000000000000000e+02
5.550000000000000000e+02
5.270000000000000000e+02
5.560000000000000000e+02
5.560000000000000000e+02
5.340000000000000000e+02
5.680000000000000000e+02
5.500000000000000000e+02
6.113333333333333712e+02
6.360000000000000000e+02
6.080000000000000000e+02
6.473333333333333712e+02
6.780000000000000000e+02
7.020000000000000000e+02
6.240000000000000000e+02
5.430000000000000000e+02
6.203333333333333712e+02
5.650000000000000000e+02
5.520000000000000000e+02
5.730000000000000000e+02
5.810000000000000000e+02
5.610000000000000000e+02
5.660000000000000000e+02
5.493333333333332575e+02
5.500000000000000000e+02
5.770000000000000000e+02
5.490000000000000000e+02
5.490000000000000000e+02
5.520000000000000000e+02
5.420000000000000000e+02
5.420000000000000000e+02
6.490000000000000000e+02
6.570000000000000000e+02
6.200000000000000000e+02
6.110000000000000000e+02
6.720000000000000000e+02
6.500000000000000000e+02
6.250000000000000000e+02
5.170000000000000000e+02
5.080000000000000000e+02
5.240000000000000000e+02
5.520000000000000000e+02
5.960000000000000000e+02
5.420000000000000000e+02
5.770000000000000000e+02
5.420000000000000000e+02
5.670000000000000000e+02
5.590000000000000000e+02
5.530000000000000000e+02
5.540000000000000000e+02
5.650000000000000000e+02
5.480000000000000000e+02
5.330000000000000000e+02
5.860000000000000000e+02
5.490000000000000000e+02
5.803333333333333712e+02
5.506666666666667425e+02
5.260000000000000000e+02
5.580000000000000000e+02
5.530000000000000000e+02
5.470000000000000000e+02
5.470000000000000000e+02
5.410000000000000000e+02
5.400000000000000000e+02
5.740000000000000000e+02
5.650000000000000000e+02
5.523333333333332575e+02
5.570000000000000000e+02
5.760000000000000000e+02
5.300000000000000000e+02
5.180000000000000000e+02
5.490000000000000000e+02
5.510000000000000000e+02
5.500000000000000000e+02
6.110000000000000000e+02
6.760000000000000000e+02
6.390000000000000000e+02
6.313333333333333712e+02
5.710000000000000000e+02
5.390000000000000000e+02
5.610000000000000000e+02
5.680000000000000000e+02
5.420000000000000000e+02
5.200000000000000000e+02
5.480000000000000000e+02
5.540000000000000000e+02
5.510000000000000000e+02
5.510000000000000000e+02
5.680000000000000000e+02
5.400000000000000000e+02
5.530000000000000000e+02
5.700000000000000000e+02
5.490000000000000000e+02
5.390000000000000000e+02
5.600000000000000000e+02
5.893333333333333712e+02
6.120000000000000000e+02
6.020000000000000000e+02
5.950000000000000000e+02
5.990000000000000000e+02
5.553333333333332575e+02
5.570000000000000000e+02
5.730000000000000000e+02
5.470000000000000000e+02
5.440000000000000000e+02
5.570000000000000000e+02
5.600000000000000000e+02
5.500000000000000000e+02
5.580000000000000000e+02
5.480000000000000000e+02
5.626666666666667425e+02
5.440000000000000000e+02
5.360000000000000000e+02
5.770000000000000000e+02
5.330000000000000000e+02
5.390000000000000000e+02
5.400000000000000000e+02
6.460000000000000000e+02
6.600000000000000000e+02
6.703333333333333712e+02
5.490000000000000000e+02
5.340000000000000000e+02
5.590000000000000000e+02
5.220000000000000000e+02
5.510000000000000000e+02
5.400000000000000000e+02
5.540000000000000000e+02
5.460000000000000000e+02
5.670000000000000000e+02
5.650000000000000000e+02
5.380000000000000000e+02
5.760000000000000000e+02
5.580000000000000000e+02
5.420000000000000000e+02
5.510000000000000000e+02
5.590000000000000000e+02
6.190000000000000000e+02
5.650000000000000000e+02
5.850000000000000000e+02
6.640000000000000000e+02
6.800000000000000000e+02
6.743333333333333712e+02
6.150000000000000000e+02
5.666666666666666288e+02
5.480000000000000000e+02
5.590000000000000000e+02
5.400000000000000000e+02
5.540000000000000000e+02
5.290000000000000000e+02
5.660000000000000000e+02
5.700000000000000000e+02
6.000000000000000000e+02
5.480000000000000000e+02
5.430000000000000000e+02
5.620000000000000000e+02
5.730000000000000000e+02
5.290000000000000000e+02
5.326666666666667425e+02
6.860000000000000000e+02
6.463333333333333712e+02
6.610000000000000000e+02
6.646666666666666288e+02
6.560000000000000000e+02
6.800000000000000000e+02
5.510000000000000000e+02
5.500000000000000000e+02
6.530000000000000000e+02
5.666666666666667425e+02
5.830000000000000000e+02
5.610000000000000000e+02
5.770000000000000000e+02
5.660000000000000000e+02
5.270000000000000000e+02
5.470000000000000000e+02
5.450000000000000000e+02
5.590000000000000000e+02
5.530000000000000000e+02
6.080000000000000000e+02
6.310000000000000000e+02
6.806666666666666288e+02
6.346666666666666288e+02
6.476666666666666288e+02
6.850000000000000000e+02
6.990000000000000000e+02
6.660000000000000000e+02
6.130000000000000000e+02
5.270000000000000000e+02
5.280000000000000000e+02
5.600000000000000000e+02
5.470000000000000000e+02
5.600000000000000000e+02
5.630000000000000000e+02
5.700000000000000000e+02
5.150000000000000000e+02
5.683333333333332575e+02
5.790000000000000000e+02
5.780000000000000000e+02
5.440000000000000000e+02
7.240000000000000000e+02
7.180000000000000000e+02
6.866666666666666288e+02
6.810000000000000000e+02
6.803333333333333712e+02
6.883333333333333712e+02
6.930000000000000000e+02
7.320000000000000000e+02
7.210000000000000000e+02
6.080000000000000000e+02
6.240000000000000000e+02
6.090000000000000000e+02
6.070000000000000000e+02
6.830000000000000000e+02
6.640000000000000000e+02
6.970000000000000000e+02
6.650000000000000000e+02
5.446666666666667425e+02
5.650000000000000000e+02
6.330000000000000000e+02
6.570000000000000000e+02
6.900000000000000000e+02
6.420000000000000000e+02
5.560000000000000000e+02
5.430000000000000000e+02
5.460000000000000000e+02
5.800000000000000000e+02
5.720000000000000000e+02
6.470000000000000000e+02
6.490000000000000000e+02
6.480000000000000000e+02
7.060000000000000000e+02
6.600000000000000000e+02
7.010000000000000000e+02
6.400000000000000000e+02
6.940000000000000000e+02
6.660000000000000000e+02
6.590000000000000000e+02
6.730000000000000000e+02
5.760000000000000000e+02
6.306666666666666288e+02
6.330000000000000000e+02
7.186666666666666288e+02
7.000000000000000000e+02
6.690000000000000000e+02
6.470000000000000000e+02
6.650000000000000000e+02
6.910000000000000000e+02
7.523333333333333712e+02
7.180000000000000000e+02
7.150000000000000000e+02
6.933333333333333712e+02
6.600000000000000000e+02
5.813333333333332575e+02
5.516666666666667425e+02
6.620000000000000000e+02
6.740000000000000000e+02
6.840000000000000000e+02
6.610000000000000000e+02
6.743333333333333712e+02
5.450000000000000000e+02
5.390000000000000000e+02
5.830000000000000000e+02
5.520000000000000000e+02
5.760000000000000000e+02
6.580000000000000000e+02
6.816666666666666288e+02
