6.170000000000000000e+02
6.180000000000000000e+02
6.200000000000000000e+02
7.960000000000000000e+02
7.960000000000000000e+02
7.960000000000000000e+02
7.960000000000000000e+02
7.960000000000000000e+02
6.200000000000000000e+02
6.080000000000000000e+02
7.960000000000000000e+02
5.640000000000000000e+02
5.440000000000000000e+02
5.040000000000000000e+02
4.840000000000000000e+02
4.920000000000000000e+02
5.413333333333333712e+02
6.200000000000000000e+02
5.080000000000000000e+02
5.760000000000000000e+02
6.000000000000000000e+02
5.940000000000000000e+02
4.973333333333333144e+02
6.180000000000000000e+02
7.870000000000000000e+02
7.960000000000000000e+02
7.960000000000000000e+02
7.960000000000000000e+02
6.360000000000000000e+02
6.240000000000000000e+02
6.240000000000000000e+02
6.280000000000000000e+02
6.150000000000000000e+02
6.240000000000000000e+02
6.200000000000000000e+02
7.600000000000000000e+02
7.960000000000000000e+02
5.040000000000000000e+02
7.960000000000000000e+02
7.800000000000000000e+02
6.200000000000000000e+02
6.060000000000000000e+02
5.760000000000000000e+02
5.626666666666666288e+02
5.970000000000000000e+02
6.000000000000000000e+02
6.013333333333333712e+02
6.066666666666666288e+02
6.080000000000000000e+02
6.040000000000000000e+02
6.133333333333333712e+02
5.880000000000000000e+02
5.600000000000000000e+02
5.600000000000000000e+02
4.920000000000000000e+02
4.960000000000000000e+02
5.040000000000000000e+02
5.026666666666666856e+02
7.960000000000000000e+02
5.000000000000000000e+02
7.960000000000000000e+02
7.960000000000000000e+02
6.160000000000000000e+02
6.160000000000000000e+02
5.800000000000000000e+02
5.880000000000000000e+02
6.280000000000000000e+02
6.240000000000000000e+02
5.146666666666666288e+02
5.320000000000000000e+02
4.880000000000000000e+02
4.920000000000000000e+02
4.920000000000000000e+02
4.880000000000000000e+02
4.760000000000000000e+02
5.360000000000000000e+02
5.520000000000000000e+02
5.000000000000000000e+02
5.013333333333333144e+02
5.200000000000000000e+02
5.580000000000000000e+02
4.840000000000000000e+02
4.960000000000000000e+02
4.880000000000000000e+02
4.800000000000000000e+02
4.840000000000000000e+02
4.840000000000000000e+02
4.800000000000000000e+02
4.680000000000000000e+02
4.920000000000000000e+02
4.920000000000000000e+02
5.120000000000000000e+02
6.350000000000000000e+02
6.320000000000000000e+02
6.200000000000000000e+02
6.106666666666666288e+02
5.760000000000000000e+02
5.760000000000000000e+02
6.240000000000000000e+02
4.880000000000000000e+02
4.840000000000000000e+02
4.800000000000000000e+02
4.840000000000000000e+02
4.880000000000000000e+02
4.920000000000000000e+02
4.920000000000000000e+02
4.840000000000000000e+02
4.800000000000000000e+02
4.760000000000000000e+02
4.840000000000000000e+02
4.880000000000000000e+02
5.493333333333333712e+02
5.320000000000000000e+02
4.800000000000000000e+02
4.840000000000000000e+02
4.800000000000000000e+02
4.840000000000000000e+02
4.840000000000000000e+02
4.840000000000000000e+02
4.880000000000000000e+02
4.960000000000000000e+02
4.880000000000000000e+02
4.800000000000000000e+02
4.800000000000000000e+02
4.840000000000000000e+02
4.960000000000000000e+02
5.830000000000000000e+02
5.800000000000000000e+02
5.800000000000000000e+02
5.760000000000000000e+02
4.880000000000000000e+02
4.840000000000000000e+02
4.760000000000000000e+02
4.800000000000000000e+02
4.880000000000000000e+02
4.920000000000000000e+02
4.840000000000000000e+02
4.840000000000000000e+02
4.890000000000000000e+02
4.840000000000000000e+02
4.840000000000000000e+02
4.720000000000000000e+02
4.780000000000000000e+02
5.840000000000000000e+02
5.810000000000000000e+02
5.800000000000000000e+02
4.800000000000000000e+02
4.870000000000000000e+02
4.840000000000000000e+02
4.720000000000000000e+02
4.840000000000000000e+02
4.840000000000000000e+02
4.920000000000000000e+02
4.920000000000000000e+02
4.920000000000000000e+02
4.880000000000000000e+02
4.840000000000000000e+02
4.906666666666666856e+02
4.920000000000000000e+02
5.760000000000000000e+02
6.120000000000000000e+02
5.840000000000000000e+02
5.853333333333333712e+02
4.973333333333333144e+02
5.740000000000000000e+02
5.080000000000000000e+02
4.920000000000000000e+02
4.880000000000000000e+02
5.040000000000000000e+02
5.320000000000000000e+02
4.880000000000000000e+02
5.680000000000000000e+02
5.400000000000000000e+02
5.680000000000000000e+02
5.800000000000000000e+02
5.500000000000000000e+02
5.480000000000000000e+02
5.530000000000000000e+02
5.730000000000000000e+02
5.760000000000000000e+02
5.720000000000000000e+02
5.520000000000000000e+02
4.810000000000000000e+02
4.920000000000000000e+02
4.990000000000000000e+02
5.560000000000000000e+02
5.080000000000000000e+02
5.080000000000000000e+02
5.120000000000000000e+02
6.160000000000000000e+02
6.080000000000000000e+02
6.110000000000000000e+02
6.040000000000000000e+02
6.040000000000000000e+02
6.080000000000000000e+02
5.560000000000000000e+02
5.680000000000000000e+02
5.666666666666666288e+02
7.960000000000000000e+02
6.000000000000000000e+02
5.960000000000000000e+02
4.890000000000000000e+02
5.480000000000000000e+02
5.813333333333333712e+02
5.520000000000000000e+02
5.600000000000000000e+02
5.440000000000000000e+02
5.506666666666666288e+02
5.160000000000000000e+02
5.560000000000000000e+02
4.840000000000000000e+02
5.480000000000000000e+02
5.600000000000000000e+02
5.710000000000000000e+02
5.920000000000000000e+02
7.960000000000000000e+02
7.960000000000000000e+02
7.960000000000000000e+02
7.960000000000000000e+02
7.960000000000000000e+02
7.960000000000000000e+02
6.520000000000000000e+02
6.413333333333333712e+02
6.000000000000000000e+02
6.320000000000000000e+02
6.360000000000000000e+02
5.560000000000000000e+02
5.560000000000000000e+02
7.660000000000000000e+02
5.506666666666666288e+02
7.880000000000000000e+02
7.920000000000000000e+02
5.640000000000000000e+02
4.760000000000000000e+02
4.813333333333333144e+02
4.960000000000000000e+02
5.320000000000000000e+02
5.280000000000000000e+02
5.240000000000000000e+02
5.600000000000000000e+02
5.640000000000000000e+02
5.400000000000000000e+02
4.880000000000000000e+02
4.800000000000000000e+02
6.220000000000000000e+02
7.306666666666666288e+02
6.080000000000000000e+02
5.580000000000000000e+02
6.080000000000000000e+02
7.680000000000000000e+02
7.533333333333333712e+02
5.546666666666666288e+02
5.500000000000000000e+02
5.480000000000000000e+02
6.160000000000000000e+02
6.160000000000000000e+02
