6.160000000000000000e+02
6.200000000000000000e+02
6.160000000000000000e+02
7.960000000000000000e+02
7.960000000000000000e+02
7.960000000000000000e+02
7.960000000000000000e+02
7.960000000000000000e+02
7.960000000000000000e+02
6.120000000000000000e+02
7.960000000000000000e+02
5.560000000000000000e+02
5.400000000000000000e+02
5.120000000000000000e+02
4.840000000000000000e+02
5.480000000000000000e+02
5.506666666666666288e+02
6.200000000000000000e+02
6.160000000000000000e+02
5.760000000000000000e+02
6.040000000000000000e+02
4.930000000000000000e+02
6.040000000000000000e+02
6.200000000000000000e+02
7.880000000000000000e+02
7.960000000000000000e+02
7.960000000000000000e+02
7.960000000000000000e+02
7.960000000000000000e+02
6.280000000000000000e+02
6.240000000000000000e+02
6.240000000000000000e+02
6.026666666666666288e+02
6.240000000000000000e+02
6.280000000000000000e+02
7.960000000000000000e+02
7.960000000000000000e+02
5.040000000000000000e+02
7.960000000000000000e+02
7.800000000000000000e+02
4.960000000000000000e+02
6.080000000000000000e+02
5.760000000000000000e+02
5.530000000000000000e+02
5.540000000000000000e+02
5.960000000000000000e+02
6.120000000000000000e+02
6.080000000000000000e+02
6.080000000000000000e+02
6.040000000000000000e+02
6.040000000000000000e+02
5.973333333333333712e+02
5.786666666666666288e+02
5.600000000000000000e+02
4.920000000000000000e+02
4.960000000000000000e+02
5.040000000000000000e+02
5.600000000000000000e+02
7.960000000000000000e+02
5.000000000000000000e+02
6.160000000000000000e+02
7.960000000000000000e+02
6.240000000000000000e+02
6.120000000000000000e+02
5.980000000000000000e+02
5.880000000000000000e+02
6.320000000000000000e+02
6.200000000000000000e+02
5.120000000000000000e+02
5.280000000000000000e+02
4.840000000000000000e+02
4.960000000000000000e+02
4.920000000000000000e+02
4.880000000000000000e+02
4.760000000000000000e+02
5.300000000000000000e+02
5.520000000000000000e+02
5.600000000000000000e+02
5.540000000000000000e+02
5.240000000000000000e+02
5.080000000000000000e+02
4.800000000000000000e+02
4.960000000000000000e+02
4.840000000000000000e+02
4.810000000000000000e+02
4.920000000000000000e+02
4.840000000000000000e+02
4.810000000000000000e+02
5.140000000000000000e+02
4.880000000000000000e+02
4.920000000000000000e+02
5.120000000000000000e+02
6.370000000000000000e+02
6.320000000000000000e+02
6.200000000000000000e+02
6.200000000000000000e+02
5.780000000000000000e+02
5.900000000000000000e+02
6.240000000000000000e+02
4.880000000000000000e+02
4.840000000000000000e+02
4.800000000000000000e+02
4.800000000000000000e+02
4.920000000000000000e+02
4.920000000000000000e+02
4.880000000000000000e+02
4.840000000000000000e+02
4.800000000000000000e+02
4.800000000000000000e+02
4.880000000000000000e+02
4.840000000000000000e+02
5.480000000000000000e+02
5.320000000000000000e+02
4.800000000000000000e+02
4.880000000000000000e+02
4.800000000000000000e+02
4.840000000000000000e+02
4.840000000000000000e+02
4.880000000000000000e+02
4.960000000000000000e+02
4.920000000000000000e+02
4.880000000000000000e+02
4.800000000000000000e+02
4.840000000000000000e+02
4.880000000000000000e+02
4.880000000000000000e+02
5.880000000000000000e+02
5.800000000000000000e+02
5.800000000000000000e+02
5.760000000000000000e+02
4.920000000000000000e+02
4.840000000000000000e+02
4.840000000000000000e+02
4.800000000000000000e+02
4.840000000000000000e+02
4.880000000000000000e+02
4.960000000000000000e+02
4.840000000000000000e+02
4.890000000000000000e+02
4.840000000000000000e+02
4.840000000000000000e+02
4.720000000000000000e+02
4.960000000000000000e+02
5.840000000000000000e+02
5.810000000000000000e+02
5.800000000000000000e+02
4.800000000000000000e+02
4.840000000000000000e+02
4.800000000000000000e+02
4.760000000000000000e+02
4.840000000000000000e+02
4.920000000000000000e+02
4.880000000000000000e+02
4.920000000000000000e+02
4.920000000000000000e+02
4.880000000000000000e+02
4.880000000000000000e+02
4.906666666666666856e+02
4.960000000000000000e+02
5.860000000000000000e+02
5.880000000000000000e+02
5.920000000000000000e+02
6.000000000000000000e+02
4.973333333333333144e+02
5.740000000000000000e+02
4.910000000000000000e+02
5.000000000000000000e+02
4.960000000000000000e+02
5.040000000000000000e+02
5.160000000000000000e+02
4.880000000000000000e+02
5.640000000000000000e+02
5.520000000000000000e+02
5.720000000000000000e+02
5.800000000000000000e+02
5.280000000000000000e+02
7.026666666666666288e+02
5.520000000000000000e+02
5.730000000000000000e+02
5.760000000000000000e+02
5.760000000000000000e+02
5.560000000000000000e+02
4.800000000000000000e+02
4.880000000000000000e+02
4.950000000000000000e+02
5.600000000000000000e+02
5.000000000000000000e+02
5.120000000000000000e+02
5.160000000000000000e+02
6.160000000000000000e+02
6.080000000000000000e+02
6.000000000000000000e+02
6.040000000000000000e+02
6.080000000000000000e+02
6.080000000000000000e+02
6.080000000000000000e+02
5.560000000000000000e+02
5.573333333333333712e+02
7.960000000000000000e+02
6.000000000000000000e+02
5.960000000000000000e+02
6.070000000000000000e+02
5.480000000000000000e+02
5.813333333333333712e+02
5.480000000000000000e+02
5.600000000000000000e+02
4.920000000000000000e+02
5.506666666666666288e+02
5.160000000000000000e+02
5.560000000000000000e+02
4.853333333333333144e+02
5.490000000000000000e+02
5.600000000000000000e+02
5.640000000000000000e+02
5.786666666666666288e+02
7.960000000000000000e+02
7.960000000000000000e+02
7.960000000000000000e+02
7.960000000000000000e+02
7.660000000000000000e+02
5.800000000000000000e+02
6.520000000000000000e+02
6.520000000000000000e+02
5.920000000000000000e+02
5.613333333333333712e+02
6.350000000000000000e+02
5.560000000000000000e+02
5.560000000000000000e+02
5.540000000000000000e+02
5.506666666666666288e+02
7.880000000000000000e+02
7.920000000000000000e+02
5.773333333333333712e+02
4.840000000000000000e+02
4.840000000000000000e+02
5.580000000000000000e+02
5.280000000000000000e+02
4.810000000000000000e+02
4.810000000000000000e+02
5.620000000000000000e+02
6.826666666666666288e+02
5.390000000000000000e+02
4.880000000000000000e+02
4.800000000000000000e+02
5.266666666666666288e+02
5.810000000000000000e+02
6.080000000000000000e+02
6.200000000000000000e+02
6.080000000000000000e+02
7.710000000000000000e+02
7.533333333333333712e+02
5.600000000000000000e+02
5.480000000000000000e+02
6.150000000000000000e+02
6.160000000000000000e+02
6.160000000000000000e+02
