6.833333333333333712e+02
6.870000000000000000e+02
6.200000000000000000e+02
6.370000000000000000e+02
6.170000000000000000e+02
8.006666666666666288e+02
8.183333333333333712e+02
6.430000000000000000e+02
6.310000000000000000e+02
5.403333333333332575e+02
5.160000000000000000e+02
6.356666666666666288e+02
6.470000000000000000e+02
6.403333333333333712e+02
6.470000000000000000e+02
6.323333333333333712e+02
5.350000000000000000e+02
5.290000000000000000e+02
6.500000000000000000e+02
6.280000000000000000e+02
6.470000000000000000e+02
7.190000000000000000e+02
7.330000000000000000e+02
6.170000000000000000e+02
6.490000000000000000e+02
6.390000000000000000e+02
6.410000000000000000e+02
6.460000000000000000e+02
6.400000000000000000e+02
6.313333333333333712e+02
5.210000000000000000e+02
6.856666666666666288e+02
6.620000000000000000e+02
6.450000000000000000e+02
6.250000000000000000e+02
6.203333333333333712e+02
5.970000000000000000e+02
6.280000000000000000e+02
6.150000000000000000e+02
6.660000000000000000e+02
6.730000000000000000e+02
6.770000000000000000e+02
6.330000000000000000e+02
6.576666666666666288e+02
6.550000000000000000e+02
6.580000000000000000e+02
6.780000000000000000e+02
7.220000000000000000e+02
5.883333333333333712e+02
7.676666666666666288e+02
6.390000000000000000e+02
6.650000000000000000e+02
6.600000000000000000e+02
6.450000000000000000e+02
5.180000000000000000e+02
6.500000000000000000e+02
6.380000000000000000e+02
6.113333333333333712e+02
6.603333333333333712e+02
6.490000000000000000e+02
6.150000000000000000e+02
6.520000000000000000e+02
5.846666666666666288e+02
5.970000000000000000e+02
6.200000000000000000e+02
6.180000000000000000e+02
6.650000000000000000e+02
6.303333333333333712e+02
6.180000000000000000e+02
6.333333333333333712e+02
6.530000000000000000e+02
6.620000000000000000e+02
6.450000000000000000e+02
6.520000000000000000e+02
6.340000000000000000e+02
6.290000000000000000e+02
6.390000000000000000e+02
6.000000000000000000e+02
6.186666666666666288e+02
6.150000000000000000e+02
6.280000000000000000e+02
6.090000000000000000e+02
6.210000000000000000e+02
6.600000000000000000e+02
6.570000000000000000e+02
6.650000000000000000e+02
6.140000000000000000e+02
6.290000000000000000e+02
6.000000000000000000e+02
6.156666666666666288e+02
6.450000000000000000e+02
6.146666666666666288e+02
6.300000000000000000e+02
6.350000000000000000e+02
6.550000000000000000e+02
6.490000000000000000e+02
6.440000000000000000e+02
6.020000000000000000e+02
6.310000000000000000e+02
6.240000000000000000e+02
6.260000000000000000e+02
6.340000000000000000e+02
6.530000000000000000e+02
6.250000000000000000e+02
5.200000000000000000e+02
5.040000000000000000e+02
5.240000000000000000e+02
6.150000000000000000e+02
6.210000000000000000e+02
6.340000000000000000e+02
6.170000000000000000e+02
6.160000000000000000e+02
6.060000000000000000e+02
6.100000000000000000e+02
6.460000000000000000e+02
6.430000000000000000e+02
6.470000000000000000e+02
6.720000000000000000e+02
6.283333333333333712e+02
5.400000000000000000e+02
5.310000000000000000e+02
6.813333333333333712e+02
6.730000000000000000e+02
7.080000000000000000e+02
6.760000000000000000e+02
6.700000000000000000e+02
6.310000000000000000e+02
6.240000000000000000e+02
6.260000000000000000e+02
6.790000000000000000e+02
6.783333333333333712e+02
5.910000000000000000e+02
5.710000000000000000e+02
5.730000000000000000e+02
6.206666666666666288e+02
5.520000000000000000e+02
5.340000000000000000e+02
5.616666666666666288e+02
5.056666666666666856e+02
5.850000000000000000e+02
5.810000000000000000e+02
6.180000000000000000e+02
6.150000000000000000e+02
6.200000000000000000e+02
6.370000000000000000e+02
6.143333333333333712e+02
5.290000000000000000e+02
5.240000000000000000e+02
6.320000000000000000e+02
5.870000000000000000e+02
5.960000000000000000e+02
6.010000000000000000e+02
5.890000000000000000e+02
5.760000000000000000e+02
5.210000000000000000e+02
5.290000000000000000e+02
5.100000000000000000e+02
5.540000000000000000e+02
5.420000000000000000e+02
5.340000000000000000e+02
5.610000000000000000e+02
5.683333333333333712e+02
5.670000000000000000e+02
5.640000000000000000e+02
6.750000000000000000e+02
6.490000000000000000e+02
6.410000000000000000e+02
6.506666666666666288e+02
6.400000000000000000e+02
6.183333333333333712e+02
6.563333333333333712e+02
6.420000000000000000e+02
6.570000000000000000e+02
5.470000000000000000e+02
5.630000000000000000e+02
5.083333333333333144e+02
5.130000000000000000e+02
5.300000000000000000e+02
5.020000000000000000e+02
5.290000000000000000e+02
5.270000000000000000e+02
5.240000000000000000e+02
5.380000000000000000e+02
5.260000000000000000e+02
5.823333333333333712e+02
5.840000000000000000e+02
5.820000000000000000e+02
6.193333333333333712e+02
6.640000000000000000e+02
6.660000000000000000e+02
5.970000000000000000e+02
5.230000000000000000e+02
5.943333333333333712e+02
5.240000000000000000e+02
5.250000000000000000e+02
5.510000000000000000e+02
5.290000000000000000e+02
5.440000000000000000e+02
5.360000000000000000e+02
5.173333333333332575e+02
5.190000000000000000e+02
5.250000000000000000e+02
5.410000000000000000e+02
5.310000000000000000e+02
5.320000000000000000e+02
5.130000000000000000e+02
5.230000000000000000e+02
6.270000000000000000e+02
6.160000000000000000e+02
6.060000000000000000e+02
5.980000000000000000e+02
6.200000000000000000e+02
6.170000000000000000e+02
6.060000000000000000e+02
4.980000000000000000e+02
4.930000000000000000e+02
4.980000000000000000e+02
5.320000000000000000e+02
5.340000000000000000e+02
5.260000000000000000e+02
5.230000000000000000e+02
5.260000000000000000e+02
5.300000000000000000e+02
5.060000000000000000e+02
5.100000000000000000e+02
5.200000000000000000e+02
5.370000000000000000e+02
5.300000000000000000e+02
5.070000000000000000e+02
5.660000000000000000e+02
5.190000000000000000e+02
5.633333333333333712e+02
5.336666666666667425e+02
5.080000000000000000e+02
5.240000000000000000e+02
5.260000000000000000e+02
5.140000000000000000e+02
5.330000000000000000e+02
5.170000000000000000e+02
5.120000000000000000e+02
5.450000000000000000e+02
5.380000000000000000e+02
5.343333333333332575e+02
5.290000000000000000e+02
5.160000000000000000e+02
5.060000000000000000e+02
5.030000000000000000e+02
5.290000000000000000e+02
5.190000000000000000e+02
5.160000000000000000e+02
5.920000000000000000e+02
6.350000000000000000e+02
6.110000000000000000e+02
5.983333333333333712e+02
5.270000000000000000e+02
5.140000000000000000e+02
5.240000000000000000e+02
5.370000000000000000e+02
5.200000000000000000e+02
5.150000000000000000e+02
5.280000000000000000e+02
5.260000000000000000e+02
5.080000000000000000e+02
5.260000000000000000e+02
5.430000000000000000e+02
5.180000000000000000e+02
5.340000000000000000e+02
5.250000000000000000e+02
5.170000000000000000e+02
5.180000000000000000e+02
5.380000000000000000e+02
5.523333333333333712e+02
5.890000000000000000e+02
5.800000000000000000e+02
5.620000000000000000e+02
5.580000000000000000e+02
5.383333333333332575e+02
5.270000000000000000e+02
5.410000000000000000e+02
5.240000000000000000e+02
5.100000000000000000e+02
5.280000000000000000e+02
5.300000000000000000e+02
5.340000000000000000e+02
5.290000000000000000e+02
5.130000000000000000e+02
5.406666666666667425e+02
5.130000000000000000e+02
5.010000000000000000e+02
5.350000000000000000e+02
5.120000000000000000e+02
5.100000000000000000e+02
5.070000000000000000e+02
5.990000000000000000e+02
6.250000000000000000e+02
6.423333333333333712e+02
5.230000000000000000e+02
5.180000000000000000e+02
5.400000000000000000e+02
5.000000000000000000e+02
5.250000000000000000e+02
5.180000000000000000e+02
5.240000000000000000e+02
5.280000000000000000e+02
5.320000000000000000e+02
5.400000000000000000e+02
5.220000000000000000e+02
5.470000000000000000e+02
5.430000000000000000e+02
5.100000000000000000e+02
5.260000000000000000e+02
5.370000000000000000e+02
5.580000000000000000e+02
5.330000000000000000e+02
5.630000000000000000e+02
6.520000000000000000e+02
6.450000000000000000e+02
6.553333333333333712e+02
5.810000000000000000e+02
5.506666666666666288e+02
5.370000000000000000e+02
5.310000000000000000e+02
5.200000000000000000e+02
5.300000000000000000e+02
5.210000000000000000e+02
5.380000000000000000e+02
5.270000000000000000e+02
5.510000000000000000e+02
5.120000000000000000e+02
5.160000000000000000e+02
5.420000000000000000e+02
5.290000000000000000e+02
5.170000000000000000e+02
5.036666666666666856e+02
6.590000000000000000e+02
6.273333333333333712e+02
6.230000000000000000e+02
6.436666666666666288e+02
6.430000000000000000e+02
6.430000000000000000e+02
5.210000000000000000e+02
5.310000000000000000e+02
6.090000000000000000e+02
5.376666666666667425e+02
5.490000000000000000e+02
5.410000000000000000e+02
5.380000000000000000e+02
5.340000000000000000e+02
5.040000000000000000e+02
4.980000000000000000e+02
5.360000000000000000e+02
5.160000000000000000e+02
5.270000000000000000e+02
5.890000000000000000e+02
5.940000000000000000e+02
6.416666666666666288e+02
6.176666666666666288e+02
6.266666666666666288e+02
6.490000000000000000e+02
6.420000000000000000e+02
6.170000000000000000e+02
5.950000000000000000e+02
5.210000000000000000e+02
5.080000000000000000e+02
5.440000000000000000e+02
5.250000000000000000e+02
5.270000000000000000e+02
5.120000000000000000e+02
5.400000000000000000e+02
5.020000000000000000e+02
5.373333333333332575e+02
5.490000000000000000e+02
5.560000000000000000e+02
5.230000000000000000e+02
6.980000000000000000e+02
6.900000000000000000e+02
6.586666666666666288e+02
6.610000000000000000e+02
6.543333333333333712e+02
6.613333333333333712e+02
6.560000000000000000e+02
7.090000000000000000e+02
6.990000000000000000e+02
5.760000000000000000e+02
5.800000000000000000e+02
5.820000000000000000e+02
5.820000000000000000e+02
6.440000000000000000e+02
6.400000000000000000e+02
6.560000000000000000e+02
6.250000000000000000e+02
5.306666666666667425e+02
5.350000000000000000e+02
6.150000000000000000e+02
6.200000000000000000e+02
6.540000000000000000e+02
6.060000000000000000e+02
5.340000000000000000e+02
5.290000000000000000e+02
5.200000000000000000e+02
5.560000000000000000e+02
5.470000000000000000e+02
6.130000000000000000e+02
6.350000000000000000e+02
6.210000000000000000e+02
6.600000000000000000e+02
6.280000000000000000e+02
6.680000000000000000e+02
6.220000000000000000e+02
6.380000000000000000e+02
6.350000000000000000e+02
6.380000000000000000e+02
6.460000000000000000e+02
5.190000000000000000e+02
5.976666666666666288e+02
6.020000000000000000e+02
6.716666666666666288e+02
6.840000000000000000e+02
6.580000000000000000e+02
6.220000000000000000e+02
6.460000000000000000e+02
6.420000000000000000e+02
7.223333333333333712e+02
6.980000000000000000e+02
6.830000000000000000e+02
6.583333333333333712e+02
6.400000000000000000e+02
5.543333333333332575e+02
5.196666666666667425e+02
6.380000000000000000e+02
6.440000000000000000e+02
6.400000000000000000e+02
6.340000000000000000e+02
6.443333333333333712e+02
5.260000000000000000e+02
5.220000000000000000e+02
5.520000000000000000e+02
5.360000000000000000e+02
5.470000000000000000e+02
6.410000000000000000e+02
6.326666666666666288e+02
