6.200000000000000000e+02
6.240000000000000000e+02
6.240000000000000000e+02
7.960000000000000000e+02
7.960000000000000000e+02
7.960000000000000000e+02
7.960000000000000000e+02
7.960000000000000000e+02
7.880000000000000000e+02
6.120000000000000000e+02
7.960000000000000000e+02
5.740000000000000000e+02
5.410000000000000000e+02
5.080000000000000000e+02
4.880000000000000000e+02
4.920000000000000000e+02
5.506666666666666288e+02
4.980000000000000000e+02
6.160000000000000000e+02
5.060000000000000000e+02
6.000000000000000000e+02
4.960000000000000000e+02
4.960000000000000000e+02
6.240000000000000000e+02
7.880000000000000000e+02
7.960000000000000000e+02
7.960000000000000000e+02
7.960000000000000000e+02
6.360000000000000000e+02
6.280000000000000000e+02
6.190000000000000000e+02
6.280000000000000000e+02
6.026666666666666288e+02
6.240000000000000000e+02
6.240000000000000000e+02
7.960000000000000000e+02
7.960000000000000000e+02
7.960000000000000000e+02
5.080000000000000000e+02
7.840000000000000000e+02
4.960000000000000000e+02
6.040000000000000000e+02
5.680000000000000000e+02
5.520000000000000000e+02
5.960000000000000000e+02
5.960000000000000000e+02
6.013333333333333712e+02
6.066666666666666288e+02
6.080000000000000000e+02
6.040000000000000000e+02
6.133333333333333712e+02
5.880000000000000000e+02
5.786666666666666288e+02
5.640000000000000000e+02
4.960000000000000000e+02
4.960000000000000000e+02
5.000000000000000000e+02
5.040000000000000000e+02
5.040000000000000000e+02
5.080000000000000000e+02
6.160000000000000000e+02
7.960000000000000000e+02
6.240000000000000000e+02
6.120000000000000000e+02
5.800000000000000000e+02
5.880000000000000000e+02
6.280000000000000000e+02
6.200000000000000000e+02
5.160000000000000000e+02
5.320000000000000000e+02
4.920000000000000000e+02
4.920000000000000000e+02
4.950000000000000000e+02
4.880000000000000000e+02
4.760000000000000000e+02
4.760000000000000000e+02
5.360000000000000000e+02
5.000000000000000000e+02
5.320000000000000000e+02
5.173333333333333712e+02
5.080000000000000000e+02
4.800000000000000000e+02
4.960000000000000000e+02
4.880000000000000000e+02
4.800000000000000000e+02
4.880000000000000000e+02
4.800000000000000000e+02
4.810000000000000000e+02
5.140000000000000000e+02
4.920000000000000000e+02
4.920000000000000000e+02
5.080000000000000000e+02
6.400000000000000000e+02
6.400000000000000000e+02
6.293333333333333712e+02
6.120000000000000000e+02
5.880000000000000000e+02
5.900000000000000000e+02
6.240000000000000000e+02
4.880000000000000000e+02
4.840000000000000000e+02
4.760000000000000000e+02
4.840000000000000000e+02
4.920000000000000000e+02
4.920000000000000000e+02
5.000000000000000000e+02
4.840000000000000000e+02
4.800000000000000000e+02
4.800000000000000000e+02
4.880000000000000000e+02
4.800000000000000000e+02
5.480000000000000000e+02
5.250000000000000000e+02
4.800000000000000000e+02
4.810000000000000000e+02
4.800000000000000000e+02
4.840000000000000000e+02
4.840000000000000000e+02
4.880000000000000000e+02
4.920000000000000000e+02
4.960000000000000000e+02
4.840000000000000000e+02
4.800000000000000000e+02
4.800000000000000000e+02
4.880000000000000000e+02
4.880000000000000000e+02
5.840000000000000000e+02
5.750000000000000000e+02
5.760000000000000000e+02
5.760000000000000000e+02
4.880000000000000000e+02
4.880000000000000000e+02
4.760000000000000000e+02
4.800000000000000000e+02
4.840000000000000000e+02
4.880000000000000000e+02
4.960000000000000000e+02
4.893333333333333144e+02
5.000000000000000000e+02
4.800000000000000000e+02
4.840000000000000000e+02
4.720000000000000000e+02
4.930000000000000000e+02
5.840000000000000000e+02
5.810000000000000000e+02
5.160000000000000000e+02
4.880000000000000000e+02
4.800000000000000000e+02
4.800000000000000000e+02
4.760000000000000000e+02
4.840000000000000000e+02
4.920000000000000000e+02
4.880000000000000000e+02
4.960000000000000000e+02
4.880000000000000000e+02
4.840000000000000000e+02
4.880000000000000000e+02
4.906666666666666856e+02
4.920000000000000000e+02
5.860000000000000000e+02
5.880000000000000000e+02
5.920000000000000000e+02
5.853333333333333712e+02
5.000000000000000000e+02
5.740000000000000000e+02
4.940000000000000000e+02
4.920000000000000000e+02
4.920000000000000000e+02
5.040000000000000000e+02
5.360000000000000000e+02
4.880000000000000000e+02
5.690000000000000000e+02
5.520000000000000000e+02
5.680000000000000000e+02
5.780000000000000000e+02
5.500000000000000000e+02
5.440000000000000000e+02
5.493333333333333712e+02
5.693333333333333712e+02
5.760000000000000000e+02
5.720000000000000000e+02
5.560000000000000000e+02
4.810000000000000000e+02
4.880000000000000000e+02
4.960000000000000000e+02
4.866666666666666856e+02
5.500000000000000000e+02
5.120000000000000000e+02
5.160000000000000000e+02
6.160000000000000000e+02
6.080000000000000000e+02
6.080000000000000000e+02
6.000000000000000000e+02
6.000000000000000000e+02
6.080000000000000000e+02
5.586666666666666288e+02
7.960000000000000000e+02
5.666666666666666288e+02
5.660000000000000000e+02
6.013333333333333712e+02
6.000000000000000000e+02
5.506666666666666288e+02
5.480000000000000000e+02
5.560000000000000000e+02
5.580000000000000000e+02
5.600000000000000000e+02
4.920000000000000000e+02
5.520000000000000000e+02
6.866666666666666288e+02
4.880000000000000000e+02
4.840000000000000000e+02
5.453333333333333712e+02
5.620000000000000000e+02
5.710000000000000000e+02
5.960000000000000000e+02
7.960000000000000000e+02
7.960000000000000000e+02
7.960000000000000000e+02
7.960000000000000000e+02
6.340000000000000000e+02
7.960000000000000000e+02
6.440000000000000000e+02
6.480000000000000000e+02
6.000000000000000000e+02
5.613333333333333712e+02
6.350000000000000000e+02
5.600000000000000000e+02
5.560000000000000000e+02
5.560000000000000000e+02
7.920000000000000000e+02
7.880000000000000000e+02
7.920000000000000000e+02
5.773333333333333712e+02
4.760000000000000000e+02
4.813333333333333144e+02
4.880000000000000000e+02
4.720000000000000000e+02
4.880000000000000000e+02
5.240000000000000000e+02
6.933333333333333712e+02
6.826666666666666288e+02
5.390000000000000000e+02
4.880000000000000000e+02
4.880000000000000000e+02
5.180000000000000000e+02
7.370000000000000000e+02
7.460000000000000000e+02
6.200000000000000000e+02
7.960000000000000000e+02
5.580000000000000000e+02
5.586666666666666288e+02
5.650000000000000000e+02
5.530000000000000000e+02
5.480000000000000000e+02
6.160000000000000000e+02
6.200000000000000000e+02
