4.290000000000000000e+02
4.530000000000000000e+02
4.640000000000000000e+02
5.220000000000000000e+02
4.680000000000000000e+02
4.760000000000000000e+02
4.800000000000000000e+02
4.720000000000000000e+02
4.746666666666666856e+02
4.760000000000000000e+02
7.510000000000000000e+02
5.700000000000000000e+02
4.773333333333333144e+02
4.920000000000000000e+02
5.040000000000000000e+02
4.680000000000000000e+02
4.573333333333333144e+02
5.040000000000000000e+02
4.880000000000000000e+02
4.840000000000000000e+02
4.790000000000000000e+02
4.820000000000000000e+02
5.150000000000000000e+02
4.720000000000000000e+02
7.440000000000000000e+02
4.680000000000000000e+02
6.840000000000000000e+02
4.680000000000000000e+02
4.720000000000000000e+02
4.760000000000000000e+02
4.690000000000000000e+02
4.760000000000000000e+02
4.746666666666666856e+02
4.670000000000000000e+02
4.660000000000000000e+02
4.670000000000000000e+02
7.100000000000000000e+02
4.840000000000000000e+02
5.066666666666666856e+02
4.013333333333333144e+02
4.860000000000000000e+02
7.480000000000000000e+02
4.920000000000000000e+02
7.480000000000000000e+02
7.420000000000000000e+02
7.520000000000000000e+02
4.840000000000000000e+02
4.773333333333333144e+02
7.320000000000000000e+02
7.360000000000000000e+02
6.680000000000000000e+02
7.440000000000000000e+02
7.440000000000000000e+02
7.480000000000000000e+02
3.986666666666666856e+02
7.490000000000000000e+02
7.253333333333333712e+02
4.620000000000000000e+02
4.800000000000000000e+02
7.530000000000000000e+02
7.400000000000000000e+02
4.760000000000000000e+02
7.430000000000000000e+02
4.800000000000000000e+02
4.880000000000000000e+02
4.940000000000000000e+02
4.840000000000000000e+02
4.720000000000000000e+02
4.680000000000000000e+02
4.840000000000000000e+02
4.906666666666666856e+02
4.866666666666666856e+02
4.840000000000000000e+02
4.980000000000000000e+02
7.480000000000000000e+02
7.440000000000000000e+02
7.373333333333333712e+02
7.380000000000000000e+02
7.360000000000000000e+02
7.360000000000000000e+02
7.320000000000000000e+02
7.320000000000000000e+02
7.360000000000000000e+02
4.880000000000000000e+02
5.180000000000000000e+02
5.230000000000000000e+02
4.780000000000000000e+02
4.880000000000000000e+02
4.880000000000000000e+02
4.520000000000000000e+02
4.600000000000000000e+02
4.813333333333333144e+02
4.786666666666666856e+02
4.720000000000000000e+02
4.760000000000000000e+02
4.880000000000000000e+02
5.453333333333333712e+02
4.370000000000000000e+02
4.470000000000000000e+02
4.880000000000000000e+02
4.770000000000000000e+02
4.680000000000000000e+02
4.480000000000000000e+02
4.960000000000000000e+02
4.890000000000000000e+02
4.760000000000000000e+02
5.220000000000000000e+02
5.120000000000000000e+02
4.660000000000000000e+02
4.600000000000000000e+02
7.280000000000000000e+02
7.280000000000000000e+02
7.280000000000000000e+02
7.280000000000000000e+02
4.640000000000000000e+02
4.760000000000000000e+02
4.853333333333333144e+02
4.120000000000000000e+02
4.020000000000000000e+02
4.773333333333333144e+02
4.870000000000000000e+02
4.480000000000000000e+02
4.450000000000000000e+02
4.890000000000000000e+02
4.960000000000000000e+02
4.546666666666666856e+02
4.440000000000000000e+02
4.813333333333333144e+02
4.800000000000000000e+02
4.840000000000000000e+02
4.120000000000000000e+02
5.013333333333333144e+02
4.866666666666666856e+02
4.040000000000000000e+02
3.960000000000000000e+02
3.760000000000000000e+02
4.040000000000000000e+02
4.000000000000000000e+02
4.010000000000000000e+02
4.040000000000000000e+02
3.920000000000000000e+02
3.760000000000000000e+02
4.260000000000000000e+02
4.200000000000000000e+02
3.880000000000000000e+02
4.000000000000000000e+02
4.080000000000000000e+02
3.880000000000000000e+02
4.000000000000000000e+02
4.040000000000000000e+02
3.960000000000000000e+02
3.960000000000000000e+02
3.840000000000000000e+02
3.920000000000000000e+02
3.960000000000000000e+02
4.080000000000000000e+02
4.040000000000000000e+02
4.080000000000000000e+02
4.746666666666666856e+02
4.760000000000000000e+02
4.920000000000000000e+02
4.840000000000000000e+02
4.200000000000000000e+02
4.080000000000000000e+02
4.120000000000000000e+02
3.960000000000000000e+02
3.960000000000000000e+02
3.920000000000000000e+02
3.900000000000000000e+02
3.960000000000000000e+02
4.040000000000000000e+02
4.040000000000000000e+02
3.530000000000000000e+02
3.920000000000000000e+02
3.920000000000000000e+02
3.946666666666666856e+02
3.760000000000000000e+02
3.800000000000000000e+02
3.770000000000000000e+02
3.630000000000000000e+02
4.000000000000000000e+02
4.080000000000000000e+02
4.000000000000000000e+02
3.920000000000000000e+02
3.920000000000000000e+02
3.880000000000000000e+02
3.960000000000000000e+02
3.960000000000000000e+02
4.053333333333333144e+02
4.200000000000000000e+02
4.320000000000000000e+02
4.973333333333333144e+02
4.480000000000000000e+02
4.320000000000000000e+02
4.320000000000000000e+02
4.120000000000000000e+02
4.040000000000000000e+02
4.080000000000000000e+02
3.960000000000000000e+02
3.960000000000000000e+02
3.960000000000000000e+02
3.920000000000000000e+02
4.200000000000000000e+02
4.120000000000000000e+02
3.600000000000000000e+02
4.133333333333333144e+02
4.080000000000000000e+02
3.920000000000000000e+02
3.800000000000000000e+02
3.920000000000000000e+02
4.160000000000000000e+02
3.960000000000000000e+02
3.880000000000000000e+02
4.080000000000000000e+02
3.880000000000000000e+02
4.000000000000000000e+02
3.960000000000000000e+02
3.920000000000000000e+02
4.186666666666666856e+02
4.000000000000000000e+02
4.080000000000000000e+02
4.320000000000000000e+02
4.360000000000000000e+02
5.080000000000000000e+02
5.080000000000000000e+02
5.000000000000000000e+02
4.920000000000000000e+02
4.280000000000000000e+02
4.120000000000000000e+02
4.080000000000000000e+02
4.000000000000000000e+02
3.920000000000000000e+02
4.040000000000000000e+02
4.000000000000000000e+02
4.080000000000000000e+02
4.040000000000000000e+02
4.000000000000000000e+02
4.040000000000000000e+02
4.000000000000000000e+02
3.960000000000000000e+02
4.040000000000000000e+02
3.960000000000000000e+02
4.000000000000000000e+02
4.000000000000000000e+02
4.000000000000000000e+02
4.000000000000000000e+02
4.040000000000000000e+02
4.040000000000000000e+02
4.000000000000000000e+02
4.000000000000000000e+02
4.120000000000000000e+02
4.690000000000000000e+02
4.240000000000000000e+02
4.760000000000000000e+02
4.790000000000000000e+02
4.760000000000000000e+02
4.640000000000000000e+02
4.560000000000000000e+02
4.600000000000000000e+02
4.720000000000000000e+02
4.720000000000000000e+02
4.560000000000000000e+02
4.600000000000000000e+02
4.720000000000000000e+02
4.026666666666666856e+02
4.120000000000000000e+02
4.080000000000000000e+02
4.040000000000000000e+02
4.040000000000000000e+02
4.050000000000000000e+02
4.120000000000000000e+02
4.360000000000000000e+02
7.160000000000000000e+02
7.200000000000000000e+02
4.560000000000000000e+02
4.600000000000000000e+02
4.600000000000000000e+02
5.050000000000000000e+02
5.040000000000000000e+02
4.880000000000000000e+02
4.680000000000000000e+02
4.480000000000000000e+02
4.440000000000000000e+02
4.720000000000000000e+02
4.760000000000000000e+02
4.680000000000000000e+02
4.640000000000000000e+02
4.760000000000000000e+02
4.560000000000000000e+02
5.520000000000000000e+02
5.640000000000000000e+02
4.720000000000000000e+02
4.760000000000000000e+02
4.720000000000000000e+02
5.120000000000000000e+02
5.120000000000000000e+02
5.080000000000000000e+02
4.440000000000000000e+02
5.040000000000000000e+02
5.110000000000000000e+02
4.560000000000000000e+02
7.200000000000000000e+02
7.200000000000000000e+02
7.200000000000000000e+02
7.200000000000000000e+02
7.200000000000000000e+02
7.120000000000000000e+02
4.640000000000000000e+02
5.080000000000000000e+02
5.040000000000000000e+02
5.120000000000000000e+02
5.080000000000000000e+02
5.180000000000000000e+02
5.013333333333333144e+02
5.160000000000000000e+02
4.720000000000000000e+02
4.680000000000000000e+02
4.760000000000000000e+02
4.800000000000000000e+02
4.840000000000000000e+02
4.893333333333333144e+02
4.800000000000000000e+02
4.760000000000000000e+02
4.786666666666666856e+02
4.760000000000000000e+02
4.720000000000000000e+02
4.733333333333333144e+02
4.780000000000000000e+02
4.600000000000000000e+02
7.330000000000000000e+02
5.120000000000000000e+02
7.470000000000000000e+02
7.370000000000000000e+02
7.306666666666666288e+02
7.200000000000000000e+02
7.200000000000000000e+02
