6.893333333333333712e+02
6.930000000000000000e+02
6.310000000000000000e+02
6.470000000000000000e+02
6.190000000000000000e+02
8.106666666666666288e+02
8.433333333333333712e+02
6.530000000000000000e+02
6.370000000000000000e+02
5.473333333333332575e+02
5.160000000000000000e+02
6.596666666666666288e+02
6.590000000000000000e+02
6.513333333333333712e+02
6.540000000000000000e+02
6.423333333333333712e+02
5.410000000000000000e+02
5.330000000000000000e+02
6.550000000000000000e+02
6.390000000000000000e+02
6.500000000000000000e+02
7.280000000000000000e+02
7.370000000000000000e+02
6.220000000000000000e+02
6.550000000000000000e+02
6.430000000000000000e+02
6.510000000000000000e+02
6.510000000000000000e+02
6.530000000000000000e+02
6.463333333333333712e+02
5.260000000000000000e+02
6.906666666666666288e+02
6.800000000000000000e+02
6.530000000000000000e+02
6.370000000000000000e+02
6.253333333333333712e+02
6.120000000000000000e+02
6.390000000000000000e+02
6.200000000000000000e+02
6.690000000000000000e+02
6.770000000000000000e+02
6.840000000000000000e+02
6.400000000000000000e+02
6.626666666666666288e+02
6.770000000000000000e+02
6.680000000000000000e+02
6.930000000000000000e+02
7.360000000000000000e+02
6.083333333333333712e+02
7.756666666666666288e+02
6.450000000000000000e+02
6.760000000000000000e+02
6.750000000000000000e+02
6.490000000000000000e+02
5.240000000000000000e+02
6.570000000000000000e+02
6.620000000000000000e+02
6.243333333333333712e+02
6.653333333333333712e+02
6.580000000000000000e+02
6.220000000000000000e+02
6.580000000000000000e+02
5.916666666666666288e+02
6.050000000000000000e+02
6.300000000000000000e+02
6.190000000000000000e+02
6.820000000000000000e+02
6.333333333333333712e+02
6.240000000000000000e+02
6.433333333333333712e+02
6.680000000000000000e+02
6.680000000000000000e+02
6.590000000000000000e+02
6.520000000000000000e+02
6.480000000000000000e+02
6.350000000000000000e+02
6.460000000000000000e+02
6.130000000000000000e+02
6.246666666666666288e+02
6.280000000000000000e+02
6.400000000000000000e+02
6.180000000000000000e+02
6.300000000000000000e+02
6.760000000000000000e+02
6.650000000000000000e+02
6.770000000000000000e+02
6.220000000000000000e+02
6.440000000000000000e+02
6.060000000000000000e+02
6.316666666666666288e+02
6.630000000000000000e+02
6.206666666666666288e+02
6.340000000000000000e+02
6.360000000000000000e+02
6.600000000000000000e+02
6.550000000000000000e+02
6.550000000000000000e+02
6.150000000000000000e+02
6.320000000000000000e+02
6.400000000000000000e+02
6.370000000000000000e+02
6.420000000000000000e+02
6.670000000000000000e+02
6.350000000000000000e+02
5.350000000000000000e+02
5.050000000000000000e+02
5.240000000000000000e+02
6.180000000000000000e+02
6.280000000000000000e+02
6.480000000000000000e+02
6.230000000000000000e+02
6.180000000000000000e+02
6.150000000000000000e+02
6.160000000000000000e+02
6.570000000000000000e+02
6.450000000000000000e+02
6.500000000000000000e+02
6.840000000000000000e+02
6.303333333333333712e+02
5.550000000000000000e+02
5.350000000000000000e+02
7.063333333333333712e+02
6.730000000000000000e+02
7.190000000000000000e+02
6.870000000000000000e+02
6.830000000000000000e+02
6.450000000000000000e+02
6.270000000000000000e+02
6.350000000000000000e+02
6.880000000000000000e+02
6.813333333333333712e+02
5.950000000000000000e+02
5.910000000000000000e+02
5.760000000000000000e+02
6.256666666666666288e+02
5.680000000000000000e+02
5.510000000000000000e+02
5.736666666666666288e+02
5.096666666666666856e+02
5.850000000000000000e+02
5.900000000000000000e+02
6.220000000000000000e+02
6.260000000000000000e+02
6.390000000000000000e+02
6.550000000000000000e+02
6.243333333333333712e+02
5.320000000000000000e+02
5.390000000000000000e+02
6.420000000000000000e+02
6.010000000000000000e+02
6.070000000000000000e+02
6.180000000000000000e+02
6.010000000000000000e+02
5.810000000000000000e+02
5.310000000000000000e+02
5.380000000000000000e+02
5.200000000000000000e+02
5.640000000000000000e+02
5.430000000000000000e+02
5.410000000000000000e+02
5.660000000000000000e+02
5.793333333333333712e+02
5.760000000000000000e+02
5.680000000000000000e+02
6.800000000000000000e+02
6.510000000000000000e+02
6.470000000000000000e+02
6.566666666666666288e+02
6.510000000000000000e+02
6.313333333333333712e+02
6.633333333333333712e+02
6.430000000000000000e+02
6.650000000000000000e+02
5.600000000000000000e+02
5.800000000000000000e+02
5.183333333333332575e+02
5.230000000000000000e+02
5.360000000000000000e+02
5.130000000000000000e+02
5.320000000000000000e+02
5.270000000000000000e+02
5.250000000000000000e+02
5.480000000000000000e+02
5.350000000000000000e+02
6.073333333333333712e+02
5.950000000000000000e+02
5.930000000000000000e+02
6.363333333333333712e+02
6.670000000000000000e+02
6.810000000000000000e+02
6.120000000000000000e+02
5.270000000000000000e+02
6.063333333333333712e+02
5.340000000000000000e+02
5.320000000000000000e+02
5.640000000000000000e+02
5.560000000000000000e+02
5.480000000000000000e+02
5.400000000000000000e+02
5.233333333333332575e+02
5.280000000000000000e+02
5.440000000000000000e+02
5.410000000000000000e+02
5.330000000000000000e+02
5.360000000000000000e+02
5.180000000000000000e+02
5.330000000000000000e+02
6.370000000000000000e+02
6.260000000000000000e+02
6.170000000000000000e+02
6.040000000000000000e+02
6.270000000000000000e+02
6.260000000000000000e+02
6.100000000000000000e+02
5.070000000000000000e+02
5.050000000000000000e+02
5.010000000000000000e+02
5.400000000000000000e+02
5.590000000000000000e+02
5.350000000000000000e+02
5.380000000000000000e+02
5.340000000000000000e+02
5.480000000000000000e+02
5.320000000000000000e+02
5.160000000000000000e+02
5.330000000000000000e+02
5.420000000000000000e+02
5.390000000000000000e+02
5.070000000000000000e+02
5.670000000000000000e+02
5.250000000000000000e+02
5.723333333333333712e+02
5.376666666666667425e+02
5.180000000000000000e+02
5.340000000000000000e+02
5.430000000000000000e+02
5.200000000000000000e+02
5.340000000000000000e+02
5.230000000000000000e+02
5.220000000000000000e+02
5.520000000000000000e+02
5.410000000000000000e+02
5.363333333333332575e+02
5.430000000000000000e+02
5.400000000000000000e+02
5.130000000000000000e+02
5.120000000000000000e+02
5.330000000000000000e+02
5.230000000000000000e+02
5.320000000000000000e+02
5.970000000000000000e+02
6.540000000000000000e+02
6.170000000000000000e+02
6.053333333333333712e+02
5.420000000000000000e+02
5.260000000000000000e+02
5.370000000000000000e+02
5.520000000000000000e+02
5.290000000000000000e+02
5.200000000000000000e+02
5.350000000000000000e+02
5.380000000000000000e+02
5.150000000000000000e+02
5.310000000000000000e+02
5.470000000000000000e+02
5.280000000000000000e+02
5.370000000000000000e+02
5.490000000000000000e+02
5.270000000000000000e+02
5.230000000000000000e+02
5.420000000000000000e+02
5.673333333333333712e+02
5.960000000000000000e+02
5.860000000000000000e+02
5.730000000000000000e+02
5.670000000000000000e+02
5.403333333333332575e+02
5.390000000000000000e+02
5.520000000000000000e+02
5.280000000000000000e+02
5.390000000000000000e+02
5.350000000000000000e+02
5.330000000000000000e+02
5.410000000000000000e+02
5.420000000000000000e+02
5.290000000000000000e+02
5.476666666666667425e+02
5.190000000000000000e+02
5.040000000000000000e+02
5.480000000000000000e+02
5.250000000000000000e+02
5.210000000000000000e+02
5.220000000000000000e+02
6.190000000000000000e+02
6.370000000000000000e+02
6.523333333333333712e+02
5.310000000000000000e+02
5.280000000000000000e+02
5.440000000000000000e+02
5.000000000000000000e+02
5.300000000000000000e+02
5.230000000000000000e+02
5.250000000000000000e+02
5.290000000000000000e+02
5.500000000000000000e+02
5.470000000000000000e+02
5.310000000000000000e+02
5.560000000000000000e+02
5.460000000000000000e+02
5.190000000000000000e+02
5.390000000000000000e+02
5.420000000000000000e+02
5.760000000000000000e+02
5.400000000000000000e+02
5.680000000000000000e+02
6.520000000000000000e+02
6.650000000000000000e+02
6.653333333333333712e+02
5.900000000000000000e+02
5.546666666666666288e+02
5.470000000000000000e+02
5.420000000000000000e+02
5.280000000000000000e+02
5.410000000000000000e+02
5.210000000000000000e+02
5.400000000000000000e+02
5.370000000000000000e+02
5.700000000000000000e+02
5.210000000000000000e+02
5.270000000000000000e+02
5.470000000000000000e+02
5.450000000000000000e+02
5.170000000000000000e+02
5.206666666666667425e+02
6.750000000000000000e+02
6.333333333333333712e+02
6.410000000000000000e+02
6.586666666666666288e+02
6.500000000000000000e+02
6.500000000000000000e+02
5.240000000000000000e+02
5.400000000000000000e+02
6.230000000000000000e+02
5.516666666666667425e+02
5.590000000000000000e+02
5.490000000000000000e+02
5.530000000000000000e+02
5.560000000000000000e+02
5.110000000000000000e+02
5.140000000000000000e+02
5.410000000000000000e+02
5.310000000000000000e+02
5.350000000000000000e+02
5.970000000000000000e+02
6.150000000000000000e+02
6.596666666666666288e+02
6.316666666666666288e+02
6.386666666666666288e+02
6.620000000000000000e+02
6.670000000000000000e+02
6.360000000000000000e+02
6.040000000000000000e+02
5.210000000000000000e+02
5.120000000000000000e+02
5.510000000000000000e+02
5.310000000000000000e+02
5.430000000000000000e+02
5.210000000000000000e+02
5.490000000000000000e+02
5.020000000000000000e+02
5.493333333333332575e+02
5.580000000000000000e+02
5.620000000000000000e+02
5.290000000000000000e+02
7.040000000000000000e+02
7.040000000000000000e+02
6.696666666666666288e+02
6.610000000000000000e+02
6.643333333333333712e+02
6.613333333333333712e+02
6.770000000000000000e+02
7.150000000000000000e+02
7.100000000000000000e+02
5.830000000000000000e+02
5.980000000000000000e+02
5.950000000000000000e+02
5.930000000000000000e+02
6.660000000000000000e+02
6.490000000000000000e+02
6.610000000000000000e+02
6.320000000000000000e+02
5.356666666666667425e+02
5.600000000000000000e+02
6.180000000000000000e+02
6.290000000000000000e+02
6.630000000000000000e+02
6.180000000000000000e+02
5.430000000000000000e+02
5.320000000000000000e+02
5.250000000000000000e+02
5.620000000000000000e+02
5.530000000000000000e+02
6.300000000000000000e+02
6.380000000000000000e+02
6.280000000000000000e+02
6.720000000000000000e+02
6.330000000000000000e+02
6.740000000000000000e+02
6.290000000000000000e+02
6.580000000000000000e+02
6.410000000000000000e+02
6.510000000000000000e+02
6.630000000000000000e+02
5.410000000000000000e+02
6.026666666666666288e+02
6.120000000000000000e+02
6.856666666666666288e+02
6.870000000000000000e+02
6.680000000000000000e+02
6.250000000000000000e+02
6.520000000000000000e+02
6.560000000000000000e+02
7.283333333333333712e+02
7.060000000000000000e+02
6.930000000000000000e+02
6.733333333333333712e+02
6.420000000000000000e+02
5.763333333333332575e+02
5.226666666666667425e+02
6.480000000000000000e+02
6.600000000000000000e+02
6.520000000000000000e+02
6.470000000000000000e+02
6.563333333333333712e+02
5.320000000000000000e+02
5.310000000000000000e+02
5.590000000000000000e+02
5.430000000000000000e+02
5.550000000000000000e+02
6.440000000000000000e+02
6.516666666666666288e+02
