-3.872756335534708683e+02
-4.064095061638844300e+02
-3.902362275322998926e+02
-3.739666639508017170e+02
-3.576048296907569579e+02
-3.411547617899419151e+02
-3.246205190564635927e+02
-3.091221454914659716e+02
-2.913158471617716145e+02
-2.735588758813402706e+02
-2.567899002414959568e+02
-2.399575655361967677e+02
-2.230660248921637390e+02
-2.061194460442970637e+02
-1.891220103073505072e+02
-1.727036494044148753e+02
-1.561185649868415624e+02
-1.388692227892491076e+02
-1.215856166888781473e+02
-1.038955779036398042e+02
-8.661884168354082192e+01
-6.932073356036195833e+01
-5.219394738628406571e+01
-3.467747802225363785e+01
-1.740370758149730790e+01
0.000000000000000000e+00
1.727804904300274202e+01
3.442619194962860973e+01
5.181709578060692678e+01
6.906957148224471155e+01
8.599116891771805626e+01
1.035191446503657460e+02
1.211466794445139641e+02
1.383678898549919154e+02
1.561185649868415624e+02
1.733293872645758142e+02
1.898097267084681334e+02
1.881308398440675091e+02
2.027872953565124874e+02
2.172706684309563343e+02
2.325115824004817568e+02
2.486898871648547811e+02
2.649285421652343757e+02
2.987449704360208784e+02
2.823389993116999790e+02
2.670395265649573275e+02
2.516741658108330455e+02
2.371804896775998657e+02
2.207609602933010251e+02
2.035984445379385477e+02
1.881308398440675091e+02
1.719291002794095391e+02
1.564344650402308616e+02
1.414648368653329555e+02
1.263358994328186924e+02
1.110511228241377921e+02
9.523761307833648004e+01
8.756035083227496330e+01
7.032538187283097386e+01
5.257079899196120465e+01
3.480312105856614835e+01
1.727804904300274202e+01
0.000000000000000000e+00
-1.734087831225002674e+01
-3.455183498594112024e+01
-5.162866997776835376e+01
-6.881840940412746477e+01
-8.630500530062943199e+01
-1.035191446503657460e+02
-1.211466794445139641e+02
-1.383678898549919154e+02
-1.555549600590912291e+02
-1.727036494044148753e+02
-1.904974431095857881e+02
-2.083680218193257474e+02
-2.254994724364418914e+02
-2.425752844329552715e+02
-2.577236816969195274e+02
-2.745536354299997015e+02
-2.913158471617716145e+02
-3.068902166431521437e+02
-3.257966803573928587e+02
-3.399186938124421431e+02
-3.589004993635495566e+02
-3.739666639508017170e+02
-3.902362275322998926e+02
-4.064095061638844300e+02
-4.224825093310591342e+02
-4.224825093310591342e+02
-4.064095061638844300e+02
-3.902362275322998926e+02
-3.753216156317828904e+02
-3.589004993635495566e+02
-3.411547617899419151e+02
-3.246205190564635927e+02
-3.091221454914659716e+02
-2.913158471617716145e+02
-2.745536354299997015e+02
-2.586574631523431549e+02
-2.408301385017829261e+02
-2.238771740735897993e+02
-2.068689713026399488e+02
-1.904974431095857881e+02
-1.733293872645758142e+02
-1.561185649868415624e+02
-1.393705557235063281e+02
-1.220245539332423306e+02
-1.042720111569138624e+02
-8.661884168354082192e+01
-6.957189563847921931e+01
-5.200552158344549269e+01
-3.480312105856614835e+01
-1.727804904300274202e+01
0.000000000000000000e+00
1.727804904300274202e+01
3.455183498594112024e+01
5.162866997776835376e+01
6.881840940412746477e+01
8.661884168354082192e+01
1.042720111569138624e+02
1.220245539332423306e+02
1.398718886577635487e+02
1.572457748423422288e+02
1.583116786207136499e+02
1.746799658838801008e+02
1.911289408774391063e+02
2.052207429007906399e+02
2.207609602933010251e+02
2.362467082221762666e+02
2.496846467135142120e+02
2.638730499653728430e+02
2.812230348875430650e+02
2.963926478341624602e+02
3.114891303299469882e+02
3.265087575437345890e+02
3.414478236072537811e+02
3.495775336931407651e+02
2.823389993116999790e+02
2.670395265649573275e+02
2.516741658108330455e+02
2.343791453113290117e+02
2.181432413965425212e+02
2.027872953565124874e+02
1.873813145857245956e+02
1.726168166805271937e+02
1.570602029003918005e+02
1.431556516485839552e+02
1.268372323670759130e+02
1.114900600685019754e+02
9.523761307833648004e+01
8.787418721518633902e+01
7.007421979471372708e+01
5.257079899196120465e+01
3.543133624012871508e+01
1.759219538923915493e+01
0.000000000000000000e+00
-1.721521977375546086e+01
-3.442619194962860973e+01
-5.162866997776835376e+01
-6.881840940412746477e+01
-8.661884168354082192e+01
-1.038955779036398042e+02
-1.211466794445139641e+02
-1.383678898549919154e+02
-1.555549600590912291e+02
-1.733293872645758142e+02
-1.898097267084681334e+02
-2.076184965609828623e+02
-2.246883232550158311e+02
-2.417027114673691131e+02
-2.586574631523431549e+02
-2.755483949786591324e+02
-2.913158471617716145e+02
-3.080061810673090577e+02
-3.246205190564635927e+02
-3.411547617899419151e+02
-3.576048296907569579e+02
-3.739666639508017170e+02
-3.916501269074169045e+02
-4.078820043746231363e+02
-4.224825093310591342e+02
-4.255439767899798653e+02
-4.064095061638844300e+02
-3.916501269074169045e+02
-3.753216156317828904e+02
-3.589004993635495566e+02
-3.423908297674416872e+02
-3.257966803573928587e+02
-3.091221454914659716e+02
-2.913158471617716145e+02
-2.755483949786591324e+02
-2.595912446077667823e+02
-2.408301385017829261e+02
-2.246883232550158311e+02
-2.068689713026399488e+02
-1.904974431095857881e+02
-1.727036494044148753e+02
-1.566821699145918956e+02
-1.388692227892491076e+02
-1.229024284219706828e+02
-1.046484444101879205e+02
-8.724651444936357336e+01
-6.932073356036195833e+01
-5.200552158344549269e+01
-3.480312105856614835e+01
-1.740370758149730790e+01
0.000000000000000000e+00
1.734087831225002674e+01
3.480312105856614835e+01
5.181709578060692678e+01
6.856724732601020378e+01
8.756035083227496330e+01
1.054013109167360227e+02
1.229024284219706828e+02
1.403732215920207693e+02
1.583729846978428952e+02
1.752066008450585741e+02
1.746799658838801008e+02
1.896298903607533077e+02
2.052207429007906399e+02
2.207609602933010251e+02
2.353129267667526392e+02
2.516741658108330455e+02
2.670395265649573275e+02
2.823389993116999790e+02
2.975688091350916693e+02
3.127251983074467603e+02
3.278044272165271877e+02
3.428027752882348977e+02
2.963926478341624602e+02
2.812230348875430650e+02
2.659840343650958516e+02
2.353129267667526392e+02
2.207609602933010251e+02
2.303663675249981964e+02
2.128651733693831432e+02
1.953114579174092569e+02
1.770838144255413340e+02
1.600637994810938665e+02
1.263358994328186924e+02
1.101732483354094398e+02
1.057777441700100809e+02
8.818802359809771474e+01
7.082770602906548163e+01
5.275922479479977767e+01
3.530569320381619747e+01
1.759219538923915493e+01
0.000000000000000000e+00
-1.740370758149730790e+01
-3.467747802225363785e+01
-5.200552158344549269e+01
-6.957189563847921931e+01
-8.693267806645219764e+01
-1.038955779036398042e+02
-1.211466794445139641e+02
-1.388692227892491076e+02
-1.420284417930832888e+02
-1.576859407605527110e+02
-1.733045330816448200e+02
-1.888803651024103942e+02
-2.044095937193645796e+02
-2.198883873277148382e+02
-2.586574631523431549e+02
-2.745536354299997015e+02
-2.923713393616331473e+02
-3.091221454914659716e+02
-3.257966803573928587e+02
-3.436268977449415161e+02
-3.589004993635495566e+02
-3.739666639508017170e+02
-3.916501269074169045e+02
-4.093545025853618426e+02
-4.255439767899798653e+02
-4.255439767899798653e+02
-4.093545025853618426e+02
-3.944779256576509852e+02
-3.766765673127640639e+02
-3.614918387091347540e+02
-3.090169943749473873e+02
-2.940403252323039851e+02
-3.102381099156228856e+02
-2.923713393616331473e+02
-2.755483949786591324e+02
-2.586574631523431549e+02
-2.417027114673691131e+02
-2.238771740735897993e+02
-2.061194460442970637e+02
-1.891220103073505072e+02
-1.576859407605527110e+02
-1.431556516485839552e+02
-1.263358994328186924e+02
-1.110511228241377921e+02
-9.486117982506242186e+01
-7.971444125949045656e+01
-6.379516784178238709e+01
-5.200552158344549269e+01
-3.467747802225363785e+01
-1.740370758149730790e+01
0.000000000000000000e+00
1.734087831225002674e+01
3.467747802225363785e+01
5.200552158344549269e+01
6.932073356036195833e+01
8.756035083227496330e+01
1.057777441700100809e+02
1.237803029106990493e+02
1.413758874605352105e+02
1.578093797700925620e+02
1.764580765653804235e+02
1.953114579174092569e+02
2.121156481110402581e+02
2.303663675249981964e+02
2.478107222264722793e+02
2.642601518848849196e+02
2.825117118192750354e+02
2.987042925608020596e+02
3.147019676122505416e+02
2.975688091350916693e+02
3.139612662849465323e+02
3.265087575437345890e+02
3.428027752882348977e+02
2.651939333403085470e+02
2.469381492608861208e+02
2.303663675249981964e+02
2.128651733693831432e+02
1.959991743185268831e+02
1.783352901458631834e+02
1.606274044088441997e+02
1.433812191975640644e+02
1.255360518881557681e+02
1.065306106765581973e+02
8.881569636392048039e+01
7.107886810718274262e+01
5.332450220331548962e+01
3.555697927644122558e+01
1.771785392773372081e+01
0.000000000000000000e+00
-1.583297585031524157e+01
-3.178768818706583232e+01
-4.748330231531979706e+01
-6.354400576366513320e+01
-7.940060487657908084e+01
-9.561404633161053823e+01
-1.119289973128661586e+02
-1.273385653013331194e+02
-1.425920467208336220e+02
-1.595631543410354993e+02
-1.753676822849977555e+02
-1.903794156190961928e+02
-2.052207429007906399e+02
-2.216335332588871836e+02
-2.362467082221762666e+02
-2.506794062621736430e+02
-2.659840343650958516e+02
-2.812230348875430650e+02
-2.963926478341624602e+02
-3.399186938124421431e+02
-3.291000968893197864e+02
-3.414478236072537811e+02
-3.563026425294912087e+02
-3.710695491061553639e+02
-4.255439767899798653e+02
-4.255439767899798653e+02
-4.093545025853618426e+02
-3.916501269074169045e+02
-3.766765673127640639e+02
-3.627875083819273527e+02
-3.127251983074467603e+02
-2.963926478341624602e+02
-2.812230348875430650e+02
-2.680950187648188034e+02
-2.506794062621736430e+02
-2.362467082221762666e+02
-2.198883873277148382e+02
-2.044095937193645796e+02
-1.903794156190961928e+02
-1.746799658838801008e+02
-1.589374164808745604e+02
-1.431556516485839552e+02
-1.278398982355903399e+02
-1.110511228241377921e+02
-9.561404633161053823e+01
-7.940060487657908084e+01
-6.354400576366513320e+01
-4.767172811815837008e+01
-3.178768818706583232e+01
-1.589580511956252273e+01
0.000000000000000000e+00
1.583297585031524157e+01
3.178768818706583232e+01
4.748330231531979706e+01
6.329284368554787932e+01
7.940060487657908084e+01
9.448474657178836367e+01
1.101732483354094398e+02
1.258345664985614718e+02
1.425920467208336220e+02
1.783352901458631834e+02
1.966868907196445377e+02
2.136146986277260567e+02
2.319886658878502885e+02
2.495558681576446247e+02
2.661277147957321176e+02
2.825117118192750354e+02
3.008152769605250683e+02
3.180498608847212836e+02
3.352059707648265885e+02
3.510433056099402620e+02
3.666745174003050920e+02
2.795274331732967994e+02
2.614588075186140372e+02
2.460655762952999623e+02
2.295552183435721361e+02
2.113661228526973446e+02
1.953114579174092569e+02
1.777095522857022729e+02
1.606274044088441997e+02
1.433812191975640644e+02
1.259749891325199513e+02
1.076599104363803718e+02
7.971444125949045656e+01
6.304168160743062543e+01
4.729487651248123115e+01
3.153640211444080421e+01
1.570731731182067570e+01
0.000000000000000000e+00
-1.577014658106795864e+01
-3.166204515075331827e+01
-4.729487651248123115e+01
-6.354400576366513320e+01
-7.908676849366770512e+01
-9.448474657178836367e+01
-1.101732483354094398e+02
-1.253332335643042654e+02
-1.409012319375826507e+02
-1.570602029003918005e+02
-1.726168166805271937e+02
-1.881308398440675091e+02
-2.027872953565124874e+02
-2.190158143621286797e+02
-2.362467082221762666e+02
-2.526689253594924764e+02
-2.670395265649573275e+02
-2.834549637358568930e+02
-2.987449704360208784e+02
-3.139612662849465323e+02
-3.278044272165271877e+02
-3.414478236072537811e+02
-3.577165419046082206e+02
-4.064095061638844300e+02
-4.224825093310591342e+02
-4.224825093310591342e+02
-4.078820043746231363e+02
-3.902362275322998926e+02
-3.726117122698205435e+02
-4.133186256208386453e+02
-3.955417527999326808e+02
-3.775477775982783442e+02
-2.823389993116999790e+02
-2.659840343650958516e+02
-2.506794062621736430e+02
-2.362467082221762666e+02
-2.207609602933010251e+02
-2.052207429007906399e+02
-1.896298903607533077e+02
-1.733045330816448200e+02
-1.570602029003918005e+02
-1.414648368653329555e+02
-1.258345664985614718e+02
-1.106121855797736231e+02
-9.410831331851430548e+01
-7.877293211075632939e+01
-6.304168160743062543e+01
-4.729487651248123115e+01
-3.153640211444080421e+01
-1.577014658106795864e+01
0.000000000000000000e+00
1.583297585031524157e+01
3.153640211444080421e+01
4.729487651248123115e+01
6.304168160743062543e+01
7.877293211075632939e+01
9.448474657178836367e+01
1.097343110910452566e+02
1.258345664985614718e+02
1.420284417930832888e+02
1.576859407605527110e+02
1.973746071207621640e+02
2.136146986277260567e+02
2.303663675249981964e+02
2.478107222264722793e+02
2.651939333403085470e+02
2.825117118192750354e+02
2.987042925608020596e+02
3.147019676122505416e+02
3.316774868620389043e+02
3.127251983074467603e+02
3.291000968893197864e+02
3.605443406548423013e+02
3.139612662849465323e+02
2.987449704360208784e+02
2.834549637358568930e+02
2.691505109646803362e+02
2.536636849081518790e+02
2.371804896775998657e+02
2.460655762952999623e+02
2.287440691621461042e+02
2.113661228526973446e+02
1.953114579174092569e+02
1.777095522857022729e+02
1.595001945533435332e+02
1.423785533290496232e+02
1.250971146437915849e+02
1.076599104363803718e+02
7.908676849366770512e+01
6.329284368554787932e+01
4.767172811815837008e+01
3.178768818706583232e+01
1.583297585031524157e+01
0.000000000000000000e+00
-1.589580511956252273e+01
-3.166204515075331827e+01
-4.748330231531979706e+01
-6.354400576366513320e+01
-7.940060487657908084e+01
-9.486117982506242186e+01
-1.101732483354094398e+02
-1.263358994328186924e+02
-1.414648368653329555e+02
-1.570602029003918005e+02
-1.726168166805271937e+02
-1.881308398440675091e+02
-2.035984445379385477e+02
-2.190158143621286797e+02
-2.353129267667526392e+02
-2.496846467135142120e+02
-2.649285421652343757e+02
-2.812230348875430650e+02
-2.963926478341624602e+02
-3.114891303299469882e+02
-3.265087575437345890e+02
-3.414478236072537811e+02
-4.552755987876831796e+02
-4.726719256471264430e+02
-4.883040596978545409e+02
-4.867733259683942038e+02
-4.653094345934329112e+02
-4.397227056613958780e+02
-4.200350211041613875e+02
-4.094316166024608492e+02
-3.943056848224328519e+02
-3.775477775982783442e+02
-2.823389993116999790e+02
-2.659840343650958516e+02
-2.506794062621736430e+02
-2.362467082221762666e+02
-2.190158143621286797e+02
-2.035984445379385477e+02
-1.888803651024103942e+02
-1.726168166805271937e+02
-1.570602029003918005e+02
-1.414648368653329555e+02
-1.258345664985614718e+02
-1.101732483354094398e+02
-9.448474657178836367e+01
-7.877293211075632939e+01
-6.304168160743062543e+01
-4.748330231531979706e+01
-3.153640211444080421e+01
-1.583297585031524157e+01
0.000000000000000000e+00
1.577014658106795864e+01
3.166204515075331827e+01
4.767172811815837008e+01
6.329284368554787932e+01
7.940060487657908084e+01
9.523761307833648004e+01
1.110511228241377921e+02
1.268372323670759130e+02
1.420284417930832888e+02
1.576859407605527110e+02
1.953114579174092569e+02
2.121156481110402581e+02
2.295552183435721361e+02
2.469381492608861208e+02
2.633263704294612921e+02
2.805221927219562303e+02
2.976488003609405837e+02
3.147019676122505416e+02
3.328536481629681134e+02
3.498072376324404331e+02
3.278044272165271877e+02
3.441577269692160712e+02
2.856868925841707210e+02
2.691505109646803362e+02
2.825117118192750354e+02
2.661277147957321176e+02
2.486832951920584662e+02
2.311775167064242282e+02
2.128651733693831432e+02
1.953114579174092569e+02
1.777095522857022729e+02
1.595001945533435332e+02
1.418772203947924311e+02
1.106121855797736231e+02
9.486117982506242186e+01
7.908676849366770512e+01
6.354400576366513320e+01
4.748330231531979706e+01
3.166204515075331827e+01
1.583297585031524157e+01
0.000000000000000000e+00
-1.583297585031524157e+01
-3.153640211444080421e+01
-4.748330231531979706e+01
-6.304168160743062543e+01
-7.908676849366770512e+01
-9.523761307833648004e+01
-1.106121855797736231e+02
-1.263358994328186924e+02
-1.414648368653329555e+02
-1.570602029003918005e+02
-1.719291002794095391e+02
-1.881308398440675091e+02
-2.035984445379385477e+02
-2.190158143621286797e+02
-2.353129267667526392e+02
-2.506794062621736430e+02
-2.670395265649573275e+02
-2.823389993116999790e+02
-2.975688091350916693e+02
-3.114891303299469882e+02
-3.252130878709419903e+02
-3.414478236072537811e+02
-3.563026425294912087e+02
-3.695970508954166576e+02
-3.857448998240104743e+02
-4.729967224032509421e+02
-3.725420473168940703e+02
-3.577165419046082206e+02
-4.390043446378977023e+02
-4.016575985657052570e+02
-3.831810730249347898e+02
-2.940403252323039851e+02
-2.789911060392292370e+02
-2.649285421652343757e+02
-2.506794062621736430e+02
-2.353129267667526392e+02
-2.207609602933010251e+02
-2.052207429007906399e+02
-1.888803651024103942e+02
-1.726168166805271937e+02
-1.570602029003918005e+02
-1.414648368653329555e+02
-1.263358994328186924e+02
-1.106121855797736231e+02
-9.448474657178836367e+01
-7.877293211075632939e+01
-6.304168160743062543e+01
-4.748330231531979706e+01
-3.166204515075331827e+01
-1.583297585031524157e+01
0.000000000000000000e+00
1.583297585031524157e+01
3.153640211444080421e+01
4.729487651248123115e+01
6.304168160743062543e+01
7.877293211075632939e+01
9.486117982506242186e+01
1.097343110910452566e+02
1.258345664985614718e+02
1.420284417930832888e+02
1.570602029003918005e+02
1.739922494827624746e+02
1.896298903607533077e+02
2.303663675249981964e+02
2.478107222264722793e+02
2.661277147957321176e+02
2.845012309165938973e+02
3.018707691603865442e+02
3.191658253088782544e+02
3.363821320657557976e+02
3.535154415649398061e+02
3.692658567458902894e+02
2.725641163326808396e+02
2.539885558752250745e+02
2.504284411232308116e+02
2.319886658878502885e+02
2.151137491444118552e+02
1.966868907196445377e+02
1.802125037263459717e+02
1.431556516485839552e+02
1.268372323670759130e+02
1.106121855797736231e+02
9.523761307833648004e+01
7.908676849366770512e+01
6.354400576366513320e+01
4.767172811815837008e+01
3.178768818706583232e+01
1.583297585031524157e+01
0.000000000000000000e+00
-1.577014658106795864e+01
-3.153640211444080421e+01
-4.729487651248123115e+01
-6.329284368554787932e+01
-7.908676849366770512e+01
-9.523761307833648004e+01
-1.110511228241377921e+02
-1.258345664985614718e+02
-1.414648368653329555e+02
-1.570602029003918005e+02
-1.726168166805271937e+02
-1.888803651024103942e+02
-2.044095937193645796e+02
-2.198883873277148382e+02
-2.343791453113290117e+02
-2.506794062621736430e+02
-2.659840343650958516e+02
-2.812230348875430650e+02
-2.963926478341624602e+02
-3.114891303299469882e+02
-3.252130878709419903e+02
-3.387379202452914342e+02
-3.534748437792571281e+02
-3.681245526846778944e+02
-3.842141660945501371e+02
-3.857448998240104743e+02
-3.710695491061553639e+02
-3.577165419046082206e+02
-3.400928719262726077e+02
-3.252130878709419903e+02
-3.090169943749473873e+02
-2.928641639313747760e+02
-2.789911060392292370e+02
-2.649285421652343757e+02
-2.506794062621736430e+02
-2.353129267667526392e+02
-2.190158143621286797e+02
-2.044095937193645796e+02
-1.888803651024103942e+02
-1.733045330816448200e+02
-1.570602029003918005e+02
-1.409012319375826507e+02
-1.263358994328186924e+02
-1.101732483354094398e+02
-9.448474657178836367e+01
-7.908676849366770512e+01
-6.279051952931337155e+01
-4.748330231531979706e+01
-3.153640211444080421e+01
-1.589580511956252273e+01
0.000000000000000000e+00
1.577014658106795864e+01
3.153640211444080421e+01
4.729487651248123115e+01
6.279051952931337155e+01
7.845909572784493946e+01
9.486117982506242186e+01
1.106121855797736231e+02
1.263358994328186924e+02
1.420284417930832888e+02
1.583116786207136499e+02
1.739922494827624746e+02
1.896298903607533077e+02
2.068430412636427320e+02
2.504284411232308116e+02
2.689290591620030000e+02
2.864907500139127023e+02
3.039817535601095528e+02
3.191658253088782544e+02
3.340298094638973225e+02
3.510433056099402620e+02
3.692658567458902894e+02
3.888711324415945683e+02
3.387344546676142159e+02
3.191658253088782544e+02
3.018707691603865442e+02
2.835064713679344663e+02
2.651939333403085470e+02
2.469381492608861208e+02
2.279329199807200439e+02
2.061194460442970637e+02
1.884342939062328810e+02
1.795867658661850328e+02
1.437192565763342884e+02
1.278398982355903399e+02
1.110511228241377921e+02
9.523761307833648004e+01
7.971444125949045656e+01
6.379516784178238709e+01
4.767172811815837008e+01
3.191333122337834283e+01
1.583297585031524157e+01
0.000000000000000000e+00
-1.577014658106795864e+01
-3.166204515075331827e+01
-4.729487651248123115e+01
-6.329284368554787932e+01
-7.877293211075632939e+01
-9.448474657178836367e+01
-1.101732483354094398e+02
-1.258345664985614718e+02
-1.420284417930832888e+02
-1.570602029003918005e+02
-1.733045330816448200e+02
-1.888803651024103942e+02
-2.044095937193645796e+02
-2.190158143621286797e+02
-2.362467082221762666e+02
-2.516741658108330455e+02
-2.649285421652343757e+02
-2.823389993116999790e+02
-2.963926478341624602e+02
-3.114891303299469882e+02
-3.265087575437345890e+02
-3.400928719262726077e+02
-3.534748437792571281e+02
-3.666520544739391880e+02
-3.842141660945501371e+02
-3.826834323650898000e+02
-3.902120258457586033e+02
-3.760972337811296029e+02
-3.617720988219712126e+02
-3.407611239444531748e+02
-3.077809263974476153e+02
-2.928641639313747760e+02
-2.812230348875430650e+02
-2.670395265649573275e+02
-2.516741658108330455e+02
-2.362467082221762666e+02
-2.198883873277148382e+02
-2.044095937193645796e+02
-1.888803651024103942e+02
-1.739922494827624746e+02
-1.570602029003918005e+02
-1.420284417930832888e+02
-1.268372323670759130e+02
-1.101732483354094398e+02
-9.486117982506242186e+01
-7.877293211075632939e+01
-6.329284368554787932e+01
-4.729487651248123115e+01
-3.166204515075331827e+01
-1.577014658106795864e+01
0.000000000000000000e+00
1.577014658106795864e+01
3.153640211444080421e+01
4.729487651248123115e+01
6.329284368554787932e+01
7.908676849366770512e+01
9.523761307833648004e+01
1.106121855797736231e+02
1.263358994328186924e+02
1.431556516485839552e+02
1.589374164808745604e+02
1.739922494827624746e+02
1.896298903607533077e+02
2.052207429007906399e+02
2.233786791900595290e+02
2.567899002414959568e+02
2.765431545273185066e+02
2.965933081610791078e+02
3.147019676122505416e+02
3.316774868620389043e+02
3.510433056099402620e+02
3.692658567458902894e+02
3.875161807606133948e+02
2.987449704360208784e+02
2.834549637358568930e+02
2.670395265649573275e+02
2.805221927219562303e+02
2.642601518848849196e+02
2.460655762952999623e+02
2.287440691621461042e+02
2.098670723360115460e+02
1.911851595107034143e+02
1.770838144255413340e+02
1.420284417930832888e+02
1.263358994328186924e+02
1.106121855797736231e+02
9.523761307833648004e+01
7.940060487657908084e+01
6.329284368554787932e+01
4.786015392099694310e+01
3.166204515075331827e+01
1.577014658106795864e+01
0.000000000000000000e+00
-1.583297585031524157e+01
-3.153640211444080421e+01
-4.729487651248123115e+01
-6.329284368554787932e+01
-7.908676849366770512e+01
-9.448474657178836367e+01
-1.101732483354094398e+02
-1.258345664985614718e+02
-1.414648368653329555e+02
-1.576859407605527110e+02
-1.733045330816448200e+02
-1.881308398440675091e+02
-2.044095937193645796e+02
-2.207609602933010251e+02
-2.353129267667526392e+02
-2.516741658108330455e+02
-2.659840343650958516e+02
-2.812230348875430650e+02
-2.963926478341624602e+02
-3.127251983074467603e+02
-3.265087575437345890e+02
-3.414478236072537811e+02
-3.548887431543741968e+02
-3.695970508954166576e+02
-3.842141660945501371e+02
-3.857448998240104743e+02
-3.710695491061553639e+02
-3.563026425294912087e+02
-3.414478236072537811e+02
-3.252130878709419903e+02
-3.114891303299469882e+02
-2.963926478341624602e+02
-2.801070704633861510e+02
-2.659840343650958516e+02
-2.506794062621736430e+02
-2.362467082221762666e+02
-2.207609602933010251e+02
-2.052207429007906399e+02
-1.888803651024103942e+02
-1.739922494827624746e+02
-1.570602029003918005e+02
-1.420284417930832888e+02
-1.263358994328186924e+02
-1.101732483354094398e+02
-9.486117982506242186e+01
-7.908676849366770512e+01
-6.329284368554787932e+01
-4.748330231531979706e+01
-3.153640211444080421e+01
-1.583297585031524157e+01
0.000000000000000000e+00
1.577014658106795864e+01
3.166204515075331827e+01
4.748330231531979706e+01
6.304168160743062543e+01
7.877293211075632939e+01
9.448474657178836367e+01
1.106121855797736231e+02
1.263358994328186924e+02
1.420284417930832888e+02
1.576859407605527110e+02
1.739922494827624746e+02
1.896298903607533077e+02
2.052207429007906399e+02
2.382124196050244223e+02
2.343791453113290117e+02
2.496846467135142120e+02
2.649285421652343757e+02
2.812230348875430650e+02
3.316774868620389043e+02
3.510433056099402620e+02
3.679701870730976907e+02
3.834513257176698744e+02
4.015474225332361016e+02
3.718571960914754868e+02
3.535154415649398061e+02
3.363821320657557976e+02
3.180498608847212836e+02
3.008152769605250683e+02
2.854959904652533282e+02
2.670614962511557451e+02
2.495558681576446247e+02
2.327998150692763488e+02
2.151137491444118552e+02
1.966868907196445377e+02
1.783352901458631834e+02
1.606274044088441997e+02
1.418772203947924311e+02
1.101732483354094398e+02
9.486117982506242186e+01
7.940060487657908084e+01
6.329284368554787932e+01
4.748330231531979706e+01
3.166204515075331827e+01
1.577014658106795864e+01
0.000000000000000000e+00
-1.577014658106795864e+01
-3.166204515075331827e+01
-4.748330231531979706e+01
-6.304168160743062543e+01
-7.877293211075632939e+01
-9.448474657178836367e+01
-1.101732483354094398e+02
-1.258345664985614718e+02
-1.414648368653329555e+02
-1.570602029003918005e+02
-1.733045330816448200e+02
-1.888803651024103942e+02
-2.052207429007906399e+02
-2.198883873277148382e+02
-2.353129267667526392e+02
-2.506794062621736430e+02
-2.670395265649573275e+02
-2.812230348875430650e+02
-2.975688091350916693e+02
-3.114891303299469882e+02
-3.265087575437345890e+02
-3.428027752882348977e+02
-3.577165419046082206e+02
-3.725420473168940703e+02
-3.857448998240104743e+02
-3.872756335534708683e+02
-3.740145455276327766e+02
-3.577165419046082206e+02
-3.428027752882348977e+02
-3.265087575437345890e+02
-3.127251983074467603e+02
-2.975688091350916693e+02
-2.823389993116999790e+02
-2.659840343650958516e+02
-2.506794062621736430e+02
-2.362467082221762666e+02
-2.198883873277148382e+02
-2.044095937193645796e+02
-1.888803651024103942e+02
-1.739922494827624746e+02
-1.583116786207136499e+02
-1.425920467208336220e+02
-1.263358994328186924e+02
-1.110511228241377921e+02
-9.486117982506242186e+01
-7.908676849366770512e+01
-6.304168160743062543e+01
-4.729487651248123115e+01
-3.166204515075331827e+01
-1.583297585031524157e+01
0.000000000000000000e+00
1.577014658106795864e+01
3.178768818706583232e+01
4.748330231531979706e+01
6.329284368554787932e+01
7.877293211075632939e+01
9.486117982506242186e+01
1.106121855797736231e+02
1.263358994328186924e+02
1.431556516485839552e+02
1.576859407605527110e+02
1.733045330816448200e+02
1.888803651024103942e+02
2.044095937193645796e+02
2.190158143621286797e+02
2.661277147957321176e+02
2.845012309165938973e+02
3.018707691603865442e+02
3.191658253088782544e+02
3.363821320657557976e+02
3.522793735874400340e+02
3.705615264186828881e+02
3.875161807606133948e+02
4.057891206585871942e+02
4.226069864820102566e+02
4.408513140845834073e+02
4.469742490024248696e+02
3.375582933666850067e+02
3.191658253088782544e+02
3.018707691603865442e+02
2.835064713679344663e+02
2.670614962511557451e+02
2.495558681576446247e+02
2.311775167064242282e+02
2.143642238860689417e+02
1.966868907196445377e+02
1.670720086629665673e+02
1.420284417930832888e+02
1.263358994328186924e+02
1.110511228241377921e+02
9.561404633161053823e+01
7.971444125949045656e+01
6.304168160743062543e+01
4.710645070964265813e+01
3.166204515075331827e+01
1.577014658106795864e+01
0.000000000000000000e+00
-1.577014658106795864e+01
-3.166204515075331827e+01
-4.748330231531979706e+01
-6.354400576366513320e+01
-7.908676849366770512e+01
-9.448474657178836367e+01
-1.101732483354094398e+02
-1.253332335643042654e+02
-1.420284417930832888e+02
-1.570602029003918005e+02
-1.726168166805271937e+02
-1.888803651024103942e+02
-2.052207429007906399e+02
-2.198883873277148382e+02
-2.353129267667526392e+02
-2.506794062621736430e+02
-2.659840343650958516e+02
-2.823389993116999790e+02
-2.963926478341624602e+02
-3.114891303299469882e+02
-3.265087575437345890e+02
-3.428027752882348977e+02
-3.577165419046082206e+02
-3.725420473168940703e+02
-3.888063672829312054e+02
-3.888063672829312054e+02
-3.725420473168940703e+02
-3.577165419046082206e+02
-3.428027752882348977e+02
-3.291000968893197864e+02
-3.139612662849465323e+02
-2.963926478341624602e+02
-2.812230348875430650e+02
-2.659840343650958516e+02
-2.506794062621736430e+02
-2.353129267667526392e+02
-2.207609602933010251e+02
-2.052207429007906399e+02
-1.896298903607533077e+02
-1.733045330816448200e+02
-1.576859407605527110e+02
-1.420284417930832888e+02
-1.268372323670759130e+02
-1.101732483354094398e+02
-9.486117982506242186e+01
-7.877293211075632939e+01
-6.329284368554787932e+01
-4.748330231531979706e+01
-3.166204515075331827e+01
-1.583297585031524157e+01
0.000000000000000000e+00
1.583297585031524157e+01
3.153640211444080421e+01
4.748330231531979706e+01
6.329284368554787932e+01
7.877293211075632939e+01
9.448474657178836367e+01
1.097343110910452566e+02
1.253332335643042654e+02
1.414648368653329555e+02
1.576859407605527110e+02
1.726168166805271937e+02
1.881308398440675091e+02
2.035984445379385477e+02
2.321044088459212276e+02
2.493196485981069657e+02
2.825117118192750354e+02
2.997597847606635924e+02
3.180498608847212836e+02
3.352059707648265885e+02
3.522793735874400340e+02
3.705615264186828881e+02
3.888711324415945683e+02
4.086169194088212748e+02
3.584597134749389511e+02
3.387344546676142159e+02
3.213977541571920824e+02
3.008152769605250683e+02
2.835064713679344663e+02
2.670614962511557451e+02
2.495558681576446247e+02
2.311775167064242282e+02
2.143642238860689417e+02
1.959991743185268831e+02
1.670720086629665673e+02
1.504825157093382586e+02
1.263358994328186924e+02
1.106121855797736231e+02
9.561404633161053823e+01
7.908676849366770512e+01
6.279051952931337155e+01
4.710645070964265813e+01
3.141075907812829371e+01
1.564448804257339276e+01
0.000000000000000000e+00
-1.583297585031524157e+01
-3.166204515075331827e+01
-4.748330231531979706e+01
-6.329284368554787932e+01
-7.940060487657908084e+01
-9.523761307833648004e+01
-1.106121855797736231e+02
-1.268372323670759130e+02
-1.425920467208336220e+02
-1.576859407605527110e+02
-1.746799658838801008e+02
-1.896298903607533077e+02
-2.044095937193645796e+02
-2.207609602933010251e+02
-2.353129267667526392e+02
-2.516741658108330455e+02
-2.670395265649573275e+02
-2.812230348875430650e+02
-2.963926478341624602e+02
-3.114891303299469882e+02
-3.265087575437345890e+02
-3.414478236072537811e+02
-3.563026425294912087e+02
-3.710695491061553639e+02
-3.872756335534708683e+02
-3.872756335534708683e+02
-3.710695491061553639e+02
-3.577165419046082206e+02
-3.414478236072537811e+02
-3.265087575437345890e+02
-3.102530623524471594e+02
-2.952164865332331942e+02
-2.823389993116999790e+02
-2.659840343650958516e+02
-2.506794062621736430e+02
-2.362467082221762666e+02
-2.207609602933010251e+02
-2.052207429007906399e+02
-1.888803651024103942e+02
-1.739922494827624746e+02
-1.570602029003918005e+02
-1.420284417930832888e+02
-1.268372323670759130e+02
-1.110511228241377921e+02
-9.523761307833648004e+01
-7.908676849366770512e+01
-6.354400576366513320e+01
-4.748330231531979706e+01
-3.178768818706583232e+01
-1.589580511956252273e+01
0.000000000000000000e+00
1.589580511956252273e+01
3.178768818706583232e+01
4.748330231531979706e+01
6.329284368554787932e+01
7.877293211075632939e+01
9.486117982506242186e+01
1.097343110910452566e+02
1.258345664985614718e+02
1.425920467208336220e+02
1.576859407605527110e+02
1.733045330816448200e+02
1.881308398440675091e+02
2.157656822593292816e+02
2.198883873277148382e+02
2.353129267667526392e+02
2.845012309165938973e+02
3.018707691603865442e+02
3.191658253088782544e+02
3.363821320657557976e+02
3.535154415649398061e+02
3.705615264186828881e+02
3.875161807606133948e+02
4.100308187839382867e+02
4.167169936390554312e+02
4.331976454372816079e+02
4.316669117078212707e+02
4.152444954283166680e+02
3.987196237830020777e+02
3.375582933666850067e+02
3.202817897330351684e+02
3.018707691603865442e+02
2.845012309165938973e+02
2.670614962511557451e+02
2.495558681576446247e+02
2.319886658878502885e+02
2.143642238860689417e+02
1.726168166805271937e+02
1.676977465231274778e+02
1.504825157093382586e+02
1.343572263809341507e+02
1.106121855797736231e+02
9.523761307833648004e+01
7.971444125949045656e+01
6.304168160743062543e+01
4.710645070964265813e+01
3.153640211444080421e+01
1.577014658106795864e+01
0.000000000000000000e+00
-1.583297585031524157e+01
-3.166204515075331827e+01
-4.748330231531979706e+01
-6.354400576366513320e+01
-7.940060487657908084e+01
-9.486117982506242186e+01
-1.110511228241377921e+02
-1.268372323670759130e+02
-1.420284417930832888e+02
-1.583116786207136499e+02
-1.739922494827624746e+02
-1.896298903607533077e+02
-2.052207429007906399e+02
-2.207609602933010251e+02
-2.362467082221762666e+02
-2.506794062621736430e+02
-2.659840343650958516e+02
-2.812230348875430650e+02
-2.963926478341624602e+02
-3.114891303299469882e+02
-3.265087575437345890e+02
-3.428027752882348977e+02
-3.577165419046082206e+02
-3.695970508954166576e+02
-3.842141660945501371e+02
-3.826834323650898000e+02
-3.681245526846778944e+02
-3.534748437792571281e+02
-3.387379202452914342e+02
-3.252130878709419903e+02
-3.102530623524471594e+02
-2.963926478341624602e+02
-2.812230348875430650e+02
-2.659840343650958516e+02
-2.496846467135142120e+02
-2.343791453113290117e+02
-2.198883873277148382e+02
-2.044095937193645796e+02
-1.888803651024103942e+02
-1.739922494827624746e+02
-1.589374164808745604e+02
-1.420284417930832888e+02
-1.268372323670759130e+02
-1.106121855797736231e+02
-9.486117982506242186e+01
-7.940060487657908084e+01
-6.354400576366513320e+01
-4.748330231531979706e+01
-3.166204515075331827e+01
-1.589580511956252273e+01
0.000000000000000000e+00
1.589580511956252273e+01
3.166204515075331827e+01
4.786015392099694310e+01
6.329284368554787932e+01
7.877293211075632939e+01
9.486117982506242186e+01
1.106121855797736231e+02
1.268372323670759130e+02
1.420284417930832888e+02
1.576859407605527110e+02
1.746799658838801008e+02
1.896298903607533077e+02
2.052207429007906399e+02
2.198883873277148382e+02
2.343791453113290117e+02
2.496846467135142120e+02
3.029262613602480201e+02
3.191658253088782544e+02
3.363821320657557976e+02
3.547515095424396350e+02
3.039817535601095528e+02
2.854959904652533282e+02
2.679952777065793725e+02
2.504284411232308116e+02
2.327998150692763488e+02
2.143642238860689417e+02
1.558087271800699511e+02
1.623182191920951993e+02
1.443838850660785056e+02
1.106121855797736231e+02
9.448474657178836367e+01
7.845909572784493946e+01
6.279051952931337155e+01
4.729487651248123115e+01
3.153640211444080421e+01
1.577014658106795864e+01
0.000000000000000000e+00
-1.589580511956252273e+01
-3.191333122337834283e+01
-4.767172811815837008e+01
-6.354400576366513320e+01
-7.971444125949045656e+01
-9.523761307833648004e+01
-1.114900600685019754e+02
-1.268372323670759130e+02
-1.425920467208336220e+02
-1.589374164808745604e+02
-1.739922494827624746e+02
-1.896298903607533077e+02
-2.052207429007906399e+02
-2.216335332588871836e+02
-2.353129267667526392e+02
-2.506794062621736430e+02
-2.659840343650958516e+02
-2.823389993116999790e+02
-2.963926478341624602e+02
-3.127251983074467603e+02
-3.278044272165271877e+02
-3.428027752882348977e+02
-3.577165419046082206e+02
-3.710695491061553639e+02
-3.842141660945501371e+02
-3.857448998240104743e+02
-3.710695491061553639e+02
-3.548887431543741968e+02
-3.414478236072537811e+02
-3.265087575437345890e+02
-3.127251983074467603e+02
-2.975688091350916693e+02
-2.812230348875430650e+02
-2.670395265649573275e+02
-2.496846467135142120e+02
-2.353129267667526392e+02
-2.190158143621286797e+02
-2.044095937193645796e+02
-1.873813145857245956e+02
-1.733045330816448200e+02
-1.576859407605527110e+02
-1.431556516485839552e+02
-1.263358994328186924e+02
-1.110511228241377921e+02
-9.486117982506242186e+01
-7.940060487657908084e+01
-6.354400576366513320e+01
-4.767172811815837008e+01
-3.178768818706583232e+01
-1.595863438880980567e+01
0.000000000000000000e+00
1.589580511956252273e+01
3.153640211444080421e+01
4.729487651248123115e+01
6.279051952931337155e+01
7.877293211075632939e+01
9.448474657178836367e+01
1.097343110910452566e+02
1.258345664985614718e+02
1.409012319375826507e+02
1.570602029003918005e+02
1.726168166805271937e+02
1.881308398440675091e+02
2.044095937193645796e+02
2.190158143621286797e+02
2.670614962511557451e+02
2.854959904652533282e+02
3.018707691603865442e+02
3.191658253088782544e+02
3.375582933666850067e+02
3.535154415649398061e+02
3.718571960914754868e+02
3.875161807606133948e+02
3.191658253088782544e+02
3.039817535601095528e+02
2.845012309165938973e+02
2.670614962511557451e+02
2.486832951920584662e+02
2.319886658878502885e+02
2.143642238860689417e+02
1.980623235218798186e+02
1.795867658661850328e+02
1.420284417930832888e+02
1.263358994328186924e+02
1.106121855797736231e+02
9.486117982506242186e+01
7.940060487657908084e+01
6.329284368554787932e+01
4.710645070964265813e+01
3.153640211444080421e+01
1.583297585031524157e+01
0.000000000000000000e+00
-1.577014658106795864e+01
-3.166204515075331827e+01
-4.767172811815837008e+01
-6.354400576366513320e+01
-7.940060487657908084e+01
-9.523761307833648004e+01
-1.106121855797736231e+02
-1.263358994328186924e+02
-1.420284417930832888e+02
-1.583116786207136499e+02
-1.733045330816448200e+02
-1.888803651024103942e+02
-2.052207429007906399e+02
-2.198883873277148382e+02
-2.353129267667526392e+02
-2.496846467135142120e+02
-2.659840343650958516e+02
-2.801070704633861510e+02
-2.952164865332331942e+02
-3.114891303299469882e+02
-3.265087575437345890e+02
-3.441577269692160712e+02
-3.577165419046082206e+02
-3.725420473168940703e+02
-3.872756335534708683e+02
-3.857448998240104743e+02
-3.725420473168940703e+02
-3.577165419046082206e+02
-3.414478236072537811e+02
-3.265087575437345890e+02
-3.114891303299469882e+02
-2.963926478341624602e+02
-2.823389993116999790e+02
-2.670395265649573275e+02
-2.516741658108330455e+02
-2.362467082221762666e+02
-2.207609602933010251e+02
-2.044095937193645796e+02
-1.881308398440675091e+02
-1.726168166805271937e+02
-1.570602029003918005e+02
-1.425920467208336220e+02
-1.263358994328186924e+02
-1.106121855797736231e+02
-9.486117982506242186e+01
-7.908676849366770512e+01
-6.329284368554787932e+01
-4.748330231531979706e+01
-3.178768818706583232e+01
-1.589580511956252273e+01
0.000000000000000000e+00
1.589580511956252273e+01
3.166204515075331827e+01
4.767172811815837008e+01
6.304168160743062543e+01
7.845909572784493946e+01
9.410831331851430548e+01
1.101732483354094398e+02
1.258345664985614718e+02
1.414648368653329555e+02
1.570602029003918005e+02
1.733045330816448200e+02
1.888803651024103942e+02
2.035984445379385477e+02
2.198883873277148382e+02
2.362467082221762666e+02
2.854959904652533282e+02
3.008152769605250683e+02
3.202817897330351684e+02
3.363821320657557976e+02
3.535154415649398061e+02
2.539187329855754740e+02
2.344221134321284410e+02
2.151137491444118552e+02
1.980623235218798186e+02
1.583116786207136499e+02
1.425920467208336220e+02
1.263358994328186924e+02
1.272918008656125011e+02
9.523761307833648004e+01
7.908676849366770512e+01
6.329284368554787932e+01
4.748330231531979706e+01
3.153640211444080421e+01
1.577014658106795864e+01
0.000000000000000000e+00
-1.583297585031524157e+01
-3.166204515075331827e+01
-4.748330231531979706e+01
-6.329284368554787932e+01
-7.908676849366770512e+01
-9.523761307833648004e+01
-1.106121855797736231e+02
-1.268372323670759130e+02
-1.420284417930832888e+02
-1.576859407605527110e+02
-1.726168166805271937e+02
-1.888803651024103942e+02
-2.035984445379385477e+02
-2.190158143621286797e+02
-2.343791453113290117e+02
-2.506794062621736430e+02
-2.670395265649573275e+02
-2.823389993116999790e+02
-2.975688091350916693e+02
-3.139612662849465323e+02
-3.265087575437345890e+02
-3.428027752882348977e+02
-3.577165419046082206e+02
-3.725420473168940703e+02
-3.872756335534708683e+02
-3.888063672829312054e+02
-3.740145455276327766e+02
-3.591304412797252326e+02
-3.441577269692160712e+02
-3.278044272165271877e+02
-3.127251983074467603e+02
-2.975688091350916693e+02
-2.823389993116999790e+02
-2.680950187648188034e+02
-2.516741658108330455e+02
-2.353129267667526392e+02
-2.198883873277148382e+02
-2.052207429007906399e+02
-1.881308398440675091e+02
-1.733045330816448200e+02
-1.576859407605527110e+02
-1.420284417930832888e+02
-1.263358994328186924e+02
-1.106121855797736231e+02
-9.486117982506242186e+01
-7.940060487657908084e+01
-6.329284368554787932e+01
-4.767172811815837008e+01
-3.178768818706583232e+01
-1.589580511956252273e+01
0.000000000000000000e+00
1.583297585031524157e+01
3.166204515075331827e+01
4.748330231531979706e+01
6.329284368554787932e+01
7.908676849366770512e+01
9.486117982506242186e+01
1.106121855797736231e+02
1.268372323670759130e+02
1.431556516485839552e+02
1.589374164808745604e+02
1.739922494827624746e+02
1.896298903607533077e+02
2.052207429007906399e+02
2.198883873277148382e+02
2.679952777065793725e+02
2.845012309165938973e+02
3.029262613602480201e+02
3.202817897330351684e+02
3.399106159685434250e+02
3.572236454974391791e+02
3.563026425294912087e+02
3.428027752882348977e+02
3.278044272165271877e+02
3.114891303299469882e+02
2.733724797641262967e+02
2.467003680675359476e+02
2.325115824004817568e+02
2.513010140888169701e+02
2.327998150692763488e+02
2.151137491444118552e+02
1.966868907196445377e+02
1.576859407605527110e+02
1.420284417930832888e+02
1.263358994328186924e+02
1.106121855797736231e+02
9.486117982506242186e+01
7.971444125949045656e+01
6.379516784178238709e+01
4.786015392099694310e+01
3.178768818706583232e+01
1.589580511956252273e+01
0.000000000000000000e+00
-1.602146365805709038e+01
-3.178768818706583232e+01
-4.786015392099694310e+01
-6.354400576366513320e+01
-7.971444125949045656e+01
-9.523761307833648004e+01
-1.110511228241377921e+02
-1.268372323670759130e+02
-1.425920467208336220e+02
-1.583116786207136499e+02
-1.733045330816448200e+02
-1.888803651024103942e+02
-2.035984445379385477e+02
-2.198883873277148382e+02
-2.362467082221762666e+02
-2.526689253594924764e+02
-2.680950187648188034e+02
-2.823389993116999790e+02
-3.399106159685434250e+02
-3.127251983074467603e+02
-3.291000968893197864e+02
-3.441577269692160712e+02
-3.577165419046082206e+02
-3.725420473168940703e+02
-3.872756335534708683e+02
-3.857448998240104743e+02
-3.710695491061553639e+02
-3.563026425294912087e+02
-3.414478236072537811e+02
-3.278044272165271877e+02
-3.114891303299469882e+02
-2.963926478341624602e+02
-2.812230348875430650e+02
-2.659840343650958516e+02
-2.854959904652533282e+02
-2.689290591620030000e+02
-2.521735870544031286e+02
-2.052207429007906399e+02
-1.903794156190961928e+02
-1.739922494827624746e+02
-1.576859407605527110e+02
-1.420284417930832888e+02
-1.263358994328186924e+02
-1.101732483354094398e+02
-9.599047958488459642e+01
-8.065595040822459794e+01
-6.655795070107217271e+01
-4.748330231531979706e+01
-3.166204515075331827e+01
-1.583297585031524157e+01
0.000000000000000000e+00
1.595863438880980567e+01
3.191333122337834283e+01
4.767172811815837008e+01
6.354400576366513320e+01
7.940060487657908084e+01
9.599047958488459642e+01
1.114900600685019754e+02
1.273385653013331194e+02
1.425920467208336220e+02
1.583116786207136499e+02
1.739922494827624746e+02
1.896298903607533077e+02
2.052207429007906399e+02
2.216335332588871836e+02
2.670614962511557451e+02
2.845012309165938973e+02
3.018707691603865442e+02
3.202817897330351684e+02
2.928641639313747760e+02
3.053087904424480143e+02
3.200304091797715955e+02
3.387379202452914342e+02
3.548887431543741968e+02
3.710695491061553639e+02
3.252130878709419903e+02
3.102530623524471594e+02
2.952164865332331942e+02
2.789911060392292370e+02
2.628175577655113671e+02
2.486898871648547811e+02
2.334453638559053843e+02
2.181432413965425212e+02
2.327998150692763488e+02
2.143642238860689417e+02
1.980623235218798186e+02
1.808382415865068822e+02
1.634454290475958658e+02
1.448852180003357262e+02
1.272918008656125011e+02
9.486117982506242186e+01
7.908676849366770512e+01
6.354400576366513320e+01
4.767172811815837008e+01
3.191333122337834283e+01
1.595863438880980567e+01
0.000000000000000000e+00
-1.595863438880980567e+01
-3.191333122337834283e+01
-4.767172811815837008e+01
-6.354400576366513320e+01
-7.940060487657908084e+01
-9.523761307833648004e+01
-1.110511228241377921e+02
-1.273385653013331194e+02
-1.431556516485839552e+02
-1.583116786207136499e+02
-1.733045330816448200e+02
-1.896298903607533077e+02
-2.044095937193645796e+02
-2.198883873277148382e+02
-2.353129267667526392e+02
-2.506794062621736430e+02
-2.659840343650958516e+02
-3.236296830055059104e+02
-3.387344546676142159e+02
-3.559875775199394070e+02
-3.731528657642680855e+02
-3.428027752882348977e+02
-3.973057244078850090e+02
-4.152444954283166680e+02
-3.842141660945501371e+02
-3.857448998240104743e+02
-3.695970508954166576e+02
-3.548887431543741968e+02
-3.400928719262726077e+02
-3.239174181981493916e+02
-3.485711696549406611e+02
-2.963926478341624602e+02
-2.823389993116999790e+02
-2.680950187648188034e+02
-2.854959904652533282e+02
-2.679952777065793725e+02
-2.198883873277148382e+02
-2.052207429007906399e+02
-1.888803651024103942e+02
-1.739922494827624746e+02
-1.583116786207136499e+02
-1.420284417930832888e+02
-1.263358994328186924e+02
-1.101732483354094398e+02
-9.486117982506242186e+01
-7.908676849366770512e+01
-6.329284368554787932e+01
-4.767172811815837008e+01
-3.191333122337834283e+01
-1.595863438880980567e+01
0.000000000000000000e+00
1.595863438880980567e+01
3.178768818706583232e+01
4.786015392099694310e+01
6.354400576366513320e+01
7.940060487657908084e+01
9.523761307833648004e+01
1.110511228241377921e+02
1.273385653013331194e+02
1.420284417930832888e+02
1.576859407605527110e+02
1.980623235218798186e+02
2.166127996610976254e+02
2.344221134321284410e+02
2.539187329855754740e+02
2.698628406174266274e+02
2.874855095625721333e+02
3.050372457599710287e+02
2.812230348875430650e+02
2.952164865332331942e+02
3.090169943749473873e+02
3.226217485253567929e+02
3.373829685643102607e+02
3.534748437792571281e+02
3.681245526846778944e+02
3.796219649061690689e+02
3.239174181981493916e+02
3.077809263974476153e+02
2.928641639313747760e+02
2.778751416150723230e+02
2.638730499653728430e+02
2.506794062621736430e+02
2.353129267667526392e+02
2.198883873277148382e+02
2.044095937193645796e+02
1.881308398440675091e+02
1.994377563241150710e+02
1.814639794466678211e+02
1.634454290475958658e+02
1.453865509345929468e+02
1.272918008656125011e+02
1.091656434494766046e+02
9.132638742721151459e+01
7.283700265400351270e+01
5.464348282318548655e+01
3.178768818706583232e+01
1.595863438880980567e+01
0.000000000000000000e+00
-1.595863438880980567e+01
-3.153640211444080421e+01
-4.729487651248123115e+01
-6.329284368554787932e+01
-8.002827764240184649e+01
-1.087892101962025464e+02
-1.106121855797736231e+02
-1.263358994328186924e+02
-1.425920467208336220e+02
-1.576859407605527110e+02
-1.739922494827624746e+02
-1.903794156190961928e+02
-2.052207429007906399e+02
-2.207609602933010251e+02
-2.353129267667526392e+02
-2.506794062621736430e+02
-2.659840343650958516e+02
-2.812230348875430650e+02
-2.975688091350916693e+02
-3.127251983074467603e+02
-3.265087575437345890e+02
-3.414478236072537811e+02
-3.563026425294912087e+02
-3.710695491061553639e+02
-4.408513140845834073e+02
-4.408513140845834073e+02
-4.240794846927489630e+02
-4.086169194088212748e+02
-3.915810358035568584e+02
-3.718571960914754868e+02
-3.535154415649398061e+02
-2.975688091350916693e+02
-2.823389993116999790e+02
-2.659840343650958516e+02
-2.516741658108330455e+02
-2.353129267667526392e+02
-2.190158143621286797e+02
-2.044095937193645796e+02
-2.181118501777834240e+02
-1.733045330816448200e+02
-1.583116786207136499e+02
-1.425920467208336220e+02
-1.268372323670759130e+02
-1.110511228241377921e+02
-9.523761307833648004e+01
-7.908676849366770512e+01
-7.283700265400351270e+01
-5.464348282318548655e+01
-3.631083749431630281e+01
-1.828331735095926547e+01
0.000000000000000000e+00
1.822048808171198431e+01
3.191333122337834283e+01
4.786015392099694310e+01
6.379516784178238709e+01
8.002827764240184649e+01
1.091656434494766046e+02
1.268528636212483178e+02
1.448852180003357262e+02
1.634454290475958658e+02
1.814639794466678211e+02
1.994377563241150710e+02
2.166127996610976254e+02
2.344221134321284410e+02
2.530461600199893155e+02
2.343791453113290117e+02
2.496846467135142120e+02
2.649285421652343757e+02
2.823389993116999790e+02
2.975688091350916693e+02
3.127251983074467603e+02
3.252130878709419903e+02
3.400928719262726077e+02
3.563026425294912087e+02
3.695970508954166576e+02
3.826834323650898000e+02
3.826834323650898000e+02
3.666520544739391880e+02
3.520609444041401161e+02
3.373829685643102607e+02
3.252130878709419903e+02
3.114891303299469882e+02
2.963926478341624602e+02
2.812230348875430650e+02
2.649285421652343757e+02
2.506794062621736430e+02
2.353129267667526392e+02
2.207609602933010251e+02
2.035984445379385477e+02
1.881308398440675091e+02
1.733045330816448200e+02
1.802125037263459717e+02
1.634454290475958658e+02
1.268372323670759130e+02
1.272918008656125011e+02
1.095420767027506628e+02
9.101255104430013887e+01
7.283700265400351270e+01
5.464348282318548655e+01
3.643648053062882042e+01
1.595863438880980567e+01
0.000000000000000000e+00
-1.589580511956252273e+01
-3.178768818706583232e+01
-4.767172811815837008e+01
-7.308816473212077369e+01
-9.132638742721151459e+01
-1.091656434494766046e+02
-1.268528636212483178e+02
-1.453865509345929468e+02
-1.628818241198455326e+02
-1.808382415865068822e+02
-2.001254727252327257e+02
-2.173623249194405389e+02
-2.352332626135545013e+02
-2.539187329855754740e+02
-2.726641849836975098e+02
-2.904697882085504261e+02
-2.659840343650958516e+02
-2.812230348875430650e+02
-2.963926478341624602e+02
-3.114891303299469882e+02
-3.278044272165271877e+02
-3.414478236072537811e+02
-3.563026425294912087e+02
-4.226069864820102566e+02
-4.393205803551230701e+02
-4.423820478140438013e+02
-4.255519829034876693e+02
-4.086169194088212748e+02
-3.915810358035568584e+02
-3.731528657642680855e+02
-3.547515095424396350e+02
-3.375582933666850067e+02
-3.213977541571920824e+02
-3.050372457599710287e+02
-2.506794062621736430e+02
-2.353129267667526392e+02
-2.198883873277148382e+02
-2.344221134321284410e+02
-2.173623249194405389e+02
-2.001254727252327257e+02
-1.820897173068287316e+02
-1.634454290475958658e+02
-1.458878838688501673e+02
-1.268528636212483178e+02
-1.091656434494766046e+02
-9.101255104430013887e+01
-7.283700265400351270e+01
-5.464348282318548655e+01
-3.643648053062882042e+01
-1.822048808171198431e+01
0.000000000000000000e+00
1.822048808171198431e+01
3.656212356694133092e+01
5.483190862602405247e+01
7.308816473212077369e+01
9.132638742721151459e+01
1.095420767027506628e+02
1.272918008656125011e+02
1.453865509345929468e+02
1.628818241198455326e+02
1.814639794466678211e+02
1.987500399229974448e+02
2.166127996610976254e+02
2.352332626135545013e+02
2.521735870544031286e+02
2.698628406174266274e+02
2.486898871648547811e+02
2.649285421652343757e+02
2.801070704633861510e+02
2.952164865332331942e+02
3.102530623524471594e+02
3.252130878709419903e+02
3.414478236072537811e+02
3.548887431543741968e+02
3.695970508954166576e+02
3.826834323650898000e+02
3.842141660945501371e+02
3.373829685643102607e+02
3.226217485253567929e+02
3.090169943749473873e+02
2.940403252323039851e+02
2.801070704633861510e+02
2.649285421652343757e+02
2.496846467135142120e+02
2.343791453113290117e+02
2.190158143621286797e+02
2.044095937193645796e+02
1.881308398440675091e+02
1.726168166805271937e+02
1.564344650402308616e+02
1.409012319375826507e+02
1.453865509345929468e+02
1.268528636212483178e+02
1.087892101962025464e+02
9.101255104430013887e+01
7.283700265400351270e+01
5.464348282318548655e+01
3.656212356694133092e+01
1.822048808171198431e+01
0.000000000000000000e+00
-1.828331735095926547e+01
-3.656212356694133092e+01
-5.483190862602405247e+01
-7.308816473212077369e+01
-9.101255104430013887e+01
-1.095420767027506628e+02
-1.272918008656125011e+02
-1.458878838688501673e+02
-1.634454290475958658e+02
-1.820897173068287316e+02
-1.994377563241150710e+02
-2.173623249194405389e+02
-2.360444117949805332e+02
-2.547913059511616609e+02
-2.726641849836975098e+02
-2.894750286598909952e+02
-3.071482301596940374e+02
-3.247456474296628244e+02
-3.399106159685434250e+02
-3.584597134749389511e+02
-3.770398747826458816e+02
-3.942909391655192053e+02
-4.114447181590552987e+02
-4.270244811142263757e+02
-4.423820478140438013e+02
-4.439127815435041384e+02
-4.255519829034876693e+02
-4.100308187839382867e+02
-3.915810358035568584e+02
-3.757442051098532829e+02
-3.584597134749389511e+02
-3.399106159685434250e+02
-3.247456474296628244e+02
-3.060927379598325047e+02
-2.884802691112315642e+02
-2.707966220728502549e+02
-2.530461600199893155e+02
-2.368555609764065935e+02
-2.181118501777834240e+02
-2.008131891263503519e+02
-1.827154551669896421e+02
-1.640090339753461990e+02
-1.458878838688501673e+02
-1.277307381099766843e+02
-1.091656434494766046e+02
-9.132638742721151459e+01
-7.308816473212077369e+01
-5.464348282318548655e+01
-3.643648053062882042e+01
-1.822048808171198431e+01
0.000000000000000000e+00
1.834614662020655018e+01
3.668776660325384853e+01
5.483190862602405247e+01
7.283700265400351270e+01
9.101255104430013887e+01
1.091656434494766046e+02
1.277307381099766843e+02
1.458878838688501673e+02
1.634454290475958658e+02
1.808382415865068822e+02
1.994377563241150710e+02
2.166127996610976254e+02
2.344221134321284410e+02
2.521735870544031286e+02
2.334453638559053843e+02
2.496846467135142120e+02
2.649285421652343757e+02
2.812230348875430650e+02
2.952164865332331942e+02
3.102530623524471594e+02
3.252130878709419903e+02
3.387379202452914342e+02
3.548887431543741968e+02
3.666520544739391880e+02
3.077809263974476153e+02
2.928641639313747760e+02
2.789911060392292370e+02
2.659840343650958516e+02
2.526689253594924764e+02
2.362467082221762666e+02
2.190158143621286797e+02
2.044095937193645796e+02
1.881308398440675091e+02
1.726168166805271937e+02
1.576859407605527110e+02
1.425920467208336220e+02
1.448852180003357262e+02
1.272918008656125011e+02
1.091656434494766046e+02
9.101255104430013887e+01
7.308816473212077369e+01
5.464348282318548655e+01
3.656212356694133092e+01
1.822048808171198431e+01
0.000000000000000000e+00
-1.828331735095926547e+01
-3.656212356694133092e+01
-5.464348282318548655e+01
-7.283700265400351270e+01
-9.132638742721151459e+01
-1.091656434494766046e+02
-1.272918008656125011e+02
-1.458878838688501673e+02
-1.634454290475958658e+02
-1.820897173068287316e+02
-1.994377563241150710e+02
-2.173623249194405389e+02
-2.368555609764065935e+02
-2.539187329855754740e+02
-2.726641849836975098e+02
-2.904697882085504261e+02
-3.071482301596940374e+02
-3.236296830055059104e+02
-3.410867772694726341e+02
-3.572236454974391791e+02
-3.744485354370606842e+02
-3.929359874845380318e+02
-4.100308187839382867e+02
-4.284969793249650820e+02
-4.439127815435041384e+02
-4.423820478140438013e+02
-4.255519829034876693e+02
-4.100308187839382867e+02
-3.942909391655192053e+02
-3.757442051098532829e+02
-3.584597134749389511e+02
-3.399106159685434250e+02
-3.225137185813489964e+02
-3.039817535601095528e+02
-2.874855095625721333e+02
-2.353129267667526392e+02
-2.530461600199893155e+02
-2.360444117949805332e+02
-2.181118501777834240e+02
-2.001254727252327257e+02
-1.827154551669896421e+02
-1.640090339753461990e+02
-1.453865509345929468e+02
-1.277307381099766843e+02
-1.091656434494766046e+02
-9.132638742721151459e+01
-7.308816473212077369e+01
-5.464348282318548655e+01
-3.643648053062882042e+01
-1.822048808171198431e+01
0.000000000000000000e+00
1.822048808171198431e+01
3.656212356694133092e+01
5.483190862602405247e+01
7.283700265400351270e+01
9.101255104430013887e+01
1.091656434494766046e+02
1.272918008656125011e+02
1.458878838688501673e+02
1.634454290475958658e+02
1.820897173068287316e+02
1.987500399229974448e+02
2.158632744027547403e+02
2.344221134321284410e+02
2.198883873277148382e+02
2.353129267667526392e+02
2.506794062621736430e+02
2.670395265649573275e+02
2.812230348875430650e+02
2.963926478341624602e+02
3.127251983074467603e+02
3.278044272165271877e+02
3.414478236072537811e+02
3.563026425294912087e+02
3.725420473168940703e+02
3.872756335534708683e+02
3.455126786501972447e+02
3.303957665621123851e+02
3.114891303299469882e+02
2.963926478341624602e+02
2.812230348875430650e+02
2.659840343650958516e+02
2.516741658108330455e+02
2.362467082221762666e+02
2.207609602933010251e+02
2.052207429007906399e+02
1.888803651024103942e+02
1.739922494827624746e+02
1.583116786207136499e+02
1.425920467208336220e+02
1.268372323670759130e+02
1.110511228241377921e+02
1.091656434494766046e+02
9.101255104430013887e+01
7.283700265400351270e+01
5.464348282318548655e+01
3.643648053062882042e+01
1.822048808171198431e+01
0.000000000000000000e+00
-1.822048808171198431e+01
-3.643648053062882042e+01
-5.464348282318548655e+01
-7.283700265400351270e+01
-9.101255104430013887e+01
-1.091656434494766046e+02
-1.277307381099766843e+02
-1.453865509345929468e+02
-1.634454290475958658e+02
-1.814639794466678211e+02
-1.994377563241150710e+02
-2.173623249194405389e+02
-2.360444117949805332e+02
-2.539187329855754740e+02
-2.717304035282738823e+02
-2.894750286598909952e+02
-3.071482301596940374e+02
-3.258616118538197384e+02
-3.422629385704018432e+02
-3.584597134749389511e+02
-3.757442051098532829e+02
-3.929359874845380318e+02
-4.100308187839382867e+02
-4.270244811142263757e+02
-4.439127815435041384e+02
-3.842141660945501371e+02
-3.710695491061553639e+02
-3.548887431543741968e+02
-3.400928719262726077e+02
-3.572236454974391791e+02
-3.399106159685434250e+02
-3.225137185813489964e+02
-3.060927379598325047e+02
-2.894750286598909952e+02
-2.707966220728502549e+02
-2.539187329855754740e+02
-2.360444117949805332e+02
-2.181118501777834240e+02
-2.001254727252327257e+02
-1.814639794466678211e+02
-1.640090339753461990e+02
-1.453865509345929468e+02
-1.272918008656125011e+02
-1.091656434494766046e+02
-9.101255104430013887e+01
-7.283700265400351270e+01
-5.483190862602405247e+01
-3.631083749431630281e+01
-1.822048808171198431e+01
0.000000000000000000e+00
1.809482954321741843e+01
3.618519445800379231e+01
5.445505702034691353e+01
7.233467849776900493e+01
9.069871466138874894e+01
1.091656434494766046e+02
1.272918008656125011e+02
1.448852180003357262e+02
1.640090339753461990e+02
1.833411930271505810e+02
2.015009055274680065e+02
2.207609602933010251e+02
3.492342643284344490e+02
2.516741658108330455e+02
2.680950187648188034e+02
2.823389993116999790e+02
2.975688091350916693e+02
3.114891303299469882e+02
3.278044272165271877e+02
3.414478236072537811e+02
3.577165419046082206e+02
3.725420473168940703e+02
3.888063672829312054e+02
2.496846467135142120e+02
2.353129267667526392e+02
2.198883873277148382e+02
2.044095937193645796e+02
1.896298903607533077e+02
1.739922494827624746e+02
1.576859407605527110e+02
1.080363436896544300e+02
9.038487827847737321e+01
7.283700265400351270e+01
5.445505702034691353e+01
3.643648053062882042e+01
1.822048808171198431e+01
0.000000000000000000e+00
-1.828331735095926547e+01
-3.643648053062882042e+01
-5.445505702034691353e+01
-7.283700265400351270e+01
-9.132638742721151459e+01
-1.091656434494766046e+02
-1.277307381099766843e+02
-1.458878838688501673e+02
-1.640090339753461990e+02
-1.814639794466678211e+02
-1.994377563241150710e+02
-2.181118501777834240e+02
-2.360444117949805332e+02
-2.530461600199893155e+02
-2.726641849836975098e+02
-2.884802691112315642e+02
-3.071482301596940374e+02
-3.247456474296628244e+02
-3.422629385704018432e+02
-3.596957814524387800e+02
-3.770398747826458816e+02
-3.902260841225757417e+02
-4.086169194088212748e+02
-4.240794846927489630e+02
