6.915000000000000000e+02
7.000000000000000000e+02
6.845714285714285552e+02
6.800000000000000000e+02
6.845000000000000000e+02
6.662857142857143344e+02
6.640000000000000000e+02
6.510000000000000000e+02
6.764444444444444571e+02
6.388571428571428896e+02
6.400000000000000000e+02
6.400000000000000000e+02
6.400000000000000000e+02
6.400000000000000000e+02
6.400000000000000000e+02
6.440000000000000000e+02
6.575000000000000000e+02
6.700000000000000000e+02
6.657777777777778283e+02
6.590000000000000000e+02
7.000000000000000000e+02
6.960000000000000000e+02
7.025000000000000000e+02
7.040000000000000000e+02
6.920000000000000000e+02
7.488888888888889142e+02
7.497777777777778283e+02
nan
6.976000000000000227e+02
7.080000000000000000e+02
7.000000000000000000e+02
7.000000000000000000e+02
7.048888888888889142e+02
6.648888888888889142e+02
6.720000000000000000e+02
6.605000000000000000e+02
6.520000000000000000e+02
6.415000000000000000e+02
nan
6.400000000000000000e+02
nan
6.440000000000000000e+02
6.440000000000000000e+02
6.725714285714285552e+02
6.660000000000000000e+02
6.626666666666666288e+02
6.617777777777778283e+02
6.773333333333333712e+02
6.760000000000000000e+02
6.822222222222221717e+02
6.926666666666666288e+02
7.000000000000000000e+02
5.805000000000000000e+02
6.845714285714285552e+02
6.820000000000000000e+02
6.720000000000000000e+02
6.725714285714285552e+02
6.546666666666666288e+02
6.537777777777778283e+02
6.440000000000000000e+02
6.634285714285714448e+02
6.405000000000000000e+02
6.400000000000000000e+02
6.400000000000000000e+02
6.400000000000000000e+02
6.400000000000000000e+02
6.400000000000000000e+02
6.513333333333333712e+02
6.582222222222221717e+02
6.665000000000000000e+02
6.748571428571428896e+02
6.855000000000000000e+02
6.600000000000000000e+02
7.017777777777778283e+02
7.106666666666666288e+02
7.160000000000000000e+02
6.990000000000000000e+02
6.920000000000000000e+02
6.920000000000000000e+02
nan
7.112000000000000455e+02
7.180000000000000000e+02
7.093333333333333712e+02
6.628571428571428896e+02
6.783999999999999773e+02
6.730000000000000000e+02
6.697142857142856656e+02
6.640000000000000000e+02
6.573333333333333712e+02
6.513333333333333712e+02
6.400000000000000000e+02
6.431111111111110858e+02
6.400000000000000000e+02
6.400000000000000000e+02
6.400000000000000000e+02
6.508571428571428896e+02
6.426666666666666288e+02
6.462857142857143344e+02
6.480000000000000000e+02
6.670000000000000000e+02
6.720000000000000000e+02
6.760000000000000000e+02
6.760000000000000000e+02
6.840000000000000000e+02
6.880000000000000000e+02
6.530000000000000000e+02
6.560000000000000000e+02
6.680000000000000000e+02
6.651428571428571104e+02
6.315000000000000000e+02
6.355000000000000000e+02
6.400000000000000000e+02
6.540000000000000000e+02
6.320000000000000000e+02
6.388571428571428896e+02
6.400000000000000000e+02
6.400000000000000000e+02
6.400000000000000000e+02
6.497777777777778283e+02
6.567999999999999545e+02
6.470000000000000000e+02
6.305000000000000000e+02
6.800000000000000000e+02
6.720000000000000000e+02
6.680000000000000000e+02
6.680000000000000000e+02
6.646666666666666288e+02
5.940000000000000000e+02
7.075555555555555429e+02
7.057777777777778283e+02
7.062857142857143344e+02
6.926666666666666288e+02
6.868571428571428896e+02
6.670000000000000000e+02
6.640000000000000000e+02
6.577777777777778283e+02
6.495000000000000000e+02
6.297142857142856656e+02
6.310000000000000000e+02
6.375000000000000000e+02
6.330000000000000000e+02
6.320000000000000000e+02
6.266666666666666288e+02
6.300000000000000000e+02
6.433333333333333712e+02
6.360000000000000000e+02
6.257777777777778283e+02
6.257777777777778283e+02
6.425000000000000000e+02
6.302857142857143344e+02
6.297142857142856656e+02
6.440000000000000000e+02
6.640000000000000000e+02
6.505000000000000000e+02
6.520000000000000000e+02
6.520000000000000000e+02
6.765000000000000000e+02
6.533333333333333712e+02
6.480000000000000000e+02
6.512000000000000455e+02
6.325000000000000000e+02
6.320000000000000000e+02
6.280000000000000000e+02
6.240000000000000000e+02
6.240000000000000000e+02
6.200000000000000000e+02
6.240000000000000000e+02
6.340000000000000000e+02
6.286666666666666288e+02
6.337142857142856656e+02
6.335000000000000000e+02
6.192000000000000455e+02
6.480000000000000000e+02
6.360000000000000000e+02
6.300000000000000000e+02
6.445000000000000000e+02
6.610000000000000000e+02
6.640000000000000000e+02
nan
6.810000000000000000e+02
6.840000000000000000e+02
6.800000000000000000e+02
6.720000000000000000e+02
6.780000000000000000e+02
nan
6.760000000000000000e+02
5.868571428571428896e+02
6.497142857142856656e+02
6.440000000000000000e+02
6.235000000000000000e+02
6.280000000000000000e+02
6.415000000000000000e+02
6.235555555555555429e+02
6.280000000000000000e+02
6.257142857142856656e+02
6.295000000000000000e+02
6.166666666666666288e+02
6.160000000000000000e+02
6.142222222222221717e+02
6.080000000000000000e+02
6.314285714285714448e+02
6.360000000000000000e+02
6.265000000000000000e+02
6.240000000000000000e+02
6.474285714285714448e+02
6.400000000000000000e+02
6.306666666666666288e+02
6.851428571428571104e+02
6.640000000000000000e+02
6.395000000000000000e+02
5.977142857142856656e+02
6.422222222222221717e+02
6.160000000000000000e+02
6.160000000000000000e+02
6.220000000000000000e+02
6.240000000000000000e+02
6.120000000000000000e+02
6.051428571428571104e+02
6.191111111111110858e+02
6.160000000000000000e+02
6.120000000000000000e+02
6.296000000000000227e+02
6.293333333333333712e+02
6.160000000000000000e+02
6.320000000000000000e+02
nan
6.320000000000000000e+02
6.143999999999999773e+02
6.490000000000000000e+02
6.440000000000000000e+02
5.777777777777778283e+02
6.548571428571428896e+02
6.695000000000000000e+02
6.613333333333333712e+02
6.640000000000000000e+02
6.640000000000000000e+02
5.822857142857143344e+02
6.405000000000000000e+02
6.400000000000000000e+02
6.440000000000000000e+02
6.480000000000000000e+02
6.413333333333333712e+02
6.360000000000000000e+02
6.274285714285714448e+02
5.955000000000000000e+02
6.364444444444444571e+02
6.225000000000000000e+02
6.127999999999999545e+02
6.040000000000000000e+02
6.040000000000000000e+02
6.120000000000000000e+02
6.160000000000000000e+02
6.315000000000000000e+02
6.225000000000000000e+02
6.160000000000000000e+02
6.160000000000000000e+02
6.120000000000000000e+02
6.015000000000000000e+02
6.314285714285714448e+02
6.513333333333333712e+02
6.353333333333333712e+02
6.240000000000000000e+02
6.280000000000000000e+02
6.393333333333333712e+02
6.105000000000000000e+02
6.057777777777778283e+02
6.080000000000000000e+02
6.040000000000000000e+02
6.040000000000000000e+02
6.040000000000000000e+02
6.017777777777778283e+02
6.040000000000000000e+02
6.080000000000000000e+02
6.088888888888889142e+02
6.080000000000000000e+02
6.145000000000000000e+02
5.935000000000000000e+02
5.780000000000000000e+02
6.275000000000000000e+02
6.380000000000000000e+02
6.480000000000000000e+02
6.480000000000000000e+02
6.546666666666666288e+02
6.560000000000000000e+02
6.600000000000000000e+02
6.640000000000000000e+02
6.680000000000000000e+02
6.650000000000000000e+02
6.560000000000000000e+02
6.520000000000000000e+02
5.897142857142856656e+02
5.808888888888889142e+02
6.262857142857143344e+02
5.970000000000000000e+02
6.016000000000000227e+02
5.951111111111110858e+02
6.060000000000000000e+02
6.120000000000000000e+02
5.960000000000000000e+02
5.960000000000000000e+02
6.000000000000000000e+02
6.000000000000000000e+02
nan
5.942222222222221717e+02
5.845000000000000000e+02
6.017777777777778283e+02
6.080000000000000000e+02
6.022857142857143344e+02
6.320000000000000000e+02
6.360000000000000000e+02
6.320000000000000000e+02
6.280000000000000000e+02
6.327999999999999545e+02
6.453333333333333712e+02
6.425000000000000000e+02
6.095000000000000000e+02
6.160000000000000000e+02
5.845714285714285552e+02
6.071111111111110858e+02
6.055000000000000000e+02
5.795000000000000000e+02
5.760000000000000000e+02
5.820000000000000000e+02
5.880000000000000000e+02
5.880000000000000000e+02
5.808888888888889142e+02
5.870000000000000000e+02
5.790000000000000000e+02
6.084444444444444571e+02
6.145000000000000000e+02
5.828571428571428896e+02
6.114285714285714448e+02
6.260000000000000000e+02
6.280000000000000000e+02
6.320000000000000000e+02
nan
6.435000000000000000e+02
6.400000000000000000e+02
6.400000000000000000e+02
6.400000000000000000e+02
6.457777777777778283e+02
6.360000000000000000e+02
6.280000000000000000e+02
6.280000000000000000e+02
6.280000000000000000e+02
5.875000000000000000e+02
6.155000000000000000e+02
5.977142857142856656e+02
5.946666666666666288e+02
5.725714285714285552e+02
5.745000000000000000e+02
5.840000000000000000e+02
5.840000000000000000e+02
5.840000000000000000e+02
5.780000000000000000e+02
5.737777777777778283e+02
5.720000000000000000e+02
6.032000000000000455e+02
6.033333333333333712e+02
5.960000000000000000e+02
5.960000000000000000e+02
6.114285714285714448e+02
5.937777777777778283e+02
6.220000000000000000e+02
6.170000000000000000e+02
5.933333333333333712e+02
5.920000000000000000e+02
5.920000000000000000e+02
5.820000000000000000e+02
5.800000000000000000e+02
5.840000000000000000e+02
5.840000000000000000e+02
5.880000000000000000e+02
5.817777777777778283e+02
5.786666666666666288e+02
5.760000000000000000e+02
5.760000000000000000e+02
5.800000000000000000e+02
5.893333333333333712e+02
5.828571428571428896e+02
5.893333333333333712e+02
6.080000000000000000e+02
5.875000000000000000e+02
6.228571428571428896e+02
6.097777777777778283e+02
6.213333333333333712e+02
6.415000000000000000e+02
6.440000000000000000e+02
6.440000000000000000e+02
6.408888888888889142e+02
6.502222222222221717e+02
6.520000000000000000e+02
6.457142857142856656e+02
6.480000000000000000e+02
6.367999999999999545e+02
6.071111111111110858e+02
5.745000000000000000e+02
5.960000000000000000e+02
6.074285714285714448e+02
5.946666666666666288e+02
5.817777777777778283e+02
6.005714285714285552e+02
5.857777777777778283e+02
5.800000000000000000e+02
nan
5.800000000000000000e+02
5.800000000000000000e+02
5.862857142857143344e+02
5.848888888888889142e+02
5.840000000000000000e+02
5.800000000000000000e+02
5.840000000000000000e+02
5.908571428571428896e+02
5.920000000000000000e+02
5.920000000000000000e+02
6.260000000000000000e+02
6.351111111111110858e+02
5.870000000000000000e+02
nan
5.920000000000000000e+02
5.920000000000000000e+02
5.880000000000000000e+02
5.846666666666666288e+02
5.840000000000000000e+02
5.880000000000000000e+02
5.813333333333333712e+02
5.800000000000000000e+02
5.800000000000000000e+02
5.800000000000000000e+02
5.800000000000000000e+02
5.900000000000000000e+02
5.915000000000000000e+02
5.905000000000000000e+02
5.946666666666666288e+02
6.034285714285714448e+02
5.885000000000000000e+02
6.455000000000000000e+02
6.626666666666666288e+02
6.135000000000000000e+02
6.440000000000000000e+02
6.520000000000000000e+02
6.520000000000000000e+02
6.520000000000000000e+02
6.520000000000000000e+02
6.503999999999999773e+02
6.166666666666666288e+02
6.500000000000000000e+02
6.382222222222221717e+02
5.828571428571428896e+02
6.085000000000000000e+02
6.095000000000000000e+02
5.905000000000000000e+02
5.880000000000000000e+02
5.880000000000000000e+02
5.800000000000000000e+02
nan
5.800000000000000000e+02
5.800000000000000000e+02
5.800000000000000000e+02
5.800000000000000000e+02
5.840000000000000000e+02
5.820000000000000000e+02
5.900000000000000000e+02
5.920000000000000000e+02
5.920000000000000000e+02
5.920000000000000000e+02
5.857777777777778283e+02
6.365714285714285552e+02
6.533333333333333712e+02
5.786666666666666288e+02
5.910000000000000000e+02
5.960000000000000000e+02
5.880000000000000000e+02
5.880000000000000000e+02
5.817777777777778283e+02
5.880000000000000000e+02
5.815000000000000000e+02
5.800000000000000000e+02
5.800000000000000000e+02
5.800000000000000000e+02
5.800000000000000000e+02
5.800000000000000000e+02
5.840000000000000000e+02
5.880000000000000000e+02
nan
5.920000000000000000e+02
6.040000000000000000e+02
6.155000000000000000e+02
6.288888888888889142e+02
6.280000000000000000e+02
6.455000000000000000e+02
6.670000000000000000e+02
6.413333333333333712e+02
6.417777777777778283e+02
6.375000000000000000e+02
6.870000000000000000e+02
6.788571428571428896e+02
6.703999999999999773e+02
6.313333333333333712e+02
6.240000000000000000e+02
6.165714285714285552e+02
5.960000000000000000e+02
5.920000000000000000e+02
5.857777777777778283e+02
5.902222222222221717e+02
5.936000000000000227e+02
5.871111111111110858e+02
5.900000000000000000e+02
6.028571428571428896e+02
nan
6.080000000000000000e+02
5.925000000000000000e+02
nan
5.977142857142856656e+02
1.070666666666666742e+03
5.850000000000000000e+02
6.270000000000000000e+02
6.220000000000000000e+02
6.200000000000000000e+02
6.025000000000000000e+02
6.135000000000000000e+02
6.226666666666666288e+02
6.240000000000000000e+02
6.240000000000000000e+02
7.140000000000000000e+02
5.955000000000000000e+02
5.982222222222221717e+02
5.920000000000000000e+02
5.880000000000000000e+02
5.945000000000000000e+02
6.062222222222221717e+02
6.040000000000000000e+02
5.960000000000000000e+02
5.855000000000000000e+02
5.857142857142856656e+02
5.982222222222221717e+02
6.127999999999999545e+02
6.200000000000000000e+02
6.220000000000000000e+02
6.345000000000000000e+02
6.400000000000000000e+02
6.400000000000000000e+02
6.400000000000000000e+02
6.586666666666666288e+02
6.600000000000000000e+02
6.834285714285714448e+02
6.888888888888889142e+02
6.880000000000000000e+02
6.853333333333333712e+02
6.165714285714285552e+02
6.263999999999999773e+02
6.354285714285714448e+02
6.360000000000000000e+02
6.286666666666666288e+02
6.060000000000000000e+02
6.080000000000000000e+02
6.080000000000000000e+02
6.120000000000000000e+02
5.905000000000000000e+02
5.880000000000000000e+02
6.150000000000000000e+02
6.040000000000000000e+02
5.925000000000000000e+02
5.893333333333333712e+02
5.920000000000000000e+02
5.960000000000000000e+02
6.060000000000000000e+02
6.211428571428571104e+02
6.240000000000000000e+02
6.308571428571428896e+02
6.306666666666666288e+02
6.360000000000000000e+02
6.400000000000000000e+02
6.380000000000000000e+02
6.295000000000000000e+02
6.240000000000000000e+02
6.170000000000000000e+02
6.135000000000000000e+02
6.055000000000000000e+02
5.971428571428571104e+02
5.920000000000000000e+02
5.995555555555555429e+02
5.847999999999999545e+02
6.080000000000000000e+02
5.950000000000000000e+02
6.017777777777778283e+02
6.062222222222221717e+02
6.080000000000000000e+02
6.080000000000000000e+02
5.945000000000000000e+02
6.560000000000000000e+02
6.355555555555555429e+02
6.320000000000000000e+02
6.250000000000000000e+02
6.177142857142856656e+02
6.720000000000000000e+02
6.815000000000000000e+02
6.902857142857143344e+02
nan
6.920000000000000000e+02
6.794285714285714448e+02
6.880000000000000000e+02
nan
6.146666666666666288e+02
6.422222222222221717e+02
6.440000000000000000e+02
6.340000000000000000e+02
5.973333333333333712e+02
6.106666666666666288e+02
6.034285714285714448e+02
6.186666666666666288e+02
6.200000000000000000e+02
6.017142857142856656e+02
5.920000000000000000e+02
6.175000000000000000e+02
6.160000000000000000e+02
6.200000000000000000e+02
6.306666666666666288e+02
6.155000000000000000e+02
6.097777777777778283e+02
6.165000000000000000e+02
6.222857142857143344e+02
6.280000000000000000e+02
6.247999999999999545e+02
6.554285714285714448e+02
6.530000000000000000e+02
6.493333333333333712e+02
6.480000000000000000e+02
6.266666666666666288e+02
6.240000000000000000e+02
6.195000000000000000e+02
6.360000000000000000e+02
5.790000000000000000e+02
6.200000000000000000e+02
6.200000000000000000e+02
6.060000000000000000e+02
5.835555555555555429e+02
6.375000000000000000e+02
6.400000000000000000e+02
6.213333333333333712e+02
6.337142857142856656e+02
6.440000000000000000e+02
6.440000000000000000e+02
6.505000000000000000e+02
6.520000000000000000e+02
6.560000000000000000e+02
6.726666666666666288e+02
6.865000000000000000e+02
6.880000000000000000e+02
6.800000000000000000e+02
6.760000000000000000e+02
6.950000000000000000e+02
6.920000000000000000e+02
6.740000000000000000e+02
6.640000000000000000e+02
6.580000000000000000e+02
6.560000000000000000e+02
6.453333333333333712e+02
6.497142857142856656e+02
6.400000000000000000e+02
6.295000000000000000e+02
6.245000000000000000e+02
6.413333333333333712e+02
5.911111111111110858e+02
6.314285714285714448e+02
6.320000000000000000e+02
6.413333333333333712e+02
6.542222222222221717e+02
6.497777777777778283e+02
5.840000000000000000e+02
6.297142857142856656e+02
nan
6.240000000000000000e+02
6.497142857142856656e+02
6.490000000000000000e+02
6.582857142857143344e+02
