8.572863764899407215e+02
8.565736308284763254e+02
8.991290382054349948e+02
8.918376957312310651e+02
8.873313035026634452e+02
8.951568391421303659e+02
8.964360919301969943e+02
8.974634408236624949e+02
8.982402047008872614e+02
9.052105511842297574e+02
9.087495497779493689e+02
9.153101085449277434e+02
8.760727555191053852e+02
8.755474234995001552e+02
8.813391931750397816e+02
8.770766748612495576e+02
9.219555372741659767e+02
9.338017719017361742e+02
8.892584033771759096e+02
9.403575355511920861e+02
9.184283676262623430e+02
9.128117866492158328e+02
9.069568621577833483e+02
9.041925534783661078e+02
9.078528032682116873e+02
9.212683304312200789e+02
9.278056121312492905e+02
9.041925534783661078e+02
9.036346758495129734e+02
9.028538398857698439e+02
9.416377487576118028e+02
9.403575355511920861e+02
9.388453031937469859e+02
9.404010777102289467e+02
9.548825207482433370e+02
9.526300962912447403e+02
9.403135629785740548e+02
9.376198154640169378e+02
9.379515003327223894e+02
9.347847917054581330e+02
9.216854864295926291e+02
9.664169585596758907e+02
9.495682163980807218e+02
9.421769218611402721e+02
9.377611599979011316e+02
9.394402163435078137e+02
9.565557314354954315e+02
9.512935421133132650e+02
9.395742890589665421e+02
9.338817202534290800e+02
9.771221065369214784e+02
9.891126425775654525e+02
9.451836468187397031e+02
9.477858215685898813e+02
9.532942893550344934e+02
9.617627711934959507e+02
9.539682476211286257e+02
9.522632254049093490e+02
9.567472750903510814e+02
9.642528727583974160e+02
9.715485516009623552e+02
9.326549522784803230e+02
9.492408288810854629e+02
9.491493686124142641e+02
9.488022048131272186e+02
9.548551001792006900e+02
9.640263718917468623e+02
9.663057420121053838e+02
9.415412459258966464e+02
9.500072184340033346e+02
9.548997527683851558e+02
9.090631558309233924e+02
9.134454315349956914e+02
9.209825525973154754e+02
9.181754950955071308e+02
9.185154539929653765e+02
9.388926531582409325e+02
9.151385589415206141e+02
9.181754950955071308e+02
9.243561150610418053e+02
9.269280209303461788e+02
9.326314598709844859e+02
9.212765220371039732e+02
9.063673108734307107e+02
9.549439682878311260e+02
8.793716614158604443e+02
8.939760126885403224e+02
8.949687175895644486e+02
8.924048709605987142e+02
8.929279774402505154e+02
8.866173019757359270e+02
9.228029633459613024e+02
9.159380284453516197e+02
9.121310958525381238e+02
9.113423196623344893e+02
9.102990832684217821e+02
9.057880330948089522e+02
8.978582681241606451e+02
8.897413367313655499e+02
8.719629558431028045e+02
8.666800216676814443e+02
8.643034763217211776e+02
8.706541589055987060e+02
8.730251612818153717e+02
8.719354825730971470e+02
8.802273894155240441e+02
8.948228029792104508e+02
9.158203395294834763e+02
9.236567315704521661e+02
9.214244746279154015e+02
8.924614974115656878e+02
8.961863356259143529e+02
8.863613117419179162e+02
8.695283863832561337e+02
9.026750543235669966e+02
9.021337703875608440e+02
9.013497261187003460e+02
9.003247784588672857e+02
8.956681659094016368e+02
8.873603753346251324e+02
9.332919649125001342e+02
9.211486062864584028e+02
8.984885249922151615e+02
8.994883856321552003e+02
9.002663109722741410e+02
9.282235420466826099e+02
9.285672212818990374e+02
9.217143266598924356e+02
9.282235420466826099e+02
9.379200350053351940e+02
9.336894649337581313e+02
9.224026682429584980e+02
9.245602677912229410e+02
9.298857898580749861e+02
9.451577944177234940e+02
9.329876728222933480e+02
9.240175357867320827e+02
9.553631928524051773e+02
9.593586737330405185e+02
9.630771025682665822e+02
9.598255649692096085e+02
9.330119070967557491e+02
9.260592134801115662e+02
9.717914082925937009e+02
9.674956983593111772e+02
9.629612733394076258e+02
9.581892520344060813e+02
9.661492582891473830e+02
9.640585693598596890e+02
9.616935469556218550e+02
9.558669649070970991e+02
9.434725067413397710e+02
9.501728789407329714e+02
9.562376579189395898e+02
9.685669488849212030e+02
9.709270804440648135e+02
9.730106767029857338e+02
9.715143705893449351e+02
9.676039758541949141e+02
9.685487866581734124e+02
9.423028810837525953e+02
9.459868953350786569e+02
9.392649568164247285e+02
9.288375019153849053e+02
9.727000549237185396e+02
9.481122824984281579e+02
9.402991921161720938e+02
9.390825980521121892e+02
9.479603050491075464e+02
9.393637613120572496e+02
9.339586167926532880e+02
9.352301184399138947e+02
9.224001865525673338e+02
9.307135058213332286e+02
9.275840095635290936e+02
9.172748792467300518e+02
9.102135224930509594e+02
9.098766362880198812e+02
9.093152516377607526e+02
9.154648468040518310e+02
9.213748574259893758e+02
9.339586167926532880e+02
8.910141559504073712e+02
9.031476360831499051e+02
9.046839680868333744e+02
9.094134522291445819e+02
9.070388262169078644e+02
9.078533845954706294e+02
9.118258260561285624e+02
8.782296888644549426e+02
8.919305013159312239e+02
8.985531044620071270e+02
8.981698090809356927e+02
8.908629708726551826e+02
8.767249222340063852e+02
8.756847217897158089e+02
8.743947297398452747e+02
8.826609822218771342e+02
8.840611077070420833e+02
8.754743422163264768e+02
8.699217911923602742e+02
8.716136863451517911e+02
8.739039877817687056e+02
8.858169560334395101e+02
8.810288493253234492e+02
8.792414414305828814e+02
8.805134111907698298e+02
8.848985874475694118e+02
8.890654282189378819e+02
8.964083917315816734e+02
8.967400450076238485e+02
8.933999507936522377e+02
8.863523171492367965e+02
8.824607298331685570e+02
9.163434552103548185e+02
9.155082422672995790e+02
9.179050411954914352e+02
9.200753607896762105e+02
9.220186655559693918e+02
9.132374933310320557e+02
9.041945877008828347e+02
9.475383853966799279e+02
9.380529096227163564e+02
9.283151517960120600e+02
9.324067825898354158e+02
9.292321917817383792e+02
9.328670961885998167e+02
9.468312863230592029e+02
9.464808472327008531e+02
9.458968781557849752e+02
9.345396028451032180e+02
9.335007796870995662e+02
9.357362593648671236e+02
9.447284413769295952e+02
9.479564323287571597e+02
9.491972585089741870e+02
9.467187505264122365e+02
9.440066538582146904e+02
9.479558621254740274e+02
9.447553768063570487e+02
9.618597171379935844e+02
9.615235463579845145e+02
9.711090910425468792e+02
9.735773510534377237e+02
9.843001630801760484e+02
9.824857015985679709e+02
9.737687282016731842e+02
9.714349517838834345e+02
9.655493497963361733e+02
9.399117737080182451e+02
9.450137293043409272e+02
9.477318307180908050e+02
9.535088242479530436e+02
9.724638482010366261e+02
9.845868893163811890e+02
9.016310047878565683e+02
9.163407656678640478e+02
9.275006859573543352e+02
9.281811090242027831e+02
9.355070847105102985e+02
9.391645302107575617e+02
9.008519372224898234e+02
9.108836450655786621e+02
9.627467839289483891e+02
9.690236756535521181e+02
9.680404308685555179e+02
9.068168291938203538e+02
9.087321304195967286e+02
9.139657183742391453e+02
9.189860851001581068e+02
9.202372029762664170e+02
9.105902861762175462e+02
9.149378826118492043e+02
9.083782035800404628e+02
9.051509485714490211e+02
9.016986024786283451e+02
8.944601893363532099e+02
8.941291337199613736e+02
8.935774651189656197e+02
9.034762995654658653e+02
9.131311241888048471e+02
9.154378762773774270e+02
9.175082211586353651e+02
9.299476665383422187e+02
9.385730605663666211e+02
9.293188136338133063e+02
9.233812561481312287e+02
8.962297334029483409e+02
8.899437911560252132e+02
8.904173587990633223e+02
8.941123571748171344e+02
8.940824167528492126e+02
8.903663231009944639e+02
8.932755683943522627e+02
8.924954669330124943e+02
8.914622340571664836e+02
8.834307020578488618e+02
8.785707869954192120e+02
8.768280446755652520e+02
8.781431298611679495e+02
8.758663832576818322e+02
8.861374318369331604e+02
8.884408772330823467e+02
8.938564568655104949e+02
8.922661965221382161e+02
8.869676274576684136e+02
8.881988147551916200e+02
9.029615202864196135e+02
9.037507697869573349e+02
9.008074085595847009e+02
9.010745428505003929e+02
9.010911800016309599e+02
8.973400621038031204e+02
9.003799216965867345e+02
8.996556745417918819e+02
8.951360977210348437e+02
8.939181355765558692e+02
8.924618923107732371e+02
9.050790367533700191e+02
9.139314132949456280e+02
9.189933336512173128e+02
9.166497564682570101e+02
9.212685325890139438e+02
9.112598418866721204e+02
9.154264682838115732e+02
9.049492824588794520e+02
8.978492966437967198e+02
9.085546580862056771e+02
9.154264682838115732e+02
9.220652945572650196e+02
9.212685325890139438e+02
9.238391663229101596e+02
9.225831513607922716e+02
9.210995028109844043e+02
9.158111992445166152e+02
9.138809777262317766e+02
9.117252697513877138e+02
9.421590922366796121e+02
9.286271349262834747e+02
9.184539459180102767e+02
9.536840504297415464e+02
9.464775236918047767e+02
9.390656382667485786e+02
9.383772360623197528e+02
9.339792824336631156e+02
9.224922052862801820e+02
9.669044334935717870e+02
9.545712350676961933e+02
9.487878047432540143e+02
9.527643064111387048e+02
9.565424824552308110e+02
9.592583120997251172e+02
9.582850324035283620e+02
9.707146954269152275e+02
9.795333762699112867e+02
9.777459164446571549e+02
9.477708193940459296e+02
9.452319965909578059e+02
9.529452581870424410e+02
9.533914560862759799e+02
9.495847583588855514e+02
9.632995651486126008e+02
9.167477784789107318e+02
9.223009213677354410e+02
9.203936599959414480e+02
9.218761716189941353e+02
9.267655989890254205e+02
9.350737657121402435e+02
9.285993351390759472e+02
9.291726252186703050e+02
9.222263291439004433e+02
9.077576635289035494e+02
9.149360024313003805e+02
9.218849967855826435e+02
9.285993351390759472e+02
9.231312240910293667e+02
9.291350391120571430e+02
9.240172570825396861e+02
8.969828568596016112e+02
8.914830759224054191e+02
8.965816603533820626e+02
9.014231951724028704e+02
9.060029367382862802e+02
9.031764806947296620e+02
9.143584391219521876e+02
9.216699768142771063e+02
9.180806614164139319e+02
9.142648233528821038e+02
8.857173893981938591e+02
8.850506916400281625e+02
8.875991298221001671e+02
8.933068466686866032e+02
8.575218157481584740e+02
8.559770218266392021e+02
9.016350212668793347e+02
8.925484431360426925e+02
8.813773022093043892e+02
8.596051964698895063e+02
8.648450053454445197e+02
8.733370498706566423e+02
8.851376013280092820e+02
8.897885118992874141e+02
8.942198804694459113e+02
8.913563568640890935e+02
8.775498390538795093e+02
8.776447792489511812e+02
8.774943972988241967e+02
8.842898425975589589e+02
8.908923444215005247e+02
8.936803577332640316e+02
8.962478687891829168e+02
9.022322774712229148e+02
9.007189047156867900e+02
8.989669890711109019e+02
8.933176263891368762e+02
8.910894907165247787e+02
9.069907389922852872e+02
9.043239475021796352e+02
9.014267619870176986e+02
9.277542272719605307e+02
9.244148052302447240e+02
9.208454801410263144e+02
9.314357916658967724e+02
9.382196910477123311e+02
9.374089699717715121e+02
9.473830391093505341e+02
9.240928051875072242e+02
9.262678667067689275e+02
9.282016879026916740e+02
9.298919866497980138e+02
9.262436096344761154e+02
9.197471571962860253e+02
9.166419100096647981e+02
9.739716452640799389e+02
9.628178396097221139e+02
9.550246680686668697e+02
9.223842861535229076e+02
9.318257644299624189e+02
9.339247132122302446e+02
9.357182677185606963e+02
9.647673366403365662e+02
9.623468534184819418e+02
9.630493302132553026e+02
9.826976761000538545e+02
9.889700548850474888e+02
9.880403891974334556e+02
9.377950496779584455e+02
9.429825705412325760e+02
9.444003446229685323e+02
9.491036937321584901e+02
9.464299977987483317e+02
9.219338455663269087e+02
9.221794281929857107e+02
9.468766775119829617e+02
9.096543577628905268e+02
9.122677615379773215e+02
9.146560768934601811e+02
9.205007174179339700e+02
9.445835986803174364e+02
9.256501049326554948e+02
9.194950129172372044e+02
9.502123872057206881e+02
9.250293404605694150e+02
9.144486141619977388e+02
9.036312517838009626e+02
9.000236383398273574e+02
9.036312517838009626e+02
8.995795310048921465e+02
8.990244995640874777e+02
9.019594144179301338e+02
9.009568070116476974e+02
8.923267011550799452e+02
8.982850015935949841e+02
9.113755815392124759e+02
9.094547088089187810e+02
8.999628065819186986e+02
8.939491317882186650e+02
8.913882060005835228e+02
8.922491768862917070e+02
8.892367682861528237e+02
8.860049538193746912e+02
8.897590576705761123e+02
8.896482245153661097e+02
8.857156205814701480e+02
8.851191750535859910e+02
8.842699856020303741e+02
8.866851036432484534e+02
8.783080502580879738e+02
8.732328791850557081e+02
8.679422509655487374e+02
8.933615237273216962e+02
8.945125975690268660e+02
8.967328742201460727e+02
8.776254849649866401e+02
8.827261855689389449e+02
8.840586503483370961e+02
8.851347996922480661e+02
8.895429916156717809e+02
8.937317021164318476e+02
8.940801400409017106e+02
8.905420032934672463e+02
8.903745777976459976e+02
8.936223310172794072e+02
8.929748028708399943e+02
8.920830396041078529e+02
8.872521933454515874e+02
8.858684554135412554e+02
8.953936797789547199e+02
8.823921593298089192e+02
8.877643299339262057e+02
8.966665051819934433e+02
9.053696305749045905e+02
9.063771486822914767e+02
9.071610317906532828e+02
9.114720000690940651e+02
9.118094769652458353e+02
9.081692131729646462e+02
9.080571745909032870e+02
9.077210864885628325e+02
9.109096310955734452e+02
9.176132290378570815e+02
9.240756146776919877e+02
9.190831678115432624e+02
9.138750455202181229e+02
9.270702433465080503e+02
9.288316180279613263e+02
9.229340811630617054e+02
9.205241505959061215e+02
9.178870944686894973e+02
9.150235634355520915e+02
9.192590372349882273e+02
9.232162630442805948e+02
9.268906564891190101e+02
9.302777165607762981e+02
9.333730276135316899e+02
9.576934627475177422e+02
9.600857303113497210e+02
9.479665045903855116e+02
9.356897567030753180e+02
9.373040179426056966e+02
9.525606017980539946e+02
9.569204532133774137e+02
9.719646157206544785e+02
9.500197539034805914e+02
9.416505352712889589e+02
9.328808888656749332e+02
9.308806064353589136e+02
9.285736261398755005e+02
9.766027195599665447e+02
9.448605880412366105e+02
9.381051535892562470e+02
9.383550438919157841e+02
9.346640641733881694e+02
9.380733688631100904e+02
9.264283641592107870e+02
9.293275860773744625e+02
9.282695202782225579e+02
9.344374781217337613e+02
9.329002999086940235e+02
9.348706924184259606e+02
9.253259566871453217e+02
9.268164129402958906e+02
9.243055155381799750e+02
9.177803581709752052e+02
9.147939630375541356e+02
9.153587300840475791e+02
9.119137714902007019e+02
9.120262859097537103e+02
9.156976460606994124e+02
8.699690409889708462e+02
8.694322789199894714e+02
9.177803581709752052e+02
9.054421376700538531e+02
8.966760417877660529e+02
8.989955432854785613e+02
8.767014866611824573e+02
8.858467292594035598e+02
8.909896198654425916e+02
8.921544826342794750e+02
8.930769430494791550e+02
8.900617397480690443e+02
8.757875876900252479e+02
8.687115054780626906e+02
8.651008614811429425e+02
9.121538753782706408e+02
9.078788244798207643e+02
8.493929293372505072e+02
8.807562660888396522e+02
8.830322917507151033e+02
8.743897827519111843e+02
8.655735535565045211e+02
8.705726234332480544e+02
8.879238093529587559e+02
8.864992697942523137e+02
8.812001779956536893e+02
8.755566141385776291e+02
8.659670714342807969e+02
8.632629410012943936e+02
8.639169862655178349e+02
8.643226440696976169e+02
8.755175529064804323e+02
8.791716727176517452e+02
8.826088700739081787e+02
8.858282968982339298e+02
8.776254299522259998e+02
9.140882965600764010e+02
8.904152541575722353e+02
8.889794974109540817e+02
8.910814246642858052e+02
8.816122600929716100e+02
8.870436620144630524e+02
8.922693464157338212e+02
8.934840918266859262e+02
8.982846744006924382e+02
8.876328100797563820e+02
8.919927434255014305e+02
8.580028923395207130e+02
9.191298221155171859e+02
9.190164313503310041e+02
9.186762870322472736e+02
9.181094730867866929e+02
9.211224203600320379e+02
9.315046914788853201e+02
9.378320364454735909e+02
9.439054352205182568e+02
9.459359013873086042e+02
9.401664183957930163e+02
9.341818447369347496e+02
9.354995708237784129e+02
9.365658776230291096e+02
9.299094981195926266e+02
9.342138761405743708e+02
9.456523607934730080e+02
9.456636479652052003e+02
9.417331661515083852e+02
8.020621146239990367e+02
9.185952765354873009e+02
9.249245796442440906e+02
9.453473863157564665e+02
9.437352029444505206e+02
9.454171950155798640e+02
9.467812201402614392e+02
9.478234314124838420e+02
9.617201186340820414e+02
9.642871675685361197e+02
9.378262399389539041e+02
9.468909107488867676e+02
9.557628255955584109e+02
9.352126129358301796e+02
9.325274688757648391e+02
8.115042872208866811e+02
8.151073906077313040e+02
8.222298756173963739e+02
9.599059941516828758e+02
9.259207037852347639e+02
9.290573841279797307e+02
9.319648334629753208e+02
9.270743802957397293e+02
9.295014593524437032e+02
9.355020517011853372e+02
8.993690800837441657e+02
9.048607190077127598e+02
9.139664661028973569e+02
9.190400838967838126e+02
8.433909135929080776e+02
9.170216234696561060e+02
9.214270451634167785e+02
9.294496096959660463e+02
9.372466372206964706e+02
8.910426010308434570e+02
9.175877658085690882e+02
8.709786967682507566e+02
8.932276493961253436e+02
8.960640817993643168e+02
8.948458287367279809e+02
8.895888081383843655e+02
9.069908519488606089e+02
8.936706591454412774e+02
8.915626242768337306e+02
8.854506326089921231e+02
8.640483678664830904e+02
8.500686996474632906e+02
8.921827024327363915e+02
8.926752241332769700e+02
8.817578304132259746e+02
8.815887483899631434e+02
8.737855810725670835e+02
8.694554760887796192e+02
8.685449251609828707e+02
8.637668994999386314e+02
8.587757522812644311e+02
8.500012810418947993e+02
8.978420295735156742e+02
8.787336975707144120e+02
8.735578288213552014e+02
8.788826873535815594e+02
8.839906947337073007e+02
8.705908665501560790e+02
8.751653420423523357e+02
8.832193620842242581e+02
8.910911755598640411e+02
9.062357427081631158e+02
8.725687667583954408e+02
8.797397209422739479e+02
8.791753972178029244e+02
9.124422613730873763e+02
8.697227243960602436e+02
8.836478873475623459e+02
8.859612759239977322e+02
8.880560668125218626e+02
8.860958304688161888e+02
8.992739442433961585e+02
8.968731963841245260e+02
9.019486911135772971e+02
8.990936313633905002e+02
8.960091070788794241e+02
8.811043066130688430e+02
8.698327694649854038e+02
9.047376954878252491e+02
9.084920036634291591e+02
9.120202471959835293e+02
9.114575399595498766e+02
9.145287151636204044e+02
9.212210990433545703e+02
9.199686435013121582e+02
9.146461484184969777e+02
9.129472192709015417e+02
9.148508619318652109e+02
9.279680605583251918e+02
9.255449854545588551e+02
9.228935459748586254e+02
9.162283288476644429e+02
9.169082468838029172e+02
8.351194634640436334e+02
8.241897083889055011e+02
9.423470181233354879e+02
9.474077077163461809e+02
9.494714869362040872e+02
9.403683074565069546e+02
9.274811515881056039e+02
9.522538275341449889e+02
9.330174615730558116e+02
9.387047622039443695e+02
9.514795247481938532e+02
9.641023024150697438e+02
9.136814040550866594e+02
9.219493026943786163e+02
9.225555663636796453e+02
9.229001142815207004e+02
8.882191694573853056e+02
9.026541324822500201e+02
8.519907456124471992e+02
8.544384839340646067e+02
9.296656832622967386e+02
9.203117793348562827e+02
9.145379634991122657e+02
9.162398529073653890e+02
9.177156738419047315e+02
9.150875724522173869e+02
9.199877096117712654e+02
9.246685257290806703e+02
9.174642681255542129e+02
9.100259639955330613e+02
9.023592861290438805e+02
8.866919649187245795e+02
8.824762240021219668e+02
9.013575544922131257e+02
9.044604908841464521e+02
9.034551033108756428e+02
8.944823656433754877e+02
8.891779163236035401e+02
8.913851036636917797e+02
8.933570410279776297e+02
8.912497459374084201e+02
8.889225483080851973e+02
8.710936771284212909e+02
8.759934619026054179e+02
8.768317442079315924e+02
8.774270272234026606e+02
8.702427253075035196e+02
8.666257170692329055e+02
9.038803524696779732e+02
8.996440776291921111e+02
8.840884840856912206e+02
8.721078079098150511e+02
8.892674019761966520e+02
8.804905133850951415e+02
8.751559135685251931e+02
8.767922034654014851e+02
8.237043310185003975e+02
8.798630528278557676e+02
8.815683853741411440e+02
8.793335620020947090e+02
8.693994086353886814e+02
8.776866348370480182e+02
8.932703313444229707e+02
8.974765932701380962e+02
8.712869755635373394e+02
8.787109857005390268e+02
8.859487370558946395e+02
8.891803464649599391e+02
8.845342586588523091e+02
8.873023745858704388e+02
8.975559044564731721e+02
8.999057041966326551e+02
9.097762421992144937e+02
8.651430130724262426e+02
8.823001207198029761e+02
8.876143189489109773e+02
8.849243816600454693e+02
8.937145147207535274e+02
9.218298575392861949e+02
8.950396769074799295e+02
8.953710696568705316e+02
8.993919427436075011e+02
9.149206563306013322e+02
9.067650875219883346e+02
9.062056226657389288e+02
9.093252486023387746e+02
9.161111440092981866e+02
9.148656357587458388e+02
9.172811827747731286e+02
9.155773591259757040e+02
9.175190187285695629e+02
9.114924729201943592e+02
8.551820205550945957e+02
8.488910163786898693e+02
9.075091744681732280e+02
9.006290204537791624e+02
8.973558023398761634e+02
9.354076620768713610e+02
9.275176507854565671e+02
9.269081262486062087e+02
9.297527911409407579e+02
9.285925598616279331e+02
9.234842010984342551e+02
9.181479864270100961e+02
9.162210302174365779e+02
9.501501713064280921e+02
9.365555687468586257e+02
9.206140488202747747e+02
9.262257432164684587e+02
9.353057660051351831e+02
9.404795171103029361e+02
9.416843762046040638e+02
9.388632927719365853e+02
9.281916964853924128e+02
9.285230056519344544e+02
9.323983526382025957e+02
9.169407127667592476e+02
9.164508469317628396e+02
9.157079345366429379e+02
9.185736072828077567e+02
8.515410918570723879e+02
9.158628194390198587e+02
9.141383598810722333e+02
9.199672915094567998e+02
9.216792845068482620e+02
9.231638669321708903e+02
9.205036357390996500e+02
9.058424124487163454e+02
9.066258330887761758e+02
9.032583471655872245e+02
8.957354543701021612e+02
8.958459726645641013e+02
8.918067900965490935e+02
8.954039267554516073e+02
8.948514716200908197e+02
8.940782252740576723e+02
8.930843785043178968e+02
8.918701765276905462e+02
8.787196568391561868e+02
8.731892936360945896e+02
8.713489047377028101e+02
8.692935235353407961e+02
8.979887877765489748e+02
8.992758424239252690e+02
8.926228605567275736e+02
8.934437126991662126e+02
8.901966086443953827e+02
8.867298618967396351e+02
8.868342176430719519e+02
8.866871897319805385e+02
8.900424015477958619e+02
8.818948920011371229e+02
8.698506205684224142e+02
8.687622727715681776e+02
8.710932585012025129e+02
8.585091328284307792e+02
8.421739998033766597e+02
8.931149649561629076e+02
8.511232998762459374e+02
8.710753962758378748e+02
8.687131296584518623e+02
8.735185159588495480e+02
8.593453751781347592e+02
8.636251293394318509e+02
8.676917969227647518e+02
8.715443745387578929e+02
8.713601565489490213e+02
8.786035106632416500e+02
8.818083274355217327e+02
8.809318350790205159e+02
8.720611947632180545e+02
8.706796321094964242e+02
8.846504859307136712e+02
8.867421775517987044e+02
8.886150788091811137e+02
8.941906162603085022e+02
8.995591274823951835e+02
8.968502435824365193e+02
8.978482811015984453e+02
8.946834512027514847e+02
8.991795726627575505e+02
9.034577284838704827e+02
8.996234825449638493e+02
8.876768074623181519e+02
9.110108828293728038e+02
9.025661247816303785e+02
8.978482811015984453e+02
9.007837972823595010e+02
9.192001564667269804e+02
9.294876142705837765e+02
9.199319097804298053e+02
9.140866499873167186e+02
9.119304568624977492e+02
9.173231838296480873e+02
9.224469526828706876e+02
9.234329323854644826e+02
9.241659326835161892e+02
9.246438693006167568e+02
9.248647275651125028e+02
9.286324340063621321e+02
9.245275041447798685e+02
9.277370385043678880e+02
9.419025727935013492e+02
9.444452330666194939e+02
9.429621150993450556e+02
9.375133502290797196e+02
9.281646330546991521e+02
9.295686369951899906e+02
9.256385451950827701e+02
9.352287288966208507e+02
9.372250616432010020e+02
9.463981278809131936e+02
9.516332376578646972e+02
9.265033557423715820e+02
9.273325425999669278e+02
9.202906362263693154e+02
9.205570156132571356e+02
9.243991151998367286e+02
9.280131331368216934e+02
9.313981777193637299e+02
9.306755987435985844e+02
9.258082112838093281e+02
9.167646460306159497e+02
9.152533949270356288e+02
9.174174448968093429e+02
9.272128720434245679e+02
9.289383485453391813e+02
9.186070646375952720e+02
9.040661185880946960e+02
8.892630649597020920e+02
8.900321468992958671e+02
8.787072050348193670e+02
9.067497931946038534e+02
9.029015758375004452e+02
8.988305810269654330e+02
8.945397672876989645e+02
8.939878453299594412e+02
8.932153452484119498e+02
8.961703446266265018e+02
8.949519470932795002e+02
8.974489130014294460e+02
8.997107953302721626e+02
8.978145080400398683e+02
9.035193770433556892e+02
8.933578891106853916e+02
8.791288056728609490e+02
8.841418188064186552e+02
8.811567822407258745e+02
8.818050103250296843e+02
8.745352625127086412e+02
8.709004131112972118e+02
8.632478281958092339e+02
8.592019884497652811e+02
8.587104272734175083e+02
8.542219613621776944e+02
8.756045671339157934e+02
8.742494646157922489e+02
8.689526772425296031e+02
8.853933910561661378e+02
8.844464993797462284e+02
8.753184517460106235e+02
8.769382024891336869e+02
8.782974725997008818e+02
8.869139859019611549e+02
8.991299442126763779e+02
8.656411196691561827e+02
8.735318296914249458e+02
8.620843924730814933e+02
8.695299242700991726e+02
8.806544655520990545e+02
8.838667634402036128e+02
8.868609804300112955e+02
8.974402056182248089e+02
8.765397746169599031e+02
8.827579227124666659e+02
8.927104296346481078e+02
8.906549852632261945e+02
8.923124301658168633e+02
9.016589998001527420e+02
9.028865283896427627e+02
9.038912832384336298e+02
9.086408805454866524e+02
8.972909076073254937e+02
8.936513501074655323e+02
8.937616112594336073e+02
8.976231338857210176e+02
9.012612213578004230e+02
9.126087446526722715e+02
9.147666142895064922e+02
9.135229340080495604e+02
9.160021407011926158e+02
9.182416440988129125e+02
8.887777845701783690e+02
9.219916081663540126e+02
9.234972625428686115e+02
9.208516892430480993e+02
9.218686507101433563e+02
9.381392840023212329e+02
9.385922593384215133e+02
9.310895649263893574e+02
9.233881714933894500e+02
9.231209728616805705e+02
9.225911933316007207e+02
9.217970856634160555e+02
9.282531971092560070e+02
9.268841412967057067e+02
9.215282805818014822e+02
9.196383733534036082e+02
9.578445491208038902e+02
9.602496126310262525e+02
9.219475045129248656e+02
9.275673271207699599e+02
9.329582863701359656e+02
9.343515057284283785e+02
9.316863227103823419e+02
9.287139434489296264e+02
9.254388485225989598e+02
9.333889314945356546e+02
9.334274490218917890e+02
9.448212000735221636e+02
9.336619820428808225e+02
9.361063074290857458e+02
9.086947282600604012e+02
9.064275449413693195e+02
8.999584118308247298e+02
8.972136533036683659e+02
8.902633156304693784e+02
9.109223979667656295e+02
9.035242091032082499e+02
8.998769867131150022e+02
9.039702638595966846e+02
8.919134735563618506e+02
8.876030776652662553e+02
8.870554355746232886e+02
8.942377054323911807e+02
8.892737094691226503e+02
8.880646883264524831e+02
8.945529482827487300e+02
8.968421883262335541e+02
8.988944666839987576e+02
8.928408898588338616e+02
8.905095374946803304e+02
8.918701765276905462e+02
8.929873183761075097e+02
8.860860752299919341e+02
8.906101476102872994e+02
8.948560668309045241e+02
8.949778643548428363e+02
8.604286814776229448e+02
8.640084637824057836e+02
8.521521244302277864e+02
8.514654850589710122e+02
8.505282369719714097e+02
8.716897772942176061e+02
8.664084982169655405e+02
8.498760939378048533e+02
8.515329135221506931e+02
8.755171846115486005e+02
8.435296651259050122e+02
8.521863278985264287e+02
8.569002942997018408e+02
8.614028333753329889e+02
8.580655845508244965e+02
8.697692382540227527e+02
8.736310397718664262e+02
8.695479706087681961e+02
8.807070769909554429e+02
8.761317291930706688e+02
8.751926327511906720e+02
8.740121773014377595e+02
8.804537796231603579e+02
8.788179185044045880e+02
8.808958194447529877e+02
8.787978237670731687e+02
8.804332033444749186e+02
8.778790458283671114e+02
8.790742001240680565e+02
8.840345938247793356e+02
8.847991539047794731e+02
8.853454030330874502e+02
8.776941685351307569e+02
8.857824832176478367e+02
8.896627253787917198e+02
8.973095301011022684e+02
8.927703174534713071e+02
8.959810072548439166e+02
9.029404680007395427e+02
8.977405627023121042e+02
8.962968646659969636e+02
8.946320187899033272e+02
8.966966413182015003e+02
9.142859062467348394e+02
9.040373630059236802e+02
8.818508515373250702e+02
8.751926327511906720e+02
8.722378103966569824e+02
9.039856781449013852e+02
8.927359164916686041e+02
9.313599631048091396e+02
9.310745590120154702e+02
9.190835816744387330e+02
9.183237254485928815e+02
9.760724460511755751e+02
9.555026295231489257e+02
9.422939190310734148e+02
9.289449965696189793e+02
9.413109889243249881e+02
9.436042268151992403e+02
9.530936824093586210e+02
9.060021678032353520e+02
9.147939630375541356e+02
9.158006985566547655e+02
9.203616142999369458e+02
9.246954445865569596e+02
9.326550666652080963e+02
8.862372480424038486e+02
8.935872307465906488e+02
9.007460360110084139e+02
8.724970897688008336e+02
8.909266844638623297e+02
9.052944730964836708e+02
9.155572674597027572e+02
9.137663374832771979e+02
8.879479436297801840e+02
9.015146413366279603e+02
9.109223979667656295e+02
9.161457803728962972e+02
8.892515642198308115e+02
8.940117601421799236e+02
8.905701089317958576e+02
8.908998468021254666e+02
8.830186494663814756e+02
8.869047802245374896e+02
8.865765209993661529e+02
8.900206362129737272e+02
8.852638890439570787e+02
8.802965976626525162e+02
8.830776085092662697e+02
8.816574906463938532e+02
8.800198369902285549e+02
8.781650516073052586e+02
8.760935921381638991e+02
8.738059696844320570e+02
8.791523229951769736e+02
8.803221757756959960e+02
8.812493685648826158e+02
8.780465832553455812e+02
8.784971847407235828e+02
8.709919217617232334e+02
8.671417862098003297e+02
8.516209128169540463e+02
8.702006637737507617e+02
8.656521385768591017e+02
8.646493717624238116e+02
8.596531253104019470e+02
8.507297950420497727e+02
8.416427665676317247e+02
8.460387517873022034e+02
8.551569353892148229e+02
8.641103669667612621e+02
8.691325186090925854e+02
8.739402248075662101e+02
8.747291292056357861e+02
8.637970548477766215e+02
8.563442063538151388e+02
8.640035590730259401e+02
8.753561377874204936e+02
8.787784179813274932e+02
8.819838727500414279e+02
8.771401031318846435e+02
8.720289625539311373e+02
8.784736134998897796e+02
8.807734558367177442e+02
8.828559805026141021e+02
8.847206736657791453e+02
8.784175947456409403e+02
8.798324939900687696e+02
8.810303077318208125e+02
8.860017392537469050e+02
8.867680006256161960e+02
8.833185487521349160e+02
8.836456016973966143e+02
8.837546283127124980e+02
8.756488089218545383e+02
8.913123817725162326e+02
8.907624510788847374e+02
8.860017392537469050e+02
9.208959325160661820e+02
9.355684890844622714e+02
9.181649972228192382e+02
9.283616037569162245e+02
9.105689485004539847e+02
9.084210531051350017e+02
9.099883619662535921e+02
9.073814880628742685e+02
8.967191232910784038e+02
8.858864562577849711e+02
8.826668180608909324e+02
8.831026522811145014e+02
9.257180990068136452e+02
9.293062687785798062e+02
9.211287177801513053e+02
9.165640006024270861e+02
9.117731349723959511e+02
9.105197814000017615e+02
9.464065923921669992e+02
9.443907025602633212e+02
9.494845380320376762e+02
9.423571231615125043e+02
9.409338037189104398e+02
9.429275830765061528e+02
9.145361074235071328e+02
9.158106273450638355e+02
9.206227077737086120e+02
9.252076383247836020e+02
9.218819382498653567e+02
8.949708408828551001e+02
8.939397539358926679e+02
8.969680945295374386e+02
9.076334196733083672e+02
9.102410173670110680e+02
9.047225199851461639e+02
9.147818597300991996e+02
9.167139840145775906e+02
9.104682351969446472e+02
9.079525117180089637e+02
8.972256003598151892e+02
8.862477348443051142e+02
8.910097684660772757e+02
8.875618256047696377e+02
8.918899561736412807e+02
8.880000000000000000e+02
8.878904496437146463e+02
8.875618256047696377e+02
8.870142089662293756e+02
8.862477348443051142e+02
8.852625923550176594e+02
8.800767767091226688e+02
8.826373284441996248e+02
8.809978547672563991e+02
8.791410080523030501e+02
8.810179998108628752e+02
8.787175189300583042e+02
8.801293766529050799e+02
8.734667470746150002e+02
8.705177516493627081e+02
8.601018470822243671e+02
8.526687579166934938e+02
8.719466665946642934e+02
8.678600574368837215e+02
8.673635428611800080e+02
8.741828715566518895e+02
8.693738305137043199e+02
8.643502844867973636e+02
8.553943670171913709e+02
8.462736517803386960e+02
8.571222288849522783e+02
8.551569353892148229e+02
8.641103669667612621e+02
8.728949970446298039e+02
8.474571876921853573e+02
8.633196188246927250e+02
8.676191657099349186e+02
8.755447490971743036e+02
8.640035590730259401e+02
8.598631088000324780e+02
8.865552181404541443e+02
8.585683717035800555e+02
8.732242991000457550e+02
8.720289625539311373e+02
8.784736134998897796e+02
8.768237990840867724e+02
8.788969850743511643e+02
8.807533163847666628e+02
8.823923349933587588e+02
8.758513514833264253e+02
8.850168702102454290e+02
8.899927380792141776e+02
8.867680006256161960e+02
8.833185487521349160e+02
8.876439980851677092e+02
8.917524077544564989e+02
8.876439980851677092e+02
8.913123817725162326e+02
8.907624510788847374e+02
8.939837369046815638e+02
8.969765576455190512e+02
8.997382065237807183e+02
8.982912959842301461e+02
9.164595319138787772e+02
9.105689485004539847e+02
9.084210531051350017e+02
9.060490184079581013e+02
9.034534296729916605e+02
8.928033192592396290e+02
8.780812892422978848e+02
8.710016178222006147e+02
9.566945399712072913e+02
9.334324164985370089e+02
9.293062687785798062e+02
9.134844960558345974e+02
9.317766811103512055e+02
9.231230080218448393e+02
9.142822598355389800e+02
9.164806922374739315e+02
9.481087761923903372e+02
9.384010609343874876e+02
9.413109889243249881e+02
9.510341813570512386e+02
9.493560601254004041e+02
9.172802030870930139e+02
9.261343840669453584e+02
9.386007159481067674e+02
9.318183978804340768e+02
9.246954445865569596e+02
9.288011201087402924e+02
9.171975012491253665e+02
9.207833638562694887e+02
8.734507015864322739e+02
9.272726918170665158e+02
9.144754074012331557e+02
9.052944730964836708e+02
9.076645323953949855e+02
9.058549406219500497e+02
8.998401035891075708e+02
8.896003509224874506e+02
8.950110897053374401e+02
9.041960528028150748e+02
8.932392393957044305e+02
8.900206362129737272e+02
8.945636968642253350e+02
8.908998468021254666e+02
8.910097684660772757e+02
8.869047802245374896e+02
8.825829330669366755e+02
8.860295122837676445e+02
8.852638890439570787e+02
8.882630827093734069e+02
8.870554355746232886e+02
8.816574906463938532e+02
8.800198369902285549e+02
8.821207500379688327e+02
8.760935921381638991e+02
8.777420326109385087e+02
8.752275358389484836e+02
8.724970897688008336e+02
8.617527011187569315e+02
8.668870897882029567e+02
8.594300820923198216e+02
8.594679650928994761e+02
8.668966242576168497e+02
8.702006637737507617e+02
8.580918578905983622e+02
8.420933011947083742e+02
8.708659921622768252e+02
8.804496132094576524e+02
8.748655073531962216e+02
8.699643618667860210e+02
8.829368217692735925e+02
8.845864187382277350e+02
8.859734510310670430e+02
8.424292026842464338e+02
8.504383349103726459e+02
8.544429080645244312e+02
8.543880653275521126e+02
8.579539976673179353e+02
8.690677764139824149e+02
8.994952419715525593e+02
8.673784128159120428e+02
8.661735030655504488e+02
8.647313907013183325e+02
8.748770309774790803e+02
8.808958194447529877e+02
8.787978237670731687e+02
8.843991186748554583e+02
8.818513492031562464e+02
8.870296227496251049e+02
8.840345938247793356e+02
8.847991539047794731e+02
8.813573606770826245e+02
8.856732064309047701e+02
8.897724944033128622e+02
8.936522443266786695e+02
8.773693183210776851e+02
8.728424085817420064e+02
9.158916963049515516e+02
9.029404680007395427e+02
8.937682593275231966e+02
8.923309493356165376e+02
8.946320187899033272e+02
9.085472577232878848e+02
9.064041311928837104e+02
9.118985574668446361e+02
9.092862113629307714e+02
9.103566224599437646e+02
9.111769983607935046e+02
8.690677764139824149e+02
9.313824929631695113e+02
9.313599631048091396e+02
9.349061415593901074e+02
9.305244561351164521e+02
9.259131777250275945e+02
9.172985529287557256e+02
9.160064493711032583e+02
9.331080366437001885e+02
9.385841004522109188e+02
9.363175759074729285e+02
9.308166743128338112e+02
9.293527053523862378e+02
9.201169871438962673e+02
9.142241842341894653e+02
9.155137737580972725e+02
9.203242943846460093e+02
9.287139434489296264e+02
9.330871034690667329e+02
9.295478247805663159e+02
9.257131725836942451e+02
9.293323279411692965e+02
9.016314449708689835e+02
9.046858421976285172e+02
9.114287330304907755e+02
9.101242850165896243e+02
9.046405491961752432e+02
9.028369862747181287e+02
8.928913416816245672e+02
8.985111471689556311e+02
9.039229863322819938e+02
9.011836252209412805e+02
8.942377054323911807e+02
8.870554355746232886e+02
8.876030776652662553e+02
8.879317169779852748e+02
8.681300331338857177e+02
8.799682038212320094e+02
8.796425119462952580e+02
8.631884731824809478e+02
8.743657564227823968e+02
8.773637937173040200e+02
8.722063903206229725e+02
8.708037549655076646e+02
8.770879551031887331e+02
8.791818687304023570e+02
8.810412305214923663e+02
8.944324869990621210e+02
8.801350426260104314e+02
8.773892866140794240e+02
8.744270479243341470e+02
8.635046213786697535e+02
8.601418228590159742e+02
8.642490106430885817e+02
8.642528089508568883e+02
8.678146684686719254e+02
8.710888383064550453e+02
8.665356706352359879e+02
8.580218778263499644e+02
8.567890973404702208e+02
8.738136990564267990e+02
8.756299149662231684e+02
8.404076695351116086e+02
8.420785105404659134e+02
8.509273236017440922e+02
8.558728562780064522e+02
8.643653252434367005e+02
8.613513751281101349e+02
8.656411196691561827e+02
8.697172802167899590e+02
8.659158786618506838e+02
8.656824467290809935e+02
8.574793480375702757e+02
8.644837203823043410e+02
8.751917570033007223e+02
8.740287219934016321e+02
8.765397746169599031e+02
8.827579227124666659e+02
8.848451395057085165e+02
8.788321314765462375e+02
8.804675748981291008e+02
8.779311313843593325e+02
8.751663279566273559e+02
9.038912832384336298e+02
8.967372882239300225e+02
8.933205938568506781e+02
8.896795663292101608e+02
8.858170636037942813e+02
8.857077825509547893e+02
8.853799663559009332e+02
8.927694241167445171e+02
8.919979768800332067e+02
9.028865283896427627e+02
9.016589998001527420e+02
9.002090003442754096e+02
8.906549852632261945e+02
8.927104296346481078e+02
8.945280283486329154e+02
9.117578905613913776e+02
9.130478613681069646e+02
9.063096861411956979e+02
9.110030237212624797e+02
9.192796614096473604e+02
9.195471323033349336e+02
9.233881714933894500e+02
9.231209728616805705e+02
9.301845364865931742e+02
9.217970856634160555e+02
9.169788667799937230e+02
9.156718331358584919e+02
9.103807610586344481e+02
9.085583929515553336e+02
9.284853292243808482e+02
9.292971955713478565e+02
9.462747375056361534e+02
9.038850396875139950e+02
9.128643359481250172e+02
9.179139497093576665e+02
9.265033557423715820e+02
9.311175733860892478e+02
9.240934900950733208e+02
9.205570156132571356e+02
9.128920722720379217e+02
9.164611024338737479e+02
9.198040095319857983e+02
9.190421537593035737e+02
9.063584589459140943e+02
9.011601414173288731e+02
8.996080377487958231e+02
9.056556827827477036e+02
9.036396634321509964e+02
9.013850924444180919e+02
9.028369862747180150e+02
9.001182316073605989e+02
8.932153452484119498e+02
8.702536547459782241e+02
8.787072050348193670e+02
8.790325506078693252e+02
8.870611973140355531e+02
8.909113688593270126e+02
8.905816267244791788e+02
8.860764484686324067e+02
8.853107846709923479e+02
8.764309097229563577e+02
8.634117903675252137e+02
8.659594774575195970e+02
8.957819272283932150e+02
8.899733332973320330e+02
8.761400019814358302e+02
8.738522583440765175e+02
8.752388552052818795e+02
8.763861888168886480e+02
8.927509504281038062e+02
9.010583948299430403e+02
9.013850293442392285e+02
8.709004131112972118e+02
8.632478281958092339e+02
8.667720500220099211e+02
8.662429748810791352e+02
8.654617240116800758e+02
8.607006596082320584e+02
8.520227833120010246e+02
8.358146514154840361e+02
8.122203835308631596e+02
8.600024039502975484e+02
8.687131296584518623e+02
8.697855308479144014e+02
8.630979750697423469e+02
8.787102844370639332e+02
8.790589383671676842e+02
8.829619864322786498e+02
8.828254217666982413e+02
8.670934210038979018e+02
8.741069446631590836e+02
8.732043628414852492e+02
8.720611947632180545e+02
8.706796321094964242e+02
8.729590698170918586e+02
8.789294711416507653e+02
8.807858710663689408e+02
8.941906162603085022e+02
8.917027158886625102e+02
8.850495824826676881e+02
8.860344879292090354e+02
8.789181040449938109e+02
8.755169523295270437e+02
9.231838797608107825e+02
9.114606336310818051e+02
8.995124982284824000e+02
8.991795726627575505e+02
8.986247879921909316e+02
8.978482811015984453e+02
8.889831361825905560e+02
8.642052753105980401e+02
9.059562822637335557e+02
9.003588904233994299e+02
8.984612371670207267e+02
9.002390407488759365e+02
8.940014079695722558e+02
9.069436425537468267e+02
9.195691962666968493e+02
9.126138585249723292e+02
9.054603865350437673e+02
9.057559522021969087e+02
9.096030808504940524e+02
9.207384569966454819e+02
9.277370385043678880e+02
9.231395733354635240e+02
9.145813521791374114e+02
9.132625209229878465e+02
9.042943732524587404e+02
9.501764425342573759e+02
9.259232697912872254e+02
9.547058704667589382e+02
9.023478970579677707e+02
9.262257432164684587e+02
9.205183230643425532e+02
9.181756550444459890e+02
9.192633196283039752e+02
9.238414800875855235e+02
9.395111074181411368e+02
8.944139972810470454e+02
8.981469845821053468e+02
8.825554360380058370e+02
8.857746679549674127e+02
9.080129098766710740e+02
9.262927132263607746e+02
9.405658423694025032e+02
8.692935235353407961e+02
8.907986570755980438e+02
8.965782925727756947e+02
8.904359189303449966e+02
8.762233313254503173e+02
8.891673417564919646e+02
8.940782252740576723e+02
8.948514716200908197e+02
8.954039267554516073e+02
8.996641186436552289e+02
9.076334196733083672e+02
8.760921330023368228e+02
8.757678757301129053e+02
8.791523229951769736e+02
8.862354338242852236e+02
8.930843785043178968e+02
8.996935991288106607e+02
9.021521810215336927e+02
8.692911271466476819e+02
8.713489047377028101e+02
8.731742981939808033e+02
8.708942984901875661e+02
8.645398656779366320e+02
9.003178852166993238e+02
8.857746679549674127e+02
8.749142634316161775e+02
8.867298618967396351e+02
8.792544380050969721e+02
8.753677787992318144e+02
8.675096825212693830e+02
8.669475209502703592e+02
8.698506205684224142e+02
8.650654120363701622e+02
8.600667615581494374e+02
8.585091328284307792e+02
8.712144825552173870e+02
8.670571905457899220e+02
8.616840641330653625e+02
8.632785848477066111e+02
8.646166823033148603e+02
8.693994086353886814e+02
8.739676236724842511e+02
8.671076019745025860e+02
8.674355357548197389e+02
8.712869755635373394e+02
8.749234383483815236e+02
8.669369615825921755e+02
8.700992231502611958e+02
8.730468007541919633e+02
8.796201029444342794e+02
8.782950481376647076e+02
8.805944229906963301e+02
8.865479126111493997e+02
8.922999686397221240e+02
8.861869053925775006e+02
8.837212736903632049e+02
8.810260363663887802e+02
8.781037808391682802e+02
8.788632116370312133e+02
8.754973258832991405e+02
8.797314003178859139e+02
8.915711432414891533e+02
8.992809869916167145e+02
8.989481471123160645e+02
8.944874465105785930e+02
8.898118312503572724e+02
8.888227269537020447e+02
9.109725905001980664e+02
8.900736900653519115e+02
8.845408384776376352e+02
8.671909712877618404e+02
8.690076542671345123e+02
9.168167607752816366e+02
9.141903253308968260e+02
9.075091744681732280e+02
9.006290204537791624e+02
9.315769981918206213e+02
9.165864592221140583e+02
9.052332213647141543e+02
9.462933117325305830e+02
9.231705934814747252e+02
9.148767464826856894e+02
9.322921318132678152e+02
9.345218608725190279e+02
9.327798268481576542e+02
9.307642211732688793e+02
9.067973117791386812e+02
9.055394888249228416e+02
9.257847680724894417e+02
9.350663716527662928e+02
9.405009148472532843e+02
9.493831832942289566e+02
9.617698990053544321e+02
9.182317651835141987e+02
9.300256519212802004e+02
9.416582466856167457e+02
9.154501396091919787e+02
9.076831316104164671e+02
8.958107862903543719e+02
8.988454652565864080e+02
9.016583675539799287e+02
9.042487991409832375e+02
9.142993083323414112e+02
9.087597486319083373e+02
8.952439136362618228e+02
8.930439072641408984e+02
8.906101476102872994e+02
8.918226341695338988e+02
8.966968815203340455e+02
8.974723926194018304e+02
8.941389053765993822e+02
8.905809647648593455e+02
8.868013674026809667e+02
8.750249653803202818e+02
8.785886635439628662e+02
8.741614213825342858e+02
8.695242487469905655e+02
8.724351856006310300e+02
8.906101476102872994e+02
8.853119253830660682e+02
8.798086737459814231e+02
8.818050103250296843e+02
8.797249647399419246e+02
8.812594228916361772e+02
8.901966086443954964e+02
8.988454652565864080e+02
8.616485105419934598e+02
8.585169619815189890e+02
8.627081562572220719e+02
8.591224641075945101e+02
8.478547107876731843e+02
8.513160899879544559e+02
8.581946791124701122e+02
8.537089090087640670e+02
8.563315722733746043e+02
8.586601700780265674e+02
8.570741798171094388e+02
8.552317394457604678e+02
8.537290801601656085e+02
8.555833878991051051e+02
8.571818802584313062e+02
8.548881204214864056e+02
8.596170320978432073e+02
8.788425073450513310e+02
8.832193620842242581e+02
8.836654157635318825e+02
8.801301863338538851e+02
8.800586274172658250e+02
8.647014351142008763e+02
8.603089723848028143e+02
8.707955191527389616e+02
8.773185560501742657e+02
8.760302331462903567e+02
8.821424773208771057e+02
8.842282389383300369e+02
9.052753938988771552e+02
8.992739442433961585e+02
9.007224375703224268e+02
9.058031726995328654e+02
8.952348604133329673e+02
8.766985659780415290e+02
8.617818437487471783e+02
8.621009226252965618e+02
8.815392930394194764e+02
8.814305397245184395e+02
8.926977843316618646e+02
8.960091070788794241e+02
8.990936313633905002e+02
9.096576542854882064e+02
8.814762316393325818e+02
8.800586890245201630e+02
8.822599177828039956e+02
9.148508619318652109e+02
9.126928661458425722e+02
9.103096770520147629e+02
9.077018826666305813e+02
8.405069793561218603e+02
8.980418220508029208e+02
8.985375782273652021e+02
9.062731397233119424e+02
9.174238382971527699e+02
9.170813348470267101e+02
9.127831901037798161e+02
9.707716399125253020e+02
9.620394869860967901e+02
9.458336651471764753e+02
9.367515062739819314e+02
9.310760397725556459e+02
9.073104031827701874e+02
9.404274222805598811e+02
9.428585638447907513e+02
9.486058518922752683e+02
9.541190856400996836e+02
9.048857170087227360e+02
9.132935673201466216e+02
9.104992609495656097e+02
9.147866510489993743e+02
9.151432976368618029e+02
9.115218078111407749e+02
9.076153952484783076e+02
9.184233701513462620e+02
8.839209929962560182e+02
8.942334636871463545e+02
8.968025637962870178e+02
8.991503912919557706e+02
8.670506820645132393e+02
9.108017378814188305e+02
9.124966744423770706e+02
9.139664661028973569e+02
9.113814165309773898e+02
9.047284345814831568e+02
9.016739812358543986e+02
8.983913690343312055e+02
8.948833018973556364e+02
8.911525403082031289e+02
8.833611992978189846e+02
8.983913690343312055e+02
9.055108917943048255e+02
9.008948395196972569e+02
8.807467470677512438e+02
8.948458287367279809e+02
8.895888081383843655e+02
8.955581941511859441e+02
9.012763668828494019e+02
8.574176727087848349e+02
8.627467702344025611e+02
8.602752308889002961e+02
8.538300655751069144e+02
8.546960342632936545e+02
8.665299246816747427e+02
8.668758417142686312e+02
8.780929617001468159e+02
8.779000925389591430e+02
8.811283170479667888e+02
8.767618246273407294e+02
8.685449251609828707e+02
8.601528120543322302e+02
8.515893443123834459e+02
8.464298470879372189e+02
8.836468986711676052e+02
8.703062734530985836e+02
8.864992697942523137e+02
8.455240574290279483e+02
8.576148802422953850e+02
8.695752675652569224e+02
8.777715618584591084e+02
8.821430830221743236e+02
8.826345644949029747e+02
8.755175529064804323e+02
8.791716727176517452e+02
8.603582262905323432e+02
8.466555533712182751e+02
9.054433597129742566e+02
8.965132219652841741e+02
8.910814246642858052e+02
8.929634909096193951e+02
8.908344468948666872e+02
8.922693464157338212e+02
8.896820318614659300e+02
8.944783834074690958e+02
8.952519758315139597e+02
8.919927434255014305e+02
8.694429309040475573e+02
9.076883720476891995e+02
9.037630465976284313e+02
9.034285478283925386e+02
9.028711415832715375e+02
9.020909653939156669e+02
9.010882117571258050e+02
9.036600189231688773e+02
9.022068015360777054e+02
9.005309781207178048e+02
8.986329621614406733e+02
8.889794974109540817e+02
8.979293069352733028e+02
8.953569790076157915e+02
8.925637351429022601e+02
8.932722321662862441e+02
9.382354795323477674e+02
9.198056575911566597e+02
9.159826498895530449e+02
9.192584053453139177e+02
9.331761539408124690e+02
9.285517348585351556e+02
9.525637785777088311e+02
9.509118965029634865e+02
9.454171950155798640e+02
9.396892259819073843e+02
9.442999242325116711e+02
9.404981353555973556e+02
9.289082038167365454e+02
9.345704560587229253e+02
9.364415029453149373e+02
9.237199863858561457e+02
9.321727487218130364e+02
9.331981542461903700e+02
9.339583504869145827e+02
9.344549389838506386e+02
9.310241451115101654e+02
9.346640641733881694e+02
8.900617397480690443e+02
8.893712295928422691e+02
8.921544826342794750e+02
8.909896198654425916e+02
8.821089793469166125e+02
8.879412493106848387e+02
8.898166831452488168e+02
8.877110803990500472e+02
8.929084953936996953e+02
8.941241109491782026e+02
8.988959886612843775e+02
8.958932613219021732e+02
8.926638855365092695e+02
9.005621477787044569e+02
9.044576030391333461e+02
8.778589003557118531e+02
8.813164632627400579e+02
8.845528402925110640e+02
8.837884930535316244e+02
8.790334086546772596e+02
8.891409489996334514e+02
8.877110803990500472e+02
8.898166831452488168e+02
8.879412493106848387e+02
8.858467292594035598e+02
8.872616298241646291e+02
8.921544826342794750e+02
8.893712295928422691e+02
8.937549419876875163e+02
9.015460461514965118e+02
8.613806066976571856e+02
8.614506468757373341e+02
8.903494002696266989e+02
8.861765418229326770e+02
8.853841551566255248e+02
8.771759560640882682e+02
7.904563256800756790e+02
8.425294262953638054e+02
8.902036953243724611e+02
8.915502770099528789e+02
8.806441852036155069e+02
8.897544082729075399e+02
8.319889597468072679e+02
8.438862334039056350e+02
8.450038505337519155e+02
8.744275238895191933e+02
8.787823909106434712e+02
8.829204315263137914e+02
8.868406247369268840e+02
8.869071379739020813e+02
8.830764255206162261e+02
8.862975578122196794e+02
8.893000094433880349e+02
8.957693331561910099e+02
8.909490774843909549e+02
8.710422051137329618e+02
8.768170474183955321e+02
8.898385066659254790e+02
8.877643299339262057e+02
8.891942843054769128e+02
8.904048432926748546e+02
9.138678689193351374e+02
9.184068297054135428e+02
8.664610371027190467e+02
9.193140817139309320e+02
9.006636824855847863e+02
8.892956627191904317e+02
8.852156050053753233e+02
8.884180352660530389e+02
8.951410683267258719e+02
8.904048432926748546e+02
8.891942843054769128e+02
8.765740232540867964e+02
9.233470696784498841e+02
9.288316180279613263e+02
9.192275185881097741e+02
9.168272664569666404e+02
9.105145073645232969e+02
9.113487700081000185e+02
8.862975578122196794e+02
8.867255016591311687e+02
9.159860605304234014e+02
9.194184436048140014e+02
9.225617570234135201e+02
9.218247937307567099e+02
9.243948109689202965e+02
9.195630138161417335e+02
9.215661377339722549e+02
9.724090373412051349e+02
9.700067666661501562e+02
9.569204532133774137e+02
9.380295999136878891e+02
9.405589333172479201e+02
9.462922037383870020e+02
9.412942849379508061e+02
9.429825705412325760e+02
9.337891047957441515e+02
7.892869038246165019e+02
8.681244771480587588e+02
8.922491768862917070e+02
9.023478970579677707e+02
9.049403096380739271e+02
9.109827593155748673e+02
9.168187145482621645e+02
9.150653612215575095e+02
9.130715859819669049e+02
8.960293015748105745e+02
8.972491658305297051e+02
8.982476472804078185e+02
8.878795677513095370e+02
8.809931770585100139e+02
8.738820747703424558e+02
9.260573799446984822e+02
9.147871931638478600e+02
9.144486141619977388e+02
9.101694313768655320e+02
8.945358801428855031e+02
8.935415246494119401e+02
8.923267011550799452e+02
8.871950633023160435e+02
8.744777847157625956e+02
8.836806887212165975e+02
8.852695362703772162e+02
8.829579539383635165e+02
8.840817452956606530e+02
8.776818433861072890e+02
8.783481547969346366e+02
8.860049538193746912e+02
8.753500041050607479e+02
8.717117683759433930e+02
8.714298847656400540e+02
8.744550886071572222e+02
8.630475059475817261e+02
8.444620034697604751e+02
8.783080502580879738e+02
9.010650028244200485e+02
8.921478117494484650e+02
8.727454885643835496e+02
8.711682987088105392e+02
8.767288059613215410e+02
8.786273958688777839e+02
8.802682962982015624e+02
8.955919824460565906e+02
8.512543637461686785e+02
8.590143733643495807e+02
8.630593296620545516e+02
8.668913389843992263e+02
8.705094558404232430e+02
8.774943972988241967e+02
8.771004942837575982e+02
8.692512348404114846e+02
8.719715231324560136e+02
8.817337332622324766e+02
8.840421105867225151e+02
8.861323637486310645e+02
8.733866275934776695e+02
9.152844532675582059e+02
9.020905955401855181e+02
9.033187117089156573e+02
8.969717202867147989e+02
8.977474690809482354e+02
9.019832765144060431e+02
8.986343126541023594e+02
9.061119524587699061e+02
9.207318777193672759e+02
8.725307613629152002e+02
8.719924187384619927e+02
8.785911522480525946e+02
8.812865480086982188e+02
8.874224557753044564e+02
9.079621776414177248e+02
9.135843384869012880e+02
9.116588104409785274e+02
9.167844109788234164e+02
8.998764026709204700e+02
8.900622186331293051e+02
8.800717896309560047e+02
9.166419100096647981e+02
9.061472755779694808e+02
9.168890579958555236e+02
9.166310059753074029e+02
9.090419988653605969e+02
7.815622577331376988e+02
7.776891718174874768e+02
9.478638880362933605e+02
9.391838909323331563e+02
9.303113603317530078e+02
9.280996344356176451e+02
9.290193185449425073e+02
9.228614091293422916e+02
9.219726533255307004e+02
9.241823622112318617e+02
9.295536482710037944e+02
9.312465196932254230e+02
9.430740754359812854e+02
9.442863678521562179e+02
8.962199671380933523e+02
9.037156138526564746e+02
9.039563435484690217e+02
9.039455541832332983e+02
9.072428092455168098e+02
9.174559507452391927e+02
8.737735832574776396e+02
9.014231951724028704e+02
9.073838490323386168e+02
9.059200488118369776e+02
9.005997232179064440e+02
8.986520774763522468e+02
9.182467378724627451e+02
9.158624742950369182e+02
9.168816691029546746e+02
9.176746370786162288e+02
9.182411825690388696e+02
9.149360024313003805e+02
9.004664373158199169e+02
8.930650222935003058e+02
8.927344830532322248e+02
8.921836749375435147e+02
8.877743145282577188e+02
8.940562249070598000e+02
9.037290028863368434e+02
9.095228687361468474e+02
8.608141932765531692e+02
8.806553462553315512e+02
8.821787421147735131e+02
8.762839028767581340e+02
8.773546225331231199e+02
8.817572756189651955e+02
8.681068449251218908e+02
8.755864779735633192e+02
8.721766283455931443e+02
8.615187758517542989e+02
8.577105154251283921e+02
8.467217246792396281e+02
8.910663139229677654e+02
8.829596631165396730e+02
8.678120775371362470e+02
8.627975558650983885e+02
8.677389678357936873e+02
8.689716918079209336e+02
8.661493694646715085e+02
8.716778418135902484e+02
8.702451542313272057e+02
8.820882551169427188e+02
8.869676274576684136e+02
8.676227804365386191e+02
8.857294302046177563e+02
8.968254765318848740e+02
9.042854294420541237e+02
8.940894688749150419e+02
8.940787972778828134e+02
8.903021008324006971e+02
8.862563150817384212e+02
8.784039656943480168e+02
8.702712061176728184e+02
8.654267208968250316e+02
8.603332641875854279e+02
9.193885867415655184e+02
9.175154580529649593e+02
8.759155211363164426e+02
8.842974121223185193e+02
8.816827753293297292e+02
8.788434838748931952e+02
8.829900973603694183e+02
8.905277799495745512e+02
8.906376557068987267e+02
8.941331555769006627e+02
8.938022210015168412e+02
9.040562067729434830e+02
9.068737117673106241e+02
9.094603466136040879e+02
9.046340628129170227e+02
9.067633237789068517e+02
8.943468742622233094e+02
8.853221971722871331e+02
8.939181355765558692e+02
8.951360977210348437e+02
9.279912863383835884e+02
9.286271349262834747e+02
9.254919071894125864e+02
9.606964331534896928e+02
8.940894688749150419e+02
8.903733459121763190e+02
8.864375366492761259e+02
9.339792824336631156e+02
9.293508833924978489e+02
9.313160088305518229e+02
9.228000207377247079e+02
9.073486297993295011e+02
9.052039126525744450e+02
9.161195253953256952e+02
9.450137293043409272e+02
9.477318307180908050e+02
9.468409303720932257e+02
9.087506995257963354e+02
9.171494311440263800e+02
9.185789560056733762e+02
9.265601794113717915e+02
9.377682212262549228e+02
8.903663231009944639e+02
9.458632516999253994e+02
9.530267372987391354e+02
9.043301300302986192e+02
9.108836450655786621e+02
9.584908096138397013e+02
9.222785195911329765e+02
9.244591799563459062e+02
9.158039757925118920e+02
9.033382100210502585e+02
9.012450409862553897e+02
8.989189666138818211e+02
9.070332928708417057e+02
9.113778130297019970e+02
9.226272734401195521e+02
8.802058436895587192e+02
8.910065241883678482e+02
8.980237757480517757e+02
8.941291337199613736e+02
8.971375347011129406e+02
8.928053196493382302e+02
8.918128878264203649e+02
8.799557880495722202e+02
9.175082211586353651e+02
9.016602850466815653e+02
8.962314187363049314e+02
9.011576374630917599e+02
8.988045687221354001e+02
8.962297334029483409e+02
8.969237424592097341e+02
8.869391659912544128e+02
8.837157018588308119e+02
8.768221384371571503e+02
8.800531996673922777e+02
8.795855213691514791e+02
8.720566394459970070e+02
8.711246925957862004e+02
8.733150833319956519e+02
8.651574925374740133e+02
8.601583099859158210e+02
8.880843728407284061e+02
8.659881909653018965e+02
8.651091065963074698e+02
8.739039877817687056e+02
8.528869576678841895e+02
8.611560181375341472e+02
8.625891414034883837e+02
8.671215722372979826e+02
8.613461535611321551e+02
8.620216129118980461e+02
8.624535284084156501e+02
8.694627812811562535e+02
8.762850092075669863e+02
8.966587394416698089e+02
9.100376276404549571e+02
9.094276555483899074e+02
8.842977340081872626e+02
8.866128238820089109e+02
8.852240213658247967e+02
8.905862110483794822e+02
8.992415164217441088e+02
9.357362593648671236e+02
8.843691597035679024e+02
8.888666147361319645e+02
9.001843896203752138e+02
8.972216209826718796e+02
9.045934594238893851e+02
8.976645642569545771e+02
8.975538216073609874e+02
8.901845886612392178e+02
9.001843896203752138e+02
8.994065350689714933e+02
8.948973639857532589e+02
8.901760669613342998e+02
8.922435279671001354e+02
9.080486857748182956e+02
9.096199589625208546e+02
9.109512151258287531e+02
9.085725737652746830e+02
9.059697557174074518e+02
8.996962909627225145e+02
8.897877912467145052e+02
9.378987989174739823e+02
9.274269666999000492e+02
9.133858233931647419e+02
9.194897204393579386e+02
9.151802881587028651e+02
9.072970890977134104e+02
9.025546614685150644e+02
8.909652649192180434e+02
9.385049534183281139e+02
9.328188633625619559e+02
9.334071939591738101e+02
9.212824873513188777e+02
9.239323316378944355e+02
9.263140282959816432e+02
9.316977034564258702e+02
8.842563244361592751e+02
8.988160163275572359e+02
9.066132718556202690e+02
9.142189289105150465e+02
9.048725688501965578e+02
9.153799416242169400e+02
9.189586983255048835e+02
9.324832603773169240e+02
9.016188205405749159e+02
9.078533845954706294e+02
9.036160381934477073e+02
9.059817033528080401e+02
9.046839680868333744e+02
9.031476360831499051e+02
8.841070694701714956e+02
8.786129209827181512e+02
8.798090743842153643e+02
9.258678564268251421e+02
9.231979272352839416e+02
9.133494478769054012e+02
8.997912302507643290e+02
8.999022489579662079e+02
8.963171328366685202e+02
8.959853899324775739e+02
8.919619071408569653e+02
8.842558179357318977e+02
8.798090743842153643e+02
9.201221928401694186e+02
9.013747856707608435e+02
8.721234806451790291e+02
8.737252011180823956e+02
8.716642145894442137e+02
8.762337340057675874e+02
8.668975928092088452e+02
9.084234908842773848e+02
8.716593535587510360e+02
8.581686952727033031e+02
8.546018705807412061e+02
8.541607510988753802e+02
8.567993558195970536e+02
8.591623685484004227e+02
8.579587385793217891e+02
8.565080642301178386e+02
8.548090857608532360e+02
8.593216790758038997e+02
8.570816171526206517e+02
8.484920530425471270e+02
8.475353755509595430e+02
8.462903213209472142e+02
8.512089040501771251e+02
8.559174637192447790e+02
8.669331327930341331e+02
8.679752973977654165e+02
8.687716475063203916e+02
8.660181937845561606e+02
8.696326664221835472e+02
8.730325702119642983e+02
8.762170662785119930e+02
8.657626915073616374e+02
8.617397209672224108e+02
8.709671510809912434e+02
8.732473415127359431e+02
8.820974361228956013e+02
8.669612862464729233e+02
8.787931640416973096e+02
8.938553142483409601e+02
9.087374435282480363e+02
8.618671984003921125e+02
8.934201793298996108e+02
8.871213925833609437e+02
8.874498535498593128e+02
8.841324794687312760e+02
8.908763008608625569e+02
8.939717508272477744e+02
9.002663109722741410e+02
9.063286014924758547e+02
9.121537497069256233e+02
9.109136217721642197e+02
8.856055141505476058e+02
8.907602235159839665e+02
8.990608483560281456e+02
8.969400988406008537e+02
9.013497261187003460e+02
8.954014288175044385e+02
8.926080462827835618e+02
9.397595252834421444e+02
9.396762778617323875e+02
9.393360480819769691e+02
9.321264528520796375e+02
9.181336729328158981e+02
9.007290822052282238e+02
9.321160751082998104e+02
9.240018074241846762e+02
9.221429793876918666e+02
9.136088696078408020e+02
9.112598398780993421e+02
9.118123555084087002e+02
8.955057678856823031e+02
9.451836468187397031e+02
9.098743887058462860e+02
9.119848701496496233e+02
9.138343938914944147e+02
9.090000473965636729e+02
9.038430614012698925e+02
9.178287418663369408e+02
9.186463179657704359e+02
9.192092356897994705e+02
9.228029633459613024e+02
9.294649782793961776e+02
9.359208059836698794e+02
8.924048709605987142e+02
8.949687175895644486e+02
9.006474754697982235e+02
9.027769908071572900e+02
8.979823982496097869e+02
9.164380587720244193e+02
9.111895528177195729e+02
9.090631558309233924e+02
8.898509000931322817e+02
8.872469279600510390e+02
8.844190430699370609e+02
8.779927133756285684e+02
8.713464191180796661e+02
8.712389232727391573e+02
8.709164622597090784e+02
8.771262405688717081e+02
8.932215474419699603e+02
8.888617523680139811e+02
8.742039990133104084e+02
9.063673108734307107e+02
8.879303564781588420e+02
8.760280429313895638e+02
8.772973557353958540e+02
8.683525475497259549e+02
8.724999296008827514e+02
8.763922741543198072e+02
8.734334015746097748e+02
8.702590223725256919e+02
8.668699197786364721e+02
8.632669300032949877e+02
8.659373642343177835e+02
8.651069301983583273e+02
8.640318471719987201e+02
8.563203411290927534e+02
8.357213270012468911e+02
8.751222419149979714e+02
8.603997316555968382e+02
8.455821013833444795e+02
