6.068418460753802037e+02
6.024071632272767829e+02
6.085008275092403665e+02
6.000995818800083725e+02
6.058950386428119828e+02
6.043288535510856718e+02
5.953298964127318413e+02
5.970402574805699487e+02
5.949532876290767263e+02
6.036773120837495981e+02
6.012859699898845065e+02
6.020722222336918321e+02
5.986000801494033112e+02
5.986739370673137728e+02
5.986000801494033112e+02
5.983785276187612681e+02
5.980093341401594671e+02
6.601924305825616557e+02
6.594585684931006426e+02
6.622411121593285088e+02
5.913032674595731351e+02
6.370856406042668141e+02
6.324402779094699554e+02
6.120802441416476540e+02
6.095362420820374609e+02
6.068418460753802037e+02
6.075298713383310769e+02
6.010045683719403087e+02
6.013594025322034895e+02
5.945741717196782474e+02
5.911385142232029466e+02
5.875570021437384867e+02
5.804163056034260535e+02
5.806849904227591423e+02
5.809334588135942568e+02
5.809955809717301918e+02
5.948699941987050579e+02
6.016791774722042874e+02
6.048406701517887996e+02
6.078529274464385708e+02
6.142866400806971114e+02
6.134267999682564323e+02
6.159870399257835061e+02
6.183952942984207084e+02
6.242805067151767844e+02
6.263953405079271306e+02
6.210491599184392726e+02
6.338245893416469698e+02
6.354839409741711052e+02
6.406684993228819849e+02
6.420216647280282132e+02
6.432164208941791230e+02
5.278524520772507458e+02
5.243292448622055417e+02
6.657199638959880303e+02
6.693564828028155489e+02
6.653914712804780720e+02
6.018263178900090224e+02
6.013062762786200892e+02
6.006378713410985029e+02
5.961186675766301732e+02
6.025533138261563408e+02
5.977443085398883795e+02
5.964844648868212289e+02
5.950774476174319716e+02
6.137426992135165165e+02
6.009025068826045981e+02
5.952442040772615428e+02
5.930808670464385841e+02
5.943734595775102889e+02
5.883157613730646744e+02
5.857151684490366961e+02
5.865247545535810332e+02
5.836181904973400378e+02
6.051977691533284087e+02
6.123661704986668610e+02
6.045653678120603445e+02
6.064573318679257454e+02
6.081996616517686789e+02
6.171833445700256107e+02
6.186426296221920893e+02
6.273738160643930541e+02
6.248221342665116254e+02
6.080293606346057231e+02
6.087059910074107165e+02
6.017571877172814538e+02
6.021286950111039005e+02
6.060929505689624648e+02
6.024259558544345055e+02
6.023516360592774390e+02
6.694474310993018662e+02
5.190805690185895855e+02
5.244042912593937444e+02
5.234302252371563782e+02
5.186225637551310683e+02
6.463441807560290044e+02
6.476335181096980023e+02
6.161176287792690118e+02
6.135568460525292949e+02
6.108446773548743067e+02
6.151345188365628474e+02
6.085275365467024358e+02
6.053467726744000856e+02
6.020166485439384587e+02
5.985379858136170697e+02
5.949116427914124188e+02
5.876815638476285812e+02
6.084823394792028921e+02
6.123661704986669747e+02
6.159862357777166153e+02
6.120642578775662059e+02
6.151124904395786643e+02
6.216230406443073662e+02
6.207529314960877400e+02
6.233437482961535352e+02
6.257807643536199294e+02
6.243904931176076616e+02
6.265056995040208676e+02
6.321631857188857566e+02
6.413943308451659959e+02
6.467906879088482128e+02
5.258535271810587801e+02
5.225489681520735985e+02
5.191099086026197256e+02
5.193021115454458823e+02
5.408779136719462031e+02
5.402766801868540369e+02
6.032380887774775147e+02
6.087626079851323766e+02
6.062323950868226348e+02
6.338437409137325176e+02
6.337017353094089458e+02
6.444558044552485399e+02
6.182030030753119263e+02
6.241511784955339408e+02
6.188541472583527820e+02
6.207908274996860882e+02
6.118535721139835459e+02
6.123827355871230793e+02
5.446762691409207946e+02
5.448779381518211267e+02
6.267918457246781827e+02
6.205364829189633156e+02
6.214275405963517187e+02
6.185150557213122511e+02
6.190490840932503716e+02
6.122330142324860844e+02
6.088650076184367208e+02
6.124268518869661193e+02
6.087163608344524164e+02
5.978631269360860188e+02
6.119148300366050535e+02
6.120861771113030727e+02
6.156435810230490233e+02
6.190490840932503716e+02
6.223018460649818735e+02
6.326731697675260193e+02
6.319991485855414339e+02
4.586743090825600575e+02
4.642733727904321768e+02
4.660884895179794398e+02
4.640759979017558976e+02
4.671053453395853694e+02
4.684473219513126878e+02
4.734311059254434326e+02
4.707842254788473610e+02
6.125628522713363964e+02
6.076508056286960482e+02
6.029557443764336995e+02
4.694316463859682926e+02
4.679671611617359304e+02
4.663872120428297876e+02
4.628825098290155324e+02
4.609586214669366768e+02
4.625923664501825670e+02
4.567701435686404352e+02
4.545065874766709726e+02
6.223067885733748881e+02
6.115581553549549199e+02
6.114076229285815316e+02
6.004655705088155173e+02
6.068418460753802037e+02
6.071437721727819508e+02
6.144378813393146856e+02
6.143948657530944502e+02
6.177934614115778231e+02
6.210396257776997118e+02
6.241325579089765370e+02
6.307601505216891837e+02
6.335607445178274020e+02
6.362050168804289569e+02
5.525151204168639651e+02
6.150213273460119581e+02
6.131026462059137430e+02
4.625923664501825670e+02
4.602999579293539227e+02
4.542598980967483158e+02
4.517609307008047494e+02
4.527437020394950196e+02
4.500006781986501210e+02
4.599270402811139888e+02
4.586743090825600007e+02
4.609586214669366200e+02
4.668342328026096766e+02
4.726284748590016420e+02
4.746010693176423274e+02
6.196029068582577111e+02
6.177520404949603972e+02
4.870360659267808501e+02
4.916616593880681307e+02
6.269037251950338714e+02
6.237970603522816191e+02
6.278369121297746460e+02
6.207529314960878537e+02
6.135568460525292949e+02
6.098395087403719117e+02
6.024071632272767829e+02
6.049214108768329652e+02
6.087825131430257670e+02
6.124934074335085370e+02
6.196984632183981603e+02
6.267918457246781827e+02
6.264005823362973615e+02
6.332232734460932306e+02
6.324845197056895358e+02
6.352927699527496088e+02
6.341916578548258485e+02
6.404383692739203298e+02
4.745025143911911414e+02
4.766290144262768536e+02
4.789362818756151796e+02
4.872026292900082467e+02
4.876239880058641916e+02
5.423396548795328727e+02
4.879250327991539962e+02
4.876239880058641916e+02
4.910693168240559316e+02
4.905234499855091030e+02
4.898565538255381853e+02
4.929197282678847500e+02
4.881603615494932455e+02
4.871314839434824080e+02
4.859824139329135164e+02
4.847134350336175430e+02
4.833248603471499223e+02
4.818170324835367069e+02
4.764092973076330395e+02
4.784451346928698285e+02
4.765818967311412848e+02
4.948468403887880527e+02
4.956439082352903256e+02
4.968709992839945926e+02
4.973007197198417089e+02
4.937201781862092389e+02
4.939029804591141328e+02
4.939639195620196688e+02
4.840272541360257037e+02
4.832488675671758074e+02
4.784924365986916541e+02
4.712822131116141122e+02
4.699321152929641130e+02
4.684660687566106958e+02
4.631453045712399330e+02
6.319813768469531396e+02
6.251504343534803638e+02
6.218827828555221231e+02
6.221212277199729215e+02
6.148880031490953115e+02
6.147789475481375803e+02
6.108798138898288244e+02
6.131080748171310688e+02
6.133918932259584835e+02
6.207825464888414899e+02
6.207176078639746493e+02
6.241511784955339408e+02
6.311433571463879844e+02
6.342866083782486157e+02
6.372733588805259615e+02
6.401028717172256393e+02
6.427744487483938656e+02
6.490832392188584663e+02
4.742395907218646585e+02
4.830903411407488193e+02
4.841106833893264252e+02
4.811314859421158303e+02
4.896791468376271723e+02
4.864541681287219603e+02
4.869955065680202324e+02
4.913160196423681896e+02
4.877176029643300126e+02
4.996693821126386865e+02
4.957045536789383959e+02
4.994228254354738965e+02
4.991146866208184747e+02
4.947874346731085211e+02
4.981290681638112687e+02
4.935654892728463778e+02
4.927717638278122081e+02
4.879835688564410248e+02
4.908197865990007926e+02
4.858064100077638727e+02
4.782718604770536217e+02
4.726282711385248376e+02
4.706638762626658945e+02
4.723320189349780662e+02
4.677886058849699680e+02
4.653434821919365163e+02
4.627835419577562561e+02
4.730984873529162087e+02
4.754546357403236243e+02
4.739321068830989816e+02
4.760363796593931056e+02
4.780231975820914840e+02
4.798920704336012477e+02
4.854650969157448799e+02
4.832741656723632104e+02
4.809390412482368333e+02
4.823207615634956937e+02
4.874521442595430472e+02
4.847268743456241964e+02
4.881020967478552279e+02
4.964635933482863379e+02
4.929804184343897759e+02
4.971997286243224607e+02
4.973838192175287531e+02
4.974451877958570094e+02
5.013002272428636275e+02
4.932847701312175559e+02
4.968929614378373003e+02
4.925544311959375818e+02
4.920069135218380438e+02
4.913380005038844729e+02
4.944410941481513078e+02
4.896366785252896534e+02
4.847268743456241964e+02
4.874521442595430472e+02
4.861793276560036929e+02
4.847865535782227084e+02
4.794386564209953008e+02
4.778199772792764293e+02
6.401790764692547100e+02
6.332814397637459933e+02
6.336770010849000982e+02
6.265056995040208676e+02
6.228855304730318494e+02
6.191116737578349785e+02
6.224225318011181116e+02
6.243703791645724550e+02
6.173959295659778945e+02
6.138083298299612807e+02
6.136788820428949975e+02
6.579639309427810758e+02
6.539474834754194035e+02
6.346715859138291762e+02
6.376601492115094061e+02
6.442812692278728264e+02
6.507759930658476151e+02
4.812160576713494038e+02
4.901337589149578662e+02
4.872708111808563558e+02
4.881775871328645735e+02
4.850522012694457317e+02
4.857125567304185552e+02
4.901744656107772471e+02
4.905983945285585719e+02
4.948284858385391090e+02
4.910830341941349388e+02
4.911436253643443592e+02
4.940958613356634714e+02
4.896295934782444874e+02
4.950671441597500007e+02
4.940237093825368788e+02
4.928583816472690842e+02
4.915714484811281295e+02
4.708421881023020319e+02
4.720984137273061947e+02
4.695013133701666561e+02
4.667883705892519970e+02
4.639602547625987654e+02
5.934554274299075587e+02
6.006120323521206501e+02
4.759424791025336958e+02
4.745465488267170713e+02
4.866084639445120956e+02
4.845378906832606845e+02
4.861793276560036929e+02
4.877008071545050143e+02
4.891019537764648248e+02
4.903824218099198902e+02
4.915418953185430269e+02
4.925800882195956092e+02
4.974133851827244825e+02
4.942916375521133432e+02
4.949645716843911600e+02
4.994480424666254521e+02
4.949645716843911600e+02
4.942916375521133432e+02
4.934967443545140782e+02
4.925800882195956092e+02
4.837396430118994886e+02
4.864904978273015104e+02
4.852201922385563080e+02
4.838301658278819559e+02
5.498713978468309733e+02
6.263023269347044106e+02
6.265644041204221821e+02
6.118857202072339305e+02
6.081785076919848052e+02
6.043212362303330565e+02
6.059033481375872725e+02
6.134440355068588815e+02
6.208790532201454653e+02
6.207703728780323900e+02
6.242042353853180430e+02
6.274840848376908298e+02
6.343852144483302027e+02
6.335785457626860762e+02
6.363916535182687539e+02
5.355469028923081396e+02
4.877641290737884674e+02
4.850060725254377303e+02
4.860304610185833667e+02
4.916524723892256930e+02
4.923218135327011851e+02
5.007555965416241861e+02
4.972423090513902935e+02
4.975492919148779833e+02
4.937832459678328973e+02
4.938441702975688941e+02
4.937832459678328973e+02
5.073853515056808874e+02
5.026425071154606599e+02
5.017088629869247711e+02
5.006199309645489848e+02
4.990581476942940071e+02
4.973732292936629733e+02
4.917239977585701922e+02
4.936356802940617854e+02
4.877732434151999996e+02
4.818232054602463563e+02
4.795650133032020221e+02
4.771884956550103993e+02
6.021844335703069646e+02
5.987048013194261102e+02
5.950774476174319716e+02
5.913032674595731351e+02
5.927013609549541115e+02
5.964844648868212289e+02
4.832958029675494913e+02
4.890359664247981186e+02
4.908197865990007926e+02
4.963603193299192071e+02
4.979136598501158915e+02
5.032452737785083059e+02
5.006514297036776497e+02
4.939940087905896462e+02
4.911085127348646893e+02
4.841500714876132179e+02
4.849299096584730364e+02
4.895379856110207015e+02
4.900827558000136150e+02
4.940350360887234160e+02
4.934858725917547417e+02
4.928149488399116080e+02
4.998947892595681424e+02
4.950373808367435799e+02
4.939940087905896462e+02
4.928287511145576900e+02
4.876407691652212293e+02
4.862438084473788535e+02
4.808490593508591928e+02
6.112337358542615675e+02
6.148944792351798014e+02
6.109946128362799982e+02
6.122851035872605507e+02
6.235727663163032730e+02
6.236615449634202832e+02
6.272862241387107360e+02
6.420196321427744124e+02
6.453930916925901329e+02
4.978066772207287158e+02
5.024406221382689068e+02
4.990391227475540177e+02
4.955066649719755105e+02
4.997790769099509021e+02
5.039320917456212783e+02
5.000258094624968521e+02
4.999641225192777938e+02
4.905719460247665324e+02
4.938558305761197857e+02
4.891171451140756403e+02
4.882086239599005921e+02
4.911085127348646893e+02
4.899500615106687178e+02
4.886707224400749965e+02
4.872708111808562990e+02
4.896366785252897103e+02
4.841106833893264252e+02
4.784924365986917110e+02
4.727852320518713896e+02
4.677461587225652124e+02
4.612224602931237314e+02
4.619636110897893104e+02
4.591500914302016554e+02
4.657774082337159030e+02
4.648974213292497666e+02
4.713401690318896726e+02
4.701859536011917271e+02
4.688752696397883142e+02
4.772472146665151627e+02
4.793662066208473220e+02
4.813669221366062061e+02
4.832488675671758074e+02
4.811314859421158303e+02
4.866546202245584141e+02
4.842721664358016369e+02
4.934967443545140782e+02
4.987156125286210795e+02
4.959586098165793828e+02
4.970061313255930031e+02
4.979310240085643500e+02
5.066494574344771422e+02
4.994120403957938947e+02
4.999677986814194810e+02
5.083430576699927883e+02
5.007091298453207742e+02
5.048698731430596922e+02
4.969804777275898573e+02
4.927613658795220317e+02
4.964287672558523354e+02
4.999677986814194810e+02
4.954484527736050836e+02
4.987330596620634537e+02
4.979310240085643500e+02
4.930616382198343217e+02
4.959586098165793828e+02
6.394528968976208034e+02
6.284535587091861544e+02
6.211029548958775877e+02
6.136432521174351677e+02
6.207709236136325899e+02
6.180917046820399037e+02
6.220368705147444643e+02
6.295537280458237319e+02
6.257190113406132923e+02
6.329477942031289786e+02
6.362735862412366714e+02
6.432485919789717173e+02
6.462775429765257513e+02
6.529881413747780243e+02
6.518563590276847890e+02
6.505326295588184848e+02
6.451328442463976671e+02
6.434188101836582518e+02
6.415206532918475659e+02
4.922765177418357894e+02
4.928243354382955772e+02
4.975353574356873878e+02
5.017013288754535552e+02
4.977809823015400070e+02
5.017013288754535552e+02
5.015156402951728865e+02
5.051840373003460058e+02
5.047475048440608134e+02
5.081564054109272206e+02
5.114301106880016050e+02
5.106076563206840433e+02
5.017575238653376459e+02
5.046425076120694939e+02
4.995189119474532617e+02
4.942916375521133432e+02
4.967873351711259033e+02
4.952375084443914943e+02
4.896791468376271155e+02
4.917716902022020804e+02
4.898565538255381853e+02
4.839794459601295671e+02
4.818400616274688559e+02
4.795817904695292100e+02
4.772051896809275604e+02
4.747108456523466771e+02
4.720993738258519556e+02
4.693714185430401926e+02
4.591224520465971182e+02
4.598896612217558300e+02
4.568316340399132969e+02
4.597475064586186022e+02
4.625499430594546766e+02
4.689901737733108007e+02
4.715844467031530485e+02
4.740623632272408372e+02
4.764233119567496715e+02
4.786667103629082476e+02
4.846383409600943537e+02
4.866610606155443861e+02
4.885637039363533631e+02
4.903458014737516919e+02
4.920069135218380438e+02
4.935466302260704197e+02
4.988928619358546257e+02
5.041375370574859858e+02
5.053295335339568055e+02
4.984843967671014298e+02
4.994120403957938947e+02
5.002164615763815050e+02
5.008974618299747021e+02
5.054346737103473970e+02
5.058718004667731520e+02
5.061841109259560199e+02
5.023843506439005751e+02
5.024463362014964787e+02
5.023843506439005751e+02
4.982127076042874592e+02
5.018885579434128204e+02
4.974750725495545112e+02
6.307991104559957876e+02
6.262641452217873166e+02
6.265708721611432566e+02
6.266805680160354086e+02
6.154684360655700175e+02
6.189331816024631507e+02
6.159337201524457441e+02
6.198651119662317797e+02
6.236435613388808861e+02
6.159998461263832041e+02
6.420685633294888248e+02
6.454422799857400150e+02
6.372098597099997050e+02
6.478775654418247996e+02
6.469035449349685223e+02
6.418701306519155878e+02
6.443795771964305459e+02
4.909685733389940765e+02
4.990133642141357768e+02
4.949601877563842436e+02
4.987671312422029359e+02
4.984593969842101160e+02
4.980286753286194426e+02
5.054346737103474538e+02
5.007731150421390680e+02
4.959998002791859903e+02
4.911178668309261752e+02
4.900827558000136719e+02
4.889267241823732206e+02
4.876500572115083401e+02
4.901744656107772471e+02
4.847361068912401834e+02
4.869955065680202324e+02
4.852255852382759826e+02
4.872026292900081899e+02
4.851776587012263917e+02
4.830329777850291180e+02
4.807691157093410652e+02
4.821833503422881222e+02
4.758861116442093930e+02
4.770242710856747408e+02
4.742678580241789064e+02
4.751061936028603441e+02
4.684046853853928383e+02
4.688097866407422316e+02
4.755170906785256193e+02
4.746780300627002021e+02
4.774368270166426669e+02
4.838579639206897696e+02
4.826003681190670136e+02
4.811849103808798418e+02
4.872876409232063679e+02
4.894512126714108717e+02
4.914940196567043245e+02
4.895303959742192319e+02
4.913160196423681896e+02
4.929804184343897759e+02
4.945231816847870618e+02
4.959439287398128045e+02
4.972423090513903503e+02
4.944623038329421547e+02
4.955066649719755105e+02
4.964287672558523354e+02
4.932505561042748354e+02
4.939220728966919864e+02
4.944717218083363832e+02
4.948993672215638639e+02
5.071856674185563634e+02
5.073734553536768317e+02
5.074360564806807474e+02
5.033783887760887978e+02
5.071856674185563634e+02
4.988904911507700604e+02
4.984593969842101160e+02
4.979053154200523750e+02
5.012062102349889869e+02
5.376958404033001671e+02
5.360183914723127145e+02
5.303093545346196152e+02
6.628788077124620486e+02
8.556310545344489356e+02
6.312834373027749280e+02
6.315699758960312238e+02
6.279205437049891998e+02
6.389760905992687867e+02
6.164664123543618643e+02
6.131533060784837517e+02
6.170669510198846410e+02
6.208283439244922874e+02
6.281982227292572816e+02
6.278906991485615663e+02
6.349922678468102504e+02
6.381546876133047590e+02
6.449989316143917222e+02
6.440064203554662754e+02
4.883731241479042069e+02
4.936004880107917074e+02
4.987257109657083447e+02
4.958125762995545074e+02
5.007091298453207742e+02
5.015156402951728865e+02
5.021984092651217111e+02
5.071856674185563065e+02
5.035027355639244888e+02
5.036891598757949282e+02
4.997532801828658080e+02
5.036891598757949282e+02
5.035027355639244888e+02
5.071856674185563065e+02
5.107375423920157687e+02
5.061841109259560767e+02
5.054959231546583283e+02
4.967352478624214314e+02
4.958125762995545074e+02
4.947675704024883885e+02
4.936004880107917074e+02
4.923116170845808028e+02
4.948284858385391090e+02
4.893698116381126511e+02
4.877176029643299557e+02
4.859450572698909809e+02
4.879250327991539962e+02
4.858970596693936841e+02
4.837491987107937348e+02
4.814819798759065748e+02
4.790959625670544710e+02
4.765917354983057521e+02
4.777315825545848611e+02
4.712311526173856464e+02
4.758106610273809451e+02
4.727929107111200437e+02
4.729679645624915452e+02
4.759868322153354825e+02
4.788882572396740329e+02
4.779084649729827561e+02
4.843359450238410204e+02
4.868808636482240786e+02
4.854829513009125321e+02
4.877690100470565540e+02
4.899347190886157932e+02
4.919795440692905117e+02
4.939029804591140760e+02
4.918013682168995047e+02
4.934674111921938788e+02
4.950116984676880065e+02
4.964338490136042310e+02
4.977335119355755637e+02
4.989103665612230998e+02
4.959961532929343093e+02
4.969191664793894461e+02
4.977195722970769225e+02
5.023843506439005751e+02
4.989518021737744675e+02
4.993833221985007640e+02
4.996916268609076610e+02
5.038756532121643659e+02
5.039378227707569522e+02
5.078746663328957993e+02
5.036891598757949282e+02
5.033783887760887978e+02
5.029434165911646915e+02
5.063715280299633150e+02
5.017013288754535552e+02
4.969191664793894461e+02
5.039320917456212783e+02
5.028699726450423100e+02
5.016837779033181732e+02
5.003738001962518638e+02
4.950116984676880065e+02
4.973838192175287531e+02
4.918013682168995047e+02
4.861249807668446010e+02
4.881056893915795740e+02
4.860769653950046632e+02
4.839283091805443178e+02
5.439372148570002992e+02
5.335263144403248816e+02
5.305912878833903505e+02
6.210582086077023405e+02
6.172954230292631337e+02
6.096852668188366806e+02
6.134560095874943499e+02
6.210906925733519302e+02
6.211348364710319174e+02
6.322718767372394950e+02
6.357693611321104754e+02
6.467184310807043630e+02
6.499392500628645166e+02
6.491585315176134827e+02
6.481825852036403148e+02
5.540295681655769613e+02
5.056964303847105384e+02
5.029320181200112074e+02
5.079627270730126725e+02
5.049321653712312923e+02
4.984586668665639877e+02
4.950212573004226897e+02
4.994449374809850042e+02
4.997532801828658080e+02
4.999383162408303178e+02
5.000000000000000000e+02
4.999383162408303178e+02
5.077493326657916555e+02
5.074360564806807474e+02
4.990133642141357768e+02
4.984586668665639877e+02
4.977809823015400070e+02
5.009563215494105748e+02
4.960573506572389419e+02
4.989719234891450128e+02
4.977949236599494611e+02
4.925546630773869197e+02
4.911436253643443592e+02
4.896114053108829012e+02
4.879583809693737066e+02
4.900744398804289972e+02
4.881659132088300339e+02
4.822787092288990607e+02
4.801468428384715139e+02
4.778965073991650456e+02
4.831367102779379934e+02
4.806113622843930102e+02
4.779674306287465129e+02
4.752055676615725588e+02
4.686073488876787110e+02
4.693308025157336374e+02
4.692729023393470129e+02
4.871427735953823799e+02
4.676643137106191830e+02
4.741454061936680091e+02
4.767681958828434858e+02
4.792733501537205711e+02
4.816602508969683640e+02
4.839283091805443178e+02
4.860769653950046632e+02
4.919795440692905117e+02
4.900139806129793669e+02
4.957045536789383959e+02
4.934674111921938788e+02
4.950116984676880065e+02
4.964338490136042310e+02
4.898329800000902310e+02
4.949507604774038896e+02
4.959961532929343093e+02
4.969191664793894461e+02
4.977195722970769225e+02
5.023843506439005751e+02
4.989518021737744675e+02
4.993833221985007640e+02
4.996916268609076610e+02
5.038756532121643659e+02
4.999383162408303178e+02
4.998766400914328756e+02
4.996916268609076610e+02
4.993833221985007640e+02
4.989518021737744675e+02
4.983971732578378919e+02
4.977195722970769225e+02
4.969191664793894461e+02
4.959961532929343093e+02
4.949507604774038896e+02
4.977335119355755637e+02
5.003738001962518638e+02
6.455739744583696620e+02
6.430598765000174808e+02
6.403871131394505483e+02
6.375563438410346180e+02
6.383909674586802794e+02
6.314236200437906064e+02
6.319070532732926040e+02
6.359569337042054258e+02
6.322821521367570767e+02
6.358886586626747430e+02
6.318556401577035331e+02
6.353154737680675908e+02
6.282187633877139206e+02
6.283082034898475285e+02
6.319598887336240978e+02
6.392381214223307779e+02
6.387946167560726280e+02
6.419759731678753951e+02
6.411596522595440319e+02
5.514545994660579709e+02
5.498837671228560566e+02
5.442584641422779441e+02
5.462437153200496596e+02
6.498831098554136361e+02
6.519168940412498614e+02
6.537898274883233398e+02
5.046830118282201738e+02
5.054959231546583283e+02
5.021984092651217111e+02
4.987671312422029359e+02
5.031920794861267723e+02
5.035027355639244888e+02
5.076866928906821954e+02
4.997532801828658080e+02
5.036891598757949282e+02
4.955106286502114017e+02
4.991984915536971812e+02
4.987671312422029359e+02
4.982127076042874592e+02
4.975353574356873878e+02
5.007091298453207742e+02
4.997790769099509021e+02
4.947675704024883885e+02
4.936004880107917074e+02
4.923116170845808028e+02
4.869740654284035486e+02
4.893698116381126511e+02
4.877176029643299557e+02
4.820574968117318804e+02
4.840526119039226387e+02
4.820407337990017140e+02
4.799099193559461582e+02
4.814819798759065748e+02
4.752936136577921502e+02
4.765917354983057521e+02
4.702082505458512856e+02
4.749710824000633238e+02
4.683761194488280921e+02
4.654055214812588019e+02
4.651183709979017635e+02
4.718021134075996201e+02
4.746780300627002021e+02
4.736774819220235031e+02
4.762976832344290301e+02
4.826003681190670136e+02
4.811849103808798418e+02
4.834507303647559411e+02
4.855972661149430110e+02
4.876239880058641347e+02
4.856452341014079366e+02
4.913160196423681896e+02
4.890678754309422516e+02
4.945231816847870618e+02
4.920078658133062959e+02
4.972423090513903503e+02
4.984180022636057288e+02
4.915426116521996960e+02
4.964287672558523354e+02
5.012062102349889869e+02
4.979053154200523750e+02
5.024470721600837919e+02
5.028816150799761999e+02
5.031920794861267723e+02
4.993833221985008208e+02
5.034404969808329042e+02
4.993833221985008208e+02
5.031920794861267723e+02
4.988904911507700604e+02
5.024470721600837919e+02
4.979053154200523750e+02
5.051840373003460058e+02
5.004001973938991910e+02
4.994707182917513251e+02
5.023737006942692460e+02
5.011886765835441793e+02
4.998799916663191993e+02
5.652013233045256584e+02
5.548004231919982203e+02
5.519004900970368226e+02
5.451050387197889222e+02
6.279205437049891998e+02
6.241161815155649037e+02
6.201578279972023893e+02
6.196219460216220796e+02
6.198651119662317797e+02
6.273779539217484853e+02
6.272681359945486292e+02
6.307379416236742600e+02
6.340521221036386805e+02
6.372098597099997050e+02
6.325431851946809729e+02
6.353516959182726396e+02
6.380034431178678460e+02
5.589798741944939593e+02
6.584179248799633797e+02
6.528300794422348190e+02
5.039357970836529717e+02
5.047475048440607566e+02
5.054346737103474538e+02
5.059971341338773527e+02
5.024470721600837919e+02
5.067474053420781388e+02
5.069350310085548585e+02
5.030054711278488639e+02
5.029434165911646915e+02
4.987671312422029359e+02
5.024470721600837919e+02
4.980286753286194426e+02
4.974750725495545112e+02
5.007731150421390680e+02
4.959998002791859903e+02
4.950784947892400965e+02
4.940350360887234160e+02
4.968126390885405499e+02
4.955153807149197860e+02
4.901744656107772471e+02
4.886452690435889394e+02
4.869955065680202324e+02
4.852255852382759826e+02
4.833359417559605617e+02
4.813270423623278020e+02
4.830329777850291180e+02
4.769534878068859598e+02
4.783866310482544009e+02
4.796629855461475245e+02
4.770242710856747408e+02
4.742678580241789064e+02
4.676826593278155997e+02
4.720929112545691737e+02
4.715681383637814861e+02
4.819933535453259310e+02
4.812011504408843052e+02
4.839978593340567841e+02
4.829024734240286989e+02
4.892323588505125258e+02
4.840460849480576826e+02
4.863253777287147841e+02
4.884846769994601914e+02
4.866610606155443861e+02
4.846862142225728007e+02
4.864541681287219035e+02
4.920069135218380438e+02
4.896295934782444306e+02
4.949645716843912169e+02
4.962603880409627664e+02
4.934858725917546849e+02
4.945281713959339527e+02
4.994120403957938947e+02
5.002164615763815050e+02
5.008974618299747021e+02
5.014548731299509541e+02
5.018885579434128204e+02
4.982127076042874592e+02
4.983971732578378919e+02
4.984586668665639877e+02
5.023843506439005751e+02
5.021984092651217111e+02
5.018885579434128204e+02
5.054346737103473970e+02
5.048728385111650141e+02
5.041864334936543628e+02
4.994120403957938947e+02
4.984843967671014298e+02
5.013816465532227653e+02
5.001989625492243476e+02
6.708057204840407621e+02
6.604685822639531807e+02
6.692624708496540507e+02
6.219698205541399147e+02
6.224914696481620240e+02
6.265708721611432566e+02
6.192200850634635572e+02
6.154684360655700175e+02
6.078808033595620373e+02
6.033752355229437399e+02
6.109290692555526903e+02
6.146530480920765740e+02
6.219721909134239013e+02
6.254127014149964907e+02
6.324862434659912651e+02
6.356361826064395473e+02
6.424534155032919216e+02
6.376237145189008970e+02
6.402849443703885299e+02
6.785143816482213879e+02
6.767260549968879104e+02
5.007731150421390680e+02
5.051840373003460058e+02
5.054959231546583851e+02
5.056830854538301310e+02
5.017632301599523430e+02
5.017013288754535552e+02
4.975353574356873878e+02
5.012062102349889869e+02
4.967987252402173226e+02
4.962464896591086472e+02
4.955718126821721512e+02
4.947748607758566095e+02
4.938558305761197289e+02
4.928149488399116080e+02
4.916524723892256930e+02
4.903686880477314958e+02
4.928756238705658461e+02
4.874384925633774515e+02
4.857928044024078531e+02
4.801550361029375154e+02
4.821422773873408119e+02
4.801383392461603421e+02
4.780159341542349694e+02
4.795817904695292100e+02
4.734178469056820973e+02
4.747108456523466771e+02
4.720993738258519556e+02
4.693714185430401926e+02
4.665276528860583767e+02
4.672478958013039119e+02
4.664964928930848487e+02
4.731707004279018633e+02
4.797741388117857468e+02
4.863033490011559365e+02
4.814704164876203549e+02
4.802190261633315913e+02
4.788105528559927961e+02
4.810651923838472612e+02
4.870360659267808501e+02
4.852178575136990162e+02
4.871148585077132225e+02
4.850115785706812517e+02
4.827613832627619104e+02
4.920830078299274533e+02
4.895801035263036169e+02
4.947887179417816128e+02
4.920224303735906801e+02
4.891171451140756403e+02
4.939791904846868533e+02
4.987330596620634537e+02
4.954484527736050836e+02
4.999677986814194810e+02
4.964287672558523354e+02
4.967352478624214314e+02
5.008945198112245976e+02
4.969804777275898573e+02
5.008945198112245976e+02
5.007091298453207742e+02
5.004001973938991910e+02
4.999677986814194810e+02
5.033756280179827627e+02
5.026912585482702980e+02
4.939791904846868533e+02
5.009506244313516845e+02
4.998947892595680855e+02
4.959884285269903899e+02
4.944410941481513078e+02
4.927717638278121512e+02
6.695447979280970685e+02
6.359351486938194284e+02
6.248221342665116254e+02
6.173398982145281479e+02
6.134245221507494534e+02
6.049523478556765212e+02
6.125034272692682862e+02
6.162370027614748551e+02
6.160846844219480545e+02
6.157381267334211543e+02
6.227477200542537048e+02
6.296421841263528449e+02
6.211744070069928512e+02
6.277602463947329170e+02
6.380678741513061141e+02
4.938558305761197857e+02
4.945281713959339527e+02
4.955066649719755105e+02
4.958125762995545074e+02
4.999641225192777938e+02
5.000258094624968521e+02
4.999641225192777938e+02
4.958125762995545074e+02
4.955066649719755105e+02
4.990391227475540177e+02
4.945281713959339527e+02
4.938558305761197857e+02
4.970061313255930031e+02
4.882086239599005921e+02
4.911085127348646893e+02
4.899500615106687178e+02
4.925800882195956660e+02
4.872708111808562990e+02
4.896366785252897103e+02
4.841106833893264252e+02
4.862100565438318540e+02
4.843165791750877247e+02
4.784757975569611403e+02
4.763607415697796910e+02
4.741281506975548155e+02
4.793270330114559101e+02
4.768215981411248663e+02
4.704646681040330805e+02
4.677461587225652124e+02
4.686020196578136847e+02
4.692963668213732831e+02
4.756245489144694147e+02
4.712963673179821740e+02
4.720700312790982025e+02
4.783167730865089311e+02
4.806989098375339040e+02
4.791595874567046849e+02
4.851068090576085297e+02
4.832958029675494913e+02
4.851852895238154701e+02
4.869550638698748344e+02
4.847268743456242532e+02
4.862438084473788535e+02
4.876407691652212293e+02
4.889174118199977102e+02
4.900734214192357285e+02
4.950373808367435799e+02
4.920224303735906801e+02
4.888724292491922938e+02
4.974337595724887251e+02
4.940350360887234160e+02
4.944623038329421547e+02
4.987257109657083447e+02
4.949507604774038896e+02
4.950118288582787613e+02
4.949507604774038896e+02
4.947675704024883885e+02
4.944623038329421547e+02
4.940350360887234160e+02
4.974337595724887251e+02
4.928149488399116080e+02
4.959586098165793828e+02
4.911085127348646893e+02
4.900734214192357285e+02
6.290516800530009505e+02
6.302568779094914362e+02
6.274708883361608969e+02
6.245300797101818944e+02
6.365002728474015612e+02
6.294267083721309746e+02
6.185121623158723878e+02
6.075292889702964203e+02
5.928024620171494234e+02
5.890427105786890252e+02
5.986033077985802038e+02
6.060974003510881403e+02
6.060962186196659331e+02
6.096188092933971348e+02
6.092532357353703674e+02
6.124545259194227356e+02
6.268330095144215193e+02
6.297846622551251130e+02
6.287701965899062770e+02
6.352211079753042213e+02
6.377045595931457456e+02
6.323194542958195825e+02
6.344615210997226313e+02
6.364470440169459380e+02
6.421674571320379528e+02
6.428144807019973541e+02
4.916524723892256930e+02
4.923218135327011851e+02
4.928696816354568568e+02
4.932959415192364077e+02
4.936004880107917074e+02
4.898329800000901741e+02
4.977949236599494611e+02
4.937832459678328973e+02
4.936004880107917074e+02
4.893495739870825219e+02
4.928696816354568568e+02
4.923218135327011851e+02
4.955856921683395058e+02
4.947887179417816128e+02
4.938696620027540689e+02
4.928287511145576900e+02
4.877641290737884674e+02
4.864904978273014535e+02
4.850968323299892972e+02
4.835834764479593559e+02
4.819508035791307634e+02
4.801992165611036967e+02
4.783291475717653043e+02
4.801517864868374659e+02
4.704415549375633532e+02
4.757889108362476804e+02
4.734311059254434326e+02
4.709564889733537711e+02
4.683656705546832200e+02
4.656592899151091274e+02
4.591646972356728043e+02
4.562525211879421931e+02
4.550611718601905409e+02
4.616294696939161781e+02
4.607573194331580453e+02
4.597277284670553286e+02
4.659987551597503170e+02
4.684473219513126878e+02
4.707803063757114046e+02
4.767811098663804046e+02
4.750972542672748773e+02
4.808967938128803894e+02
4.827769012362876424e+02
4.845378906832606845e+02
4.823207615634957506e+02
4.838301658278819559e+02
4.852201922385563080e+02
4.903824218099198902e+02
4.915418953185430269e+02
4.847613566605544406e+02
4.895801035263036738e+02
4.864457385433496484e+02
4.871079911814643424e+02
4.955153807149197291e+02
4.920078658133062959e+02
4.962501100212575125e+02
4.964338490136042310e+02
4.925546630773869197e+02
4.964338490136042310e+02
4.923116170845808597e+02
4.920078658133062959e+02
4.876500572115083401e+02
4.949645716843911600e+02
4.903686880477314958e+02
4.934967443545140782e+02
4.886707224400750533e+02
4.876407691652212293e+02
4.942743457925382700e+02
6.271283756328028858e+02
6.243562153012123872e+02
6.176637619649333146e+02
6.108553078245116694e+02
6.188463468521483719e+02
6.228569224392362003e+02
6.192578373181643201e+02
6.155059595918883133e+02
6.079617256052146104e+02
5.989599567567119038e+02
6.100894688610550247e+02
6.101328308489436267e+02
6.136788820428949975e+02
6.170735171553766349e+02
6.203158986109692705e+02
6.234052264005658799e+02
6.150213273460120718e+02
6.177520404949603972e+02
6.241360401333275831e+02
6.227555674207573020e+02
6.288616690243057974e+02
6.348395344476726905e+02
6.368262403431230041e+02
6.386558188928042910e+02
4.889639125700057889e+02
4.896295934782444874e+02
4.862530698858910228e+02
4.905983945285585719e+02
4.909012756334713572e+02
4.910830341941349388e+02
4.911436253643443592e+02
4.950116984676880065e+02
4.909012756334713572e+02
4.905983945285585719e+02
4.940958613356634714e+02
4.896295934782444874e+02
4.889639125700057889e+02
4.881775871328645735e+02
4.911689776703032067e+02
4.901337589149578662e+02
4.850968323299892972e+02
4.838301658278819559e+02
4.785845685002863661e+02
4.809390412482368902e+02
4.793152965124281764e+02
4.813938742025486590e+02
4.757134452235727622e+02
4.775261171924233849e+02
4.716421221978619656e+02
4.731870995570560581e+02
4.708421881023020319e+02
4.646637930386872313e+02
4.658044526349685270e+02
4.594373726272165186e+02
4.566537940576760093e+02
4.537575429975090060e+02
4.523419562508125864e+02
4.515873385057149676e+02
4.580040665242881914e+02
4.606659555176624394e+02
4.669198955362421657e+02
4.656481174733427224e+02
4.717108984510297773e+02
4.739321068830989816e+02
4.722583131541598505e+02
4.742293626806463749e+02
4.760834032079377494e+02
4.778199772792764293e+02
4.794386564209953008e+02
4.809390412482368333e+02
4.823207615634956937e+02
4.835834764479593559e+02
4.847268743456241964e+02
4.857506731401683169e+02
4.866546202245584141e+02
4.835389846228704300e+02
4.881020967478552279e+02
4.886452690435888826e+02
4.890678754309421947e+02
4.893698116381126511e+02
4.895510031668590045e+02
4.935282965533699553e+02
4.895510031668590045e+02
4.893698116381126511e+02
4.890678754309421947e+02
4.886452690435888826e+02
4.920069135218380438e+02
4.913380005038844729e+02
4.866546202245584141e+02
6.345449298268791836e+02
6.322387594601414094e+02
6.297765936398983513e+02
6.233809733634909662e+02
6.168640121335573667e+02
6.177166527334914008e+02
6.109303301250255345e+02
6.077370068884422381e+02
6.080790612833144451e+02
6.009013352798660890e+02
5.972606735075585220e+02
6.007101179010791157e+02
5.950754843813331263e+02
6.025032797367402964e+02
6.025242362979931841e+02
6.060260668494427136e+02
6.093783695370597115e+02
6.088677092471036758e+02
6.119000222001927796e+02
6.185300247958045929e+02
6.212763166667189125e+02
6.238693179028527993e+02
6.301041971364358005e+02
6.247832732088544390e+02
6.268998101904107898e+02
6.250271466522063974e+02
6.306683656512281004e+02
5.415390033036385375e+02
4.879583809693737066e+02
4.800918118307828308e+02
4.877176029643300126e+02
4.835173526639178476e+02
4.869955065680202324e+02
4.864541681287219603e+02
4.819064619671885907e+02
4.850115785706813085e+02
4.841106833893264252e+02
4.830903411407488193e+02
4.858064100077638727e+02
4.806923518683141765e+02
4.831498188845276331e+02
4.778199772792764861e+02
4.762067631165049306e+02
4.744760520605690317e+02
4.688472449694166357e+02
4.668985652525645378e+02
4.648346853010895074e+02
4.626561143464871861e+02
4.640759979017558976e+02
4.653434821919365163e+02
4.627835419577562561e+02
4.564577547712069645e+02
4.536922287174249391e+02
4.508147608949493019e+02
4.527697444124614208e+02
4.574420792058624556e+02
4.636522523064839447e+02
4.660884895179794398e+02
4.646921888580537825e+02
4.668803473500402674e+02
4.764565630640371410e+02
4.709105656425884945e+02
4.689696179987151936e+02
4.668844352275999086e+02
4.760834032079377494e+02
4.775732878993538293e+02
4.789453385280631323e+02
4.840408102935925285e+02
4.813346126228328217e+02
4.823512465712617541e+02
4.871148585077132225e+02
4.840272541360257037e+02
4.885637039363533631e+02
4.852255852382759826e+02
4.817600722285966413e+02
4.859450572698909809e+02
4.822359809207098351e+02
4.822954805172475972e+02
4.822359809207098351e+02
4.781699363535727230e+02
4.778749103557854028e+02
4.774619758744635760e+02
4.808087245087922383e+02
4.840272541360257037e+02
4.813938742025486590e+02
6.225125803034666205e+02
6.202501399337845669e+02
6.140673775979354332e+02
6.152667428543471715e+02
6.125470157232527981e+02
6.096761517817665208e+02
6.103539743687825876e+02
6.071636637346813359e+02
6.074830811853853447e+02
5.966960503932049278e+02
5.894645202961554560e+02
5.893193498701879207e+02
5.906037443472038149e+02
5.907711961861315331e+02
5.979965220504669787e+02
5.978267527518664792e+02
6.011336999932585741e+02
6.042923264891338704e+02
6.110049129743005096e+02
6.138820338319927714e+02
6.128706721897112857e+02
6.191812044144749052e+02
6.253692311733575480e+02
6.276503440719610580e+02
6.259827587384531853e+02
6.203303325715388610e+02
6.221125189801547322e+02
4.832958029675495482e+02
4.843165791750877816e+02
4.837539563550239450e+02
4.879250327991539962e+02
4.842915805643155522e+02
4.881056893915796309e+02
4.801801910086912244e+02
4.837539563550239450e+02
4.872026292900082467e+02
4.905234499855091030e+02
4.898565538255381853e+02
4.813669221366062061e+02
4.804727968006823176e+02
4.794601219916165746e+02
4.783291475717653043e+02
4.732635113714061390e+02
4.719077376617842106e+02
4.704355277792011520e+02
4.650662188003084339e+02
4.671432811174477706e+02
4.653240566508781058e+02
4.633900204361232227e+02
4.576211524929400980e+02
4.591794497503833554e+02
4.569039541747110320e+02
4.581811737753495208e+02
4.593059197971657568e+02
4.566518895658111319e+02
4.538851873137351731e+02
4.474270790509119706e+02
4.623437035552204861e+02
4.646462904386721107e+02
4.631291992089381893e+02
4.689069908049937681e+02
4.671270367299629243e+02
4.727049365832179433e+02
4.706638762626658377e+02
4.684802466489265385e+02
4.661564477354609153e+02
4.674956981989984683e+02
4.725303295584749890e+02
4.698278544416209002e+02
4.708201847960497162e+02
4.755312769678805012e+02
4.762972325321910034e+02
4.807920049207285160e+02
4.851776587012263917e+02
4.817433195584752639e+02
4.858970596693937409e+02
4.822192117013935331e+02
4.861369389027302077e+02
4.860769653950047200e+02
4.820407337990017140e+02
4.778893730020074031e+02
4.813270423623277452e+02
4.807920049207285160e+02
4.801383392461602853e+02
6.120467738477912008e+02
6.175110056566176127e+02
6.115151163735279169e+02
6.128706721897113994e+02
6.103233848572934903e+02
6.076255093621268770e+02
6.047777113646209273e+02
6.054500879889792486e+02
5.986351952865293242e+02
5.953419927798736353e+02
5.919018985447929708e+02
5.919030526009491950e+02
5.845844660903751446e+02
5.855491497218580434e+02
5.857151684490366961e+02
5.964718614171125637e+02
5.963244285250623307e+02
5.959889863029338812e+02
5.991205801620161537e+02
6.021043499827773076e+02
6.049395595646609536e+02
6.113305429557984780e+02
6.138820338319927714e+02
6.088119729444524637e+02
6.147813579788603420e+02
6.206253780612011042e+02
6.225676013011777741e+02
6.205722382387807556e+02
6.221968952400031867e+02
4.830329777850291748e+02
4.834507303647559411e+02
4.837491987107937916e+02
4.800876083140320816e+02
4.724644933530560138e+02
4.800876083140320816e+02
4.760706400010986385e+02
4.834507303647559411e+02
4.868665728468151315e+02
4.824960440458115158e+02
4.818400616274689128e+02
4.810651923838473181e+02
4.839825134348961910e+02
4.753567335880006794e+02
4.742354384451243732e+02
4.692131557415171983e+02
5.169197659288566911e+02
5.115457661595354466e+02
5.098186871044208033e+02
4.631453045712399899e+02
4.613416496676794054e+02
4.594241656152667019e+02
4.647706372265078016e+02
4.589209984624827143e+02
4.566467836600733108e+02
4.542598980967483158e+02
4.517609307008047494e+02
4.500006781986501210e+02
4.400490579727903082e+02
4.541981621642062805e+02
4.496436333622651205e+02
4.557479357946510845e+02
4.646462904386721107e+02
4.628825098290155324e+02
4.646921888580537825e+02
4.663872120428297876e+02
4.679671611617359304e+02
4.656761932148805272e+02
4.670140639247056811e+02
4.720128083692933387e+02
4.731288482652892640e+02
4.779211759031352358e+02
4.788105528559927961e+02
4.795817904695292668e+02
4.764233119567496715e+02
4.807691157093410652e+02
4.811849103808798986e+02
4.853032654304772677e+02
4.854829513009125321e+02
4.855428515175516964e+02
4.816602508969683640e+02
4.776606943213358818e+02
4.773659825207141694e+02
4.769534878068859598e+02
4.764233119567496715e+02
4.833879951557952950e+02
4.788105528559927961e+02
4.741281506975548155e+02
4.731288482652892640e+02
4.720128083692933387e+02
6.102291781549035932e+02
6.081689245038501213e+02
6.059586142709021033e+02
6.035987928170362693e+02
6.010900423928853797e+02
6.021043499827773076e+02
5.956282672135071152e+02
5.963126427693922551e+02
5.895786788454613543e+02
5.899324469712918244e+02
5.900999744653074686e+02
5.829700590714381860e+02
5.792726680202690659e+02
5.764020421812761015e+02
5.765440306125238976e+02
5.836170525944983183e+02
5.905883190046691880e+02
5.866569808558127761e+02
5.969756081437325292e+02
5.999486954692057452e+02
5.991205801620161537e+02
6.054500879889792486e+02
6.079770357969945280e+02
6.066548593726081435e+02
6.051551012638897191e+02
6.072051451852389619e+02
6.128422130855359455e+02
6.146028864001222018e+02
6.124545259194228493e+02
6.176689038282477213e+02
4.783866310482543440e+02
4.826003681190670136e+02
4.790959625670544710e+02
4.754695934064688458e+02
4.793324842127573788e+02
4.792733501537206280e+02
5.271573479086918042e+02
4.906497188306241810e+02
4.933818683018319575e+02
4.847032751141444464e+02
4.796900576781442282e+02
4.745790308650186944e+02
4.730984873529162087e+02
4.752138218513980519e+02
4.483887111396754790e+02
4.456720727434233140e+02
4.463601180306222886e+02
4.405307251108002333e+02
4.521979881142775071e+02
4.511190631186739779e+02
4.534894453241252563e+02
4.579570777126994017e+02
4.595084686229684507e+02
4.646637930386872313e+02
4.622707651184722977e+02
4.672187390608668807e+02
4.645768561794300240e+02
4.693125965955953802e+02
4.664244659723822224e+02
4.671757528642141892e+02
6.924490464012727671e+02
6.963188240970733887e+02
6.924490464012727671e+02
6.921927586999203186e+02
4.758861116442093930e+02
4.753571222767782842e+02
4.709432992582804332e+02
4.693125965955953802e+02
4.683234437292641132e+02
4.746942388858407185e+02
4.697267452010283364e+02
6.034838839544711391e+02
6.011336999932586878e+02
5.913347660757179938e+02
5.923549071181598720e+02
5.895786788454613543e+02
5.866569808558127761e+02
5.835905340344750130e+02
5.839407090609568058e+02
5.841065350367018709e+02
5.735304440232123397e+02
5.768854733593811943e+02
5.702348781405100908e+02
5.703753473787583061e+02
5.738521269746314601e+02
5.771873171449072970e+02
5.839407090609568058e+02
5.905883190046691880e+02
5.899324469712918244e+02
5.927103410794558158e+02
5.917118586775573021e+02
5.978267527518665929e+02
5.965044712844446622e+02
6.023531815958097013e+02
6.043937336391730923e+02
6.062851605724986257e+02
6.043195140333065183e+02
6.096188092933971348e+02
6.147861854344514541e+02
6.160846844219480545e+02
4.713401690318896726e+02
4.758461942530412330e+02
4.727420951634973108e+02
4.695120778402310293e+02
4.736774819220235031e+02
4.702082505458512856e+02
4.741454061936680091e+02
6.811136390559834126e+02
6.808615467903925946e+02
4.802459379438702740e+02
4.758461942530412330e+02
4.750809640242062528e+02
4.816662078207957620e+02
4.694730870590357199e+02
4.683656705546832200e+02
4.597277284670553286e+02
4.584107311645722120e+02
4.606659555176624394e+02
4.554377714504902315e+02
4.537825425722155614e+02
4.520153496416551206e+02
4.501366286872215596e+02
4.688975248389792227e+02
4.728777038238376349e+02
4.619635812649892728e+02
4.630558604956527233e+02
4.677461587225652693e+02
4.693714185430402495e+02
4.700104260120265280e+02
4.780022506070464487e+02
4.709404077787419283e+02
4.749710824000633238e+02
4.714056282203041519e+02
4.656462485546034031e+02
4.648974213292497097e+02
4.640338876215924984e+02
4.667603073796179274e+02
4.520863746651810402e+02
4.543400339920938222e+02
4.491544306948676422e+02
4.511604283460818010e+02
5.943723007047066176e+02
5.882927406268369168e+02
5.856922494637911996e+02
5.829472475020914999e+02
5.800584120298975677e+02
5.770264558241357236e+02
5.808932573669582098e+02
5.740364308387906931e+02
5.705585346069686921e+02
5.669398615941829576e+02
5.600689552598209957e+02
5.671017097942230976e+02
5.705585346069686921e+02
5.703753473787583061e+02
5.735304440232123397e+02
5.765440306125237839e+02
5.829700590714381860e+02
5.857151684490366961e+02
5.919030526009491950e+02
5.907711961861315331e+02
5.930808670464385841e+02
5.952442040772615428e+02
6.009025068826045981e+02
5.991297778036708905e+02
6.045147817420331648e+02
6.024240827732027128e+02
6.001664677564929207e+02
4.628250524663277474e+02
4.671627888208543595e+02
4.639708921902932843e+02
4.643721588657476786e+02
4.683761194488280921e+02
6.768772817266470838e+02
6.730751299294978480e+02
6.765432836483072379e+02
6.686959087666766663e+02
6.606945504789777033e+02
4.702302533057890059e+02
4.694740543308088832e+02
4.722917993401587182e+02
4.676143644483104254e+02
4.665113323914435455e+02
4.652931956438679322e+02
4.603070244101373873e+02
4.588710052558071766e+02
4.573217665471643159e+02
4.556596905356784077e+02
4.538851873137351163e+02
4.519986947134520960e+02
