-3.577960312803930378e+02
-3.928143028750824897e+02
-3.952087414837629922e+02
-3.975056682491176616e+02
-3.997045164388368335e+02
-4.018047435200317636e+02
-4.038058312930966167e+02
-4.071772399544197469e+02
-4.075086385439389574e+02
-4.077268014949066810e+02
-4.093208445329871665e+02
-4.108138937774784836e+02
-4.122055808408204030e+02
-4.134955623450543385e+02
-4.146835200065465301e+02
-4.172810485716636322e+02
-4.197831418150352647e+02
-4.206697719923703858e+02
-4.214526081980833396e+02
-4.206075170000683556e+02
-4.211801367512007914e+02
-4.216488366058436554e+02
-4.235425353429416759e+02
-4.222740397161699661e+02
-4.239609335989800343e+02
-4.224825093310591342e+02
-4.208998438257021917e+02
-4.192140829066325409e+02
-4.204844664957001896e+02
-4.201211234297355190e+02
-4.181281067747428892e+02
-4.190835767210825225e+02
-4.199311186378014327e+02
-4.191511085555748650e+02
-4.197831418150352647e+02
-4.187929364288073089e+02
-4.161914600792975989e+02
-3.774086769040314380e+02
-3.747323462189276597e+02
-3.719733074566987057e+02
-3.706214192316865592e+02
-3.706607286317333774e+02
-3.705966241830749368e+02
-3.574804900482834000e+02
-3.577497756875742994e+02
-3.593381954269661946e+02
-3.608379538435293057e+02
-3.636804938622774444e+02
-3.635700285035348998e+02
-3.619178629753257042e+02
-3.630504710014900525e+02
-3.626429300362306094e+02
-3.635923285734568822e+02
-3.659098242087330277e+02
-3.681435548783512672e+02
-3.702922492983287839e+02
-3.708886925240606161e+02
-4.095605582592261840e+02
-4.114859201264112016e+02
-4.103709314562180452e+02
-4.076807392275597977e+02
-4.048870518793907536e+02
-4.049370079531457236e+02
-4.063593684316794565e+02
-4.047371959840395448e+02
-4.030166136881854868e+02
-4.026683646951309470e+02
-4.036887222985204744e+02
-4.031398831783267838e+02
-4.039551810527223665e+02
-4.032048458191466693e+02
-4.023550258231487078e+02
-4.014059307450964411e+02
-4.018083664801434907e+02
-4.021037089179849318e+02
-4.008492665623128914e+02
-3.994959206481530032e+02
-3.951803791574353113e+02
-3.936414041929410814e+02
-3.920053041021449189e+02
-3.888584518343199079e+02
-3.898507706432067721e+02
-3.851179801029016403e+02
-3.858911924680637071e+02
-3.823828886697826306e+02
-3.801733466135198682e+02
-3.778700024726360880e+02
-3.754734245628324061e+02
-3.605312634615092975e+02
-3.628324683012698983e+02
-3.650441496586558401e+02
-3.684960725656704312e+02
-3.705344508500571692e+02
-3.711367070890319724e+02
-3.729850603966240215e+02
-3.760991438637658462e+02
-3.764052482172650684e+02
-3.779762388501467854e+02
-3.808288027247049286e+02
-3.808380755645143836e+02
-3.821282155306136019e+02
-3.833240710774378499e+02
-3.858181926061971012e+02
-3.868282639390617419e+02
-3.877428911860348535e+02
-3.899645990327622940e+02
-3.906902951188473594e+02
-3.899119697809935587e+02
-3.890332594775746315e+02
-3.908772948459266559e+02
-3.898030165253699124e+02
-3.914568712120345140e+02
-3.887743601114831336e+02
-3.888223281571828807e+02
-3.887743601114831336e+02
-3.886304678097815781e+02
-3.869783569853310041e+02
-3.866439667429021938e+02
-3.890332594775746315e+02
-3.899119697809935587e+02
-3.906902951188473594e+02
-3.913673493889951942e+02
-3.905424788480278835e+02
-3.533124576771935494e+02
-3.537827470107367276e+02
-3.541581091476328425e+02
-3.502841975697291446e+02
-3.491015692674715183e+02
-3.478328053767160668e+02
-3.437392606934305945e+02
-3.409467828054937399e+02
-3.421551778110793975e+02
-3.405515768838740769e+02
-3.388639499508553286e+02
-3.370927134087162926e+02
-3.352383042835701872e+02
-3.289107787103239389e+02
-3.291913405418240472e+02
-3.306529599721885120e+02
-3.320329957323463645e+02
-3.306960788027668627e+02
-3.305800142716504979e+02
-3.316998983267658332e+02
-3.327379403953011661e+02
-3.350286598933321898e+02
-3.359057643210948640e+02
-3.407242916854796135e+02
-3.400996730148612528e+02
-3.420793431256049075e+02
-3.412814044373433262e+02
-3.782169487994697761e+02
-3.772855601440975306e+02
-3.776118567393457397e+02
-3.819078325416288067e+02
-3.793396667073477033e+02
-3.712567605888394269e+02
-3.712109595636188715e+02
-3.710735677886747794e+02
-3.708446191633718172e+02
-3.705241701773574619e+02
-3.728138495309058840e+02
-3.723069866589200387e+02
-3.717082626089250539e+02
-3.710178251071214390e+02
-3.702358445086314305e+02
-3.707007837328417850e+02
-3.683980483289230392e+02
-3.686736379579936056e+02
-3.675234873460565268e+02
-3.662826558129887076e+02
-3.649514495154040787e+02
-3.635301969085372775e+02
-3.607123199696602001e+02
-3.591178260456261455e+02
-3.574347251716108076e+02
-3.556634326275698186e+02
-3.538043854534342927e+02
-3.518580423412767573e+02
-3.510923649841731162e+02
-3.489652128600201308e+02
-3.455001466656721618e+02
-3.327778682616522019e+02
-3.324925618865386241e+02
-3.357313297914909640e+02
-3.376825778192319945e+02
-3.395505077237489218e+02
-3.413346586212883835e+02
-3.430345902993132086e+02
-3.446498833251183100e+02
-3.449303913545570595e+02
-3.476249802041910471e+02
-3.502439202134160610e+02
-3.489925474454607865e+02
-3.514435557203302096e+02
-3.512706650042345586e+02
-3.535562290846381188e+02
-3.532021208260705976e+02
-3.566027287648508945e+02
-3.560704617276849149e+02
-3.605966184585045085e+02
-3.585976056883238812e+02
-3.590858044565972591e+02
-3.568991782464153744e+02
-3.572078436155968006e+02
-3.587234036324048247e+02
-3.588562226996122604e+02
-3.589004993635495566e+02
-3.575607128703718445e+02
-3.587234036324048247e+02
-3.559136122981489621e+02
-3.530198393524325979e+02
-3.603774800121964859e+02
-3.611774445781679219e+02
-3.605966184585045085e+02
-3.599268205189595164e+02
-3.604509596508025311e+02
-3.583209921423904234e+02
-3.241995746841085975e+02
-3.219981095872150263e+02
-3.209935725532258175e+02
-3.199098351583390354e+02
-3.174872945819454912e+02
-3.175058483453441340e+02
-3.161861920750106378e+02
-3.147885215929781566e+02
-3.133131817535243044e+02
-3.117605365746785537e+02
-3.101309691484061091e+02
-3.084248815460855440e+02
-2.977191349549700021e+02
-2.991210450128504590e+02
-3.004491514287182667e+02
-3.028826608636720721e+02
-3.051937629088561152e+02
-3.437496123693211416e+02
-3.448253635542990310e+02
-3.458160342405525967e+02
-3.455005300653541553e+02
-3.475411774368643592e+02
-3.090329455000018015e+02
-3.083794302887338290e+02
-3.457936162016035837e+02
-3.462643834761992707e+02
-3.478833440751364492e+02
-3.457148204969927860e+02
-3.471637127719006344e+02
-3.460563363210538910e+02
-3.436268977449415161e+02
-3.423485898604711224e+02
-3.409864225090553305e+02
-3.407760373470357536e+02
-3.417151996766411344e+02
-3.413353531064313415e+02
-3.396407048812903895e+02
-3.390945129868149479e+02
-3.396909758075416903e+02
-3.083816081482036111e+02
-3.076541822490079312e+02
-3.068508472838706211e+02
-3.059718014636738417e+02
-3.050172616798201943e+02
-3.039874634507183373e+02
-3.329305438858617094e+02
-3.304367576085870724e+02
-3.302556148641069740e+02
-3.287957518593634063e+02
-3.272547634227249773e+02
-3.268086002746150029e+02
-3.239309510397910685e+02
-3.209859546053161807e+02
-3.202874579168385480e+02
-3.194962094419732352e+02
-3.174698576469002660e+02
-3.020835160951775720e+02
-3.040116596979703445e+02
-3.069650260410040232e+02
-3.076424586866302775e+02
-3.104569672136044574e+02
-2.796489673657289927e+02
-2.810416889260653193e+02
-3.139899552323336138e+02
-3.142496049476472422e+02
-3.155611785457777501e+02
-3.167948921449453223e+02
-3.179504413447799038e+02
-3.178758170559667633e+02
-3.177152689433902992e+02
-3.186280533171180878e+02
-2.927435625039229876e+02
-2.957645883554941975e+02
-2.940555032777972997e+02
-2.957717778415757266e+02
-2.950772467716876122e+02
-2.978240393932600796e+02
-2.981554654786626202e+02
-3.242601496904007377e+02
-3.244603384262643431e+02
-3.257564876294538863e+02
-3.257966803573928587e+02
-3.245804714286255717e+02
-3.244603384262643431e+02
-3.242601496904007377e+02
-3.239799546146097668e+02
-3.271374290973210464e+02
-3.290345489795404887e+02
-3.296744717443650075e+02
-3.290621108108684325e+02
-3.260397036989700155e+02
-3.275939866115328414e+02
-3.290558805165874219e+02
-3.269578949490161790e+02
-3.270896088546904252e+02
-3.259852900430234968e+02
-3.236568753683015416e+02
-3.235356487617360131e+02
-3.210564555963327393e+02
-3.185077963148132199e+02
-2.844141891931781174e+02
-2.841233508435806243e+02
-2.804127445800298233e+02
-2.799767699558181562e+02
-3.081769876726844473e+02
-3.082120135951622046e+02
-3.103489008734215417e+02
-3.113201258169786456e+02
-3.133138841397673673e+02
-3.141341393237448187e+02
-3.148768866093340648e+02
-3.166491074461065409e+02
-3.172383686726536212e+02
-3.144163208750478020e+02
-3.148443707508455986e+02
-3.151947374892779976e+02
-3.154673346425950058e+02
-3.156620949515280472e+02
-3.146631436114897156e+02
-3.135860031880936276e+02
-2.811883410996290991e+02
-2.821996820591398887e+02
-2.809108421552436425e+02
-2.817818677907679330e+02
-2.814686424026994018e+02
-2.821969805733644421e+02
-2.828523916486946064e+02
-2.812198366829057932e+02
-2.795222888146018363e+02
-2.810673878159822152e+02
-2.803334752829497916e+02
-2.784341970334950247e+02
-2.764727884541396179e+02
-2.766284503645625250e+02
-2.745379502858773435e+02
-2.723878961135637269e+02
-2.712557645419958021e+02
-2.700567046694142732e+02
-2.687910123459007536e+02
-2.918699403257012364e+02
-2.681725910774870272e+02
-2.645973453126325126e+02
-2.630684093174116356e+02
-2.614745651285688837e+02
-2.866226399560308664e+02
-2.710910439693017224e+02
-2.728213683145703499e+02
-2.734970241915731322e+02
-2.760796629113810923e+02
-2.796040006607776149e+02
-2.539696818479754370e+02
-2.542256820940376087e+02
-2.554227886916805801e+02
-2.585930392011885601e+02
-2.576276568150909725e+02
-2.596612031890007870e+02
-2.595782775449888504e+02
-2.604576337115054798e+02
-2.633463189165501035e+02
-2.641029032808621650e+02
-2.647943242056462054e+02
-2.654204110931350442e+02
-2.670281787943629297e+02
-2.654268629688038459e+02
-2.669052035818025956e+02
-2.662163328244940885e+02
-2.665125850586588854e+02
-2.667430793003738927e+02
-2.669077586786339111e+02
-2.670065825612664980e+02
-2.680950187648188034e+02
-2.659512205748583256e+02
-2.669077586786339111e+02
-2.656887588288309416e+02
-2.654591756315495559e+02
-2.662163328244940885e+02
-2.637527799174506526e+02
-2.633286268979042006e+02
-2.628395014799415321e+02
-2.643754488447369226e+02
-2.971117417268077929e+02
-2.973757099934117036e+02
-2.954870113827432192e+02
-2.955987430217879819e+02
-2.946007435629636007e+02
-2.925037269125107855e+02
-2.903422799027215433e+02
-2.901536069777116040e+02
-2.888710110203530235e+02
-2.875171404634949113e+02
-2.850884966198617008e+02
-2.825997578107145500e+02
-2.707455648451639831e+02
-2.708367936805406657e+02
-2.737663099731688021e+02
-2.756678212401056953e+02
-2.755533734572337039e+02
-2.783049220611177361e+02
-2.790335238454715636e+02
-2.806781137699969690e+02
-2.822578537344178358e+02
-2.837718674614660586e+02
-2.832386043833187159e+02
-2.518900313865999578e+02
-2.491919510982573627e+02
-2.494074655355858852e+02
-2.495614424127574580e+02
-2.486592069106391705e+02
-2.486898871648547811e+02
-2.496538437382817222e+02
-2.505557111076290084e+02
-2.494074655355858852e+02
-2.511775443341000766e+02
-2.499066453126897045e+02
-2.485765374133321757e+02
-2.481767900098535904e+02
-2.467288931244911225e+02
-2.462088717280675212e+02
-2.466106143845540544e+02
-2.459666740751427483e+02
-2.452620451693817927e+02
-2.435228102827789201e+02
-2.436714319264729056e+02
-2.447203885756314037e+02
-2.447308664436713457e+02
-2.427541836670169459e+02
-2.426363735894994420e+02
-2.414991939152035627e+02
-2.403024279284390730e+02
-2.381052434687651385e+02
-2.358594325249426049e+02
-2.354270961218300329e+02
-2.552735143379492229e+02
-2.536544843503423579e+02
-2.381056345632376861e+02
-2.404936271385555244e+02
-2.410860796468801084e+02
-2.416086787988975288e+02
-2.818163912993877034e+02
-2.841852601523864337e+02
-2.864930753739191687e+02
-2.268662221677190018e+02
-2.269728291718878097e+02
-2.279201384621713089e+02
-2.297191928682106550e+02
-2.305571225068743217e+02
-2.313381656254596521e+02
-2.320621295132642103e+02
-2.318089587227033519e+02
-2.314935491026532191e+02
-2.320408987336024893e+02
-2.325309957448917828e+02
-2.338918615200361728e+02
-2.324093250678660070e+02
-2.336566326264194799e+02
-2.339166516068801513e+02
-2.341189551537268301e+02
-2.342634933515864475e+02
-2.343502305378214601e+02
-2.353129267667526392e+02
-2.352838967949442406e+02
-2.342634933515864475e+02
-2.341189551537268301e+02
-2.339166516068801513e+02
-2.336566326264194799e+02
-2.333389623681374587e+02
-2.320355769047978072e+02
-2.325309957448917828e+02
-2.329653644656089000e+02
-2.324158341588390897e+02
-2.640046474341899057e+02
-2.614138613094082757e+02
-2.596839487653380729e+02
-2.588072047112739256e+02
-2.578666038520625534e+02
-2.568623782668914828e+02
-2.548940899033501921e+02
-2.528706507956393921e+02
-2.516855054686766380e+02
-2.246839713079805563e+02
-2.243929886835249761e+02
-2.227425735867913943e+02
-2.107860160353832839e+02
-2.118357829339177556e+02
-2.128332825227801095e+02
-2.146199154109746416e+02
-2.155156677373233833e+02
-2.155097810923999191e+02
-2.401395204427009560e+02
-2.409530252171481663e+02
-2.417070784380805719e+02
-2.441206535864479861e+02
-2.447597610175470493e+02
-2.444746097610196784e+02
-2.458566606642416161e+02
-2.471814856948409442e+02
-2.484483303812518784e+02
-2.192105448136227892e+02
-2.194544878240478454e+02
-2.205158880238599011e+02
-2.206520280857931482e+02
-2.198612602430585810e+02
-2.198883873277148382e+02
-2.207337255614834248e+02
-2.197798856822919902e+02
-2.196442837233703358e+02
-2.203253389662067718e+02
-2.200804279279625746e+02
-2.189125148813828048e+02
-2.176931681031756796e+02
-2.181545017161580517e+02
-2.168308376325651921e+02
-2.163193662514236166e+02
-2.157545213035156166e+02
-2.151364421558802462e+02
-2.144652813102985363e+02
-2.137412043656664196e+02
-2.138128536822235617e+02
-2.121350298120320303e+02
-2.112533285025671717e+02
-2.111574299044904990e+02
-2.101677846430995089e+02
-2.091262836256558728e+02
-2.080331838269513582e+02
-2.068887549530049341e+02
-2.628303014229935570e+02
-2.604266020252396174e+02
-2.571625848253483468e+02
-2.383105122374341818e+02
-2.383232295982324445e+02
-2.359820292219122848e+02
-2.365903463225870382e+02
-2.425035711415943922e+02
-2.460921399837891386e+02
-2.488683216228150457e+02
-1.970721835775605939e+02
-1.971647900259576431e+02
-1.979876904497213275e+02
-1.995504774383938411e+02
-1.986951347292306309e+02
-1.993682410986598654e+02
-2.007889378371628766e+02
-2.005667265049287380e+02
-2.010918098334277033e+02
-2.015672767668515917e+02
-2.019930099908491741e+02
-2.023689044621177970e+02
-2.026948674343213099e+02
-2.029708184809738327e+02
-2.031966895152837083e+02
-2.041826735113631912e+02
-2.034979809959281170e+02
-2.043843762150626731e+02
-2.044095937193645796e+02
-2.035733271030981371e+02
-2.043087299241987580e+02
-2.049929222157733761e+02
-2.040062380790895986e+02
-2.045881158393879673e+02
-2.043099659796147023e+02
-2.039814056928916557e+02
-2.036025160465531769e+02
-2.023703336464008089e+02
-2.018929724224055064e+02
-2.269360570812739581e+02
-2.254891643171312978e+02
-2.247857060992858180e+02
-2.240267853720010862e+02
-2.224238523226366055e+02
-2.215576535984976658e+02
-2.206367888385716469e+02
-2.196614852524588457e+02
-2.194072742032917347e+02
-2.183199862552110346e+02
-1.941563401861499472e+02
-1.938514450514100247e+02
-1.842596794475686011e+02
-1.843548378053157819e+02
-2.061776225163112031e+02
-2.077125075004156258e+02
-2.084701649872917812e+02
-2.091763855803633305e+02
-2.090947459248970404e+02
-2.096954674997321604e+02
-2.102444498557023564e+02
-2.099995098018102624e+02
-2.104430528698115950e+02
-1.877397081639150258e+02
-1.880421073563027221e+02
-1.882981099724347303e+02
-1.892556990889544295e+02
-1.886706842799179640e+02
-1.887871640441337888e+02
-1.888570634005046713e+02
-1.903794156190961928e+02
-1.888570634005046713e+02
-1.880380086312602259e+02
-1.886706842799179640e+02
-1.877596066060378064e+02
-1.882981099724347303e+02
-1.887883061950182082e+02
-1.877397081639150258e+02
-1.873909870077474125e+02
-1.862539821917116001e+02
-1.858146370203566562e+02
-1.845910805455388584e+02
-1.847985254477083004e+02
-1.842220097567410733e+02
-1.836000400414394278e+02
-1.836615855793149024e+02
-1.829463411060226292e+02
-1.829089175088034835e+02
-1.821003863290424079e+02
-1.812469246037811956e+02
-1.796359020308551351e+02
-1.779878331204020583e+02
-1.777139031579107495e+02
-1.766870100760157811e+02
-1.749196311574225433e+02
-1.745027034113760749e+02
-1.963284361139566272e+02
-1.617739022958748194e+02
-1.627600111893112000e+02
-2.096471601631427006e+02
-2.016979096181203204e+02
-2.027577210402542391e+02
-1.643286330876212844e+02
-1.651024293824349343e+02
-1.664988310797722875e+02
-1.678598524901409519e+02
-1.685161150371554868e+02
-1.698019527176562349e+02
-1.703771795649141438e+02
-1.702348333395879934e+02
-1.700464359631362754e+02
-1.704916172260049905e+02
-1.708947322334440173e+02
-1.719379750747411038e+02
-1.722579392865455077e+02
-1.718507371379953668e+02
-1.720846966426512950e+02
-1.722761968233692471e+02
-1.731121433802668150e+02
-1.732190177562239626e+02
-1.732831529314815953e+02
-1.739922494827624746e+02
-1.732831529314815953e+02
-1.725316407016357800e+02
-1.724251904303451113e+02
-1.722761968233692471e+02
-1.720846966426512950e+02
-1.725354014293818068e+02
-1.708908127842713327e+02
-1.712556815228572304e+02
-1.715755877403501586e+02
-1.704916172260049905e+02
-1.714013876441174489e+02
-1.709103683925228552e+02
-1.912534347685202079e+02
-1.906077255802939874e+02
-1.905837015301163149e+02
-1.905076103657949034e+02
-1.897157995570313744e+02
-1.888771792135055989e+02
-1.879919562522387366e+02
-1.870603490887506837e+02
-1.854319491650461202e+02
-1.660656883693139321e+02
-1.654980391306611693e+02
-1.752617350311792848e+02
-1.752427208358194548e+02
-1.764057905099516006e+02
-1.762961777069800462e+02
-1.779937887599697319e+02
-1.573518024124153101e+02
-1.570633437493829376e+02
-1.567336683402078563e+02
-1.576090857872490858e+02
-1.571998476302101722e+02
-1.579992866858187881e+02
-1.581359328624642444e+02
-1.582335613639146175e+02
-1.576664874373640828e+02
-1.576859407605527110e+02
-1.570408267729301031e+02
-1.569827031713144834e+02
-1.568858464366740009e+02
-1.573747835763886656e+02
-1.571998476302101722e+02
-1.576090857872490858e+02
-1.573556273415578630e+02
-1.558217362889134847e+02
-1.554933165571505640e+02
-1.551265311762236081e+02
-1.547214706449369999e+02
-1.548928892282501977e+02
-1.544096701070857023e+02
-1.538883527103037636e+02
-1.527206169918968897e+02
-1.527319469673981871e+02
-1.520971439470880000e+02
-1.514248132323872653e+02
-1.507151207108395568e+02
-1.499682414884552202e+02
-1.485923584185442508e+02
-1.471861797579953191e+02
-1.463356865379475096e+02
-1.454490871769143894e+02
-1.451047068317418223e+02
-1.312171704071002978e+02
-1.320547055065570419e+02
-1.333868789488173547e+02
-1.331015444898385454e+02
-1.338378109472187134e+02
-1.340050347882527717e+02
-1.341337236093711738e+02
-1.353065633337630231e+02
-1.364509578493791082e+02
-1.375663571221184043e+02
-1.381041846405464355e+02
-1.380579055218088911e+02
-1.390774899608528870e+02
-1.395127276142073924e+02
-1.399135425895968297e+02
-1.397231699760826018e+02
-1.394955530196145901e+02
-1.409085051077055368e+02
-1.406105244139774868e+02
-1.408370109119051108e+02
-1.415906155066313659e+02
-1.406231955421786779e+02
-1.418707724637364151e+02
-1.413950325079682955e+02
-1.425744554938947601e+02
-1.414648368653329555e+02
-1.414473846994766006e+02
-1.413950325079682955e+02
-1.413077932079279435e+02
-1.406231955421786779e+02
-1.404668804629279464e+02
-1.413981145410362217e+02
-1.411707257064634575e+02
-1.409085051077055368e+02
-1.406115174437715325e+02
-1.408365020077645227e+02
-1.404687550601904604e+02
-1.400663495491843946e+02
-1.407331743651487557e+02
-1.578590393815105699e+02
-1.578333538749102161e+02
-1.572186938538496008e+02
-1.565652424725943490e+02
-1.547907084538249194e+02
-1.529878614661101039e+02
-1.522297195194551307e+02
-1.519672355376785902e+02
-1.521918058509309333e+02
-1.380011087956027609e+02
-1.376880794400824755e+02
-1.382994186445340858e+02
-1.383910518986130285e+02
-1.384446225669043429e+02
-1.384603575205558457e+02
-1.379475772283111326e+02
-1.354245611650987371e+02
-1.353197632384184033e+02
-1.421111191556719859e+02
-1.265645236533116389e+02
-1.268318424540759679e+02
-1.260712566708694169e+02
-1.262743242401834607e+02
-1.269460230016068323e+02
-1.270872917304393184e+02
-1.266964271796707919e+02
-1.272757314062425706e+02
-1.263203136864284915e+02
-1.258345664985614718e+02
-1.258190426003712332e+02
-1.262735602928075878e+02
-1.256948743956417758e+02
-1.260866043939791723e+02
-1.254466605252098930e+02
-1.252761082382847775e+02
-1.250746459461985154e+02
-1.248423233567571202e+02
-1.250755292573903290e+02
-1.242853341744726947e+02
-1.244546727594213138e+02
-1.240981433221995758e+02
-1.237109945250334704e+02
-1.228040626772421007e+02
-1.233327095402352143e+02
-1.228524074749091000e+02
-1.213746646146085766e+02
-1.218009933508421909e+02
-1.207509701961524229e+02
-1.201525803975914073e+02
-1.195245447476989540e+02
-1.183953236881881423e+02
-1.172422252023339979e+02
-1.160657658945565487e+02
-1.162559804704514050e+02
-1.013812840312429984e+02
-1.081500850764562500e+02
-1.092199258897361318e+02
-1.102676924040051745e+02
-1.092165623886468069e+02
-1.039460774978009425e+02
-1.044637548724298597e+02
-1.062201833711828129e+02
-1.071151843480902102e+02
-1.075622475918872567e+02
-1.079827714605794853e+02
-1.079482859819804759e+02
-1.083139752524422761e+02
-1.086529396702473349e+02
-1.093974967740174264e+02
-1.088168328263765687e+02
-1.095086805557101428e+02
-1.101754515513068640e+02
-1.095079071810643541e+02
-1.101212847848399008e+02
-1.098336209792541638e+02
-1.103939176984822979e+02
-1.100509422539112023e+02
-1.105576051433755111e+02
-1.101596565351749035e+02
-1.106121855797736231e+02
-1.101596565351749035e+02
-1.101188844880446425e+02
-1.100509422539112023e+02
-1.103939176984822979e+02
-1.102712051265818616e+02
-1.105582740101765609e+02
-1.099441936638574333e+02
-1.097399754582186944e+02
-1.103777970680570348e+02
-1.101174324219109479e+02
-1.093974967740174264e+02
-1.090841021292562516e+02
-1.087437926145551330e+02
-1.096617508388373210e+02
-1.173725776745428959e+02
-1.181909281839709962e+02
-1.189698292561792528e+02
-1.188654432963236331e+02
-1.183083488916675634e+02
-1.185569719252026601e+02
-1.183525485960621353e+02
-1.181144570320055465e+02
-9.138723760035725263e+01
-9.181756495426827769e+01
-9.186214621092287302e+01
-1.028191487356541103e+02
-1.035871614234807652e+02
-1.035976410972027537e+02
-1.039485919756698848e+02
-1.035343639236003526e+02
-1.030901585560655178e+02
-1.052190420817164380e+02
-9.391481222571641752e+01
-9.411317108848078306e+01
-9.428830893452466455e+01
-9.481494518037665387e+01
-9.494402730116247824e+01
-9.467399295565300577e+01
-9.550790278479045980e+01
-9.481437155918328585e+01
-9.447309022308287751e+01
-9.448474657178836367e+01
-9.484947703672065700e+01
-9.443812405299604507e+01
-9.437985668890711111e+01
-9.467399295565300577e+01
-9.456875446598002100e+01
-9.406541992203375457e+01
-9.391414897843527854e+01
-9.373970612384395906e+01
-9.354213439942388675e+01
-9.369328128831287472e+01
-9.344863293571408747e+01
-9.281116194579888656e+01
-9.289023112719436881e+01
-9.294398297018544497e+01
-9.224015787532563593e+01
-9.224554833376060969e+01
-9.149905472392316597e+01
-9.109459200187247063e+01
-9.066765305232294736e+01
-9.057635251454844649e+01
-8.974677335359848485e+01
-8.925305981770979713e+01
-8.838519218505220465e+01
-8.784969563755940669e+01
-8.729252349219125051e+01
-7.306664670375808157e+01
-7.353301769030004209e+01
-7.398124550502505770e+01
-7.441121955442687863e+01
-7.452591774190275942e+01
-7.521598652862891754e+01
-7.559058088922024865e+01
-7.564514930821781036e+01
-7.628372925242163660e+01
-7.660211223104488454e+01
-7.720675984336656938e+01
-7.748838120712898103e+01
-7.775088347231205432e+01
-7.768592439266112137e+01
-7.821827636624827562e+01
-7.780310660028635539e+01
-7.829777182108350075e+01
-7.846314570202238770e+01
-7.829721886481335957e+01
-7.873577861566479896e+01
-7.884297038027635551e+01
-7.893070882169928382e+01
-7.899897229178600355e+01
-7.873406242394533194e+01
-7.907701175530516480e+01
-7.908676849366770512e+01
-7.876321408960950521e+01
-7.904774394754672073e+01
-7.899897229178600355e+01
-7.861749172320047307e+01
-7.853010145019590027e+01
-7.842333504972960156e+01
-7.860915997582856107e+01
-7.846314570202238770e+01
-7.829777182108350075e+01
-7.811307913654248125e+01
-7.821827636624827562e+01
-7.799420187040978192e+01
-7.775088347231205432e+01
-8.361394493891782531e+01
-7.659642972602770783e+01
-7.629813559520741251e+01
-7.598101604110250662e+01
-7.594652440506330038e+01
-8.458945956650836706e+01
-8.476722291321669900e+01
-8.432414597091786845e+01
-8.356498069009049345e+01
-8.337568937867904140e+01
-6.819715949743748240e+01
-6.831662867733884070e+01
-6.865686251615717595e+01
-6.873896694378683492e+01
-6.904417001973304480e+01
-6.981888019901388986e+01
-6.984762067305560151e+01
-7.010239865142708027e+01
-7.058582354795159119e+01
-7.080671916671600741e+01
-7.076272218149999560e+01
-7.069990900447609761e+01
-7.086707378834049109e+01
-7.051839000192876483e+01
-6.266097008402297774e+01
-6.301194780489969816e+01
-6.334812080063556294e+01
-6.316794971640933909e+01
-6.322258071504443677e+01
-6.326161248790787539e+01
-6.303390431161877672e+01
-6.304168160743062543e+01
-6.303390431161877672e+01
-6.326161248790787539e+01
-6.322258071504443677e+01
-6.291728324928072880e+01
-6.284734514213251799e+01
-6.276190039297549106e+01
-6.266097008402297774e+01
-6.254457911831845252e+01
-6.241275621359110204e+01
-6.226553389517017223e+01
-6.235037059348950805e+01
-6.217175341467747529e+01
-6.222373992206185989e+01
-6.176854706349518409e+01
-6.154405737625877748e+01
-6.130438261376828279e+01
-6.129184215786828815e+01
-6.077971813976940751e+01
-6.073491684121596279e+01
-6.019507142199087468e+01
-5.988043272945730422e+01
-5.978733300534898376e+01
-5.944186088663922618e+01
-5.908172237820335937e+01
-5.847496283551392082e+01
-4.404293388780931906e+01
-4.449924572673535295e+01
-4.459423350747558601e+01
-4.485341220918961369e+01
-4.492325710930614235e+01
-4.533850766982541813e+01
-4.556430473870091191e+01
-4.577885949717546765e+01
-4.580037150111604660e+01
-4.599152705739889768e+01
-4.635455447547333563e+01
-4.633975064172553004e+01
-4.649673275081045176e+01
-4.664224248683466811e+01
-4.696186396311257738e+01
-4.708481003832640965e+01
-4.719613864120841384e+01
-4.710888229398855742e+01
-4.738383642852424771e+01
-4.727256973888175651e+01
-4.733692714103267463e+01
-4.720155087717073883e+01
-4.724237328589418894e+01
-4.745987217199147068e+01
-4.747744441815059702e+01
-4.729487651248123115e+01
-4.728904186093571838e+01
-4.764820499807080267e+01
-4.743058991253121803e+01
-4.738960486472919342e+01
-4.714908219206032669e+01
-4.727256973888175651e+01
-4.719654853750241585e+01
-4.710888229398855742e+01
-4.738268464374283440e+01
-4.689870406979547823e+01
-4.677624394744810132e+01
-4.664224248683466811e+01
-4.649673275081045176e+01
-4.615586274235359809e+01
-5.221758112849762767e+01
-5.219673308895271902e+01
-5.197978670364758358e+01
-5.175001508376357151e+01
-5.150747492200972744e+01
-5.107302247391400840e+01
-5.098433148119665503e+01
-5.070385727995348191e+01
-5.058713445314425172e+01
-5.028064379359467040e+01
-5.013582988019400233e+01
-3.389507665829736283e+01
-3.446546736561371915e+01
-3.450710532417298992e+01
-3.466031790729996231e+01
-3.468328284633141578e+01
-3.494105163626814914e+01
-3.506850351526244935e+01
-3.506427023860263859e+01
-3.529742007581027963e+01
-3.539882827562785650e+01
-3.313367526543848385e+01
-3.134617375093559488e+01
-3.141238046774514103e+01
-3.159572092212728478e+01
-3.177169872977535903e+01
-3.181495307375252324e+01
-3.147417222867378328e+01
-3.137588920801213277e+01
-3.164642184277393966e+01
-3.153251154677459311e+01
-3.141075907812829371e+01
-3.153251154677459311e+01
-3.164642184277393966e+01
-3.162689632167623088e+01
-3.172496244563532741e+01
-3.156444163222690946e+01
-3.139644244556541253e+01
-3.134595237728833084e+01
-3.116307586085827452e+01
-3.134617375093559488e+01
-3.114813667275303288e+01
-3.106680383630276765e+01
-3.110122328358108845e+01
-3.112722936970690668e+01
-3.089952057988159950e+01
-3.078722032286564669e+01
-3.066732377991409209e+01
-3.053986053370486431e+01
-3.052551624830687160e+01
-3.026236158931936160e+01
-3.011239435985530832e+01
-2.995499734766439204e+01
-2.990842450472364789e+01
-2.973560316847181539e+01
-2.955544501708154925e+01
-2.948407353153263344e+01
-1.474385567865214774e+01
-1.477954582443131848e+01
-1.486963601432960580e+01
-1.495605734404050047e+01
-1.509823034213472859e+01
-1.517756322664949131e+01
-1.513304772120195807e+01
-1.520430673453325454e+01
-1.527181431268472878e+01
-1.533555379917160977e+01
-1.539550946722936686e+01
-1.551298266069282228e+01
-1.556553496627386757e+01
-1.561424670901408618e+01
-1.559721217092885581e+01
-1.563804564428075139e+01
-1.567502066386701820e+01
-1.577046194834792203e+01
-1.567490996338654341e+01
-1.576270854305296254e+01
-1.572153248217887267e+01
-1.580173308917395048e+01
-1.581539926739728230e+01
-1.582516323250228041e+01
-1.583102257537665913e+01
-1.589580511956252273e+01
-1.583102257537665913e+01
-1.576236496570663626e+01
-1.581539926739728230e+01
-1.580173308917395048e+01
-1.572153248217887267e+01
-1.570015811232656056e+01
-1.561246012289496399e+01
-1.558346042326869707e+01
-1.561281820091516437e+01
-1.563804564428075139e+01
-1.553531847183786674e+01
-1.549081392870567520e+01
-1.544248725903059594e+01
-1.631009244167703898e+01
-1.631190884027873267e+01
-1.728292571017752977e+01
-1.721109232064469552e+01
-1.719534690215070327e+01
-1.711475635135935747e+01
-1.702994299053191085e+01
-1.700036959783674106e+01
-1.696596228355582525e+01
-1.698547354996544101e+01
0.000000000000000000e+00
0.000000000000000000e+00
0.000000000000000000e+00
0.000000000000000000e+00
0.000000000000000000e+00
0.000000000000000000e+00
0.000000000000000000e+00
0.000000000000000000e+00
0.000000000000000000e+00
0.000000000000000000e+00
0.000000000000000000e+00
0.000000000000000000e+00
0.000000000000000000e+00
0.000000000000000000e+00
0.000000000000000000e+00
0.000000000000000000e+00
0.000000000000000000e+00
0.000000000000000000e+00
0.000000000000000000e+00
0.000000000000000000e+00
0.000000000000000000e+00
0.000000000000000000e+00
0.000000000000000000e+00
0.000000000000000000e+00
0.000000000000000000e+00
0.000000000000000000e+00
0.000000000000000000e+00
0.000000000000000000e+00
0.000000000000000000e+00
0.000000000000000000e+00
0.000000000000000000e+00
0.000000000000000000e+00
0.000000000000000000e+00
0.000000000000000000e+00
0.000000000000000000e+00
0.000000000000000000e+00
0.000000000000000000e+00
0.000000000000000000e+00
0.000000000000000000e+00
0.000000000000000000e+00
0.000000000000000000e+00
0.000000000000000000e+00
0.000000000000000000e+00
0.000000000000000000e+00
0.000000000000000000e+00
0.000000000000000000e+00
1.468580900275194168e+01
1.472112864725965409e+01
1.486963601432960580e+01
1.489694249287828676e+01
1.497934663865335381e+01
1.499830066885441759e+01
1.507299594453052194e+01
1.526464128506711759e+01
1.527181431268472878e+01
1.533555379917160977e+01
1.545660275876599066e+01
1.551298266069282228e+01
1.556553496627386757e+01
1.555253031885987980e+01
1.565910587001984311e+01
1.557598990759709601e+01
1.567502066386701820e+01
1.577046194834792203e+01
1.579980964436970226e+01
1.582525897377936275e+01
1.578416806975727305e+01
1.586443837921035538e+01
1.581539926739728230e+01
1.588796149929792456e+01
1.589384409353291616e+01
1.583297585031524157e+01
1.589384409353291616e+01
1.588796149929792456e+01
1.581539926739728230e+01
1.580173308917395048e+01
1.572153248217887267e+01
1.576270854305296254e+01
1.561246012289496399e+01
1.564579426496177206e+01
1.573722312681887203e+01
1.563804564428075139e+01
1.559721217092885581e+01
1.549081392870567520e+01
1.636534506335513228e+01
1.545166652369403515e+01
1.539550946722936686e+01
1.740463645461539954e+01
1.733229719614219277e+01
1.725568145268456632e+01
1.717480812803079360e+01
1.708969717646359854e+01
1.700036959783674106e+01
1.690684743239360799e+01
1.704424681484421455e+01
1.653206113958128043e+01
1.642720927975810241e+01
3.273428636178032747e+01
3.294322329967192786e+01
3.314403199015435320e+01
3.446546736561371915e+01
3.462775953859316758e+01
3.466031790729996231e+01
3.480497857561678643e+01
3.494105163626814914e+01
3.506850351526244935e+01
3.518730276575563209e+01
3.529742007581027963e+01
3.106680383630276765e+01
3.325777142748132320e+01
3.321201742658652023e+01
3.340681732284007666e+01
3.147083664970780603e+01
3.164661330170537923e+01
3.181495307375252324e+01
3.147417222867378328e+01
3.137588920801213277e+01
3.152084080371531272e+01
3.153251154677459311e+01
3.153640211444080421e+01
3.165813908281752020e+01
3.164642184277393966e+01
3.162689632167623088e+01
3.172496244563532741e+01
3.168969735298971813e+01
3.152152787363539588e+01
3.159572092212728478e+01
3.153703277118857429e+01
3.134617375093559488e+01
3.139632899683871514e+01
3.131434808997848762e+01
3.122464083629371245e+01
3.112722936970690668e+01
3.102213772503985822e+01
3.090939183208336871e+01
3.066732377991409209e+01
3.053986053370486431e+01
3.040486203388668685e+01
3.026236158931936160e+01
3.011239435985530832e+01
2.995499734766439204e+01
2.990842450472364789e+01
2.973560316847181539e+01
2.932180513552359713e+01
2.913583644257752781e+01
4.352068565989063131e+01
4.379847020347968112e+01
4.406544812991658944e+01
4.432155356639290034e+01
4.474499021601525328e+01
4.498010049456987502e+01
4.538420867254004065e+01
4.559791538849097492e+01
4.580037150111604660e+01
4.580902099764731616e+01
4.598811530965931382e+01
4.633975064172553004e+01
4.649673275081045176e+01
4.664224248683466811e+01
4.696186396311257738e+01
4.727091600685734107e+01
4.700959263867399329e+01
4.729582230309168978e+01
4.719654853750241585e+01
4.727256973888175651e+01
4.752477209000502967e+01
4.757765885228764091e+01
4.743058991253121803e+01
4.745987217199147068e+01
4.766584697536548276e+01
4.786015392099694310e+01
4.766584697536548276e+01
4.745987217199147068e+01
4.780702316580526912e+01
4.738960486472919342e+01
4.714908219206032669e+01
4.727256973888175651e+01
4.719654853750241585e+01
4.729582230309168978e+01
4.700959263867399329e+01
4.689870406979547823e+01
4.714748397877705344e+01
4.682733075067130812e+01
4.668124359505969778e+01
4.633975064172553004e+01
4.598811530965931382e+01
4.580902099764731616e+01
5.216153420960439036e+01
5.175001508376357151e+01
5.150747492200972744e+01
5.143142964916954440e+01
6.977095075678286662e+01
6.981888019901388986e+01
7.009184312296139296e+01
7.034751193342506781e+01
7.058582354795159119e+01
7.056000585951490223e+01
6.176939418285805772e+01
7.161304298611250374e+01
7.176429795249288190e+01
6.291061538316250790e+01
6.276190039297549106e+01
6.259695731288098841e+01
6.266661678215211850e+01
6.297169745823870812e+01
6.301057434311459104e+01
6.303390431161877672e+01
6.329284368554787932e+01
6.353616649736872546e+01
6.376368877749445119e+01
6.347346397185017253e+01
6.341861618353794228e+01
6.359850862988708542e+01
6.326199521682389815e+01
6.340990598144157531e+01
6.304294229854409792e+01
6.291006901210577240e+01
6.300974346363834400e+01
6.259779269901923016e+01
6.241846672187857337e+01
6.222373992206185989e+01
6.225877362749118049e+01
6.154405737625877748e+01
6.130438261376828279e+01
6.104958191218500474e+01
6.102090749746690790e+01
6.049485788136925635e+01
6.043394075303051949e+01
6.011805349425674194e+01
5.978733300534898376e+01
5.944186088663922618e+01
5.884819778382311029e+01
5.824291933219839734e+01
7.306664670375808157e+01
7.353301769030004209e+01
7.368766913397338669e+01
7.441121955442687863e+01
7.482283374884261207e+01
7.551446266564728660e+01
7.589054351179650837e+01
7.594652440506330038e+01
7.658644246374078079e+01
7.629813559520741251e+01
7.690159478469713861e+01
7.687582483395009092e+01
7.744356772736220762e+01
7.706936943716381450e+01
7.790911321855558924e+01
7.811307913654248125e+01
7.891918270855241246e+01
7.846314570202238770e+01
7.892110108684374836e+01
7.873577861566479896e+01
7.915583931035681076e+01
7.924392592019808035e+01
7.931246027707086910e+01
7.936142547114809531e+01
7.970460708669646976e+01
7.908676849366770512e+01
7.939080942100081018e+01
7.873406242394533194e+01
7.868548430650113801e+01
7.830427462470166233e+01
7.853010145019590027e+01
7.842333504972960156e+01
7.798527775379817228e+01
7.815178401272865472e+01
7.767636093361458904e+01
7.780310660028635539e+01
7.759995007086290286e+01
7.737764691491247504e+01
7.744356772736220762e+01
7.687582483395009092e+01
8.727720677945785610e+01
8.724129448535668985e+01
8.657597843727218390e+01
8.619327769780993265e+01
8.608927267938972250e+01
8.536417518725343712e+01
8.521489399173742640e+01
8.445082854192891375e+01
1.033851321926013043e+02
1.045703482559121937e+02
1.042775763772945936e+02
1.046852585410441634e+02
1.046997436620666093e+02
1.054230400887999508e+02
1.057529574362489342e+02
1.067984376408160898e+02
1.067062370228007779e+02
9.391481222571641752e+01
9.411317108848078306e+01
9.428830893452466455e+01
9.444018255120521133e+01
9.494402730116247824e+01
9.467399295565300577e+01
9.400384132361266154e+01
9.443812405299604507e+01
9.484947703672065700e+01
9.448474657178836367e+01
9.447309022308287751e+01
9.481437155918328585e+01
9.513188741949601024e+01
9.504968340388973047e+01
9.494402730116247824e+01
9.481494518037665387e+01
9.428830893452466455e+01
9.411317108848078306e+01
9.391481222571641752e+01
9.406508002358394549e+01
9.344863293571408747e+01
9.318092753124032868e+01
9.325884315547689596e+01
9.257661544856415503e+01
9.224015787532563593e+01
9.151633451294037513e+01
9.149905472392316597e+01
9.073310552567456000e+01
9.030786077830579472e+01
9.021834321607197182e+01
8.974677335359848485e+01
8.996141743531066481e+01
8.908945666461436019e+01
8.854969321236066548e+01
8.798808144830431388e+01
1.021923343034929417e+02
1.032527227333714279e+02
1.038821099627941322e+02
1.040728782240048957e+02
1.046485692849391569e+02
1.051984398772925147e+02
1.057223543287241938e+02
1.066416920353541826e+02
1.071151843480902102e+02
1.075622475918872567e+02
1.079827714605794853e+02
1.083766521961946836e+02
1.083139752524422761e+02
1.082217772112384182e+02
1.085326944279777450e+02
1.088168328263765687e+02
1.099432388118835888e+02
1.097399754582186944e+02
1.099441936638574333e+02
1.101212847848399008e+02
1.102712051265818616e+02
1.103939176984822979e+02
1.104893922230503023e+02
1.109963257987063514e+02
1.110374227227061823e+02
1.106121855797736231e+02
1.110374227227061823e+02
1.105576051433755111e+02
1.109278421921893880e+02
1.099558465965042018e+02
1.093960368319264518e+02
1.092473063341665664e+02
1.095079071810643541e+02
1.093044993651305248e+02
1.090741222995366826e+02
1.088168328263765687e+02
1.089650956009975857e+02
1.086529396702473349e+02
1.078841578903294049e+02
1.079482859819804759e+02
1.079827714605794853e+02
1.220172531971211356e+02
1.206633499573348303e+02
1.209729866171804247e+02
1.199864815000600089e+02
1.193918801781970558e+02
1.423744312313842784e+02
1.418749103878359961e+02
1.413339965613939455e+02
1.422339117250529057e+02
1.252756555623170982e+02
1.255718607226974370e+02
1.253397031310868357e+02
1.445085550772811587e+02
1.262743242401834607e+02
1.259464480173422061e+02
1.260866043939791723e+02
1.261956507876562910e+02
1.257724747360901034e+02
1.258190426003712332e+02
1.268372323670759130e+02
1.263203136864284915e+02
1.262735602928075878e+02
1.261956507876562910e+02
1.260866043939791723e+02
1.259464480173422061e+02
1.262743242401834607e+02
1.255729513085339590e+02
1.258370829054165370e+02
1.250755292573903290e+02
1.247804948683949107e+02
1.239608050103759780e+02
1.240981433221995758e+02
1.232200778800928589e+02
1.228040626772421007e+02
1.223577474094823572e+02
1.223668248366683571e+02
1.223417934163186089e+02
1.218009933508421909e+02
1.212301407128038164e+02
1.211061723055088066e+02
1.195245447476989540e+02
1.193387127215601424e+02
1.186491319047619868e+02
1.179302761900514156e+02
1.171823229443195373e+02
1.322585765214423645e+02
1.331027587248630653e+02
1.339140998142277112e+02
1.346923996032629134e+02
1.349042476878339869e+02
1.356130952057118009e+02
1.362884822215699216e+02
1.369302420937681859e+02
1.380818457918019533e+02
1.381122553646664812e+02
1.381041846405464355e+02
1.386079370179117234e+02
1.396293847622848432e+02
1.389591056792303618e+02
1.399135425895968297e+02
1.402798359919235622e+02
1.406115174437715325e+02
1.409085051077055368e+02
1.411707257064634575e+02
1.413981145410362217e+02
1.421524830284830898e+02
1.417481811065161139e+02
1.424337517195448868e+02
1.425216861534501049e+02
1.425744554938947601e+02
1.431556516485839552e+02
1.420109200966856804e+02
1.419583593307092144e+02
1.418707724637364151e+02
1.417481811065161139e+02
1.415906155066313659e+02
1.413981145410362217e+02
1.411707257064634575e+02
1.414676658422599189e+02
1.417274818679284181e+02
1.413931680236054831e+02
1.404687550601904604e+02
1.400663495491843946e+02
1.396293847622848432e+02
1.386079370179117234e+02
1.572853213961778920e+02
1.561268973687534185e+02
1.560216131584533912e+02
1.553319347071599452e+02
1.556813097313585104e+02
1.549098202152202077e+02
1.328596580834070267e+02
1.489524139150912561e+02
1.497763612744689112e+02
1.499682414884552202e+02
1.563220646122848905e+02
1.503076303488680878e+02
1.515037196453478998e+02
1.758724030974900359e+02
1.758554576219586920e+02
1.764057905099516006e+02
1.762961777069800462e+02
1.557445651649735225e+02
1.561128118422388127e+02
1.564425400191481970e+02
1.567336683402078563e+02
1.569861249738607683e+02
1.584474654685451753e+02
1.586237897952488822e+02
1.587609760753593378e+02
1.582335613639146175e+02
1.582921481017980625e+02
1.589374164808745604e+02
1.595434694306660219e+02
1.582335613639146175e+02
1.587609760753593378e+02
1.579992866858187881e+02
1.584474654685451753e+02
1.576090857872490858e+02
1.573556273415578630e+02
1.570633437493829376e+02
1.567323071273270614e+02
1.563625991537234086e+02
1.553378908467096835e+02
1.548928892282501977e+02
1.537969333209464651e+02
1.538883527103037636e+02
1.539375143384458795e+02
1.539441052766632652e+02
1.533042641371442585e+02
1.520257053483888114e+02
1.728439281167961497e+02
1.505633535578538442e+02
1.503683627024312273e+02
1.495411586341232351e+02
1.480917147764028812e+02
1.471944762230373556e+02
1.462609196351819776e+02
1.601125110055568541e+02
1.611344797571559297e+02
1.621166909869819222e+02
1.630589023491110083e+02
1.646115197851111134e+02
1.648224054907873324e+02
1.656432621523222508e+02
1.664232488174944251e+02
1.671621730362653864e+02
1.911737208915494648e+02
1.925898457567491278e+02
1.939634953968484581e+02
1.703771795649141438e+02
1.715859034454577170e+02
1.714013876441174489e+02
1.711708666970249340e+02
1.715755877403501586e+02
1.719379750747411038e+02
1.715743760354084202e+02
1.745893943035410985e+02
1.761982750484517339e+02
1.818852277218838651e+02
1.731121433802668150e+02
1.732190177562239626e+02
1.732831529314815953e+02
1.733045330816448200e+02
1.746584160499853908e+02
1.745937718654003561e+02
1.737990963301884904e+02
1.736489155231570578e+02
1.734558894445847841e+02
1.745893943035410985e+02
1.736250657888196542e+02
1.733025621785089072e+02
1.722564432472563283e+02
1.718501161680448774e+02
1.714013876441174489e+02
1.709103683925228552e+02
1.703771795649141438e+02
1.704731066809671347e+02
1.912524162723272525e+02
1.905076103657949034e+02
1.897157995570313744e+02
1.895375889310352875e+02
1.636713185552707728e+02
1.615521196675574060e+02
1.607076892763733156e+02
1.617647840764990121e+02
1.614733707846526443e+02
1.611344797571559297e+02
1.779878331204020583e+02
1.789230611497802954e+02
1.798141425911030638e+02
1.799410932105161862e+02
1.800170769157789152e+02
1.814943860178796058e+02
1.822039539477330266e+02
1.828685657783261433e+02
2.106442900405764078e+02
2.105672441356357467e+02
2.126489247884607607e+02
2.139459366489365379e+02
2.151938439665193812e+02
2.149047430366627225e+02
2.160496641568863367e+02
1.880421073563027221e+02
1.882981099724347303e+02
1.892556990889544295e+02
1.894193774715049585e+02
1.902854748698808862e+02
1.903559289830483578e+02
1.903794156190961928e+02
1.903559289830483578e+02
1.902854748698808862e+02
1.894193774715049585e+02
1.892556990889544295e+02
1.890453246945475598e+02
1.887883061950182082e+02
1.884847070058353324e+02
1.888782170633644739e+02
1.884801254051583328e+02
1.872952317376503402e+02
1.860678091899031870e+02
1.862710236584470351e+02
1.849559619868475977e+02
1.843315143045527407e+02
1.836615855793149024e+02
1.829463411060226292e+02
1.821859573605473486e+02
2.087316681241988192e+02
2.063206098256481766e+02
2.052981737495486811e+02
2.042250834210190931e+02
1.784191170593310289e+02
1.970200390133350652e+02
1.965232509418053723e+02
1.738102323660928334e+02
1.888498398862686258e+02
1.893010462947985673e+02
1.904549496292604260e+02
1.915618610547398362e+02
1.918540910930335315e+02
2.175485375405282866e+02
1.953732618347332846e+02
1.970721835775605939e+02
1.987295899467985691e+02
2.254859807899604220e+02
2.263675376475060546e+02
1.994867488118172218e+02
2.009568326611990017e+02
2.007889378371628766e+02
2.021648677519799833e+02
2.026941350113833096e+02
2.023703336464008089e+02
2.027977630187011755e+02
2.023689044621177970e+02
2.035024167069680345e+02
2.037794671601808716e+02
2.040062380790895986e+02
2.049929222157733761e+02
2.059302277807400117e+02
2.060064744389917450e+02
2.060318920822167001e+02
2.060064744389917450e+02
2.051194788524693706e+02
2.058031709201835326e+02
2.048157866428955174e+02
2.045881158393879673e+02
2.043099659796147023e+02
2.039814056928916557e+02
2.044072690744051499e+02
2.023703336464008089e+02
2.018929724224055064e+02
2.301323395753763918e+02
2.302698533132542309e+02
2.295514807869031984e+02
2.303596980326937000e+02
2.279450117774538569e+02
2.270573116665454734e+02
2.261135885615149448e+02
1.962932421404951242e+02
1.945979711131668921e+02
1.928621786706811463e+02
1.910866747286614213e+02
1.900354717236263582e+02
1.896961649693828917e+02
1.885468588593611230e+02
1.858522233801373602e+02
2.063821268124517587e+02
2.066366850110647135e+02
2.076657872068721247e+02
2.086436509770560974e+02
2.104116817754653255e+02
2.129801892933548686e+02
2.138128536822235617e+02
2.145927629487965760e+02
2.153197246621323870e+02
2.151364421558802462e+02
2.492781321833447521e+02
2.499307418841149229e+02
2.505216849141191631e+02
2.510508154670072827e+02
2.515180029877328991e+02
2.519231322047659205e+02
2.531359862728739358e+02
2.525468312260868231e+02
2.527652471419737878e+02
2.206520280857931482e+02
2.216061908799082403e+02
2.216335332588871836e+02
2.216061908799082403e+02
2.189077432787908322e+02
2.187726794228807421e+02
2.194544878240478454e+02
2.218201941566421169e+02
2.510544317488873958e+02
2.185604715617540705e+02
2.181545017161580517e+02
2.185585733905936081e+02
2.171811963958516003e+02
2.174736808358145765e+02
2.177077940541576879e+02
2.161741680139662662e+02
2.154443215319267324e+02
2.138128536822235617e+02
2.129801892933548686e+02
2.120949752296690178e+02
2.111574299044904990e+02
2.110017837885086180e+02
2.099561498305195926e+02
2.080331838269513582e+02
2.068887549530049341e+02
2.056932793745166634e+02
2.044470520571974248e+02
2.321718634159884971e+02
2.484580534572914985e+02
2.500439155808808493e+02
2.524415833983636048e+02
2.539087569922959631e+02
2.535464084731168271e+02
2.539905762611953719e+02
2.258029534878552909e+02
2.268662221677190018e+02
2.269728291718878097e+02
2.288245834560688365e+02
2.288112118687315615e+02
2.287345365582033594e+02
2.304237855241732689e+02
2.669173110211852986e+02
2.318089587227033519e+02
2.333381192150249603e+02
2.338898301976152823e+02
2.343838323643730064e+02
2.348200038276553698e+02
2.351982369686804191e+02
2.345875355452498354e+02
2.702622667967938241e+02
2.704960039624732531e+02
2.697296795960497775e+02
2.716968808227332488e+02
2.707966220728502549e+02
2.707632145656104399e+02
2.370634554235177518e+02
2.369171896774765571e+02
2.367124681599504470e+02
2.373802443017409018e+02
2.695948170787245886e+02
2.682331269019462638e+02
2.677348915150347466e+02
2.680950622818514830e+02
2.674626662939021458e+02
2.667642778951744731e+02
2.650828277839262910e+02
2.642558492717701029e+02
2.642749625572867558e+02
2.279032308692524680e+02
2.270156934682738381e+02
2.260721433418406434e+02
2.268662221677190018e+02
2.258029534878552909e+02
2.246839713079805563e+02
2.217426777935621089e+02
2.205228304673573803e+02
2.201220727210644270e+02
2.179202180930593613e+02
2.156753936261210924e+02
2.297594966941506982e+02
2.303011053266281181e+02
2.317049285942121912e+02
2.330515821377408940e+02
2.362229885796839994e+02
2.384102828266403549e+02
2.395976254591783174e+02
2.407258509628104832e+02
2.408351782625346118e+02
2.428038517472644742e+02
2.437531143124866162e+02
2.456130369617436031e+02
2.444969015239100258e+02
2.452620451693817927e+02
2.469466209838086854e+02
2.829635734770978956e+02
2.856022912045583553e+02
2.496896398419850129e+02
2.867381239157671189e+02
2.881903282361739684e+02
2.875909807169841770e+02
2.879110191971898303e+02
2.881600199415136103e+02
2.883379215127476982e+02
2.526377542212093772e+02
2.516741658108330455e+02
2.516431173935668255e+02
2.515499798025005305e+02
2.513947760179411546e+02
2.889038158151111588e+02
2.885826737539392752e+02
2.871999834656028838e+02
2.857493717643334321e+02
2.862055160244096896e+02
2.846174557176460667e+02
2.839460858850044929e+02
2.851645504217790403e+02
2.833704904347438855e+02
2.824864599280235211e+02
2.825035326318869124e+02
2.824440848382781155e+02
2.813441456754017054e+02
2.417946809647757789e+02
2.407258509628104832e+02
2.395976254591783174e+02
2.384102828266403549e+02
2.381052434687651385e+02
2.358594325249426049e+02
2.344965542399255582e+02
2.654474587499689164e+02
2.637639022048850279e+02
2.818176680112525219e+02
2.836164584277368022e+02
2.853452707269481721e+02
2.870036783503206266e+02
2.875926863939426994e+02
2.880999948235926809e+02
2.895348046070983514e+02
2.919117585047777652e+02
2.942259383037145994e+02
2.576276568150909725e+02
2.586348743226411102e+02
2.595782775449888504e+02
2.986994291374011254e+02
3.006709940385807727e+02
3.025745860422475744e+02
3.033667257631615826e+02
3.030390520354691830e+02
3.047262746241553373e+02
3.031951122449972900e+02
3.047342875540265936e+02
3.051491562019892285e+02
3.054887338617038495e+02
3.057529367474641617e+02
3.059416996711614161e+02
3.060549760583687089e+02
3.060927379598325047e+02
3.060549760583687089e+02
3.069966710493378059e+02
3.068072572190071696e+02
3.065421432888131790e+02
3.062013946716512578e+02
3.057850954421439837e+02
3.042442302804470842e+02
3.036791052955500163e+02
3.019940897870710046e+02
3.023242284237693411e+02
3.004950356227132033e+02
2.996341975074132620e+02
2.997329911759388210e+02
2.976909611527848369e+02
2.966090423779495495e+02
2.555829928721140618e+02
2.555387907066863420e+02
2.544092061968723328e+02
2.532168500222358603e+02
2.519620163788214882e+02
2.506450148780542122e+02
2.502592627829785101e+02
2.478258233649272881e+02
2.463243289458890786e+02
2.437869100443360821e+02
2.587851893128192273e+02
2.614473769160535426e+02
2.628936030641506818e+02
2.653363093870011085e+02
2.666577503431554987e+02
2.689850510794562979e+02
2.701793527779402666e+02
2.713069917639067512e+02
2.723676898093091836e+02
2.733611852027763689e+02
2.753800106341628293e+02
2.751456041551466569e+02
2.759360874353740769e+02
2.755562625646884385e+02
2.762077952713456739e+02
3.210777662915066344e+02
3.205660438685205804e+02
3.210823912822926332e+02
3.226320406987463230e+02
3.229910737522636737e+02
3.232704135913518257e+02
3.245854050561648592e+02
3.235897576146525125e+02
3.247456474296628244e+02
3.247055843650479119e+02
3.245854050561648592e+02
3.243851391554599104e+02
3.241048360755473254e+02
3.226320406987463230e+02
3.233044147513742814e+02
3.216752689338096047e+02
3.221849310028566720e+02
3.204010425147610022e+02
3.207474896252973053e+02
3.188106189492369822e+02
3.178973115736753812e+02
3.179983456132594029e+02
3.180138090805206730e+02
3.168580295789572574e+02
3.145431657501866880e+02
3.132358233401618577e+02
3.118511946777759931e+02
3.082563593966877420e+02
3.077901188889212563e+02
3.072371023761760966e+02
3.055469344681589519e+02
3.037813774260586683e+02
3.009032693939880687e+02
2.979638235514133839e+02
3.151230923295017874e+02
3.160408980313432608e+02
3.190675897917246289e+02
3.198153617281875540e+02
3.226972060643200280e+02
3.243928021442455929e+02
3.248841923985315248e+02
3.286729387503923476e+02
3.289977813531324955e+02
3.303709089468431443e+02
3.316625224622171686e+02
3.328723032129464627e+02
3.363034006534140872e+02
3.362005209546420588e+02
3.383250602494489954e+02
3.392107946474027358e+02
3.388484063442867296e+02
3.395640930707897382e+02
3.401959974383341319e+02
3.395730220785293341e+02
3.412078561552703491e+02
3.415875608436646758e+02
3.407081282978848549e+02
3.409184715348430359e+02
3.410446982402224876e+02
3.410867772694726341e+02
3.433967306418792305e+02
3.432696334074970537e+02
3.418829839127051287e+02
3.404137204283943561e+02
3.400353205671079309e+02
3.395730220785293341e+02
3.401959974383341319e+02
3.395640930707897382e+02
3.376839788310761037e+02
3.357257522366418243e+02
3.360077653162336446e+02
3.338898644532355888e+02
3.328482287288927068e+02
3.317244676846260063e+02
2.859159676398423358e+02
2.859417177436469615e+02
2.847532521366767355e+02
2.846239881962160325e+02
2.821658556817695853e+02
2.807675632351919148e+02
2.792999955936011816e+02
2.766568873081207585e+02
2.761585001300789486e+02
2.722982131827144485e+02
2.927170556416515979e+02
2.941748595388393710e+02
2.967470684651294164e+02
3.004491514287182667e+02
3.040975957702214032e+02
3.040845761845596371e+02
3.027811639925805594e+02
3.050172616798201943e+02
3.047576276483417814e+02
3.056331851914742970e+02
3.076541822490079312e+02
3.096053446884742471e+02
3.544068303551608210e+02
3.562949592977403199e+02
3.568688565781673674e+02
3.573547018081771398e+02
3.589860039924280386e+02
3.580617783718854525e+02
3.595182932975909580e+02
3.584154911896629301e+02
3.596957814524387800e+02
3.596514066765238340e+02
3.595182932975909580e+02
3.580617783718854525e+02
3.577523751127289415e+02
3.585869594006191505e+02
3.568688565781673674e+02
3.562949592977403199e+02
3.568594727797639621e+02
3.548835966784882885e+02
3.552673295018305453e+02
3.531220067949304280e+02
3.521104064462912788e+02
3.534327000416963642e+02
3.510331423180913930e+02
3.509592736991755260e+02
3.495925116728529929e+02
3.469472343879246523e+02
3.442265994195501548e+02
3.426132902259575417e+02
3.397398758250494097e+02
3.379640608321286095e+02
3.372678508534119146e+02
3.353189992631162113e+02
3.344366796676770264e+02
3.311735925093564674e+02
3.459453378691276271e+02
3.481534434246726732e+02
3.514876737889255764e+02
3.547495673119007620e+02
3.554860911187263355e+02
3.573539747298686962e+02
3.578952945722076038e+02
3.595805641911884436e+02
3.599273648917117043e+02
3.626845461336144467e+02
3.174872945819454912e+02
3.666950679680565486e+02
3.692060459011411240e+02
3.703614620153342685e+02
3.714254969806125928e+02
3.736776060913500146e+02
3.732783959373079483e+02
3.727813498232080178e+02
3.747629141836600297e+02
3.740766390273881825e+02
3.758775866793877185e+02
3.762958727163292565e+02
3.753270820598661999e+02
3.755587980267054604e+02
3.756978504797384630e+02
3.757442051098532829e+02
3.756978504797384630e+02
3.768538283647285425e+02
3.766213133773139816e+02
3.750027597516683500e+02
3.745859111237884918e+02
3.740766390273881825e+02
3.734750691177368367e+02
3.740668027536328850e+02
3.719956523086573839e+02
3.723978882622700439e+02
3.688727444240448108e+02
3.665433026131142924e+02
3.666685473038824057e+02
3.186453694067250240e+02
3.174872945819454912e+02
3.162508845178921888e+02
3.161861920750106378e+02
3.135442981874722932e+02
3.120747897307830954e+02
3.117605365746785537e+02
3.101309691484061091e+02
3.072058108680377586e+02
3.054306682579629069e+02
3.047848483959937198e+02
3.028518009719352335e+02
3.250862347718317551e+02
3.268844865602382583e+02
3.247361776164768230e+02
3.263534447219054755e+02
3.278901889981804061e+02
3.293460312766462721e+02
3.320329957323463645e+02
3.333311073191235891e+02
3.345469744429103116e+02
3.356802971066869645e+02
3.353998439184635458e+02
3.376982109681794668e+02
3.385823042758446491e+02
3.393828574662454685e+02
3.400996730148612528e+02
3.407325740581812283e+02
3.911921236633579610e+02
3.917246969708793927e+02
3.921606180709258069e+02
3.924997794064884715e+02
3.927420972945827771e+02
3.928875119468958133e+02
3.942909391655192053e+02
3.928875119468958133e+02
3.927420972945827771e+02
3.924997794064884715e+02
3.921606180709258069e+02
3.917246969708793927e+02
3.911921236633579610e+02
3.919097986202796164e+02
3.898375698589318858e+02
3.890159235779098594e+02
3.880982934387151886e+02
3.870849058528539217e+02
3.859760108585492731e+02
3.860986816523553671e+02
3.847951366122011905e+02
3.833966491299011068e+02
3.819035642613153527e+02
3.803162504027939121e+02
3.799362507439233809e+02
3.768605254526765975e+02
3.737043313840407563e+02
3.717509847155649823e+02
3.697059140542401110e+02
3.675696239906505411e+02
3.653426416224037894e+02
3.630255164240758745e+02
3.278744461189813251e+02
3.312818188837681532e+02
3.319785563924732514e+02
3.339079935522862002e+02
3.886177838722110778e+02
3.905531972993635463e+02
3.923922475690553711e+02
3.954982680543727724e+02
3.985184257441764544e+02
3.987016346215322642e+02
4.015357970625858002e+02
4.028960533311903873e+02
4.041569010272986020e+02
4.053180290556078376e+02
4.049826589975736510e+02
4.073400048199860635e+02
4.067976033075577789e+02
4.075546244045529534e+02
4.082110874963470906e+02
4.087668306104951057e+02
4.092217166256994005e+02
4.109879630756617530e+02
4.084152916255522996e+02
4.099802342993822322e+02
4.086169194088212748e+02
4.071527844076623524e+02
4.070020899244257748e+02
4.081633035356228447e+02
4.063994978903497781e+02
4.073572898152865491e+02
4.082110874963470906e+02
4.075546244045529534e+02
4.053948529513247649e+02
4.073400048199860635e+02
4.091721347803072035e+02
4.081037199769521635e+02
3.491015692674715183e+02
5.141876253394932519e+02
3.464782189459678534e+02
3.464019313303816148e+02
3.435129364531869101e+02
3.419029720302386863e+02
3.388639499508553286e+02
3.384303829063699141e+02
3.352383042835701872e+02
3.346238038537678108e+02
3.325964292761640877e+02
3.317932642000846499e+02
3.579854799001021775e+02
3.608168679263540071e+02
3.621329928177501642e+02
3.633597668118807746e+02
3.659433034397489450e+02
3.669946451966653740e+02
3.665010672020445668e+02
4.207314417170173897e+02
4.227721891708141015e+02
4.261818458452116261e+02
4.250795669922832190e+02
4.268137703104417255e+02
4.269718001637211273e+02
4.284969793249650820e+02
4.284441167160098871e+02
4.268137703104417255e+02
4.250795669922832190e+02
4.261818458452116261e+02
4.271760661413434264e+02
4.251293313516900412e+02
4.259092669795007282e+02
4.251181526571437530e+02
4.242221467917980817e+02
4.217671011452100061e+02
4.206657988420275274e+02
4.209071197666676767e+02
4.195940164375289214e+02
4.167403488775696019e+02
4.180893866448228664e+02
4.136087217969308085e+02
4.133099401946528246e+02
4.114829435774075819e+02
4.095544197009861023e+02
4.075248443997977574e+02
4.053947184411788953e+02
3.990082316554253339e+02
3.980800622148813090e+02
3.942991330149246778e+02
