-2.670353755551324038e-01
-2.670353755551324038e-01
-2.670353755551324038e-01
-2.670353755551324038e-01
-2.670353755551324038e-01
-2.670353755551324038e-01
-2.199114857512854959e-01
-2.199114857512854959e-01
-2.199114857512854959e-01
-2.199114857512854959e-01
-2.199114857512854959e-01
-2.199114857512854959e-01
-2.199114857512854959e-01
-2.199114857512854959e-01
-2.199114857512854959e-01
-1.727875959474386436e-01
-1.727875959474386436e-01
-1.727875959474386436e-01
-1.727875959474386436e-01
-1.727875959474386436e-01
-1.727875959474386436e-01
-1.727875959474386436e-01
-1.727875959474386436e-01
-1.727875959474386436e-01
-1.727875959474386436e-01
-1.727875959474386436e-01
-1.727875959474386436e-01
-1.727875959474386436e-01
-1.727875959474386436e-01
-1.727875959474386436e-01
-1.727875959474386436e-01
-1.727875959474386436e-01
-1.727875959474386436e-01
-1.256637061435917357e-01
-1.256637061435917357e-01
-1.256637061435917357e-01
-1.256637061435917357e-01
-1.256637061435917357e-01
-1.256637061435917357e-01
-1.256637061435917357e-01
-1.256637061435917357e-01
-1.256637061435917357e-01
-1.256637061435917357e-01
-1.256637061435917357e-01
-1.256637061435917357e-01
-1.256637061435917357e-01
-1.256637061435917357e-01
-1.256637061435917357e-01
-1.256637061435917357e-01
-1.256637061435917357e-01
-1.256637061435917357e-01
-1.256637061435917357e-01
-1.256637061435917357e-01
-7.853981633974482790e-02
-7.853981633974482790e-02
-7.853981633974482790e-02
-7.853981633974482790e-02
-7.853981633974482790e-02
-7.853981633974482790e-02
-7.853981633974482790e-02
-7.853981633974482790e-02
-7.853981633974482790e-02
-7.853981633974482790e-02
-7.853981633974482790e-02
-7.853981633974482790e-02
-7.853981633974482790e-02
-7.853981633974482790e-02
-7.853981633974482790e-02
-7.853981633974482790e-02
-7.853981633974482790e-02
-7.853981633974482790e-02
-7.853981633974482790e-02
-7.853981633974482790e-02
-7.853981633974482790e-02
-3.141592653589793394e-02
-3.141592653589793394e-02
-3.141592653589793394e-02
-3.141592653589793394e-02
-3.141592653589793394e-02
-3.141592653589793394e-02
-3.141592653589793394e-02
-3.141592653589793394e-02
-3.141592653589793394e-02
-3.141592653589793394e-02
-3.141592653589793394e-02
-3.141592653589793394e-02
-3.141592653589793394e-02
-3.141592653589793394e-02
-3.141592653589793394e-02
-3.141592653589793394e-02
-3.141592653589793394e-02
-3.141592653589793394e-02
-3.141592653589793394e-02
-3.141592653589793394e-02
-3.141592653589793394e-02
-3.141592653589793394e-02
-3.141592653589793394e-02
-3.141592653589793394e-02
-3.141592653589793394e-02
-3.141592653589793394e-02
1.570796326794896697e-02
1.570796326794896697e-02
1.570796326794896697e-02
1.570796326794896697e-02
1.570796326794896697e-02
1.570796326794896697e-02
1.570796326794896697e-02
1.570796326794896697e-02
1.570796326794896697e-02
1.570796326794896697e-02
1.570796326794896697e-02
1.570796326794896697e-02
1.570796326794896697e-02
1.570796326794896697e-02
1.570796326794896697e-02
1.570796326794896697e-02
1.570796326794896697e-02
1.570796326794896697e-02
1.570796326794896697e-02
1.570796326794896697e-02
1.570796326794896697e-02
1.570796326794896697e-02
1.570796326794896697e-02
1.570796326794896697e-02
1.570796326794896697e-02
6.283185307179586787e-02
6.283185307179586787e-02
6.283185307179586787e-02
6.283185307179586787e-02
6.283185307179586787e-02
6.283185307179586787e-02
6.283185307179586787e-02
6.283185307179586787e-02
6.283185307179586787e-02
6.283185307179586787e-02
6.283185307179586787e-02
6.283185307179586787e-02
6.283185307179586787e-02
6.283185307179586787e-02
6.283185307179586787e-02
6.283185307179586787e-02
6.283185307179586787e-02
6.283185307179586787e-02
6.283185307179586787e-02
6.283185307179586787e-02
6.283185307179586787e-02
6.283185307179586787e-02
6.283185307179586787e-02
1.099557428756427480e-01
1.099557428756427480e-01
1.099557428756427480e-01
1.099557428756427480e-01
1.099557428756427480e-01
1.099557428756427480e-01
1.099557428756427480e-01
1.099557428756427480e-01
1.099557428756427480e-01
1.099557428756427480e-01
1.099557428756427480e-01
1.099557428756427480e-01
1.099557428756427480e-01
1.099557428756427480e-01
1.099557428756427480e-01
1.099557428756427480e-01
1.099557428756427480e-01
1.099557428756427480e-01
1.099557428756427480e-01
1.099557428756427480e-01
1.099557428756427480e-01
1.099557428756427480e-01
1.099557428756427480e-01
1.570796326794896558e-01
1.570796326794896558e-01
1.570796326794896558e-01
1.570796326794896558e-01
1.570796326794896558e-01
1.570796326794896558e-01
1.570796326794896558e-01
1.570796326794896558e-01
1.570796326794896558e-01
1.570796326794896558e-01
1.570796326794896558e-01
1.570796326794896558e-01
1.570796326794896558e-01
1.570796326794896558e-01
1.570796326794896558e-01
1.570796326794896558e-01
1.570796326794896558e-01
1.570796326794896558e-01
2.042035224833365636e-01
2.042035224833365636e-01
2.042035224833365636e-01
2.042035224833365636e-01
2.042035224833365636e-01
2.042035224833365636e-01
2.042035224833365636e-01
2.042035224833365636e-01
2.042035224833365636e-01
2.042035224833365636e-01
2.042035224833365636e-01
2.042035224833365636e-01
2.042035224833365636e-01
2.042035224833365636e-01
2.042035224833365636e-01
2.042035224833365636e-01
2.513274122871834715e-01
2.513274122871834715e-01
2.513274122871834715e-01
2.513274122871834715e-01
2.513274122871834715e-01
2.513274122871834715e-01
2.513274122871834715e-01
2.513274122871834715e-01
2.513274122871834715e-01
2.984513020910303793e-01
2.984513020910303793e-01
2.984513020910303793e-01
2.984513020910303793e-01
2.984513020910303793e-01
2.984513020910303793e-01
2.984513020910303793e-01
2.984513020910303793e-01
