1.104600000000000136e+03
1.094100000000000136e+03
1.100400000000000091e+03
1.005900000000000091e+03
1.005900000000000091e+03
9.975000000000000000e+02
9.933000000000000682e+02
9.975000000000000000e+02
9.996000000000000227e+02
7.476000000000000227e+02
7.455000000000000000e+02
7.433999999999999773e+02
7.287000000000000455e+02
7.413000000000000682e+02
8.589000000000000909e+02
8.631000000000000227e+02
9.870000000000000000e+02
9.849000000000000909e+02
9.765000000000000000e+02
9.849000000000000909e+02
9.870000000000000000e+02
9.618000000000000682e+02
9.786000000000000227e+02
9.786000000000000227e+02
9.807000000000000455e+02
1.098299999999999955e+03
1.094100000000000136e+03
8.883000000000000682e+02
8.841000000000000227e+02
8.904000000000000909e+02
1.008000000000000000e+03
1.003800000000000068e+03
9.933000000000000682e+02
9.975000000000000000e+02
9.870000000000000000e+02
9.765000000000000000e+02
9.807000000000000455e+02
9.975000000000000000e+02
9.639000000000000909e+02
9.744000000000000909e+02
9.744000000000000909e+02
7.308000000000000682e+02
7.328999999999999773e+02
7.308000000000000682e+02
7.266000000000000227e+02
7.287000000000000455e+02
7.328999999999999773e+02
7.266000000000000227e+02
7.266000000000000227e+02
7.308000000000000682e+02
7.350000000000000000e+02
7.791000000000000227e+02
7.853999999999999773e+02
9.450000000000000000e+02
9.597000000000000455e+02
9.534000000000000909e+02
9.450000000000000000e+02
9.387000000000000455e+02
9.870000000000000000e+02
1.001700000000000045e+03
1.001700000000000045e+03
1.014300000000000068e+03
8.778000000000000682e+02
8.778000000000000682e+02
1.096200000000000045e+03
1.079400000000000091e+03
1.066799999999999955e+03
1.066799999999999955e+03
1.056299999999999955e+03
8.841000000000000227e+02
8.820000000000000000e+02
8.820000000000000000e+02
8.778000000000000682e+02
9.828000000000000682e+02
9.849000000000000909e+02
9.450000000000000000e+02
9.324000000000000909e+02
9.324000000000000909e+02
9.345000000000000000e+02
9.387000000000000455e+02
9.429000000000000909e+02
9.366000000000000227e+02
9.450000000000000000e+02
7.980000000000000000e+02
8.022000000000000455e+02
7.161000000000000227e+02
7.182000000000000455e+02
7.245000000000000000e+02
7.245000000000000000e+02
7.182000000000000455e+02
7.223999999999999773e+02
7.203000000000000682e+02
7.161000000000000227e+02
7.161000000000000227e+02
7.203000000000000682e+02
9.408000000000000682e+02
9.408000000000000682e+02
9.366000000000000227e+02
9.366000000000000227e+02
9.324000000000000909e+02
9.324000000000000909e+02
9.366000000000000227e+02
9.450000000000000000e+02
9.471000000000000227e+02
9.471000000000000227e+02
9.849000000000000909e+02
9.912000000000000455e+02
9.954000000000000909e+02
8.799000000000000909e+02
1.037400000000000091e+03
1.033200000000000045e+03
1.054200000000000045e+03
1.056299999999999955e+03
1.039500000000000000e+03
1.037400000000000091e+03
1.045799999999999955e+03
1.054200000000000045e+03
1.041600000000000136e+03
1.043700000000000045e+03
9.891000000000000227e+02
9.912000000000000455e+02
9.870000000000000000e+02
9.975000000000000000e+02
8.946000000000000227e+02
9.492000000000000455e+02
9.471000000000000227e+02
9.387000000000000455e+02
9.303000000000000682e+02
9.681000000000000227e+02
9.513000000000000682e+02
9.324000000000000909e+02
9.219000000000000909e+02
9.198000000000000682e+02
9.303000000000000682e+02
9.387000000000000455e+02
9.408000000000000682e+02
7.140000000000000000e+02
8.190000000000000000e+02
8.211000000000000227e+02
7.035000000000000000e+02
7.013999999999999773e+02
7.077000000000000455e+02
7.035000000000000000e+02
7.077000000000000455e+02
7.161000000000000227e+02
8.967000000000000455e+02
9.030000000000000000e+02
9.030000000000000000e+02
8.988000000000000682e+02
9.240000000000000000e+02
9.324000000000000909e+02
9.618000000000000682e+02
9.681000000000000227e+02
9.702000000000000455e+02
9.807000000000000455e+02
9.870000000000000000e+02
9.933000000000000682e+02
1.003800000000000068e+03
1.005900000000000091e+03
1.041600000000000136e+03
1.014300000000000068e+03
9.849000000000000909e+02
9.702000000000000455e+02
9.723000000000000682e+02
9.492000000000000455e+02
9.471000000000000227e+02
9.450000000000000000e+02
9.366000000000000227e+02
9.282000000000000455e+02
9.429000000000000909e+02
9.093000000000000682e+02
9.093000000000000682e+02
9.072000000000000455e+02
9.030000000000000000e+02
7.497000000000000455e+02
7.518000000000000682e+02
7.013999999999999773e+02
7.035000000000000000e+02
7.056000000000000227e+02
6.993000000000000682e+02
6.972000000000000455e+02
6.972000000000000455e+02
7.013999999999999773e+02
8.085000000000000000e+02
6.951000000000000227e+02
9.135000000000000000e+02
9.093000000000000682e+02
9.282000000000000455e+02
9.114000000000000909e+02
9.093000000000000682e+02
9.051000000000000227e+02
9.009000000000000909e+02
8.988000000000000682e+02
9.093000000000000682e+02
9.324000000000000909e+02
9.366000000000000227e+02
9.366000000000000227e+02
9.429000000000000909e+02
1.043700000000000045e+03
1.041600000000000136e+03
1.050000000000000000e+03
1.003800000000000068e+03
9.366000000000000227e+02
9.324000000000000909e+02
9.240000000000000000e+02
9.219000000000000909e+02
9.093000000000000682e+02
9.009000000000000909e+02
9.030000000000000000e+02
8.925000000000000000e+02
8.883000000000000682e+02
8.883000000000000682e+02
8.946000000000000227e+02
9.093000000000000682e+02
9.135000000000000000e+02
7.035000000000000000e+02
6.951000000000000227e+02
6.951000000000000227e+02
7.770000000000000000e+02
7.938000000000000682e+02
7.958999999999999773e+02
7.980000000000000000e+02
8.085000000000000000e+02
8.106000000000000227e+02
8.106000000000000227e+02
6.426000000000000227e+02
6.405000000000000000e+02
6.405000000000000000e+02
8.904000000000000909e+02
8.925000000000000000e+02
9.051000000000000227e+02
8.988000000000000682e+02
8.967000000000000455e+02
9.009000000000000909e+02
9.093000000000000682e+02
9.345000000000000000e+02
9.471000000000000227e+02
9.513000000000000682e+02
1.035299999999999955e+03
1.039500000000000000e+03
1.031100000000000136e+03
9.198000000000000682e+02
9.051000000000000227e+02
8.925000000000000000e+02
8.988000000000000682e+02
8.967000000000000455e+02
8.841000000000000227e+02
8.862000000000000455e+02
8.883000000000000682e+02
8.904000000000000909e+02
8.841000000000000227e+02
8.799000000000000909e+02
7.035000000000000000e+02
6.908999999999999773e+02
8.022000000000000455e+02
8.001000000000000227e+02
8.001000000000000227e+02
6.972000000000000455e+02
6.951000000000000227e+02
6.951000000000000227e+02
6.908999999999999773e+02
6.888000000000000682e+02
8.988000000000000682e+02
8.904000000000000909e+02
8.946000000000000227e+02
8.988000000000000682e+02
8.883000000000000682e+02
8.862000000000000455e+02
8.841000000000000227e+02
8.841000000000000227e+02
8.904000000000000909e+02
8.946000000000000227e+02
9.051000000000000227e+02
9.156000000000000227e+02
9.198000000000000682e+02
9.492000000000000455e+02
9.471000000000000227e+02
9.702000000000000455e+02
1.045799999999999955e+03
1.052100000000000136e+03
1.045799999999999955e+03
9.702000000000000455e+02
9.576000000000000227e+02
9.597000000000000455e+02
9.660000000000000000e+02
9.345000000000000000e+02
9.303000000000000682e+02
9.282000000000000455e+02
9.135000000000000000e+02
8.946000000000000227e+02
8.841000000000000227e+02
8.862000000000000455e+02
8.862000000000000455e+02
8.841000000000000227e+02
8.820000000000000000e+02
8.841000000000000227e+02
8.841000000000000227e+02
8.862000000000000455e+02
8.820000000000000000e+02
8.820000000000000000e+02
8.001000000000000227e+02
8.022000000000000455e+02
8.001000000000000227e+02
6.888000000000000682e+02
7.958999999999999773e+02
8.022000000000000455e+02
6.930000000000000000e+02
8.925000000000000000e+02
8.904000000000000909e+02
8.883000000000000682e+02
8.841000000000000227e+02
8.820000000000000000e+02
8.820000000000000000e+02
8.904000000000000909e+02
8.841000000000000227e+02
8.841000000000000227e+02
8.883000000000000682e+02
8.967000000000000455e+02
9.198000000000000682e+02
9.198000000000000682e+02
9.303000000000000682e+02
9.177000000000000455e+02
9.681000000000000227e+02
9.597000000000000455e+02
9.597000000000000455e+02
9.765000000000000000e+02
9.807000000000000455e+02
1.052100000000000136e+03
9.870000000000000000e+02
9.660000000000000000e+02
9.177000000000000455e+02
9.219000000000000909e+02
9.219000000000000909e+02
9.177000000000000455e+02
9.051000000000000227e+02
8.799000000000000909e+02
8.883000000000000682e+02
8.820000000000000000e+02
8.862000000000000455e+02
8.883000000000000682e+02
8.841000000000000227e+02
8.862000000000000455e+02
8.862000000000000455e+02
8.862000000000000455e+02
8.946000000000000227e+02
8.904000000000000909e+02
6.972000000000000455e+02
6.908999999999999773e+02
6.888000000000000682e+02
6.930000000000000000e+02
6.951000000000000227e+02
6.867000000000000455e+02
6.888000000000000682e+02
8.904000000000000909e+02
8.862000000000000455e+02
8.841000000000000227e+02
8.904000000000000909e+02
8.862000000000000455e+02
8.799000000000000909e+02
8.841000000000000227e+02
8.820000000000000000e+02
8.841000000000000227e+02
8.904000000000000909e+02
8.862000000000000455e+02
9.198000000000000682e+02
9.240000000000000000e+02
9.219000000000000909e+02
9.261000000000000227e+02
1.052100000000000136e+03
1.041600000000000136e+03
1.020600000000000023e+03
9.975000000000000000e+02
9.408000000000000682e+02
9.366000000000000227e+02
9.261000000000000227e+02
9.177000000000000455e+02
9.114000000000000909e+02
9.051000000000000227e+02
8.967000000000000455e+02
8.757000000000000455e+02
8.820000000000000000e+02
8.841000000000000227e+02
8.820000000000000000e+02
8.820000000000000000e+02
8.799000000000000909e+02
8.862000000000000455e+02
8.904000000000000909e+02
8.925000000000000000e+02
6.888000000000000682e+02
6.908999999999999773e+02
6.930000000000000000e+02
6.930000000000000000e+02
6.972000000000000455e+02
7.035000000000000000e+02
6.972000000000000455e+02
8.925000000000000000e+02
7.035000000000000000e+02
7.056000000000000227e+02
8.820000000000000000e+02
8.799000000000000909e+02
8.841000000000000227e+02
8.862000000000000455e+02
8.883000000000000682e+02
8.862000000000000455e+02
8.925000000000000000e+02
8.925000000000000000e+02
8.988000000000000682e+02
9.114000000000000909e+02
9.030000000000000000e+02
9.471000000000000227e+02
9.555000000000000000e+02
9.408000000000000682e+02
9.597000000000000455e+02
9.786000000000000227e+02
9.891000000000000227e+02
1.024799999999999955e+03
1.047900000000000091e+03
1.050000000000000000e+03
1.047900000000000091e+03
1.020600000000000023e+03
1.001700000000000045e+03
9.744000000000000909e+02
9.681000000000000227e+02
9.660000000000000000e+02
9.723000000000000682e+02
9.681000000000000227e+02
9.450000000000000000e+02
9.240000000000000000e+02
9.198000000000000682e+02
8.988000000000000682e+02
9.030000000000000000e+02
8.883000000000000682e+02
8.820000000000000000e+02
8.820000000000000000e+02
8.883000000000000682e+02
8.946000000000000227e+02
8.904000000000000909e+02
8.946000000000000227e+02
9.030000000000000000e+02
8.988000000000000682e+02
9.009000000000000909e+02
6.993000000000000682e+02
7.013999999999999773e+02
7.056000000000000227e+02
7.035000000000000000e+02
7.013999999999999773e+02
6.930000000000000000e+02
7.118999999999999773e+02
9.093000000000000682e+02
9.177000000000000455e+02
9.240000000000000000e+02
9.177000000000000455e+02
9.114000000000000909e+02
9.093000000000000682e+02
9.072000000000000455e+02
9.051000000000000227e+02
9.009000000000000909e+02
9.051000000000000227e+02
8.946000000000000227e+02
8.946000000000000227e+02
9.303000000000000682e+02
9.324000000000000909e+02
9.450000000000000000e+02
9.534000000000000909e+02
1.008000000000000000e+03
1.005900000000000091e+03
1.010100000000000023e+03
1.024799999999999955e+03
1.050000000000000000e+03
1.062600000000000136e+03
1.050000000000000000e+03
1.005900000000000091e+03
9.996000000000000227e+02
9.975000000000000000e+02
9.891000000000000227e+02
9.597000000000000455e+02
9.555000000000000000e+02
9.408000000000000682e+02
9.513000000000000682e+02
9.093000000000000682e+02
9.093000000000000682e+02
8.967000000000000455e+02
9.219000000000000909e+02
9.219000000000000909e+02
9.009000000000000909e+02
8.988000000000000682e+02
8.925000000000000000e+02
9.093000000000000682e+02
9.156000000000000227e+02
9.156000000000000227e+02
7.098000000000000682e+02
7.013999999999999773e+02
6.993000000000000682e+02
7.035000000000000000e+02
7.013999999999999773e+02
7.077000000000000455e+02
6.993000000000000682e+02
7.098000000000000682e+02
9.114000000000000909e+02
9.261000000000000227e+02
9.198000000000000682e+02
9.156000000000000227e+02
9.240000000000000000e+02
9.219000000000000909e+02
9.219000000000000909e+02
9.261000000000000227e+02
9.135000000000000000e+02
9.555000000000000000e+02
9.513000000000000682e+02
9.828000000000000682e+02
9.870000000000000000e+02
9.891000000000000227e+02
9.870000000000000000e+02
1.020600000000000023e+03
1.022700000000000045e+03
1.045799999999999955e+03
1.031100000000000136e+03
1.020600000000000023e+03
1.003800000000000068e+03
9.933000000000000682e+02
9.807000000000000455e+02
8.883000000000000682e+02
9.576000000000000227e+02
9.576000000000000227e+02
9.513000000000000682e+02
9.408000000000000682e+02
9.324000000000000909e+02
9.324000000000000909e+02
9.261000000000000227e+02
9.072000000000000455e+02
9.093000000000000682e+02
9.156000000000000227e+02
9.135000000000000000e+02
9.072000000000000455e+02
7.182000000000000455e+02
7.182000000000000455e+02
7.140000000000000000e+02
7.140000000000000000e+02
8.316000000000000227e+02
8.316000000000000227e+02
8.358000000000000682e+02
7.161000000000000227e+02
7.223999999999999773e+02
7.266000000000000227e+02
9.282000000000000455e+02
9.261000000000000227e+02
9.261000000000000227e+02
9.219000000000000909e+02
9.576000000000000227e+02
9.429000000000000909e+02
9.345000000000000000e+02
9.492000000000000455e+02
9.702000000000000455e+02
9.786000000000000227e+02
9.681000000000000227e+02
9.828000000000000682e+02
1.001700000000000045e+03
1.016400000000000091e+03
1.018500000000000000e+03
1.060500000000000000e+03
1.062600000000000136e+03
