6.300000000000000000e+02
6.300000000000000000e+02
6.173999999999999773e+02
5.858999999999999773e+02
5.838000000000000682e+02
6.027000000000000455e+02
5.796000000000000227e+02
5.753999999999999773e+02
5.712000000000000455e+02
5.712000000000000455e+02
6.027000000000000455e+02
6.068999999999999773e+02
6.048000000000000682e+02
6.383999999999999773e+02
6.342000000000000455e+02
5.712000000000000455e+02
5.712000000000000455e+02
5.691000000000000227e+02
5.565000000000000000e+02
5.543999999999999773e+02
5.565000000000000000e+02
6.552000000000000455e+02
6.573000000000000682e+02
6.552000000000000455e+02
6.468000000000000682e+02
6.488999999999999773e+02
6.488999999999999773e+02
6.447000000000000455e+02
5.502000000000000455e+02
5.481000000000000227e+02
5.460000000000000000e+02
5.502000000000000455e+02
6.552000000000000455e+02
6.615000000000000000e+02
5.565000000000000000e+02
5.607000000000000455e+02
5.586000000000000227e+02
5.670000000000000000e+02
5.460000000000000000e+02
5.670000000000000000e+02
5.775000000000000000e+02
5.838000000000000682e+02
5.628000000000000682e+02
5.648999999999999773e+02
5.523000000000000682e+02
5.502000000000000455e+02
5.565000000000000000e+02
5.333999999999999773e+02
5.313000000000000682e+02
5.376000000000000227e+02
5.355000000000000000e+02
5.397000000000000455e+02
5.313000000000000682e+02
5.333999999999999773e+02
5.355000000000000000e+02
5.333999999999999773e+02
5.313000000000000682e+02
5.418000000000000682e+02
5.481000000000000227e+02
5.481000000000000227e+02
5.502000000000000455e+02
5.648999999999999773e+02
5.670000000000000000e+02
5.670000000000000000e+02
5.565000000000000000e+02
5.712000000000000455e+02
5.607000000000000455e+02
5.228999999999999773e+02
5.187000000000000455e+02
5.208000000000000682e+02
5.355000000000000000e+02
5.628000000000000682e+02
5.607000000000000455e+02
5.691000000000000227e+02
5.753999999999999773e+02
5.082000000000000455e+02
5.019000000000000341e+02
4.998000000000000114e+02
5.040000000000000000e+02
5.208000000000000682e+02
5.397000000000000455e+02
5.418000000000000682e+02
5.333999999999999773e+02
5.250000000000000000e+02
5.228999999999999773e+02
5.271000000000000227e+02
5.271000000000000227e+02
5.228999999999999773e+02
5.166000000000000227e+02
5.250000000000000000e+02
5.271000000000000227e+02
5.438999999999999773e+02
5.418000000000000682e+02
5.376000000000000227e+02
5.040000000000000000e+02
5.019000000000000341e+02
5.082000000000000455e+02
5.040000000000000000e+02
5.019000000000000341e+02
4.998000000000000114e+02
5.712000000000000455e+02
5.691000000000000227e+02
5.712000000000000455e+02
5.733000000000000682e+02
5.753999999999999773e+02
5.166000000000000227e+02
5.796000000000000227e+02
5.733000000000000682e+02
5.712000000000000455e+02
5.733000000000000682e+02
5.691000000000000227e+02
5.712000000000000455e+02
5.040000000000000000e+02
5.082000000000000455e+02
5.040000000000000000e+02
5.061000000000000227e+02
5.145000000000000000e+02
5.438999999999999773e+02
5.250000000000000000e+02
5.166000000000000227e+02
5.250000000000000000e+02
5.208000000000000682e+02
5.292000000000000455e+02
5.397000000000000455e+02
5.418000000000000682e+02
5.250000000000000000e+02
5.228999999999999773e+02
5.355000000000000000e+02
5.313000000000000682e+02
5.397000000000000455e+02
5.208000000000000682e+02
4.935000000000000000e+02
5.123999999999999773e+02
5.145000000000000000e+02
5.187000000000000455e+02
5.061000000000000227e+02
5.040000000000000000e+02
5.607000000000000455e+02
5.586000000000000227e+02
5.145000000000000000e+02
5.145000000000000000e+02
5.166000000000000227e+02
5.019000000000000341e+02
5.397000000000000455e+02
5.313000000000000682e+02
6.531000000000000227e+02
6.447000000000000455e+02
5.753999999999999773e+02
6.657000000000000455e+02
5.543999999999999773e+02
5.543999999999999773e+02
6.383999999999999773e+02
5.438999999999999773e+02
5.355000000000000000e+02
5.292000000000000455e+02
5.292000000000000455e+02
5.796000000000000227e+02
5.733000000000000682e+02
5.880000000000000000e+02
5.943000000000000682e+02
5.733000000000000682e+02
5.607000000000000455e+02
6.363000000000000682e+02
6.405000000000000000e+02
6.363000000000000682e+02
6.383999999999999773e+02
5.691000000000000227e+02
6.972000000000000455e+02
5.250000000000000000e+02
5.228999999999999773e+02
5.460000000000000000e+02
5.460000000000000000e+02
5.481000000000000227e+02
5.438999999999999773e+02
5.376000000000000227e+02
5.376000000000000227e+02
5.565000000000000000e+02
5.565000000000000000e+02
5.607000000000000455e+02
5.586000000000000227e+02
7.013999999999999773e+02
6.825000000000000000e+02
5.586000000000000227e+02
6.405000000000000000e+02
6.468000000000000682e+02
6.405000000000000000e+02
6.510000000000000000e+02
6.510000000000000000e+02
6.405000000000000000e+02
6.468000000000000682e+02
6.488999999999999773e+02
6.447000000000000455e+02
6.447000000000000455e+02
6.363000000000000682e+02
6.300000000000000000e+02
6.300000000000000000e+02
6.300000000000000000e+02
6.342000000000000455e+02
5.333999999999999773e+02
5.355000000000000000e+02
5.502000000000000455e+02
5.565000000000000000e+02
5.565000000000000000e+02
5.586000000000000227e+02
5.733000000000000682e+02
6.615000000000000000e+02
6.573000000000000682e+02
6.531000000000000227e+02
6.426000000000000227e+02
6.363000000000000682e+02
6.447000000000000455e+02
6.363000000000000682e+02
6.426000000000000227e+02
5.712000000000000455e+02
5.648999999999999773e+02
5.628000000000000682e+02
5.607000000000000455e+02
5.628000000000000682e+02
6.488999999999999773e+02
6.510000000000000000e+02
6.468000000000000682e+02
6.447000000000000455e+02
6.510000000000000000e+02
6.488999999999999773e+02
6.363000000000000682e+02
6.027000000000000455e+02
5.922000000000000455e+02
5.985000000000000000e+02
6.342000000000000455e+02
6.405000000000000000e+02
6.383999999999999773e+02
6.426000000000000227e+02
6.510000000000000000e+02
6.447000000000000455e+02
6.405000000000000000e+02
6.447000000000000455e+02
7.748999999999999773e+02
7.728000000000000682e+02
7.728000000000000682e+02
6.321000000000000227e+02
