2.513274122871834715e-01
3.141592653589793116e-01
2.827433388230813360e-01
3.141592653589793394e-02
-9.424777960769378793e-02
-1.256637061435917357e-01
-2.513274122871834715e-01
-2.199114857512854959e-01
-6.283185307179586787e-02
1.570796326794896558e-01
6.283185307179586787e-02
-2.513274122871834715e-01
-2.827433388230813360e-01
-3.141592653589793116e-01
-2.513274122871834715e-01
-3.141592653589793394e-02
0.000000000000000000e+00
9.424777960769378793e-02
0.000000000000000000e+00
-6.283185307179586787e-02
-9.424777960769378793e-02
-1.256637061435917357e-01
-1.570796326794896558e-01
-2.513274122871834715e-01
-2.199114857512854959e-01
-1.570796326794896558e-01
-1.256637061435917357e-01
-9.424777960769378793e-02
-6.283185307179586787e-02
-3.141592653589793394e-02
0.000000000000000000e+00
3.141592653589793394e-02
1.256637061435917357e-01
1.570796326794896558e-01
1.884955592153875759e-01
3.141592653589793116e-01
2.827433388230813360e-01
2.513274122871834715e-01
2.199114857512854959e-01
3.141592653589793394e-02
0.000000000000000000e+00
-3.141592653589793394e-02
-6.283185307179586787e-02
-9.424777960769378793e-02
-1.256637061435917357e-01
-1.570796326794896558e-01
-1.884955592153875759e-01
-2.199114857512854959e-01
-2.513274122871834715e-01
-2.827433388230813360e-01
-2.199114857512854959e-01
-1.884955592153875759e-01
-1.570796326794896558e-01
-1.256637061435917357e-01
-6.283185307179586787e-02
-3.141592653589793394e-02
0.000000000000000000e+00
3.141592653589793394e-02
3.141592653589793116e-01
2.827433388230813360e-01
2.513274122871834715e-01
2.199114857512854959e-01
9.424777960769378793e-02
3.141592653589793394e-02
-6.283185307179586787e-02
-9.424777960769378793e-02
-1.256637061435917357e-01
-1.570796326794896558e-01
-1.884955592153875759e-01
-2.199114857512854959e-01
-2.827433388230813360e-01
-1.570796326794896558e-01
-1.256637061435917357e-01
2.513274122871834715e-01
0.000000000000000000e+00
2.827433388230813360e-01
1.884955592153875759e-01
2.199114857512854959e-01
-3.926990816987241395e-01
-3.612831551628262194e-01
-3.298672286269282994e-01
-2.984513020910303793e-01
-2.670353755551324038e-01
-2.356194490192344837e-01
-2.042035224833365636e-01
-1.727875959474386436e-01
-1.413716694115406680e-01
-1.099557428756427480e-01
-7.853981633974482790e-02
-4.712388980384689396e-02
-1.570796326794896697e-02
1.570796326794896697e-02
4.712388980384689396e-02
7.853981633974482790e-02
1.099557428756427480e-01
1.727875959474386436e-01
2.042035224833365636e-01
2.356194490192344837e-01
2.670353755551324038e-01
2.984513020910303793e-01
2.356194490192344837e-01
2.042035224833365636e-01
1.727875959474386436e-01
1.413716694115406680e-01
1.099557428756427480e-01
7.853981633974482790e-02
4.712388980384689396e-02
1.570796326794896697e-02
-1.570796326794896697e-02
-4.712388980384689396e-02
-7.853981633974482790e-02
-1.099557428756427480e-01
-1.413716694115406680e-01
-1.727875959474386436e-01
-2.042035224833365636e-01
-2.356194490192344837e-01
-2.670353755551324038e-01
-2.984513020910303793e-01
-3.298672286269282994e-01
-3.612831551628262194e-01
-3.926990816987241395e-01
-3.926990816987241395e-01
-3.612831551628262194e-01
-3.298672286269282994e-01
-2.984513020910303793e-01
-2.670353755551324038e-01
-2.356194490192344837e-01
-2.042035224833365636e-01
-1.727875959474386436e-01
-1.413716694115406680e-01
-1.099557428756427480e-01
-7.853981633974482790e-02
-4.712388980384689396e-02
-1.570796326794896697e-02
1.570796326794896697e-02
4.712388980384689396e-02
7.853981633974482790e-02
1.099557428756427480e-01
1.413716694115406680e-01
1.727875959474386436e-01
2.356194490192344837e-01
2.670353755551324038e-01
2.984513020910303793e-01
3.298672286269282994e-01
7.853981633974482790e-02
4.712388980384689396e-02
1.570796326794896697e-02
-1.570796326794896697e-02
-7.853981633974482790e-02
-1.099557428756427480e-01
-1.413716694115406680e-01
-1.727875959474386436e-01
-2.042035224833365636e-01
-2.356194490192344837e-01
-2.670353755551324038e-01
-2.984513020910303793e-01
-3.612831551628262194e-01
-3.926990816987241395e-01
-2.356194490192344837e-01
-2.042035224833365636e-01
-1.727875959474386436e-01
-1.413716694115406680e-01
-1.099557428756427480e-01
-7.853981633974482790e-02
-4.712388980384689396e-02
-1.570796326794896697e-02
1.570796326794896697e-02
4.712388980384689396e-02
7.853981633974482790e-02
1.413716694115406680e-01
1.727875959474386436e-01
2.042035224833365636e-01
2.984513020910303793e-01
3.298672286269282994e-01
2.356194490192344837e-01
1.413716694115406680e-01
1.099557428756427480e-01
-1.570796326794896697e-02
-4.712388980384689396e-02
-7.853981633974482790e-02
-1.099557428756427480e-01
-1.413716694115406680e-01
-1.727875959474386436e-01
-2.042035224833365636e-01
-2.356194490192344837e-01
-2.670353755551324038e-01
-2.984513020910303793e-01
-1.727875959474386436e-01
-1.413716694115406680e-01
-1.099557428756427480e-01
-7.853981633974482790e-02
-4.712388980384689396e-02
-1.570796326794896697e-02
1.570796326794896697e-02
4.712388980384689396e-02
1.099557428756427480e-01
1.413716694115406680e-01
1.727875959474386436e-01
2.984513020910303793e-01
3.298672286269282994e-01
3.926990816987241395e-01
2.356194490192344837e-01
1.099557428756427480e-01
7.853981633974482790e-02
4.712388980384689396e-02
-1.570796326794896697e-02
-4.712388980384689396e-02
-7.853981633974482790e-02
-1.099557428756427480e-01
-1.413716694115406680e-01
-1.727875959474386436e-01
-2.042035224833365636e-01
-2.356194490192344837e-01
-2.670353755551324038e-01
-3.298672286269282994e-01
-2.984513020910303793e-01
-2.356194490192344837e-01
-2.042035224833365636e-01
-1.727875959474386436e-01
-1.413716694115406680e-01
-1.099557428756427480e-01
-7.853981633974482790e-02
-4.712388980384689396e-02
-1.570796326794896697e-02
1.570796326794896697e-02
4.712388980384689396e-02
7.853981633974482790e-02
1.099557428756427480e-01
1.413716694115406680e-01
1.727875959474386436e-01
2.042035224833365636e-01
2.356194490192344837e-01
2.670353755551324038e-01
2.984513020910303793e-01
3.298672286269282994e-01
2.984513020910303793e-01
2.670353755551324038e-01
2.356194490192344837e-01
1.727875959474386436e-01
1.413716694115406680e-01
1.099557428756427480e-01
1.570796326794896697e-02
-1.570796326794896697e-02
-4.712388980384689396e-02
-7.853981633974482790e-02
-1.099557428756427480e-01
-1.413716694115406680e-01
-1.727875959474386436e-01
-2.042035224833365636e-01
-2.356194490192344837e-01
-2.670353755551324038e-01
-2.984513020910303793e-01
-3.298672286269282994e-01
-3.926990816987241395e-01
-3.926990816987241395e-01
-3.612831551628262194e-01
-3.298672286269282994e-01
-2.984513020910303793e-01
-2.670353755551324038e-01
-2.356194490192344837e-01
-2.042035224833365636e-01
-1.727875959474386436e-01
-1.413716694115406680e-01
-1.099557428756427480e-01
-7.853981633974482790e-02
-4.712388980384689396e-02
-1.570796326794896697e-02
1.570796326794896697e-02
4.712388980384689396e-02
7.853981633974482790e-02
1.099557428756427480e-01
3.298672286269282994e-01
3.612831551628262194e-01
3.926990816987241395e-01
3.298672286269282994e-01
2.984513020910303793e-01
2.670353755551324038e-01
1.413716694115406680e-01
1.099557428756427480e-01
4.712388980384689396e-02
1.570796326794896697e-02
-1.570796326794896697e-02
-4.712388980384689396e-02
-7.853981633974482790e-02
-1.099557428756427480e-01
-1.413716694115406680e-01
-1.727875959474386436e-01
-2.042035224833365636e-01
-2.356194490192344837e-01
-2.670353755551324038e-01
-2.984513020910303793e-01
-3.298672286269282994e-01
-3.612831551628262194e-01
-3.926990816987241395e-01
-3.926990816987241395e-01
-3.612831551628262194e-01
-3.298672286269282994e-01
-2.984513020910303793e-01
-2.670353755551324038e-01
-2.356194490192344837e-01
-2.042035224833365636e-01
-1.727875959474386436e-01
-1.413716694115406680e-01
-1.099557428756427480e-01
-7.853981633974482790e-02
-4.712388980384689396e-02
-1.570796326794896697e-02
1.570796326794896697e-02
4.712388980384689396e-02
7.853981633974482790e-02
1.099557428756427480e-01
1.413716694115406680e-01
1.727875959474386436e-01
2.042035224833365636e-01
2.356194490192344837e-01
2.670353755551324038e-01
2.984513020910303793e-01
3.298672286269282994e-01
3.612831551628262194e-01
3.926990816987241395e-01
3.926990816987241395e-01
3.612831551628262194e-01
3.298672286269282994e-01
2.670353755551324038e-01
2.356194490192344837e-01
2.042035224833365636e-01
1.727875959474386436e-01
1.413716694115406680e-01
1.099557428756427480e-01
7.853981633974482790e-02
4.712388980384689396e-02
1.570796326794896697e-02
-1.570796326794896697e-02
-4.712388980384689396e-02
-7.853981633974482790e-02
-1.099557428756427480e-01
-1.413716694115406680e-01
-1.727875959474386436e-01
-2.042035224833365636e-01
-2.356194490192344837e-01
-2.670353755551324038e-01
-2.984513020910303793e-01
-3.298672286269282994e-01
-3.612831551628262194e-01
-3.926990816987241395e-01
-3.926990816987241395e-01
-3.612831551628262194e-01
-3.298672286269282994e-01
-2.984513020910303793e-01
-2.670353755551324038e-01
-2.356194490192344837e-01
-2.042035224833365636e-01
-1.727875959474386436e-01
-1.413716694115406680e-01
-1.099557428756427480e-01
-7.853981633974482790e-02
-4.712388980384689396e-02
-1.570796326794896697e-02
1.570796326794896697e-02
4.712388980384689396e-02
7.853981633974482790e-02
1.099557428756427480e-01
1.413716694115406680e-01
1.727875959474386436e-01
2.042035224833365636e-01
2.356194490192344837e-01
2.670353755551324038e-01
3.612831551628262194e-01
3.926990816987241395e-01
3.298672286269282994e-01
2.984513020910303793e-01
2.356194490192344837e-01
2.042035224833365636e-01
1.727875959474386436e-01
1.413716694115406680e-01
1.099557428756427480e-01
7.853981633974482790e-02
4.712388980384689396e-02
1.570796326794896697e-02
-1.570796326794896697e-02
-4.712388980384689396e-02
-7.853981633974482790e-02
-1.099557428756427480e-01
-1.413716694115406680e-01
-1.727875959474386436e-01
-2.042035224833365636e-01
-2.356194490192344837e-01
-2.670353755551324038e-01
-2.984513020910303793e-01
-3.298672286269282994e-01
-3.612831551628262194e-01
-3.926990816987241395e-01
-3.926990816987241395e-01
-3.612831551628262194e-01
-3.298672286269282994e-01
-2.984513020910303793e-01
-2.670353755551324038e-01
-2.356194490192344837e-01
-2.042035224833365636e-01
-1.727875959474386436e-01
-1.413716694115406680e-01
-1.099557428756427480e-01
-7.853981633974482790e-02
-4.712388980384689396e-02
-1.570796326794896697e-02
1.570796326794896697e-02
4.712388980384689396e-02
7.853981633974482790e-02
1.099557428756427480e-01
1.413716694115406680e-01
1.727875959474386436e-01
2.042035224833365636e-01
2.356194490192344837e-01
2.670353755551324038e-01
2.984513020910303793e-01
3.298672286269282994e-01
3.612831551628262194e-01
3.612831551628262194e-01
3.298672286269282994e-01
2.984513020910303793e-01
2.670353755551324038e-01
2.356194490192344837e-01
2.042035224833365636e-01
1.727875959474386436e-01
1.413716694115406680e-01
1.099557428756427480e-01
7.853981633974482790e-02
4.712388980384689396e-02
1.570796326794896697e-02
-1.570796326794896697e-02
-4.712388980384689396e-02
-7.853981633974482790e-02
-1.099557428756427480e-01
-1.413716694115406680e-01
-1.727875959474386436e-01
-2.042035224833365636e-01
-2.356194490192344837e-01
-2.670353755551324038e-01
-2.984513020910303793e-01
-3.298672286269282994e-01
-3.612831551628262194e-01
-3.926990816987241395e-01
-3.926990816987241395e-01
-3.612831551628262194e-01
-3.298672286269282994e-01
-2.984513020910303793e-01
-2.670353755551324038e-01
-2.356194490192344837e-01
-2.042035224833365636e-01
-1.727875959474386436e-01
-1.413716694115406680e-01
-1.099557428756427480e-01
-7.853981633974482790e-02
-4.712388980384689396e-02
-1.570796326794896697e-02
1.570796326794896697e-02
4.712388980384689396e-02
7.853981633974482790e-02
1.099557428756427480e-01
1.413716694115406680e-01
1.727875959474386436e-01
2.042035224833365636e-01
2.356194490192344837e-01
2.670353755551324038e-01
2.984513020910303793e-01
3.298672286269282994e-01
3.612831551628262194e-01
3.926990816987241395e-01
3.926990816987241395e-01
3.612831551628262194e-01
3.298672286269282994e-01
2.984513020910303793e-01
2.670353755551324038e-01
2.356194490192344837e-01
2.042035224833365636e-01
1.727875959474386436e-01
1.413716694115406680e-01
1.099557428756427480e-01
7.853981633974482790e-02
4.712388980384689396e-02
1.570796326794896697e-02
-1.570796326794896697e-02
-4.712388980384689396e-02
-7.853981633974482790e-02
-1.099557428756427480e-01
-1.413716694115406680e-01
-1.727875959474386436e-01
-2.042035224833365636e-01
-2.356194490192344837e-01
-2.670353755551324038e-01
-2.984513020910303793e-01
-3.298672286269282994e-01
-3.612831551628262194e-01
-3.926990816987241395e-01
-3.926990816987241395e-01
-3.612831551628262194e-01
-3.298672286269282994e-01
-2.984513020910303793e-01
-2.670353755551324038e-01
-2.356194490192344837e-01
-2.042035224833365636e-01
-1.727875959474386436e-01
-1.413716694115406680e-01
-1.099557428756427480e-01
-7.853981633974482790e-02
-4.712388980384689396e-02
-1.570796326794896697e-02
1.570796326794896697e-02
4.712388980384689396e-02
7.853981633974482790e-02
1.099557428756427480e-01
1.413716694115406680e-01
1.727875959474386436e-01
2.042035224833365636e-01
2.356194490192344837e-01
2.670353755551324038e-01
2.984513020910303793e-01
3.298672286269282994e-01
3.612831551628262194e-01
3.926990816987241395e-01
3.926990816987241395e-01
3.612831551628262194e-01
3.298672286269282994e-01
2.984513020910303793e-01
2.670353755551324038e-01
2.356194490192344837e-01
2.042035224833365636e-01
1.727875959474386436e-01
1.413716694115406680e-01
1.099557428756427480e-01
7.853981633974482790e-02
4.712388980384689396e-02
1.570796326794896697e-02
-1.570796326794896697e-02
-4.712388980384689396e-02
-7.853981633974482790e-02
-1.099557428756427480e-01
-1.413716694115406680e-01
-1.727875959474386436e-01
-2.042035224833365636e-01
-2.356194490192344837e-01
-2.670353755551324038e-01
-2.984513020910303793e-01
-3.298672286269282994e-01
-3.612831551628262194e-01
-3.926990816987241395e-01
-3.926990816987241395e-01
-3.612831551628262194e-01
-3.298672286269282994e-01
-2.984513020910303793e-01
-2.670353755551324038e-01
-2.356194490192344837e-01
-2.042035224833365636e-01
-1.727875959474386436e-01
-1.413716694115406680e-01
-1.099557428756427480e-01
-7.853981633974482790e-02
-4.712388980384689396e-02
-1.570796326794896697e-02
1.570796326794896697e-02
4.712388980384689396e-02
7.853981633974482790e-02
1.099557428756427480e-01
1.413716694115406680e-01
1.727875959474386436e-01
2.042035224833365636e-01
2.356194490192344837e-01
2.670353755551324038e-01
2.984513020910303793e-01
3.298672286269282994e-01
3.612831551628262194e-01
3.926990816987241395e-01
3.926990816987241395e-01
3.612831551628262194e-01
3.298672286269282994e-01
2.984513020910303793e-01
2.670353755551324038e-01
2.356194490192344837e-01
2.042035224833365636e-01
1.727875959474386436e-01
1.413716694115406680e-01
1.099557428756427480e-01
7.853981633974482790e-02
4.712388980384689396e-02
1.570796326794896697e-02
-1.570796326794896697e-02
-4.712388980384689396e-02
-7.853981633974482790e-02
-1.099557428756427480e-01
-1.413716694115406680e-01
-1.727875959474386436e-01
-2.042035224833365636e-01
-2.356194490192344837e-01
-2.670353755551324038e-01
-2.984513020910303793e-01
-3.298672286269282994e-01
-3.612831551628262194e-01
-3.926990816987241395e-01
-3.926990816987241395e-01
-3.612831551628262194e-01
-3.298672286269282994e-01
-2.984513020910303793e-01
-2.670353755551324038e-01
-2.356194490192344837e-01
-2.042035224833365636e-01
-1.727875959474386436e-01
-1.413716694115406680e-01
-1.099557428756427480e-01
-7.853981633974482790e-02
-4.712388980384689396e-02
-1.570796326794896697e-02
1.570796326794896697e-02
4.712388980384689396e-02
7.853981633974482790e-02
1.099557428756427480e-01
1.413716694115406680e-01
1.727875959474386436e-01
2.042035224833365636e-01
2.356194490192344837e-01
2.670353755551324038e-01
2.984513020910303793e-01
3.298672286269282994e-01
3.612831551628262194e-01
3.926990816987241395e-01
3.926990816987241395e-01
3.612831551628262194e-01
3.298672286269282994e-01
2.984513020910303793e-01
2.670353755551324038e-01
2.356194490192344837e-01
2.042035224833365636e-01
1.099557428756427480e-01
7.853981633974482790e-02
4.712388980384689396e-02
1.570796326794896697e-02
-1.570796326794896697e-02
-4.712388980384689396e-02
-7.853981633974482790e-02
-1.099557428756427480e-01
-1.413716694115406680e-01
-1.727875959474386436e-01
-2.042035224833365636e-01
-2.356194490192344837e-01
-2.670353755551324038e-01
-2.984513020910303793e-01
-3.298672286269282994e-01
-3.612831551628262194e-01
-3.926990816987241395e-01
