8.505000000000000000e+02
8.484000000000000909e+02
8.484000000000000909e+02
8.421000000000000227e+02
7.833000000000000682e+02
7.875000000000000000e+02
7.958999999999999773e+02
8.001000000000000227e+02
7.938000000000000682e+02
7.896000000000000227e+02
8.988000000000000682e+02
8.148000000000000682e+02
8.169000000000000909e+02
8.106000000000000227e+02
8.988000000000000682e+02
7.581000000000000227e+02
7.581000000000000227e+02
8.484000000000000909e+02
8.589000000000000909e+02
8.253000000000000682e+02
8.106000000000000227e+02
8.274000000000000909e+02
7.413000000000000682e+02
7.643999999999999773e+02
7.665000000000000000e+02
7.328999999999999773e+02
7.350000000000000000e+02
7.413000000000000682e+02
7.433999999999999773e+02
7.287000000000000455e+02
7.371000000000000227e+02
7.413000000000000682e+02
7.413000000000000682e+02
7.328999999999999773e+02
7.371000000000000227e+02
7.308000000000000682e+02
7.328999999999999773e+02
7.328999999999999773e+02
7.308000000000000682e+02
7.518000000000000682e+02
7.433999999999999773e+02
7.203000000000000682e+02
7.203000000000000682e+02
7.118999999999999773e+02
7.035000000000000000e+02
7.118999999999999773e+02
7.118999999999999773e+02
7.140000000000000000e+02
7.223999999999999773e+02
8.988000000000000682e+02
8.988000000000000682e+02
8.988000000000000682e+02
8.988000000000000682e+02
6.405000000000000000e+02
6.363000000000000682e+02
6.363000000000000682e+02
7.308000000000000682e+02
7.223999999999999773e+02
7.098000000000000682e+02
6.993000000000000682e+02
7.013999999999999773e+02
7.013999999999999773e+02
7.013999999999999773e+02
7.056000000000000227e+02
7.013999999999999773e+02
6.972000000000000455e+02
7.035000000000000000e+02
6.383999999999999773e+02
6.405000000000000000e+02
6.405000000000000000e+02
6.405000000000000000e+02
6.405000000000000000e+02
6.488999999999999773e+02
8.736000000000000227e+02
8.694000000000000909e+02
6.447000000000000455e+02
6.468000000000000682e+02
6.405000000000000000e+02
6.447000000000000455e+02
6.447000000000000455e+02
6.405000000000000000e+02
6.951000000000000227e+02
6.951000000000000227e+02
7.098000000000000682e+02
8.106000000000000227e+02
8.064000000000000909e+02
6.930000000000000000e+02
6.951000000000000227e+02
6.951000000000000227e+02
6.888000000000000682e+02
6.867000000000000455e+02
8.820000000000000000e+02
8.862000000000000455e+02
8.925000000000000000e+02
8.883000000000000682e+02
8.925000000000000000e+02
8.967000000000000455e+02
8.988000000000000682e+02
8.967000000000000455e+02
8.988000000000000682e+02
8.988000000000000682e+02
8.988000000000000682e+02
8.988000000000000682e+02
8.988000000000000682e+02
8.946000000000000227e+02
8.967000000000000455e+02
8.820000000000000000e+02
8.820000000000000000e+02
8.778000000000000682e+02
8.883000000000000682e+02
8.841000000000000227e+02
7.518000000000000682e+02
6.930000000000000000e+02
7.791000000000000227e+02
7.875000000000000000e+02
7.917000000000000455e+02
7.938000000000000682e+02
6.867000000000000455e+02
6.867000000000000455e+02
7.980000000000000000e+02
7.077000000000000455e+02
8.883000000000000682e+02
8.841000000000000227e+02
8.883000000000000682e+02
8.883000000000000682e+02
8.883000000000000682e+02
8.883000000000000682e+02
8.862000000000000455e+02
8.988000000000000682e+02
8.967000000000000455e+02
8.988000000000000682e+02
8.988000000000000682e+02
8.988000000000000682e+02
8.988000000000000682e+02
8.988000000000000682e+02
8.988000000000000682e+02
8.988000000000000682e+02
8.946000000000000227e+02
8.946000000000000227e+02
8.904000000000000909e+02
8.778000000000000682e+02
8.904000000000000909e+02
8.946000000000000227e+02
8.988000000000000682e+02
7.980000000000000000e+02
6.825000000000000000e+02
7.938000000000000682e+02
7.917000000000000455e+02
7.917000000000000455e+02
7.896000000000000227e+02
7.875000000000000000e+02
6.846000000000000227e+02
6.846000000000000227e+02
6.825000000000000000e+02
7.917000000000000455e+02
8.778000000000000682e+02
8.799000000000000909e+02
8.736000000000000227e+02
8.757000000000000455e+02
8.715000000000000000e+02
8.757000000000000455e+02
8.736000000000000227e+02
8.862000000000000455e+02
8.904000000000000909e+02
8.904000000000000909e+02
8.946000000000000227e+02
8.988000000000000682e+02
8.820000000000000000e+02
8.841000000000000227e+02
8.715000000000000000e+02
8.757000000000000455e+02
8.694000000000000909e+02
8.673000000000000682e+02
8.736000000000000227e+02
8.715000000000000000e+02
8.715000000000000000e+02
7.812000000000000455e+02
7.875000000000000000e+02
7.917000000000000455e+02
7.917000000000000455e+02
7.938000000000000682e+02
6.762000000000000455e+02
7.853999999999999773e+02
6.846000000000000227e+02
6.825000000000000000e+02
8.757000000000000455e+02
8.862000000000000455e+02
8.757000000000000455e+02
8.757000000000000455e+02
8.778000000000000682e+02
8.715000000000000000e+02
8.715000000000000000e+02
8.694000000000000909e+02
8.736000000000000227e+02
8.841000000000000227e+02
8.883000000000000682e+02
8.967000000000000455e+02
8.967000000000000455e+02
8.967000000000000455e+02
8.988000000000000682e+02
8.988000000000000682e+02
8.967000000000000455e+02
8.967000000000000455e+02
8.841000000000000227e+02
8.694000000000000909e+02
8.736000000000000227e+02
8.736000000000000227e+02
8.715000000000000000e+02
8.757000000000000455e+02
8.778000000000000682e+02
8.757000000000000455e+02
8.757000000000000455e+02
6.803999999999999773e+02
6.867000000000000455e+02
6.846000000000000227e+02
6.803999999999999773e+02
6.825000000000000000e+02
6.846000000000000227e+02
6.867000000000000455e+02
6.803999999999999773e+02
6.803999999999999773e+02
8.757000000000000455e+02
8.778000000000000682e+02
8.757000000000000455e+02
8.778000000000000682e+02
8.736000000000000227e+02
8.736000000000000227e+02
8.736000000000000227e+02
8.757000000000000455e+02
8.988000000000000682e+02
8.820000000000000000e+02
8.841000000000000227e+02
8.988000000000000682e+02
8.904000000000000909e+02
8.946000000000000227e+02
8.946000000000000227e+02
8.967000000000000455e+02
8.736000000000000227e+02
8.694000000000000909e+02
8.694000000000000909e+02
8.736000000000000227e+02
8.736000000000000227e+02
8.715000000000000000e+02
6.825000000000000000e+02
6.867000000000000455e+02
6.825000000000000000e+02
6.803999999999999773e+02
6.783000000000000682e+02
6.762000000000000455e+02
6.908999999999999773e+02
6.846000000000000227e+02
6.908999999999999773e+02
6.888000000000000682e+02
6.783000000000000682e+02
8.694000000000000909e+02
8.715000000000000000e+02
8.736000000000000227e+02
8.715000000000000000e+02
8.715000000000000000e+02
8.694000000000000909e+02
8.904000000000000909e+02
8.988000000000000682e+02
8.988000000000000682e+02
8.988000000000000682e+02
8.988000000000000682e+02
8.988000000000000682e+02
8.988000000000000682e+02
8.925000000000000000e+02
8.862000000000000455e+02
8.736000000000000227e+02
8.757000000000000455e+02
8.799000000000000909e+02
8.778000000000000682e+02
8.778000000000000682e+02
7.077000000000000455e+02
6.908999999999999773e+02
6.888000000000000682e+02
6.908999999999999773e+02
6.846000000000000227e+02
6.888000000000000682e+02
6.825000000000000000e+02
6.846000000000000227e+02
6.908999999999999773e+02
6.972000000000000455e+02
6.951000000000000227e+02
8.841000000000000227e+02
8.778000000000000682e+02
8.757000000000000455e+02
8.967000000000000455e+02
8.883000000000000682e+02
8.988000000000000682e+02
8.967000000000000455e+02
8.988000000000000682e+02
8.988000000000000682e+02
8.988000000000000682e+02
8.967000000000000455e+02
8.946000000000000227e+02
8.883000000000000682e+02
8.862000000000000455e+02
8.883000000000000682e+02
8.904000000000000909e+02
8.988000000000000682e+02
8.967000000000000455e+02
7.056000000000000227e+02
7.013999999999999773e+02
7.980000000000000000e+02
7.980000000000000000e+02
7.077000000000000455e+02
7.013999999999999773e+02
6.951000000000000227e+02
6.993000000000000682e+02
6.993000000000000682e+02
8.001000000000000227e+02
8.043000000000000682e+02
8.841000000000000227e+02
8.904000000000000909e+02
8.904000000000000909e+02
8.841000000000000227e+02
8.925000000000000000e+02
8.988000000000000682e+02
