-7.853981633974482790e-02
-7.853981633974482790e-02
-7.853981633974482790e-02
-7.853981633974482790e-02
-7.853981633974482790e-02
-7.853981633974482790e-02
-4.712388980384689396e-02
-4.712388980384689396e-02
-4.712388980384689396e-02
-4.712388980384689396e-02
-4.712388980384689396e-02
-4.712388980384689396e-02
-1.570796326794896697e-02
-1.570796326794896697e-02
-1.570796326794896697e-02
-1.570796326794896697e-02
-1.570796326794896697e-02
-1.570796326794896697e-02
1.570796326794896697e-02
1.570796326794896697e-02
1.570796326794896697e-02
1.570796326794896697e-02
1.570796326794896697e-02
1.570796326794896697e-02
4.712388980384689396e-02
4.712388980384689396e-02
4.712388980384689396e-02
4.712388980384689396e-02
4.712388980384689396e-02
4.712388980384689396e-02
7.853981633974482790e-02
7.853981633974482790e-02
7.853981633974482790e-02
7.853981633974482790e-02
7.853981633974482790e-02
7.853981633974482790e-02
