Experiment in 3/2/2021 @ 8:21 With 2 spacers  scanning the rod with accuracy 4 
experement number ::0
[-30, -32, -34, -33, -25, -21, -18, -17, -16, -15, -12, -7, -7, -8, -14, -18, -13, -9, -9, -18, -24, -27, -9, -10, -16, -16, -5, 0, 2, 3, 10, 15, 18, 21, 19, 17, 22, 30, 38, 45, 48, 49, 55, 58, 60, 63, 64, 63, 62, 60, 57, 52, 45, 41, 38, 35, 26, 16, 6, 13, 15, 15, 10, 4, 3, -8, -14, -17, -10, -8, -8, -14, -15, -20, -19, -23, -28, -23, -17, -7, -4, -5, -16, -19, -25, -33, -36, -46, -38, -31, -33, -35, -33, -24, -20, -19, -28, -37, -41, -43]
[544, 544, 596, 596, 580, 572, 576, 576, 568, 564, 564, 552, 548, 552, 548, 556, 556, 556, 560, 564, 564, 568, 568, 564, 556, 548, 544, 548, 544, 540, 548, 544, 548, 552, 548, 552, 548, 548, 548, 552, 548, 548, 552, 544, 548, 548, 548, 544, 544, 544, 552, 548, 548, 544, 548, 548, 548, 552, 548, 544, 544, 548, 544, 548, 548, 544, 540, 544, 564, 564, 560, 584, 592, 596, 544, 536, 540, 544, 548, 544, 544, 544, 548, 580, 580, 564, 560, 560, 560, 556, 552, 552, 548, 548, 548, 544, 544, 540, 540, 540]
experement number ::1
[-50, -24, -28, -33, -30, -29, -21, -19, -18, -14, -11, -8, -6, -8, -15, -20, -14, -12, -10, -10, -27, -17, -11, -11, -13, -14, -4, 0, 2, 3, 10, 17, 20, 21, 19, 16, 21, 30, 38, 45, 48, 52, 56, 59, 61, 62, 63, 63, 62, 61, 56, 50, 45, 41, 36, 30, 20, 16, 4, 13, 15, 14, 9, 2, -2, -9, -16, -14, -12, -9, -10, -15, -17, -21, -20, -20, -30, -27, -9, -4, -4, -7, -18, -21, -26, -33, -40, -44, -34, -30, -34, -39, -41, -21, -20, -25, -30, -38, -40, -42]
[532, 540, 540, 532, 596, 588, 584, 576, 576, 564, 556, 552, 556, 548, 548, 548, 556, 560, 556, 560, 572, 568, 560, 564, 564, 544, 544, 544, 544, 544, 544, 548, 548, 552, 548, 548, 548, 544, 548, 552, 548, 548, 548, 548, 544, 548, 544, 544, 548, 552, 544, 548, 548, 548, 548, 548, 548, 548, 552, 544, 548, 548, 548, 548, 548, 544, 540, 556, 564, 560, 560, 584, 592, 596, 540, 536, 540, 548, 544, 548, 548, 544, 552, 576, 576, 564, 556, 560, 560, 556, 556, 552, 548, 544, 548, 548, 544, 540, 536, 536]
experement number ::2
[-53, -21, -28, -32, -31, -25, -21, -19, -17, -15, -10, -7, -7, -7, -14, -20, -15, -10, -11, -20, -27, -19, -15, -11, -16, -20, -9, 0, 1, 3, 9, 16, 20, 20, 19, 16, 16, 22, 38, 42, 47, 51, 54, 58, 60, 63, 63, 63, 62, 60, 56, 50, 45, 41, 37, 30, 22, 8, 7, 10, 15, 14, 9, 2, -4, -8, -15, -13, -11, -9, -8, -11, -17, -21, -20, -24, -29, -20, -7, -4, -4, -8, -15, -21, -26, -34, -44, -47, -44, -28, -32, -42, -29, -24, -20, -24, -27, -37, -41, -42]
[548, 556, 540, 536, 592, 584, 580, 576, 572, 564, 556, 552, 548, 548, 548, 552, 556, 556, 556, 560, 572, 568, 564, 564, 564, 552, 544, 544, 544, 544, 544, 544, 552, 548, 552, 548, 548, 544, 548, 548, 548, 544, 548, 544, 544, 548, 544, 544, 544, 548, 544, 548, 548, 548, 548, 548, 552, 548, 548, 544, 548, 548, 544, 548, 544, 544, 548, 560, 560, 556, 564, 568, 592, 596, 540, 540, 540, 548, 548, 544, 548, 548, 548, 572, 572, 564, 544, 556, 568, 552, 556, 548, 548, 544, 544, 548, 544, 540, 540, 536]
experement number ::3
[-39, -21, -28, -32, -34, -27, -25, -18, -18, -15, -10, -7, -7, -9, -14, -18, -17, -11, -10, -16, -26, -18, -15, -12, -17, -14, -6, 0, 2, 3, 10, 16, 19, 20, 18, 17, 22, 28, 31, 44, 47, 51, 56, 58, 61, 62, 63, 63, 62, 61, 59, 50, 45, 43, 36, 30, 20, 9, 6, 13, 14, 14, 9, 2, -4, -9, -16, -14, -10, -9, -11, -15, -17, -21, -20, -23, -29, -21, -15, -4, -5, -8, -18, -20, -25, -34, -36, -43, -33, -29, -34, -43, -30, -21, -20, -20, -33, -37, -41, -44]
[596, 544, 540, 536, 596, 584, 580, 576, 576, 564, 560, 552, 552, 548, 548, 552, 552, 552, 560, 560, 568, 564, 568, 564, 560, 544, 544, 544, 548, 544, 548, 548, 548, 548, 548, 552, 548, 548, 544, 548, 548, 544, 552, 544, 552, 544, 544, 548, 544, 548, 548, 548, 552, 548, 544, 548, 548, 552, 544, 544, 548, 544, 544, 548, 544, 540, 540, 560, 564, 556, 560, 580, 592, 596, 536, 536, 544, 552, 548, 548, 544, 548, 552, 580, 576, 564, 560, 564, 560, 556, 552, 552, 548, 548, 548, 548, 540, 536, 540, 536]
########################################################################################
Experiment in 3/2/2021 @ 8:49 With 1 spacers  scanning the rod with accuracy 4 
experement number ::0
[-38, -38, -34, -28, -23, -20, -17, -17, -20, -22, -24, -20, -8, -5, -4, 0, 0, 2, 5, 5, 5, 3, 4, 12, 18, 21, 22, 23, 25, 29, 33, 36, 38, 39, 41, 43, 43, 44, 45, 47, 48, 49, 50, 50, 51, 52, 53, 55, 55, 56, 56, 57, 58, 58, 58, 57, 56, 56, 55, 55, 56, 56, 56, 55, 53, 51, 49, 44, 41, 37, 33, 32, 31, 31, 30, 30, 29, 29, 27, 26, 21, 17, 11, 7, 1, -3, -6, -8, -9, -12, -15, -19, -17, -17, -17, -20, -26, -39, -48, -49]
[516, 520, 532, 556, 564, 568, 568, 572, 584, 588, 588, 552, 556, 556, 552, 552, 548, 556, 556, 552, 556, 548, 548, 548, 548, 552, 548, 548, 544, 548, 548, 548, 548, 544, 548, 552, 548, 552, 548, 552, 552, 548, 552, 548, 548, 548, 548, 552, 552, 552, 548, 548, 552, 552, 552, 552, 548, 552, 548, 548, 552, 548, 552, 552, 552, 548, 548, 548, 544, 544, 544, 548, 544, 548, 548, 552, 548, 556, 552, 556, 556, 552, 548, 548, 552, 552, 552, 548, 548, 552, 556, 572, 572, 572, 572, 568, 572, 568, 580, 592]
experement number ::1
[-11, 6, -33, -34, -28, -20, -16, -17, -21, -26, -28, -14, -6, -6, -3, 0, 0, 4, 5, 5, 4, 4, 8, 14, 17, 19, 22, 24, 26, 29, 33, 38, 39, 41, 41, 43, 43, 43, 46, 47, 48, 49, 50, 50, 51, 52, 53, 55, 55, 56, 56, 57, 58, 58, 57, 57, 56, 55, 55, 55, 56, 56, 56, 55, 52, 50, 47, 43, 40, 35, 33, 32, 31, 31, 30, 30, 29, 28, 26, 25, 21, 15, 13, 8, 0, -4, -7, -8, -9, -14, -18, -20, -18, -17, -16, -18, -30, -41, -46, -50]
[556, 552, 520, 524, 548, 568, 576, 576, 584, 592, 596, 552, 556, 552, 548, 552, 548, 556, 552, 552, 552, 548, 548, 548, 552, 548, 548, 548, 544, 548, 548, 552, 548, 552, 548, 548, 548, 548, 552, 548, 548, 548, 548, 548, 548, 548, 552, 552, 552, 552, 548, 548, 552, 552, 548, 552, 548, 548, 548, 548, 552, 548, 552, 548, 548, 548, 548, 548, 548, 544, 544, 544, 544, 548, 548, 548, 552, 552, 552, 556, 552, 556, 556, 552, 548, 556, 552, 548, 548, 552, 560, 572, 568, 568, 568, 572, 568, 572, 580, 592]
experement number ::2
[-49, -6, -33, -31, -27, -20, -17, -17, -18, -25, -27, -20, -9, -5, -2, 0, 1, 2, 5, 5, 4, 4, 8, 13, 19, 20, 23, 24, 24, 27, 34, 38, 40, 41, 42, 43, 43, 44, 46, 47, 48, 50, 50, 51, 52, 53, 54, 54, 56, 56, 57, 58, 58, 58, 58, 57, 56, 56, 56, 56, 56, 56, 57, 56, 54, 50, 48, 43, 38, 36, 34, 32, 31, 31, 31, 30, 29, 28, 26, 22, 20, 16, 9, 4, 0, -2, -6, -8, -11, -13, -21, -21, -20, -14, -17, -21, -28, -37, -48, -52]
[524, 560, 524, 536, 548, 568, 576, 580, 580, 588, 592, 548, 560, 556, 548, 548, 552, 552, 552, 552, 552, 548, 544, 552, 552, 548, 552, 548, 544, 544, 544, 552, 548, 548, 552, 548, 548, 548, 548, 548, 552, 552, 552, 548, 548, 552, 552, 548, 552, 548, 552, 552, 548, 548, 552, 548, 548, 552, 552, 552, 548, 548, 556, 552, 552, 548, 552, 548, 548, 548, 548, 548, 544, 548, 548, 548, 548, 552, 552, 552, 556, 552, 548, 552, 552, 548, 552, 552, 552, 544, 572, 572, 572, 572, 568, 572, 568, 572, 584, 576]
experement number ::3
[1, -6, -33, -35, -26, -19, -16, -17, -18, -24, -22, -19, -6, -5, -4, -1, 1, 3, 4, 5, 4, 4, 8, 14, 19, 21, 21, 24, 26, 27, 34, 37, 38, 41, 42, 43, 43, 43, 46, 47, 48, 49, 50, 50, 52, 53, 53, 55, 55, 56, 57, 57, 58, 58, 58, 57, 56, 55, 55, 55, 56, 56, 56, 55, 52, 50, 47, 45, 38, 35, 33, 32, 31, 31, 30, 30, 29, 28, 26, 22, 19, 15, 12, 8, 0, -2, -6, -9, -10, -13, -18, -19, -17, -16, -15, -23, -25, -41, -45, -51]
[552, 560, 528, 524, 556, 568, 572, 580, 584, 584, 548, 556, 560, 552, 552, 548, 552, 552, 552, 552, 552, 548, 552, 548, 552, 556, 548, 548, 548, 548, 548, 548, 548, 548, 548, 552, 548, 548, 552, 552, 548, 548, 548, 548, 552, 552, 548, 552, 552, 552, 552, 552, 552, 552, 552, 548, 552, 548, 548, 548, 552, 552, 552, 552, 548, 548, 548, 552, 544, 548, 544, 544, 548, 552, 548, 552, 548, 548, 552, 552, 552, 556, 548, 552, 544, 548, 552, 548, 548, 556, 560, 572, 572, 572, 576, 572, 572, 576, 588, 532]
########################################################################################
Experiment in 3/2/2021 @ 9:21 With 3 spacers with angel 45 step size =1
experement number ::0
[-82, -77, -85, -85, -79, -85, -78, -84, -87, -84, -86, -82, -79, -87, -83, -85, -83, -82, -78, -85, -78, -77, -85, -85, -80, -87, -89, -81, -86, -80, -80, -81, -79, -78, -82, -85, -84, -78, -83, -73, -85, -89, -81, -85, -84, -81, -88, -84, -81, -81, -90, -77, -84, -83, -88, -84, -81, -82, -81, -80, -80, -83, -79, -83, -76, -83, -86, -84, -90, -80, -88, -79, -83, -81, -88, -79, -81, -85, -86, -88, -81, -85, -78, -80, -85, -84, -81, -87, -84, -85, -87, -85, -81, -80, -80, -83, -78, -85, -81, -85]
[568, 596, 532, 532, 544, 528, 588, 592, 532, 556, 552, 596, 592, 568, 520, 496, 544, 596, 580, 588, 552, 596, 456, 564, 560, 504, 592, 596, 528, 548, 596, 588, 584, 596, 596, 548, 516, 556, 516, 576, 584, 492, 560, 536, 532, 544, 548, 580, 592, 588, 444, 588, 560, 512, 472, 532, 548, 532, 556, 576, 596, 496, 596, 584, 592, 596, 564, 496, 436, 560, 596, 560, 532, 596, 596, 576, 484, 464, 596, 492, 564, 560, 532, 532, 512, 596, 596, 568, 588, 596, 576, 484, 588, 552, 596, 584, 596, 564, 596, 480]
experement number ::1
[-84, -83, -84, -80, -86, -84, -77, -75, -84, -83, -83, -81, -88, -89, -82, -87, -83, -81, -78, -79, -82, -79, -81, -86, -79, -77, -83, -78, -82, -78, -82, -79, -87, -77, -81, -83, -79, -85, -78, -79, -84, -78, -80, -77, -84, -84, -81, -85, -81, -76, -85, -80, -76, -82, -87, -89, -84, -84, -87, -82, -82, -80, -84, -86, -91, -87, -80, -80, -84, -87, -83, -86, -91, -85, -82, -83, -84, -85, -81, -83, -81, -81, -88, -84, -81, -81, -84, -85, -85, -80, -82, -79, -76, -87, -83, -85, -86, -87, -79, -90]
[584, 484, 572, 580, 596, 596, 584, 580, 580, 564, 596, 596, 596, 500, 552, 552, 568, 580, 576, 592, 516, 596, 596, 436, 560, 532, 568, 500, 544, 596, 532, 560, 588, 572, 596, 596, 596, 516, 500, 584, 552, 520, 576, 556, 512, 524, 572, 592, 580, 576, 536, 592, 596, 572, 512, 508, 548, 520, 552, 588, 572, 596, 544, 512, 400, 576, 532, 596, 560, 572, 544, 508, 552, 596, 536, 596, 576, 556, 596, 532, 516, 596, 472, 520, 568, 596, 588, 596, 516, 484, 556, 528, 592, 540, 588, 552, 452, 492, 596, 540]
experement number ::2
[-81, -83, -80, -79, -79, -83, -79, -82, -87, -79, -84, -81, -82, -80, -83, -87, -78, -80, -83, -82, -85, -88, -79, -86, -89, -84, -79, -84, -79, -90, -81, -77, -88, -91, -87, -83, -83, -81, -84, -83, -89, -83, -82, -81, -84, -84, -84, -84, -83, -81, -88, -82, -82, -86, -84, -82, -88, -75, -81, -89, -86, -85, -80, -81, -83, -84, -87, -85, -86, -88, -85, -82, -79, -84, -84, -79, -80, -82, -83, -80, -77, -82, -79, -82, -81, -79, -78, -82, -79, -84, -74, -83, -83, -80, -85, -89, -87, -80, -87, -86]
[592, 524, 588, 588, 596, 556, 576, 592, 596, 528, 448, 592, 520, 508, 544, 588, 588, 568, 596, 564, 556, 440, 576, 496, 504, 584, 540, 564, 504, 524, 544, 596, 584, 480, 520, 548, 524, 580, 580, 544, 420, 480, 556, 596, 492, 540, 596, 516, 528, 576, 588, 528, 536, 564, 532, 528, 488, 552, 592, 540, 596, 536, 596, 496, 472, 596, 596, 448, 508, 512, 532, 592, 592, 596, 596, 584, 596, 524, 544, 584, 576, 548, 532, 556, 516, 596, 596, 552, 540, 448, 596, 596, 596, 584, 544, 528, 544, 560, 596, 540]
experement number ::3
[-85, -63, -75, -83, -87, -82, -89, -81, -85, -83, -82, -77, -83, -79, -78, -85, -81, -82, -81, -83, -81, -88, -86, -80, -80, -79, -87, -77, -77, -81, -86, -84, -86, -80, -80, -86, -84, -80, -78, -77, -80, -83, -84, -78, -85, -87, -87, -84, -86, -83, -81, -82, -82, -81, -85, -87, -84, -82, -84, -75, -81, -82, -85, -79, -85, -87, -85, -87, -88, -80, -84, -82, -83, -79, -84, -73, -82, -87, -90, -83, -85, -85, -82, -80, -86, -84, -80, -88, -85, -83, -84, -80, -85, -84, -81, -86, -86, -79, -79, -87]
[524, 596, 596, 488, 480, 596, 532, 524, 596, 536, 532, 596, 588, 540, 588, 468, 564, 464, 588, 580, 576, 480, 452, 572, 548, 540, 596, 596, 588, 568, 560, 560, 440, 500, 504, 480, 520, 560, 588, 588, 584, 500, 564, 580, 596, 516, 548, 540, 444, 480, 596, 540, 596, 488, 544, 400, 588, 504, 560, 592, 596, 540, 596, 564, 556, 508, 540, 596, 596, 584, 520, 584, 552, 552, 596, 596, 596, 596, 428, 596, 588, 564, 580, 560, 568, 508, 596, 548, 556, 544, 548, 592, 584, 576, 572, 520, 536, 472, 564, 492]
########################################################################################
Experiment in 3/2/2021 @ 9:36 With 2 spacers with angel 45 step size =1
experement number ::0
[-1, 0, 1, 5, 5, 7, 7, 11, 12, 12, 12, 10, 9, 10, 13, 16, 16, 17, 24, 32, 41, 44, 48, 50, 50, 50, 48, 46, 46, 44, 42, 29, 28, 37, 48, 54, 57, 59, 60, 60, 59, 58, 53, 48, 44, 43, 44, 45, 45, 44, 42, 38, 36, 34, 32, 31, 32, 32, 31, 28, 26, 24, 22, 20, 19, 17, 12, 4, -2, -7, -12, -9, -4, 3, 8, 8, 6, 3, 5, 4, 2, 6, 7, 3, 2, -1, -5, -10, -14, -17, -7, -6, -12, -14, -12, -9, -5, -2, -1, 0]
[672, 676, 672, 676, 672, 676, 676, 680, 680, 680, 684, 688, 696, 700, 700, 704, 704, 704, 700, 692, 688, 688, 684, 684, 684, 684, 684, 680, 684, 676, 680, 688, 700, 692, 684, 676, 676, 676, 680, 676, 676, 676, 672, 672, 672, 676, 680, 680, 680, 680, 680, 680, 676, 676, 676, 676, 676, 676, 676, 676, 676, 680, 680, 676, 676, 676, 676, 684, 688, 696, 700, 760, 676, 676, 672, 676, 676, 784, 784, 780, 784, 680, 676, 676, 684, 684, 764, 756, 752, 684, 684, 684, 680, 796, 796, 792, 788, 788, 788, 788]
experement number ::1
[21, 1, 0, -1, -1, 0, 1, 4, 6, 6, 4, 0, -2, 0, 11, 15, 16, 12, 12, 13, 15, 19, 24, 29, 31, 33, 35, 38, 39, 41, 44, 46, 46, 45, 42, 38, 37, 36, 44, 52, 54, 55, 55, 54, 53, 51, 48, 44, 39, 34, 32, 15, -1, -6, -10, -11, -2, 7, 14, 16, 16, 16, 14, 12, 8, 1, -1, -5, -6, -6, -2, -1, -2, -2, -8, -6, -4, -3, -4, -5, -6, -4, 5, 11, 13, 13, 8, 5, 3, 3, 2, 0, -4, -6, -5, -3, -1, -1, 1, 2]
[688, 684, 684, 684, 680, 680, 680, 680, 680, 684, 696, 700, 708, 672, 676, 676, 680, 680, 736, 728, 716, 712, 704, 704, 696, 696, 692, 680, 684, 680, 680, 680, 676, 676, 680, 680, 676, 664, 664, 672, 672, 672, 672, 672, 672, 672, 672, 676, 672, 676, 676, 680, 684, 676, 664, 724, 688, 676, 676, 672, 672, 672, 676, 684, 688, 700, 708, 796, 792, 672, 684, 684, 684, 684, 676, 780, 780, 776, 776, 776, 672, 672, 672, 672, 676, 676, 676, 676, 676, 676, 676, 672, 676, 672, 784, 780, 784, 780, 780, 788]
experement number ::2
[17, 0, -2, -3, -4, -6, -7, -2, 3, 11, 13, 16, 17, 21, 25, 29, 31, 34, 35, 35, 35, 35, 35, 37, 37, 38, 37, 36, 35, 34, 33, 32, 31, 29, 27, 25, 24, 23, 20, 16, 12, 8, 16, 25, 30, 34, 38, 40, 40, 40, 39, 37, 34, 30, 26, 19, 17, 17, 16, 15, 14, 13, 11, 7, 3, -1, -5, -3, 0, 0, -2, -3, -2, -4, -11, -15, -13, -12, -14, -13, -4, 2, 6, 3, 1, -2, -4, -1, 0, 0, -2, -5, -7, -9, -6, -4, -3, -2, -1, 0]
[684, 692, 688, 692, 696, 696, 692, 688, 684, 692, 692, 700, 696, 700, 696, 692, 688, 692, 688, 688, 692, 692, 696, 704, 700, 704, 700, 704, 704, 700, 700, 700, 700, 696, 700, 700, 708, 712, 708, 704, 696, 688, 688, 688, 692, 688, 692, 692, 688, 688, 688, 688, 688, 688, 692, 688, 688, 680, 676, 680, 680, 680, 680, 672, 668, 664, 664, 692, 696, 696, 692, 676, 680, 676, 684, 776, 776, 776, 780, 664, 668, 672, 672, 672, 672, 672, 672, 668, 668, 672, 668, 668, 668, 664, 776, 772, 772, 776, 780, 784]
experement number ::3
[9, -4, -4, -3, -1, -1, -1, -3, 0, 0, 1, 1, 2, 7, 15, 23, 29, 34, 39, 41, 44, 45, 45, 45, 45, 45, 43, 39, 36, 32, 21, 17, 20, 23, 24, 23, 21, 20, 19, 23, 27, 32, 37, 41, 43, 44, 43, 40, 36, 30, 15, 19, 25, 28, 29, 27, 21, 17, 12, 8, 5, 3, -5, -2, 4, 11, 13, 12, 9, 6, -7, -17, -10, -8, -7, -9, -16, -22, -19, -16, -15, -13, -12, -13, -14, -16, -13, -12, -13, -14, -14, -13, -8, -4, -2, -1, -1, 0, 2, 3]
[696, 676, 664, 660, 664, 660, 664, 668, 696, 684, 692, 696, 692, 684, 680, 688, 692, 692, 696, 696, 700, 700, 696, 696, 696, 700, 700, 696, 696, 696, 692, 672, 672, 676, 676, 672, 668, 672, 668, 676, 680, 688, 688, 688, 692, 692, 692, 692, 696, 700, 708, 688, 688, 688, 692, 692, 688, 680, 676, 672, 672, 668, 660, 664, 668, 676, 672, 672, 672, 672, 676, 772, 740, 664, 664, 668, 672, 680, 780, 796, 796, 796, 796, 796, 796, 748, 752, 748, 756, 764, 692, 780, 780, 784, 788, 788, 788, 788, 796, 796]
########################################################################################c
Experiment in 3/2/2021 @ 9:56 With 2 spacers with angel 45 step size =1
experement number ::0
[-16, -16, -23, -24, -18, -1, 3, 9, 12, 12, 13, 12, 11, 11, 14, 15, 15, 16, 21, 29, 36, 42, 46, 47, 50, 50, 48, 47, 46, 43, 42, 32, 27, 34, 45, 51, 55, 57, 59, 59, 58, 56, 52, 48, 45, 45, 46, 47, 46, 45, 43, 38, 35, 33, 30, 30, 31, 31, 30, 29, 27, 22, 21, 20, 18, 16, 10, 0, -5, -9, -14, -15, -10, 6, 8, 6, 4, 0, -12, -10, 1, 6, 7, 4, 0, -1, -6, -20, -22, -12, -6, -7, -12, -27, -33, -33, -28, -29, -24, -18]
[660, 660, 724, 720, 680, 676, 676, 676, 680, 680, 684, 688, 696, 700, 700, 700, 700, 708, 704, 696, 688, 688, 684, 688, 684, 684, 684, 684, 680, 676, 680, 676, 700, 700, 684, 680, 680, 676, 676, 676, 672, 676, 672, 672, 672, 676, 680, 684, 680, 684, 680, 676, 680, 680, 676, 676, 676, 676, 676, 672, 676, 676, 680, 676, 676, 672, 676, 676, 692, 696, 692, 660, 672, 672, 672, 672, 676, 672, 692, 676, 672, 672, 676, 676, 676, 680, 680, 672, 784, 684, 680, 680, 680, 676, 680, 684, 684, 708, 704, 704]
experement number ::1
[26, 0, -1, -1, -1, 0, 2, 5, 7, 7, 1, -1, -2, 8, 11, 15, 14, 12, 12, 14, 16, 19, 25, 29, 31, 33, 34, 35, 39, 42, 44, 46, 46, 45, 39, 36, 37, 45, 48, 51, 56, 56, 55, 54, 52, 51, 48, 43, 38, 32, 24, 8, -3, -6, -10, -9, 4, 8, 14, 16, 16, 16, 14, 14, 5, 0, -3, -6, -9, -6, -1, -1, -4, -5, -12, -28, -28, -16, -8, -5, -5, -2, 5, 13, 14, 13, 10, 6, 3, 3, 1, -2, -5, -6, -8, -12, -20, -32, -34, -24]
[688, 680, 684, 684, 680, 680, 684, 680, 684, 688, 704, 708, 696, 680, 676, 680, 680, 736, 732, 728, 720, 708, 708, 700, 696, 692, 684, 684, 684, 684, 676, 676, 676, 676, 676, 672, 668, 664, 668, 672, 676, 676, 676, 676, 672, 672, 676, 676, 680, 676, 676, 680, 680, 672, 664, 712, 684, 676, 672, 672, 672, 676, 676, 676, 692, 696, 704, 712, 664, 672, 684, 688, 676, 672, 668, 688, 792, 668, 668, 668, 668, 672, 676, 680, 676, 676, 676, 680, 676, 676, 672, 672, 676, 680, 680, 676, 676, 668, 708, 704]
experement number ::2
[13, 0, -2, -3, -4, -6, -6, -4, 4, 9, 14, 17, 19, 22, 26, 30, 32, 34, 35, 35, 35, 35, 35, 37, 38, 38, 37, 36, 35, 34, 33, 33, 32, 29, 26, 25, 24, 22, 20, 14, 11, 9, 17, 26, 28, 37, 39, 41, 41, 41, 39, 35, 32, 29, 23, 18, 17, 17, 17, 16, 14, 13, 11, 7, 3, 0, -3, -4, 0, 0, -3, -2, -2, -6, -10, -21, -24, -27, -24, -13, 0, 6, 8, 4, 2, 0, -2, 0, 0, 0, -1, -4, -7, -10, -14, -20, -28, -33, -30, -27]
[692, 684, 688, 696, 700, 696, 692, 688, 688, 692, 696, 700, 700, 696, 696, 692, 688, 688, 688, 688, 692, 696, 696, 700, 704, 704, 704, 704, 704, 700, 700, 700, 700, 696, 700, 704, 708, 708, 704, 696, 688, 684, 688, 692, 692, 688, 692, 692, 688, 688, 688, 688, 688, 688, 688, 688, 676, 676, 680, 684, 676, 676, 676, 672, 668, 668, 672, 676, 692, 692, 680, 676, 680, 684, 692, 704, 712, 724, 660, 664, 676, 672, 676, 672, 676, 672, 676, 672, 668, 668, 668, 672, 668, 664, 664, 660, 656, 648, 668, 672]
experement number ::3
[-16, 16, -4, 0, 0, 0, -1, -3, 0, 1, 2, 1, 2, 7, 16, 28, 31, 35, 42, 44, 45, 46, 46, 46, 46, 44, 40, 37, 32, 27, 19, 21, 23, 25, 25, 25, 24, 20, 21, 24, 28, 32, 38, 41, 44, 44, 43, 40, 37, 25, 16, 23, 27, 29, 30, 27, 21, 18, 13, 9, 3, -5, -7, 5, 7, 12, 14, 13, 11, 6, -6, -17, -7, -5, -7, -13, -18, -25, -35, -31, -31, -29, -27, -24, -18, -17, -17, -19, -19, -17, -15, -16, -16, -17, -18, -18, -20, -26, -22, -21]
[668, 696, 672, 664, 660, 660, 664, 668, 700, 692, 696, 692, 684, 684, 680, 688, 696, 692, 700, 700, 700, 700, 700, 700, 700, 700, 696, 696, 696, 696, 684, 676, 676, 680, 676, 676, 676, 668, 676, 680, 684, 684, 688, 688, 696, 692, 692, 692, 696, 704, 708, 688, 692, 688, 696, 688, 688, 684, 672, 672, 668, 656, 648, 672, 668, 672, 672, 672, 676, 676, 680, 668, 668, 664, 664, 668, 672, 680, 736, 732, 712, 760, 696, 692, 688, 684, 680, 676, 680, 684, 684, 680, 676, 676, 676, 676, 676, 688, 700, 704]
########################################################################################
Experiment in 4/2/2021 @ 2:56PM With 2 spacers with angel 45 step size =1 number of iterations = 3
In_steps = 60 center_steps =90 out_steps = 112 
position number #1
without CFAR
experement number ::0
[-101, -102, -102, -99, -107, -102, -101, -102, -103, -103, -104, -103, -104, -107, -110, -108, -107, -111, -109, -109, -109, -107, -105, -108, -107, -107, -109, -107, -108, -105, -107, -109, -103, -103, -99, -97, -97, -94, -95, -96, -98, -100, -103, -106, -104, -101, -101, -105, -102, -101, -102, -104, -102, -101, -103, -104, -101, -100, -104, -105, -102, -101, -102, -107, -105, -98, -94, -96, -97, -106, -103, -100, -103, -95, -95, -93, -86, -84, -84, -79, -76, -69, -64, -59, -51, -44, -41, -38, -33, -33, -32, -33, -35, -37, -45, -50, -55, -59, -63, -69, -77, -86, -89, -90, -87, -89, -93, -95, -96, -96, -101, -103, -101, -100, -98, -97, -93, -91, -93, -89, -92, -92, -96, -101, -100, -98, -98, -99, -97, -98, -95, -96, -93, -93, -95, -94, -96, -100, -102, -103, -103, -104, -107, -107, -108, -109, -111, -107, -107, -104]
[744, 756, 764, 756, 628, 624, 752, 760, 752, 756, 752, 608, 672, 768, 596, 664, 648, 600, 640, 760, 688, 736, 728, 672, 736, 736, 740, 796, 736, 628, 620, 612, 516, 636, 504, 512, 512, 512, 520, 520, 524, 536, 536, 652, 720, 716, 772, 604, 604, 608, 776, 768, 764, 764, 760, 756, 768, 764, 764, 772, 740, 716, 712, 712, 680, 664, 676, 660, 660, 644, 660, 652, 656, 668, 668, 608, 664, 656, 656, 656, 660, 660, 664, 664, 660, 664, 664, 664, 664, 660, 664, 664, 668, 664, 664, 664, 668, 664, 664, 664, 664, 664, 660, 652, 652, 652, 656, 664, 664, 668, 732, 728, 728, 796, 796, 748, 644, 652, 744, 748, 748, 748, 752, 600, 592, 664, 672, 692, 684, 680, 620, 680, 616, 616, 620, 620, 616, 552, 548, 552, 624, 632, 608, 616, 696, 668, 696, 752, 768, 760]
experement number ::1
[-106, -101, -104, -107, -101, -102, -98, -104, -104, -104, -107, -105, -108, -109, -112, -108, -113, -111, -109, -111, -110, -109, -107, -110, -107, -106, -107, -109, -110, -106, -109, -108, -107, -104, -101, -97, -96, -96, -98, -99, -98, -103, -106, -103, -102, -106, -100, -99, -103, -99, -102, -104, -101, -101, -104, -106, -108, -105, -105, -100, -104, -104, -100, -104, -99, -96, -94, -98, -104, -107, -106, -101, -97, -95, -96, -90, -85, -83, -82, -78, -76, -73, -68, -59, -48, -43, -39, -35, -34, -33, -32, -33, -34, -40, -46, -51, -55, -60, -65, -70, -77, -87, -89, -91, -87, -91, -95, -97, -94, -101, -102, -97, -100, -100, -99, -97, -95, -92, -90, -91, -93, -95, -97, -98, -95, -97, -102, -97, -96, -95, -93, -95, -94, -94, -94, -97, -97, -98, -100, -97, -101, -100, -106, -107, -112, -109, -107, -108, -106, -103]
[612, 740, 760, 612, 748, 756, 756, 764, 612, 768, 760, 772, 604, 656, 468, 456, 468, 600, 480, 596, 480, 476, 412, 708, 472, 768, 756, 748, 540, 744, 512, 608, 424, 512, 504, 508, 508, 512, 508, 508, 516, 668, 652, 780, 776, 716, 712, 776, 772, 772, 772, 764, 764, 760, 756, 752, 752, 648, 764, 760, 644, 712, 700, 756, 680, 668, 664, 668, 708, 756, 652, 660, 612, 676, 608, 668, 660, 660, 656, 660, 656, 664, 660, 664, 668, 664, 664, 664, 664, 664, 664, 664, 668, 664, 664, 664, 668, 664, 668, 664, 664, 660, 660, 656, 656, 656, 656, 660, 664, 796, 796, 796, 796, 724, 740, 632, 752, 652, 748, 752, 748, 748, 596, 668, 664, 672, 668, 688, 688, 680, 616, 616, 620, 616, 612, 612, 620, 552, 552, 556, 620, 616, 624, 664, 492, 752, 764, 760, 760, 768]
experement number ::2
[-100, -105, -104, -103, -101, -100, -104, -103, -103, -104, -100, -104, -107, -109, -106, -111, -108, -106, -106, -108, -111, -110, -110, -109, -108, -110, -106, -107, -105, -106, -110, -107, -105, -107, -99, -98, -95, -95, -98, -102, -99, -101, -101, -104, -108, -106, -105, -100, -102, -99, -101, -98, -104, -99, -103, -106, -102, -104, -106, -105, -102, -103, -105, -101, -102, -99, -96, -99, -102, -109, -104, -102, -97, -95, -93, -92, -85, -86, -82, -81, -78, -70, -62, -57, -51, -42, -38, -37, -33, -32, -32, -33, -35, -41, -47, -52, -56, -61, -66, -70, -75, -86, -89, -88, -88, -93, -91, -95, -94, -99, -99, -101, -101, -98, -97, -99, -95, -90, -90, -93, -92, -92, -96, -96, -97, -98, -97, -102, -97, -96, -94, -97, -94, -94, -91, -94, -97, -97, -99, -102, -101, -102, -108, -106, -108, -110, -110, -106, -108, -108]
[764, 684, 744, 744, 748, 744, 752, 756, 760, 608, 764, 668, 668, 744, 608, 480, 412, 760, 480, 608, 596, 484, 500, 704, 732, 784, 732, 744, 744, 752, 424, 616, 776, 776, 504, 512, 524, 512, 524, 540, 512, 544, 656, 552, 556, 572, 592, 772, 612, 612, 772, 764, 760, 760, 756, 748, 760, 768, 768, 752, 712, 644, 716, 696, 688, 660, 660, 660, 668, 680, 644, 656, 616, 612, 668, 664, 660, 660, 656, 660, 660, 660, 664, 664, 664, 664, 668, 664, 664, 664, 668, 664, 664, 664, 664, 664, 668, 664, 664, 668, 664, 660, 656, 656, 656, 652, 656, 660, 668, 668, 796, 796, 796, 796, 796, 740, 648, 748, 744, 748, 748, 752, 600, 596, 664, 660, 660, 684, 688, 680, 620, 612, 616, 620, 616, 616, 608, 612, 548, 616, 620, 628, 628, 612, 408, 676, 632, 760, 704, 608]
########################################################################################
Experiment in 4/2/2021 @ 3:04PM With 2 spacers with angel 67.5 step size =1 number of iterations = 2
In_steps = 73 out_steps =106 
position number #2
without CFAR
experement number ::0
[-81, -82, -82, -81, -84, -86, -88, -89, -90, -90, -89, -87, -90, -91, -92, -93, -97, -102, -101, -96, -94, -90, -91, -93, -92, -89, -86, -87, -95, -101, -102, -101, -102, -91, -78, -72, -71, -73, -78, -82, -84, -79, -78, -79, -80, -75, -71, -72, -75, -77, -65, -64, -64, -68, -70, -71, -71, -71, -65, -64, -62, -59, -57, -54, -53, -47, -45, -41, -40, -30, -24, -22, -15, -12, -8, -5, -2, 1, 6, 8, 11, 12, 12, 11, 0, -12, -4, 10, 12, 23, 26, 26, 24, 21, 12, -7, -7, 7, 13, 14, 14, 11, 8, 2, -6, -12, -28, -44, -49, -45, -37, -37, -38, -44, -47, -48, -49, -53, -53, -46, -45, -42, -43, -49, -53, -53, -50, -52, -60, -70, -67, -63, -64, -72, -85, -86, -80, -81, -85, -90, -91, -74, -74, -77, -80, -82, -88, -89, -94, -104]
[724, 728, 728, 732, 728, 740, 732, 720, 724, 724, 728, 728, 736, 744, 748, 764, 760, 744, 760, 760, 756, 756, 760, 764, 764, 764, 768, 776, 776, 764, 772, 784, 784, 728, 728, 732, 728, 736, 748, 764, 768, 724, 728, 732, 728, 724, 728, 740, 748, 708, 716, 720, 720, 736, 764, 768, 772, 716, 720, 724, 720, 724, 716, 720, 720, 724, 720, 724, 724, 732, 732, 732, 732, 728, 728, 728, 724, 728, 720, 724, 720, 724, 724, 724, 724, 720, 712, 716, 716, 720, 724, 720, 720, 724, 724, 716, 720, 720, 720, 720, 720, 720, 724, 720, 724, 724, 728, 716, 708, 712, 716, 712, 716, 716, 720, 724, 720, 720, 728, 724, 724, 720, 728, 724, 728, 724, 724, 728, 724, 736, 728, 724, 724, 728, 744, 748, 728, 724, 748, 756, 708, 724, 724, 732, 740, 748, 740, 736, 732, 656]
experement number ::1
[-103, -57, -81, -82, -84, -84, -86, -95, -93, -93, -92, -92, -89, -96, -95, -93, -95, -96, -103, -104, -101, -101, -100, -101, -95, -89, -89, -88, -93, -101, -100, -99, -101, -100, -85, -76, -71, -72, -75, -79, -84, -82, -81, -84, -80, -78, -72, -74, -78, -74, -65, -64, -64, -67, -68, -68, -70, -67, -64, -63, -60, -59, -58, -55, -50, -47, -44, -41, -41, -30, -25, -21, -15, -11, -8, -6, -2, 1, 6, 6, 11, 12, 12, 9, 1, -18, -14, 7, 19, 24, 25, 26, 24, 20, 13, -3, -5, 7, 12, 14, 14, 11, 11, 3, -3, -15, -28, -41, -48, -51, -42, -37, -37, -42, -46, -47, -49, -52, -55, -47, -44, -42, -45, -49, -52, -54, -49, -50, -61, -69, -67, -63, -62, -71, -76, -90, -87, -80, -84, -90, -86, -75, -73, -75, -81, -86, -86, -90, -99, -106]
[788, 720, 732, 732, 740, 744, 752, 712, 716, 716, 728, 724, 728, 744, 760, 768, 772, 772, 712, 712, 696, 756, 696, 696, 708, 712, 712, 716, 720, 704, 768, 704, 796, 788, 724, 728, 728, 728, 736, 756, 712, 716, 728, 736, 728, 728, 732, 740, 732, 708, 720, 716, 724, 736, 752, 768, 776, 716, 720, 716, 720, 716, 720, 716, 724, 724, 728, 728, 724, 728, 732, 732, 728, 728, 724, 728, 728, 724, 724, 724, 728, 724, 724, 728, 728, 736, 704, 716, 716, 720, 724, 720, 720, 720, 720, 720, 716, 724, 720, 720, 720, 720, 724, 724, 724, 724, 728, 716, 708, 764, 712, 716, 712, 712, 716, 716, 720, 720, 720, 720, 720, 720, 724, 728, 728, 728, 728, 720, 728, 756, 724, 724, 724, 728, 732, 752, 720, 728, 744, 756, 708, 720, 724, 728, 740, 744, 740, 728, 732, 796]
########################################################################################
Experiment in 4/2/2021 @ 3:07PM With 2 spacers with angel 67.5 step size =1 number of iterations = 2
Step up 
In = 64, out = 111
Position number #3
without CFAR
experement number ::0
[-94, -94, -98, -100, -103, -102, -103, -102, -103, -99, -103, -99, -99, -100, -100, -100, -95, -100, -97, -97, -99, -99, -93, -93, -93, -97, -93, -89, -87, -85, -86, -85, -84, -91, -97, -99, -96, -96, -93, -93, -96, -96, -89, -83, -75, -74, -77, -84, -93, -96, -87, -83, -81, -80, -80, -81, -86, -87, -75, -64, -57, -50, -45, -43, -42, -40, -39, -38, -36, -34, -31, -28, -25, -22, -21, -19, -19, -18, -16, -11, -7, 0, 4, 6, 8, 9, 9, 8, 5, 2, -8, -11, -24, -29, -29, -20, -19, -13, -11, -12, -13, -16, -19, -20, -21, -20, -21, -24, -27, -33, -40, -44, -47, -47, -46, -47, -48, -53, -67, -72, -72, -69, -68, -68, -70, -74, -87, -81, -66, -75, -72, -70, -60, -79, -77, -85, -85, -90, -88, -91, -96, -96, -92, -91, -91, -90, -91, -90, -93, -91]
[792, 788, 788, 796, 756, 608, 764, 796, 604, 796, 772, 768, 776, 756, 768, 776, 784, 776, 780, 780, 784, 796, 796, 796, 796, 796, 796, 796, 796, 796, 796, 796, 796, 796, 504, 512, 520, 796, 796, 796, 796, 796, 796, 796, 796, 796, 796, 796, 796, 772, 780, 792, 796, 796, 796, 796, 796, 764, 796, 796, 796, 796, 796, 796, 796, 796, 796, 796, 796, 796, 792, 792, 792, 784, 788, 788, 788, 784, 780, 784, 780, 784, 780, 780, 780, 780, 780, 784, 780, 780, 784, 784, 784, 792, 784, 788, 788, 784, 784, 784, 788, 784, 784, 784, 788, 792, 792, 788, 792, 792, 792, 792, 796, 796, 796, 796, 796, 796, 796, 768, 768, 780, 784, 784, 780, 780, 776, 796, 796, 792, 788, 796, 792, 788, 788, 776, 776, 796, 796, 796, 796, 768, 776, 768, 768, 776, 780, 784, 780, 780]
experement number ::1
[-86, -69, -84, -85, -86, -94, -96, -105, -104, -109, -102, -107, -102, -98, -104, -98, -92, -89, -86, -85, -85, -90, -96, -104, -100, -103, -97, -94, -95, -95, -96, -101, -102, -94, -92, -88, -84, -87, -90, -92, -90, -87, -87, -87, -87, -78, -80, -83, -74, -64, -59, -57, -57, -60, -62, -59, -53, -51, -49, -47, -47, -44, -42, -39, -36, -33, -31, -30, -29, -29, -27, -27, -24, -20, -19, -19, -19, -20, -24, -26, -34, -43, -22, -7, 0, 5, 9, 14, 16, 22, 24, 25, 26, 26, 25, 24, 22, 19, 16, 10, 8, 0, -4, -7, -8, -9, -11, -16, -22, -29, -35, -38, -40, -41, -42, -41, -44, -50, -63, -62, -53, -51, -54, -58, -61, -64, -61, -58, -62, -68, -78, -87, -92, -86, -81, -82, -84, -85, -85, -87, -92, -101, -92, -90, -86, -85, -85, -87, -92, -98]
[788, 788, 776, 772, 768, 772, 772, 608, 604, 604, 748, 588, 748, 748, 796, 788, 792, 796, 796, 796, 796, 796, 796, 680, 688, 796, 796, 796, 796, 792, 796, 796, 784, 792, 788, 792, 796, 796, 796, 764, 772, 768, 776, 776, 776, 796, 796, 796, 796, 796, 796, 796, 796, 796, 796, 796, 796, 796, 796, 796, 796, 796, 796, 796, 796, 796, 796, 796, 796, 796, 796, 796, 796, 792, 792, 788, 792, 788, 792, 788, 792, 776, 780, 780, 776, 784, 784, 780, 780, 784, 784, 784, 784, 784, 784, 784, 788, 784, 788, 780, 784, 788, 784, 784, 792, 788, 788, 788, 792, 796, 796, 796, 792, 796, 792, 792, 796, 792, 792, 784, 780, 788, 784, 788, 788, 788, 784, 788, 788, 784, 784, 776, 764, 772, 776, 780, 780, 796, 796, 796, 796, 764, 772, 764, 772, 776, 780, 776, 780, 776]
########################################################################################
Experiment in 4/2/2021 @ 6:30PM With 2 spacers with angel 67.5 step size =1 number of iterations = 2
Step up 
In = 64, center = 86 out =114 , threshold = 0.48 , AGC = ON
Position number #1
with CFAR
experement number ::0
[0, 0, 0, 0, 0, 0, 0, 0, 0, 0, 0, 0, 0, 0, 0, 0, 0, 0, 0, 0, 0, 0, 0, 0, 0, 0, 0, 0, 0, 0, 0, 0, 0, 0, 0, 0, 0, 0, 0, 0, 0, 0, 0, 0, 0, 0, 0, 0, 0, 0, 0, 0, 0, 0, 0, 0, 0, 0, 0, 0, 0, 0, 0, 0, 0, 0, 58, 61, 0, 0, 62, 61, 67, 72, 91, 91, 101, 111, 106, 111, 112, 117, 114, 125, 122, 126, 114, 106, 104, 98, 93, 94, 99, 81, 87, 67, 67, 63, 61, 61, 58, 58, 70, 68, 63, 58, 69, 70, 75, 69, 69, 69, 65, 62, 0, 0, 0, 0, 0, 0, 0, 0, 0, 0, 0, 0, 59, 0, 0, 0, 0, 0, 58, 64, 0, 0, 58, 0, 0, 0, 0, 0, 58, 58, 0, 0, 0, 0, 0, 0]
[0, 0, 0, 0, 0, 0, 0, 0, 0, 0, 0, 0, 0, 0, 0, 0, 0, 0, 0, 0, 0, 0, 0, 0, 0, 0, 0, 0, 0, 0, 0, 0, 0, 0, 0, 0, 0, 0, 0, 0, 0, 0, 0, 0, 0, 0, 0, 0, 0, 0, 0, 0, 0, 0, 0, 0, 0, 0, 0, 0, 0, 0, 0, 0, 0, 0, 630, 632, 0, 0, 644, 640, 636, 636, 636, 636, 642, 640, 640, 640, 638, 638, 640, 638, 640, 644, 640, 640, 638, 640, 636, 638, 640, 650, 648, 648, 632, 628, 632, 630, 690, 680, 652, 656, 596, 596, 604, 610, 606, 596, 596, 598, 592, 590, 0, 0, 0, 0, 0, 0, 0, 0, 0, 0, 0, 0, 520, 0, 0, 0, 0, 0, 526, 524, 0, 0, 526, 0, 0, 0, 0, 0, 520, 526, 0, 0, 0, 0, 0, 0]
experement number ::1
[0, 0, 0, 0, 0, 0, 0, 0, 0, 0, 0, 0, 0, 0, 0, 0, 0, 0, 0, 0, 0, 0, 0, 0, 0, 0, 0, 0, 0, 0, 0, 0, 0, 0, 0, 0, 0, 0, 0, 0, 0, 0, 0, 0, 0, 0, 0, 0, 0, 0, 0, 60, 0, 0, 0, 0, 0, 0, 0, 0, 0, 60, 0, 0, 0, 0, 63, 58, 61, 67, 65, 63, 68, 75, 74, 86, 93, 96, 100, 110, 108, 118, 111, 114, 121, 121, 111, 109, 107, 101, 104, 94, 91, 82, 74, 67, 64, 61, 0, 59, 63, 0, 0, 0, 63, 59, 73, 69, 76, 76, 70, 62, 65, 0, 0, 0, 0, 0, 0, 0, 58, 63, 0, 0, 59, 0, 0, 0, 0, 0, 0, 0, 0, 0, 0, 0, 0, 0, 59, 60, 59, 58, 0, 0, 0, 0, 0, 0, 0, 0]
[0, 0, 0, 0, 0, 0, 0, 0, 0, 0, 0, 0, 0, 0, 0, 0, 0, 0, 0, 0, 0, 0, 0, 0, 0, 0, 0, 0, 0, 0, 0, 0, 0, 0, 0, 0, 0, 0, 0, 0, 0, 0, 0, 0, 0, 0, 0, 0, 0, 0, 0, 562, 0, 0, 0, 0, 0, 0, 0, 0, 0, 656, 0, 0, 0, 0, 634, 636, 632, 636, 638, 640, 640, 640, 634, 640, 640, 638, 638, 644, 644, 642, 640, 638, 642, 644, 642, 642, 640, 638, 640, 638, 640, 640, 648, 648, 636, 634, 0, 692, 692, 0, 0, 0, 598, 600, 604, 608, 606, 602, 600, 594, 592, 0, 0, 0, 0, 0, 0, 0, 708, 706, 0, 0, 702, 0, 0, 0, 0, 0, 0, 0, 0, 0, 0, 0, 0, 0, 526, 530, 528, 530, 0, 0, 0, 0, 0, 0, 0, 0]
########################################################################################
