-3.466330568700000185e+02
-3.510229268599999841e+02
-2.700446955699999876e+02
-2.634601314099999740e+02
-2.555799010300000020e+02
-2.567180812099999798e+02
-2.566943275900000003e+02
-2.578005199500000231e+02
-2.554537877799999990e+02
-2.553828581900000074e+02
-2.564410012800000231e+02
-2.510610188400000027e+02
-2.499683211599999879e+02
-2.510919954400000051e+02
-2.432106430800000112e+02
-2.442888701999999910e+02
-2.431806387899999891e+02
-2.442285955799999897e+02
-2.430906333099999870e+02
-2.441080612000000087e+02
-2.429406488500000023e+02
-2.428431755000000010e+02
-2.438143417299999953e+02
-2.436863470199999995e+02
-2.424609058300000015e+02
-2.357014172000000087e+02
-2.358398382899999888e+02
-2.363135887100000048e+02
-2.363646268800000030e+02
-2.374564469400000064e+02
-2.364229607000000044e+02
-2.364302527700000098e+02
-2.296352783300000056e+02
-2.306533217100000002e+02
-2.285819177699999898e+02
-2.295715385100000105e+02
-2.284973155399999882e+02
-2.284338707199999874e+02
-2.283563350199999888e+02
-2.292883218000000056e+02
-2.290618322900000123e+02
-2.279053921299999956e+02
-2.211475472399999944e+02
-2.212774212399999954e+02
-2.204008491799999945e+02
-2.205029571899999894e+02
-2.195978082999999970e+02
-2.226543480199999863e+02
-2.237104563499999870e+02
-2.227642891000000134e+02
-2.237932862199999988e+02
-2.218245375500000023e+02
-2.228261388999999895e+02
-2.169675547500000050e+02
-2.150323219599999902e+02
-2.150124254399999870e+02
-2.159432985299999928e+02
-2.158966699400000095e+02
-2.148731670200000110e+02
-2.157634638899999970e+02
-2.156768946400000004e+02
-2.146146240100000000e+02
-2.145019582200000059e+02
-2.134147333100000026e+02
-2.047986421399999983e+02
-2.049189148700000089e+02
-2.040946083700000031e+02
-2.060539031799999918e+02
-2.042711202300000082e+02
-2.052735396299999877e+02
-2.062638726300000087e+02
-2.081754653000000133e+02
-2.091412416000000007e+02
-2.091605948099999921e+02
-2.082332645600000092e+02
-2.014147300500000028e+02
-2.014085179399999959e+02
-2.013898820100000080e+02
-2.022617777700000090e+02
-2.022181034300000135e+02
-2.021619553200000041e+02
-2.020933369100000050e+02
-2.020122524299999895e+02
-2.010172840900000040e+02
-1.991098572999999874e+02
-1.962917317099999934e+02
-1.905044020400000022e+02
-1.923570680900000127e+02
-1.907164001300000109e+02
-1.899335012500000062e+02
-1.900097375100000079e+02
-1.892023528299999953e+02
-1.901270439600000088e+02
-1.936574299899999971e+02
-1.954322313300000076e+02
-1.945777698999999927e+02
-1.945837713299999905e+02
-1.877408097599999905e+02
-1.877350193899999908e+02
-1.877176486399999931e+02
-1.876886985799999934e+02
-1.876481709999999907e+02
-1.875960684000000072e+02
-1.866914415500000075e+02
-1.866165366600000084e+02
-1.856898946199999898e+02
-1.847526287100000104e+02
-1.821263168000000121e+02
-1.762854120700000067e+02
-1.780071868900000140e+02
-1.756720383500000082e+02
-1.757534242499999948e+02
-1.758239688600000079e+02
-1.734520963699999925e+02
-1.735002706500000045e+02
-1.775923627699999940e+02
-1.800529028599999890e+02
-1.808806884999999909e+02
-1.808862674599999991e+02
-1.732402059499999893e+02
-1.740152000299999884e+02
-1.747793637700000033e+02
-1.739722643899999923e+02
-1.739346985900000107e+02
-1.731066440300000124e+02
-1.699299077000000011e+02
-1.675241812099999947e+02
-1.674466060100000107e+02
-1.665802893499999868e+02
-1.680384300400000086e+02
-1.606511652499999911e+02
-1.622408184399999982e+02
-1.638221268800000132e+02
-1.624012373200000070e+02
-1.609690361899999971e+02
-1.610236913299999912e+02
-1.603192583500000126e+02
-1.611032007500000134e+02
-1.611280501200000117e+02
-1.611429603599999894e+02
-1.626469810600000017e+02
-1.430099558800000068e+02
-1.430055451199999936e+02
-1.429923130999999898e+02
-1.429702606399999922e+02
-1.429393890999999996e+02
-1.414635224900000026e+02
-1.414155065299999876e+02
-1.413587673799999891e+02
-1.412933085699999936e+02
-1.419359825100000023e+02
-1.411362485999999876e+02
-1.536637834500000110e+02
-1.354132797499999867e+02
-1.361300513399999943e+02
-1.361510487300000136e+02
-1.375390380599999958e+02
-1.368555638199999862e+02
-1.306927298699999938e+02
-1.306886990000000139e+02
-1.319899393599999939e+02
-1.556059270499999911e+02
-1.555723270999999954e+02
-1.299357294499999966e+02
-1.305476446000000124e+02
-1.304952658900000131e+02
-1.297793861799999888e+02
-1.290561488099999963e+02
-1.289804020900000125e+02
-1.225500660299999964e+02
-1.232095319700000005e+02
-1.238617064999999968e+02
-1.238808115599999979e+02
-1.482952989400000092e+02
-1.489256107200000088e+02
-1.415361570700000016e+02
-1.415317917600000044e+02
-1.415186961100000076e+02
-1.414968709100000126e+02
-1.414663175199999898e+02
-1.414270378200000096e+02
-1.407850046799999859e+02
-1.413223097300000006e+02
-1.406633515400000078e+02
-1.411827124700000127e+02
-1.410998483299999862e+02
-1.342863377200000059e+02
-1.344980567800000131e+02
-1.351150213900000097e+02
-1.335084569900000133e+02
-1.335372916700000019e+02
-1.341214245399999925e+02
-1.335702481300000102e+02
-1.347015777299999968e+02
-1.261990289200000035e+02
-1.267276055800000023e+02
-1.261834600600000016e+02
-1.261639998899999995e+02
-1.261367573200000010e+02
-1.266338088699999957e+02
-1.271227206800000005e+02
-1.260083544900000021e+02
-1.270128732000000014e+02
-1.264150398900000027e+02
-1.263408433099999968e+02
-1.189494231299999996e+02
-1.190192789200000050e+02
-1.190817930399999938e+02
-1.191369616300000018e+02
-1.196855576899999960e+02
-1.192252490900000055e+02
-1.187572769399999970e+02
-1.192841194899999948e+02
-1.193025184800000034e+02
-1.188122408600000028e+02
-1.193172383499999967e+02
-1.118956023799999997e+02
-1.114220161700000062e+02
-1.114117065100000019e+02
-1.113945244500000058e+02
-1.118403886499999942e+02
-1.113395478000000054e+02
-1.117713842699999987e+02
-1.117265390299999979e+02
-1.112055801099999996e+02
-1.111472007499999961e+02
-1.110819653100000011e+02
-1.041450270600000039e+02
-1.046440297599999951e+02
-1.042609222699999947e+02
-1.047474986600000051e+02
-1.043510926600000062e+02
-1.039479249999999979e+02
-1.044155159700000013e+02
-1.044380672599999968e+02
-1.044541763200000020e+02
-1.044638421500000049e+02
-1.040281269099999975e+02
-9.703208191999999599e+01
-7.175260378999999489e+01
-7.174596467000000644e+01
-7.173489990999999577e+01
-7.171941021000000660e+01
-7.169949651999999674e+01
-7.248965051999999787e+01
-9.688547590000000298e+01
-9.643371793999999397e+01
-9.719645276999999339e+01
-9.673296439000000646e+01
-8.931493476999999359e+01
-8.936738703000000328e+01
-8.983161533999999904e+01
-8.949165693999999860e+01
-8.952204278000000670e+01
-8.954690646999999615e+01
-8.918991773000000478e+01
-6.662046601000000123e+01
-6.625020920000000046e+01
-6.662868582999999489e+01
-6.074560152000000102e+01
-6.074372798000000273e+01
-6.073810748999999731e+01
-6.038369071999999704e+01
-6.037065207999999927e+01
-6.069876886000000127e+01
-6.102292862000000184e+01
-6.030919686000000013e+01
-6.028126955999999836e+01
-6.059390738999999826e+01
-5.436487619999999765e+01
-4.912042201999999946e+01
-4.914926911999999959e+01
-4.948830155999999647e+01
-4.919786646000000019e+01
-4.921761369000000030e+01
-4.923432495000000131e+01
-4.956168072999999907e+01
-4.925863560999999891e+01
-4.958003117999999887e+01
-4.927079244000000102e+01
-5.523520339000000234e+01
-4.943889014999999887e+01
-4.971986456999999859e+01
-4.915031790999999828e+01
-4.914273787999999854e+01
-4.941449503999999848e+01
-4.431955202999999699e+01
-4.430450895999999972e+01
-4.428673297999999647e+01
-4.454817565999999829e+01
-4.452478929000000107e+01
-4.421701936000000188e+01
-3.956127701999999857e+01
-3.933397542000000158e+01
-3.960530181000000027e+01
-3.937286767999999881e+01
-3.938867132000000026e+01
-3.940204528000000295e+01
-3.966402688000000154e+01
-3.942150101000000006e+01
-3.917645049000000057e+01
-3.918007573999999948e+01
-3.918128418999999951e+01
-3.450871298999999937e+01
-3.428785470999999774e+01
-3.428468213000000020e+01
-3.427939469999999744e+01
-3.427199276000000339e+01
-3.448210801999999831e+01
-3.425084729000000294e+01
-3.445657367999999821e+01
-3.465998491999999942e+01
-3.442253769999999946e+01
-3.440233414000000067e+01
-2.949165698999999918e+01
-2.969693190999999999e+01
-2.952447605000000053e+01
-2.972629535000000089e+01
-2.973822700999999924e+01
-2.974832427000000123e+01
-2.956825368999999881e+01
-2.957463973999999851e+01
-2.957920147999999827e+01
-2.958193864000000062e+01
-2.958285104999999859e+01
-2.465516429999999914e+01
-2.449736945000000077e+01
-2.449510276000000175e+01
-2.464832077000000154e+01
-2.448603668999999883e+01
-2.447923786999999862e+01
-2.447092904999999874e+01
-2.446111074999999957e+01
-2.460651295999999988e+01
-2.459359532999999942e+01
-2.457916064999999861e+01
-1.966514816000000110e+01
-1.980202625000000083e+01
-1.981242714000000049e+01
-1.969615269999999896e+01
-1.970405841999999907e+01
-1.971074869999999990e+01
-1.971622312999999949e+01
-1.972048137000000168e+01
-1.972352315999999917e+01
-1.972534831000000111e+01
-1.960031366000000119e+01
-1.470129325999999992e+01
-1.470083982999999961e+01
-1.469947958999999926e+01
-1.469721262000000017e+01
-1.469403905999999971e+01
-1.468995909000000033e+01
-1.468497297999999951e+01
-1.467908103000000075e+01
-1.467228360999999914e+01
-1.475858485999999914e+01
-1.465597408000000001e+01
-9.833787250000000313e+00
-9.839562369999999447e+00
-9.844730540000000474e+00
-9.849291429999999181e+00
-9.790485260000000522e+00
-9.793809500000000057e+00
-9.859327889999999428e+00
-9.861457270000000719e+00
-9.737335310000000632e+00
-9.738236369999999198e+00
-9.801365999999999801e+00
-4.869418549999999790e+00
-4.869268370000000345e+00
-4.868817820000000296e+00
-4.899473829999999808e+00
-4.898415889999999884e+00
-4.865664409999999940e+00
-4.895393620000000112e+00
-4.862061330000000403e+00
-4.859809870000000309e+00
-4.888595770000000229e+00
-4.885726520000000406e+00
0.000000000000000000e+00
0.000000000000000000e+00
0.000000000000000000e+00
0.000000000000000000e+00
0.000000000000000000e+00
0.000000000000000000e+00
0.000000000000000000e+00
0.000000000000000000e+00
0.000000000000000000e+00
0.000000000000000000e+00
0.000000000000000000e+00
4.838002949999999913e+00
4.837853729999999963e+00
4.837406099999999931e+00
4.868066950000000226e+00
4.835615690000000022e+00
4.865664409999999940e+00
4.832632160000000177e+00
4.830693199999999798e+00
4.828456250000000338e+00
4.825921469999999935e+00
4.823089000000000404e+00
9.645880489999999696e+00
9.714217619999999442e+00
9.727725740000000343e+00
9.731028670000000602e+00
9.670933090000000121e+00
9.673021779999999126e+00
9.674513799999999719e+00
9.675409039999999905e+00
9.675707459999999926e+00
1.441857607999999935e+01
1.441813138000000016e+01
1.441679728999999988e+01
1.432036102000000000e+01
1.431726882000000067e+01
1.440745987999999933e+01
1.449670410000000054e+01
1.439679100999999939e+01
1.439012430999999914e+01
1.447657367999999956e+01
1.437412841999999991e+01
1.928938099999999878e+01
1.942603841000000031e+01
1.981242714000000049e+01
1.969615269999999896e+01
1.957855487000000139e+01
1.933411019000000053e+01
1.933948001999999988e+01
1.921804872999999958e+01
1.909538548000000091e+01
1.909715249999999997e+01
1.922338455999999951e+01
2.402700723999999965e+01
2.402626619999999846e+01
2.386702319999999844e+01
2.402033807000000110e+01
2.385818958999999850e+01
2.385156509999999841e+01
2.384346933000000135e+01
2.399070478000000151e+01
2.413632481999999868e+01
2.428030112000000074e+01
2.426605032999999878e+01
2.911596709000000160e+01
2.916187202000000056e+01
2.898536049999999875e+01
2.918348267000000007e+01
2.900325521999999978e+01
2.919789274000000034e+01
2.882559124999999867e+01
2.882825868000000114e+01
2.864072202999999917e+01
3.362951010999999824e+01
3.340867895000000232e+01
3.362536132000000322e+01
3.383991527999999960e+01
3.361291597000000309e+01
3.360358296999999794e+01
3.381173385999999681e+01
3.379816782000000330e+01
3.378251694000000072e+01
3.376478220999999991e+01
3.396408783999999770e+01
3.881011353000000241e+01
3.883290567000000237e+01
3.913778805999999832e+01
3.864913994999999858e+01
3.840883614999999907e+01
3.866822392000000264e+01
3.867418829999999730e+01
3.842661274999999677e+01
3.867896002999999894e+01
4.322371539000000240e+01
4.350488150000000331e+01
4.321838299000000205e+01
4.321171779000000157e+01
4.320238710000000282e+01
4.319039147000000156e+01
4.345792598999999967e+01
4.315840856999999886e+01
4.313842326000000327e+01
4.311577696999999887e+01
4.309047110000000202e+01
4.880755308999999897e+01
4.883621645000000200e+01
4.886186736999999880e+01
4.888450424999999910e+01
4.859063771999999659e+01
4.797994724000000133e+01
4.799327310999999696e+01
4.800363853000000347e+01
4.801104285000000260e+01
4.801548563000000058e+01
4.801696659000000267e+01
5.280725586999999877e+01
5.246049235000000266e+01
5.280074117000000200e+01
5.279259816999999799e+01
5.278119868000000281e+01
5.311142276000000351e+01
5.274863321000000127e+01
5.272746924999999862e+01
5.270305281000000264e+01
5.267538540000000324e+01
5.816728944999999840e+01
5.820144952999999788e+01
5.823201947999999817e+01
5.796356930000000318e+01
5.759251141000000018e+01
5.759428774999999945e+01
6.278546476999999726e+01
6.237584307000000194e+01
6.318536661000000265e+01
6.276803741999999886e+01
6.316198057999999804e+01
6.314444294999999840e+01
6.353025551000000348e+01
6.431892938000000015e+01
6.428914530000000127e+01
6.506875499000000218e+01
6.299835915999999969e+01
6.738795869000000494e+01
6.786537495000000320e+01
6.833909190999999339e+01
6.793247820999999931e+01
6.752129524999999433e+01
6.929861667000000125e+01
6.975658420000000604e+01
6.977164998000000651e+01
6.978241190999999333e+01
6.978886932999999715e+01
6.935208461000000568e+01
7.475378478000000371e+01
7.428134411000000625e+01
7.474456259000000102e+01
7.520305448000000581e+01
7.424698069999999461e+01
7.469615231999999594e+01
7.514042639999999551e+01
7.557971757999999340e+01
7.554471897999999896e+01
7.644301149000000350e+01
7.311724298999999405e+01
7.646748630000000446e+01
7.701247458999999651e+01
8.119339225999999599e+01
8.120591593999999702e+01
7.970947803999999337e+01
7.971193655000000433e+01
8.466517129999999725e+01
8.466256002999999453e+01
8.465472637000000589e+01
8.464167080999999371e+01
8.515561676000000091e+01
8.513197234999999807e+01
8.563497083000000032e+01
8.613229293999999925e+01
8.556097316000000319e+01
8.604721202000000346e+01
9.071520658000000026e+01
9.072919894999999713e+01
9.073759472000000414e+01
9.074039337000000671e+01
9.515035769000000698e+01
9.514742302999999879e+01
9.573323560000000043e+01
9.512394682999999418e+01
9.510340673999999694e+01
9.507700022000000217e+01
9.504472889999999552e+01
9.500659478000000036e+01
9.555611645000000465e+01
1.069186800599999998e+02
1.081992336600000044e+02
1.088481663200000042e+02
1.001057063100000022e+02
1.001149697500000002e+02
1.001180576299999956e+02
1.050795817999999997e+02
1.050763409000000053e+02
1.057232847599999985e+02
1.057069799799999998e+02
1.056841546899999997e+02
1.049985692500000027e+02
1.056189486399999993e+02
1.141013882700000011e+02
1.140485514899999941e+02
1.133335723000000002e+02
1.119576079099999930e+02
1.144945989600000047e+02
1.131898404899999946e+02
1.153617912100000069e+02
1.174689544400000045e+02
1.168216534400000057e+02
1.189162304400000068e+02
1.196294390599999957e+02
1.196478913100000057e+02
1.196589631199999957e+02
1.196626537899999931e+02
1.243252380299999942e+02
1.236027827099999996e+02
1.235913459899999935e+02
1.235722855799999991e+02
1.235456026399999985e+02
1.235112988300000012e+02
1.241872214699999972e+02
1.234198375099999936e+02
1.240799105699999956e+02
1.240147726000000006e+02
1.232255571500000002e+02
1.285209322000000043e+02
1.390635586600000124e+02
1.406326933899999858e+02
1.294719541800000115e+02
1.287752289500000131e+02
1.295679004700000121e+02
1.288547310099999947e+02
1.288825606000000050e+02
1.296518728899999928e+02
1.289143682899999988e+02
1.296678696900000034e+02
1.342221415500000035e+02
1.349983390399999905e+02
1.349858479099999897e+02
1.349650302199999885e+02
1.809544846400000040e+02
1.348984207999999967e+02
1.340731381900000088e+02
1.355777094499999862e+02
1.355149276600000121e+02
1.346653741000000082e+02
1.353642908699999907e+02
1.536432490500000085e+02
1.545426031700000067e+02
1.546237756900000022e+02
1.546954102900000123e+02
1.547575025399999902e+02
1.531890009999999904e+02
1.532315474400000141e+02
1.524537178100000006e+02
1.524772330499999953e+02
1.533024669300000085e+02
1.524960461100000089e+02
1.582747633900000039e+02
1.574280207500000017e+02
1.582552374199999861e+02
1.582308310900000095e+02
1.573551927299999988e+02
1.573115013000000033e+02
1.589400110500000096e+02
1.580356256400000063e+02
1.579624442900000076e+02
1.578795190799999943e+02
1.594654386800000054e+02
1.670175579499999969e+02
1.662452488899999992e+02
1.663325681499999860e+02
1.672808818299999984e+02
1.656048170900000116e+02
1.647891460099999961e+02
1.639627718600000037e+02
1.639981839499999978e+02
1.640234798600000090e+02
1.640386580400000014e+02
1.631711445599999877e+02
1.688993476199999861e+02
1.688941383599999995e+02
1.697816045700000132e+02
1.697554206300000033e+02
1.688160059900000078e+02
1.696716410699999926e+02
1.687118482200000074e+02
1.686441571599999918e+02
1.694674861400000054e+02
1.693785211400000037e+02
1.710799496600000111e+02
1.768715545800000086e+02
1.779068760899999972e+02
1.780003205499999979e+02
1.790151557099999877e+02
1.753560301500000094e+02
1.754155702299999859e+02
1.745309691500000042e+02
1.745686637199999893e+02
1.745955900799999938e+02
1.755454992200000106e+02
1.746171321600000113e+02
1.812884457499999940e+02
1.812828543800000034e+02
1.822302619200000038e+02
1.812381255500000066e+02
1.821628152600000021e+02
1.811486789200000089e+02
1.810871928999999909e+02
1.810145365699999900e+02
1.799683169900000053e+02
1.798738394000000085e+02
1.807295939699999963e+02
1.884216770200000042e+02
1.895246074300000032e+02
1.896241540199999918e+02
1.887187471500000129e+02
1.868071853399999895e+02
1.858766208899999981e+02
1.859282459400000107e+02
1.869628854899999908e+02
1.869917236000000003e+02
1.870090271699999960e+02
1.870147951499999976e+02
1.927296086000000059e+02
1.937487902400000053e+02
1.927058320200000026e+02
1.926761126799999886e+02
1.936591598100000056e+02
1.936053881900000135e+02
1.925156546300000002e+02
1.934620215200000075e+02
1.923493007399999897e+02
1.922483235299999933e+02
1.931574848099999997e+02
1.988730707699999982e+02
2.010955763999999988e+02
2.001477911499999891e+02
1.991866188099999988e+02
1.982122486499999923e+02
1.982795492799999977e+02
1.983346190999999976e+02
1.983774546999999870e+02
1.994634154299999977e+02
1.994818730899999935e+02
2.005435179700000106e+02
2.052089800999999909e+02
2.052026509700000076e+02
2.051836639800000057e+02
2.062374807099999998e+02
2.051077218499999901e+02
2.050507714100000101e+02
2.049811724699999900e+02
2.059830506499999956e+02
2.037204277499999989e+02
2.046965314999999919e+02
2.034939745400000106e+02
2.091545643199999915e+02
2.103905727899999931e+02
2.116148414200000047e+02
2.128271573400000136e+02
2.117978571799999941e+02
2.107546665899999994e+02
2.096977874600000007e+02
2.119743865700000072e+02
2.120070825800000023e+02
2.109107709799999952e+02
2.109172761700000081e+02
2.177586600699999906e+02
2.166058810199999982e+02
2.177317957299999875e+02
2.165524367600000062e+02
2.165056766399999901e+02
2.164455614299999979e+02
2.175169207300000096e+02
2.162852813899999944e+02
2.161851264500000127e+02
2.160716362000000004e+02
2.159448176200000091e+02
2.227817617499999869e+02
2.229125954799999931e+02
2.242035193199999981e+02
2.243073890400000039e+02
2.243974224300000060e+02
2.232983594099999891e+02
2.221847969700000078e+02
2.222327836400000081e+02
2.222670619600000066e+02
2.222876297900000111e+02
2.222944858799999963e+02
2.291688495600000124e+02
2.279556668099999968e+02
2.291405775700000049e+02
2.291052392100000077e+02
2.278502118899999971e+02
2.277869467399999905e+02
2.277096306200000129e+02
2.276182683000000111e+02
2.275128654099999892e+02
2.273934284499999876e+02
2.284623984799999903e+02
2.341289425600000129e+02
2.354994214499999998e+02
2.356231160199999977e+02
2.357322762599999919e+02
2.333575038399999926e+02
2.346718526399999973e+02
2.335015719399999909e+02
2.335520027700000014e+02
2.323521115300000019e+02
2.336096424499999955e+02
2.336168477500000051e+02
2.392565871900000047e+02
2.392492079499999988e+02
2.392270707000000129e+02
2.581735241499999916e+02
2.581177768000000015e+02
2.593110394299999939e+02
2.579585207499999910e+02
2.565910266800000272e+02
2.577356173000000013e+02
2.399218614199999990e+02
2.397810444799999914e+02
2.467100311199999965e+02
2.468549172699999872e+02
2.482776892100000055e+02
2.483927121000000113e+02
2.484924129499999879e+02
2.628181639599999926e+02
2.628911586199999988e+02
2.629479369100000099e+02
2.642840051700000004e+02
2.643084610999999882e+02
2.656122829199999842e+02
2.690463654299999803e+02
2.690380674099999965e+02
2.690131738499999869e+02
2.702966699699999822e+02
2.702383048600000279e+02
2.701632701899999915e+02
2.687476903200000038e+02
2.699632116700000211e+02
2.698382001599999853e+02
2.696965437599999973e+02
2.682169852800000172e+02
2.593487648899999840e+02
2.595010734300000195e+02
2.785692666300000155e+02
2.597576603599999885e+02
2.733963980699999752e+02
2.734892265899999870e+02
2.735651850099999933e+02
2.763334198200000174e+02
2.750212583599999903e+02
2.750467078899999933e+02
2.764101429199999984e+02
2.824315185799999881e+02
2.810383821899999930e+02
2.823966757000000030e+02
2.809690401799999790e+02
2.809083705900000041e+02
2.808303732599999876e+02
2.807350529799999777e+02
2.820047920700000077e+02
2.804924681900000110e+02
2.775831967899999881e+02
2.815608764599999745e+02
2.889558630199999811e+02
2.891255590100000177e+02
2.892774203700000157e+02
2.879996746300000154e+02
2.824659540000000106e+02
2.825618619900000112e+02
2.840535419299999944e+02
2.855283977099999788e+02
2.855724390600000220e+02
2.870127207300000123e+02
2.870215731499999947e+02
2.929783911100000182e+02
2.944125537599999802e+02
2.914991818299999977e+02
2.914542264500000215e+02
2.942763551099999972e+02
2.941946459999999774e+02
2.912115073300000176e+02
2.910946665999999823e+02
2.909598697800000195e+02
2.908071251900000220e+02
2.920752365000000168e+02
2.965277160200000139e+02
2.996395009199999890e+02
2.997968846599999893e+02
3.014060489299999972e+02
3.015270284900000206e+02
2.972153195299999879e+02
2.943543243500000131e+02
2.958899874400000272e+02
2.959356270100000188e+02
2.989079174699999726e+02
2.974446385699999951e+02
3.033357815499999788e+02
3.033264259599999946e+02
3.047998367999999800e+02
3.047528301699999815e+02
3.031861036500000068e+02
3.046024252099999785e+02
3.029990409000000113e+02
3.028774707399999784e+02
3.012385185800000045e+02
2.995824656899999923e+02
2.994066322499999728e+02
3.113070576000000074e+02
3.114898798400000146e+02
3.116534879299999830e+02
3.102694508100000235e+02
3.103939879999999789e+02
3.104993786100000079e+02
3.105856161699999802e+02
3.075920776500000215e+02
3.061089773300000161e+02
3.076679901200000131e+02
3.092082133499999941e+02
3.135018609800000036e+02
3.134921918499999833e+02
3.150227033699999879e+02
3.134148423400000070e+02
3.133471667399999774e+02
3.132601624100000208e+02
3.115958554399999798e+02
3.130281902199999990e+02
3.128832366699999739e+02
3.111631671800000163e+02
3.140903420500000038e+02
3.199062819100000183e+02
3.232634032999999931e+02
3.234331953500000054e+02
3.219968451699999719e+02
3.221260895400000095e+02
3.190607300199999941e+02
3.207371530799999846e+02
3.192182741199999896e+02
3.208559075499999835e+02
3.177085133300000166e+02
3.193069040699999732e+02
3.234748764199999869e+02
3.234648996999999895e+02
3.250521449799999800e+02
3.246010680900000125e+02
3.240900998899999763e+02
