3.801288029999999818e+00
7.665170849999999980e+00
1.177988241999999985e+01
2.703548852000000124e+01
2.355322535000000173e+01
1.931582935000000134e+01
1.557973649999999921e+01
3.531349296999999865e+01
3.922954785999999672e+01
3.922954785999999672e+01
3.531349296999999865e+01
3.139525975999999829e+01
2.769489068000000032e+01
2.355322535000000173e+01
1.962990788000000109e+01
1.557973649999999921e+01
3.895534839999999832e+00
7.790829389999999854e+00
3.531349296999999865e+01
3.922954785999999672e+01
3.922954785999999672e+01
3.531349296999999865e+01
3.164642183999999858e+01
2.769489068000000032e+01
2.336479955000000075e+01
1.962990788000000109e+01
1.177988241999999985e+01
3.559600091000000077e+01
3.954338425000000257e+01
3.985722063000000048e+01
3.587850885000000289e+01
3.164642183999999858e+01
2.791469139999999882e+01
2.374165115999999998e+01
3.985722063000000048e+01
3.954338425000000257e+01
3.559600091000000077e+01
3.189758391999999887e+01
7.916487929999999729e+00
1.187412147999999945e+01
0.000000000000000000e+00
0.000000000000000000e+00
3.864119239999999955e+00
7.728000119999999917e+00
1.168564336000000026e+01
1.545409347000000011e+01
1.962990788000000109e+01
0.000000000000000000e+00
0.000000000000000000e+00
3.864119239999999955e+00
7.665170849999999980e+00
1.149716523999999929e+01
1.532845043000000018e+01
1.931582935000000134e+01
1.177988241999999985e+01
1.583102258000000084e+01
1.962990788000000109e+01
2.317637374999999977e+01
2.703548852000000124e+01
3.089293560999999855e+01
3.503098502000000281e+01
3.860187510000000088e+01
3.860187510000000088e+01
3.114409768999999883e+01
2.725528923999999975e+01
2.336479955000000075e+01
1.962990788000000109e+01
1.557973649999999921e+01
1.168564336000000026e+01
7.790829389999999854e+00
3.926950440000000153e+00
0.000000000000000000e+00
0.000000000000000000e+00
1.962990788000000109e+01
2.355322535000000173e+01
2.725528923999999975e+01
3.139525975999999829e+01
3.503098502000000281e+01
3.891571147999999880e+01
3.891571147999999880e+01
3.474847708000000068e+01
3.089293560999999855e+01
2.703548852000000124e+01
2.317637374999999977e+01
1.962990788000000109e+01
0.000000000000000000e+00
0.000000000000000000e+00
3.801288029999999818e+00
7.665170849999999980e+00
1.140292617999999969e+01
1.520280739000000025e+01
1.915879009000000011e+01
2.279952214000000055e+01
2.659588708000000068e+01
3.860187510000000088e+01
3.860187510000000088e+01
3.446596912999999773e+01
3.089293560999999855e+01
2.659588708000000068e+01
2.279952214000000055e+01
1.884471156000000036e+01
1.495152131999999945e+01
1.130868712000000009e+01
7.665170849999999980e+00
3.832703630000000139e+00
0.000000000000000000e+00
0.000000000000000000e+00
3.832703630000000139e+00
7.602341580000000043e+00
1.140292617999999969e+01
1.532845043000000018e+01
1.900175082999999887e+01
2.298794794999999880e+01
2.659588708000000068e+01
3.039061145000000153e+01
3.418346119000000272e+01
3.828803872000000297e+01
3.860187510000000088e+01
3.446596912999999773e+01
3.089293560999999855e+01
2.681568779999999919e+01
2.317637374999999977e+01
1.915879009000000011e+01
1.520280739000000025e+01
1.149716523999999929e+01
7.665170849999999980e+00
3.832703630000000139e+00
0.000000000000000000e+00
0.000000000000000000e+00
3.801288029999999818e+00
7.728000119999999917e+00
1.149716523999999929e+01
1.545409347000000011e+01
1.900175082999999887e+01
2.298794794999999880e+01
2.659588708000000068e+01
3.039061145000000153e+01
3.446596912999999773e+01
3.828803872000000297e+01
3.860187510000000088e+01
3.474847708000000068e+01
3.089293560999999855e+01
2.703548852000000124e+01
2.317637374999999977e+01
1.915879009000000011e+01
1.532845043000000018e+01
1.149716523999999929e+01
7.665170849999999980e+00
3.832703630000000139e+00
0.000000000000000000e+00
0.000000000000000000e+00
3.864119239999999955e+00
7.728000119999999917e+00
1.149716523999999929e+01
1.532845043000000018e+01
1.915879009000000011e+01
2.298794794999999880e+01
2.703548852000000124e+01
3.064177352999999826e+01
3.474847708000000068e+01
3.860187510000000088e+01
3.828803872000000297e+01
3.503098502000000281e+01
3.114409768999999883e+01
2.703548852000000124e+01
2.298794794999999880e+01
1.915879009000000011e+01
1.532845043000000018e+01
1.140292617999999969e+01
7.665170849999999980e+00
3.832703630000000139e+00
0.000000000000000000e+00
0.000000000000000000e+00
3.864119239999999955e+00
7.728000119999999917e+00
1.149716523999999929e+01
1.545409347000000011e+01
1.915879009000000011e+01
2.298794794999999880e+01
2.681568779999999919e+01
3.039061145000000153e+01
3.446596912999999773e+01
3.828803872000000297e+01
3.891571147999999880e+01
3.531349296999999865e+01
2.888363898000000063e+01
2.571668419999999955e+01
2.223424473000000035e+01
1.853063304000000144e+01
1.520280739000000025e+01
1.140292617999999969e+01
7.602341580000000043e+00
3.832703630000000139e+00
0.000000000000000000e+00
0.000000000000000000e+00
3.864119239999999955e+00
7.728000119999999917e+00
1.168564336000000026e+01
1.557973649999999921e+01
1.931582935000000134e+01
2.317637374999999977e+01
2.681568779999999919e+01
3.064177352999999826e+01
3.418346119000000272e+01
3.797420232999999712e+01
3.734652957000000129e+01
3.333593736000000263e+01
2.938596314000000120e+01
2.571668419999999955e+01
2.279952214000000055e+01
1.884471156000000036e+01
1.532845043000000018e+01
1.149716523999999929e+01
7.665170849999999980e+00
3.864119239999999955e+00
0.000000000000000000e+00
0.000000000000000000e+00
3.864119239999999955e+00
7.728000119999999917e+00
1.159140430000000066e+01
1.532845043000000018e+01
1.915879009000000011e+01
2.317637374999999977e+01
2.681568779999999919e+01
3.064177352999999826e+01
3.418346119000000272e+01
3.734652957000000129e+01
3.703269318000000254e+01
3.333593736000000263e+01
2.963712522000000149e+01
2.593648492000000161e+01
2.223424473000000035e+01
1.868767229999999913e+01
1.507716435999999938e+01
1.140292617999999969e+01
7.602341580000000043e+00
3.801288029999999818e+00
0.000000000000000000e+00
0.000000000000000000e+00
3.832703630000000139e+00
7.728000119999999917e+00
1.159140430000000066e+01
1.532845043000000018e+01
1.931582935000000134e+01
2.298794794999999880e+01
2.659588708000000068e+01
3.013944937000000124e+01
3.361844529999999764e+01
3.703269318000000254e+01
3.703269318000000254e+01
3.333593736000000263e+01
2.963712522000000149e+01
2.615628564000000011e+01
2.242267053999999860e+01
1.868767229999999913e+01
1.507716435999999938e+01
1.130868712000000009e+01
7.602341580000000043e+00
3.832703630000000139e+00
0.000000000000000000e+00
0.000000000000000000e+00
3.864119239999999955e+00
7.728000119999999917e+00
1.168564336000000026e+01
1.532845043000000018e+01
1.915879009000000011e+01
2.298794794999999880e+01
2.659588708000000068e+01
3.013944937000000124e+01
3.390095325000000059e+01
3.734652957000000129e+01
3.766036594999999920e+01
3.361844529999999764e+01
3.013944937000000124e+01
2.615628564000000011e+01
2.242267053999999860e+01
1.868767229999999913e+01
1.507716435999999938e+01
1.130868712000000009e+01
7.539512310000000106e+00
3.832703630000000139e+00
0.000000000000000000e+00
0.000000000000000000e+00
3.864119239999999955e+00
7.728000119999999917e+00
1.149716523999999929e+01
1.532845043000000018e+01
1.915879009000000011e+01
2.298794794999999880e+01
2.681568779999999919e+01
3.039061145000000153e+01
3.418346119000000272e+01
3.797420232999999712e+01
3.766036594999999920e+01
3.333593736000000263e+01
2.963712522000000149e+01
2.637608635999999862e+01
2.242267053999999860e+01
1.868767229999999913e+01
1.507716435999999938e+01
1.140292617999999969e+01
7.602341580000000043e+00
3.832703630000000139e+00
0.000000000000000000e+00
0.000000000000000000e+00
3.832703630000000139e+00
7.665170849999999980e+00
1.159140430000000066e+01
1.545409347000000011e+01
1.931582935000000134e+01
2.298794794999999880e+01
2.659588708000000068e+01
3.013944937000000124e+01
3.390095325000000059e+01
3.734652957000000129e+01
3.734652957000000129e+01
3.361844529999999764e+01
3.013944937000000124e+01
2.593648492000000161e+01
2.223424473000000035e+01
1.884471156000000036e+01
1.507716435999999938e+01
1.149716523999999929e+01
7.665170849999999980e+00
3.832703630000000139e+00
0.000000000000000000e+00
0.000000000000000000e+00
3.864119239999999955e+00
7.728000119999999917e+00
1.159140430000000066e+01
1.545409347000000011e+01
1.900175082999999887e+01
2.279952214000000055e+01
2.681568779999999919e+01
3.013944937000000124e+01
3.361844529999999764e+01
3.766036594999999920e+01
3.734652957000000129e+01
3.361844529999999764e+01
2.988828729999999823e+01
2.615628564000000011e+01
2.242267053999999860e+01
1.884471156000000036e+01
1.520280739000000025e+01
1.140292617999999969e+01
7.602341580000000043e+00
3.832703630000000139e+00
0.000000000000000000e+00
0.000000000000000000e+00
3.895534839999999832e+00
7.728000119999999917e+00
1.159140430000000066e+01
1.545409347000000011e+01
1.915879009000000011e+01
2.298794794999999880e+01
2.659588708000000068e+01
3.064177352999999826e+01
3.418346119000000272e+01
3.734652957000000129e+01
3.734652957000000129e+01
3.361844529999999764e+01
2.988828729999999823e+01
2.593648492000000161e+01
2.223424473000000035e+01
1.837359378000000021e+01
1.482587827999999952e+01
1.121444806000000050e+01
7.476683040000000169e+00
3.832703630000000139e+00
0.000000000000000000e+00
0.000000000000000000e+00
3.832703630000000139e+00
7.728000119999999917e+00
1.159140430000000066e+01
1.532845043000000018e+01
1.931582935000000134e+01
2.279952214000000055e+01
2.659588708000000068e+01
3.013944937000000124e+01
3.333593736000000263e+01
3.671885679999999752e+01
3.671885679999999752e+01
3.333593736000000263e+01
2.963712522000000149e+01
2.593648492000000161e+01
2.223424473000000035e+01
1.853063304000000144e+01
1.495152131999999945e+01
1.130868712000000009e+01
7.665170849999999980e+00
3.801288029999999818e+00
0.000000000000000000e+00
0.000000000000000000e+00
3.864119239999999955e+00
7.728000119999999917e+00
1.159140430000000066e+01
1.532845043000000018e+01
1.931582935000000134e+01
2.317637374999999977e+01
2.681568779999999919e+01
3.039061145000000153e+01
3.361844529999999764e+01
3.703269318000000254e+01
3.703269318000000254e+01
3.333593736000000263e+01
2.963712522000000149e+01
2.571668419999999955e+01
2.204581892999999937e+01
1.884471156000000036e+01
1.520280739000000025e+01
1.159140430000000066e+01
7.728000119999999917e+00
3.864119239999999955e+00
0.000000000000000000e+00
0.000000000000000000e+00
3.895534839999999832e+00
7.790829389999999854e+00
1.168564336000000026e+01
1.557973649999999921e+01
1.931582935000000134e+01
2.317637374999999977e+01
2.681568779999999919e+01
3.039061145000000153e+01
3.390095325000000059e+01
3.703269318000000254e+01
3.671885679999999752e+01
3.305342942000000050e+01
2.913480106000000092e+01
2.527708275999999898e+01
2.185739312999999839e+01
1.821655451000000170e+01
1.532845043000000018e+01
1.149716523999999929e+01
7.665170849999999980e+00
3.832703630000000139e+00
0.000000000000000000e+00
0.000000000000000000e+00
3.864119239999999955e+00
7.728000119999999917e+00
1.149716523999999929e+01
1.545409347000000011e+01
1.915879009000000011e+01
2.298794794999999880e+01
2.681568779999999919e+01
3.039061145000000153e+01
3.390095325000000059e+01
3.089293560999999855e+01
2.659588708000000068e+01
2.298794794999999880e+01
1.900175082999999887e+01
1.507716435999999938e+01
1.140292617999999969e+01
7.602341580000000043e+00
3.832703630000000139e+00
0.000000000000000000e+00
0.000000000000000000e+00
3.864119239999999955e+00
7.665170849999999980e+00
1.159140430000000066e+01
1.545409347000000011e+01
1.915879009000000011e+01
2.279952214000000055e+01
2.659588708000000068e+01
3.039061145000000153e+01
3.418346119000000272e+01
3.797420232999999712e+01
3.797420232999999712e+01
3.418346119000000272e+01
3.039061145000000153e+01
2.681568779999999919e+01
2.279952214000000055e+01
1.915879009000000011e+01
1.520280739000000025e+01
1.149716523999999929e+01
7.602341580000000043e+00
3.801288029999999818e+00
0.000000000000000000e+00
0.000000000000000000e+00
3.864119239999999955e+00
7.665170849999999980e+00
1.149716523999999929e+01
1.532845043000000018e+01
1.900175082999999887e+01
2.261109633999999957e+01
2.659588708000000068e+01
3.013944937000000124e+01
3.390095325000000059e+01
3.766036594999999920e+01
3.797420232999999712e+01
3.418346119000000272e+01
3.039061145000000153e+01
2.659588708000000068e+01
2.279952214000000055e+01
1.884471156000000036e+01
1.495152131999999945e+01
1.121444806000000050e+01
7.476683040000000169e+00
3.769872429999999941e+00
0.000000000000000000e+00
0.000000000000000000e+00
3.801288029999999818e+00
7.665170849999999980e+00
1.149716523999999929e+01
1.520280739000000025e+01
1.900175082999999887e+01
2.279952214000000055e+01
2.637608635999999862e+01
2.988828729999999823e+01
3.828803872000000297e+01
3.797420232999999712e+01
3.418346119000000272e+01
3.039061145000000153e+01
2.703548852000000124e+01
7.602341580000000043e+00
3.832703630000000139e+00
0.000000000000000000e+00
0.000000000000000000e+00
3.832703630000000139e+00
7.728000119999999917e+00
1.159140430000000066e+01
1.545409347000000011e+01
1.915879009000000011e+01
2.336479955000000075e+01
2.703548852000000124e+01
3.064177352999999826e+01
3.922954785999999672e+01
3.531349296999999865e+01
2.835429282999999856e+01
7.728000119999999917e+00
3.895534839999999832e+00
0.000000000000000000e+00
0.000000000000000000e+00
3.864119239999999955e+00
7.728000119999999917e+00
1.159140430000000066e+01
1.545409347000000011e+01
1.947286861999999985e+01
2.317637374999999977e+01
2.703548852000000124e+01
3.064177352999999826e+01
4.048489339999999714e+01
1.159140430000000066e+01
7.790829389999999854e+00
3.864119239999999955e+00
0.000000000000000000e+00
0.000000000000000000e+00
3.895534839999999832e+00
7.790829389999999854e+00
1.168564336000000026e+01
1.570537953999999914e+01
1.947286861999999985e+01
2.336479955000000075e+01
2.725528923999999975e+01
0.000000000000000000e+00
3.315339431000000303e+01
4.178275270000000319e+00
1.557973649999999921e+01
1.947286861999999985e+01
2.317637374999999977e+01
2.725528923999999975e+01
3.114409768999999883e+01
1.159140430000000066e+01
7.728000119999999917e+00
3.895534839999999832e+00
0.000000000000000000e+00
0.000000000000000000e+00
3.864119239999999955e+00
7.790829389999999854e+00
1.168564336000000026e+01
1.557973649999999921e+01
1.947286861999999985e+01
2.336479955000000075e+01
2.703548852000000124e+01
3.114409768999999883e+01
1.168564336000000026e+01
7.790829389999999854e+00
3.926950440000000153e+00
0.000000000000000000e+00
0.000000000000000000e+00
3.926950440000000153e+00
8.042146459999999664e+00
1.187412147999999945e+01
1.595666560999999994e+01
1.994398641000000083e+01
2.393007696000000095e+01
4.084028459999999860e+00
0.000000000000000000e+00
0.000000000000000000e+00
4.084028459999999860e+00
8.293463539999999412e+00
1.243955582999999976e+01
1.658488078999999971e+01
2.072918272000000073e+01
2.945329643000000175e+01
4.272522079999999889e+00
0.000000000000000000e+00
4.241106480000000012e+00
3.139525975999999829e+01
2.747508995999999826e+01
3.891571147999999880e+01
3.503098502000000281e+01
3.089293560999999855e+01
2.725528923999999975e+01
2.336479955000000075e+01
1.947286861999999985e+01
1.545409347000000011e+01
3.503098502000000281e+01
3.922954785999999672e+01
3.891571147999999880e+01
3.503098502000000281e+01
2.355322535000000173e+01
