-1.316631852099999946e+02
-8.892124966999999458e+01
-9.029311927999999909e+01
-8.904230803999999466e+01
-8.783747468999999342e+01
-8.590211664000000269e+01
-8.707426019000000394e+01
-8.699607437000000232e+01
-8.629171850000000177e+01
-8.558327165000000036e+01
-8.487085405999999921e+01
-8.724850474999999506e+01
-8.714279240999999843e+01
-8.164416841999999974e+01
-8.350745236999999577e+01
-8.301472391999999445e+01
-8.310495538000000693e+01
-8.378006096999999386e+01
-8.267946652999999912e+01
-8.459775263000000223e+01
-8.525526933000000440e+01
-8.472346265000000187e+01
-8.537133681000000252e+01
-8.720108711000000312e+01
-8.605985642999999641e+01
-8.669351772999999639e+01
-8.672831512000000487e+01
-8.556930019000000698e+01
-7.765996583999999814e+01
-7.706151115999999490e+01
-7.758325383000000386e+01
-7.753771801999999980e+01
-7.692589642000000083e+01
-7.799340444999999988e+01
-7.849376544999999794e+01
-7.898838224000000707e+01
-7.947715517999999690e+01
-7.940082431000000440e+01
-7.876100691000000609e+01
-7.755952747999999985e+01
-8.015990628000000129e+01
-6.889677442999999357e+01
-6.898035265000000038e+01
-7.538575301000000195e+01
-7.561760047999999301e+01
-7.092213327999999706e+01
-7.415971442000000025e+01
-7.474722529999999665e+01
-7.320891502000000628e+01
-7.431814312999999572e+01
-7.436178816999999697e+01
-7.493228084000000422e+01
-7.443531489000000079e+01
-7.393329780000000540e+01
-7.502255062999999780e+01
-7.291449685000000613e+01
-7.293024465999999961e+01
-7.347391344999999774e+01
-7.401318141000000139e+01
-7.508043492999999557e+01
-6.810558930999999916e+01
-6.807826378999999406e+01
-6.904742622000000551e+01
-7.146961136999999553e+01
-7.192269376999999508e+01
-7.187155214000000569e+01
-7.081853300000000218e+01
-7.075936145000000010e+01
-7.119368305000000419e+01
-7.013054818000000523e+01
-7.105254505999999992e+01
-7.047906806999999674e+01
-6.990235318000000575e+01
-6.882733645999999794e+01
-6.408185500999999817e+01
-6.322974312000000197e+01
-6.330245346000000239e+01
-6.383722413999999645e+01
-6.343615549999999814e+01
-6.396402969999999755e+01
-6.402151596999999583e+01
-6.501045532000000549e+01
-6.506076385000000073e+01
-6.510705912999999612e+01
-6.514933829999999659e+01
-6.565657428000000095e+01
-6.616028183999999612e+01
-6.572149355000000526e+01
-6.527824544000000628e+01
-6.295147429000000017e+01
-6.390879352000000324e+01
-5.135407365999999740e+01
-5.047155578000000276e+01
-5.002495659000000217e+01
-5.001415470999999968e+01
-5.000026771999999653e+01
-5.042174645000000055e+01
-6.092009336000000275e+01
-6.132995428000000260e+01
-4.991388866999999863e+01
-5.075976108999999781e+01
-5.072682015000000177e+01
-5.112773935999999964e+01
-6.156783631999999784e+01
-6.195268055999999746e+01
-6.146115721000000320e+01
-6.270855739999999656e+01
-6.307943584000000214e+01
-6.301094714999999979e+01
-5.772986225999999732e+01
-5.765991540000000271e+01
-5.395890377999999998e+01
-5.442752784000000332e+01
-5.449011617000000030e+01
-5.495341249999999889e+01
-5.500968854999999991e+01
-5.546744319999999817e+01
-5.551729335000000276e+01
-5.718601729000000233e+01
-5.763615930000000276e+01
-5.808334871999999649e+01
-5.852750787000000088e+01
-5.937523893000000186e+01
-4.760651897999999704e+01
-4.762857429000000309e+01
-4.724044640000000328e+01
-4.725648634000000214e+01
-4.604712133000000307e+01
-4.605706641999999817e+01
-4.647181802000000062e+01
-4.647611837000000179e+01
-4.606985402000000107e+01
-4.253695762000000258e+01
-4.253564568000000179e+01
-4.328448356999999902e+01
-4.252515065000000050e+01
-4.251596820000000321e+01
-4.288030619999999971e+01
-4.248973628000000247e+01
-4.209682391999999851e+01
-4.282871109999999959e+01
-4.355721384999999657e+01
-4.390692171999999971e+01
-4.425345727999999923e+01
-4.422199023999999667e+01
-4.343884969999999868e+01
-4.415087481999999852e+01
-4.373740682999999763e+01
-4.332193589999999972e+01
-4.365069955999999962e+01
-4.397598349999999812e+01
-4.355322214000000258e+01
-4.636187636999999739e+01
-4.641811766000000006e+01
-4.040601879999999824e+01
-4.044486255999999713e+01
-3.979508926999999829e+01
-3.982836737000000227e+01
-3.951557497000000296e+01
-3.988755126000000217e+01
-3.991345341000000246e+01
-4.028117706999999825e+01
-4.030233450000000062e+01
-4.135487784000000033e+01
-3.895814087000000114e+01
-3.897136865000000228e+01
-3.967214280000000315e+01
-3.933566137999999768e+01
-3.899662582999999927e+01
-3.900023443999999984e+01
-3.865629187999999772e+01
-3.514967489000000000e+01
-3.546241748999999999e+01
-3.514533855999999901e+01
-3.545366767000000152e+01
-3.513233063999999928e+01
-3.512257575999999659e+01
-3.479716636999999935e+01
-3.509656714999999849e+01
-3.539353212999999698e+01
-3.600105700000000297e+01
-3.597992696000000024e+01
-3.626924340000000058e+01
-3.655589720999999770e+01
-3.621542823000000055e+01
-3.618516887999999909e+01
-3.646433846000000045e+01
-3.580659426999999795e+01
-3.576996338000000009e+01
-3.573112602999999865e+01
-4.251775297999999736e+01
-4.246623747000000293e+01
-3.264648685000000228e+01
-3.659724616999999824e+01
-3.691902031000000051e+01
-3.751913591999999653e+01
-3.811811864999999955e+01
-3.787421324999999683e+01
-3.818905372999999770e+01
-3.203818179000000299e+01
-3.234422880000000333e+01
-3.236724397999999780e+01
-3.238826258999999652e+01
-3.268908581000000169e+01
-3.242430507000000262e+01
-3.243932670000000229e+01
-3.245234733000000205e+01
-3.274565627999999862e+01
-3.303711953999999906e+01
-3.247939573000000024e+01
-3.191945932999999869e+01
-3.163991382000000030e+01
-3.164088969999999890e+01
-2.813015275000000059e+01
-2.787813081999999909e+01
-2.812668239999999997e+01
-2.812234467000000038e+01
-2.811627221999999904e+01
-2.810846542000000170e+01
-2.834980802000000111e+01
-2.833843342999999848e+01
-2.882664371999999986e+01
-2.881151065999999972e+01
-2.879460036000000045e+01
-2.902613922000000102e+01
-2.900549978000000095e+01
-2.873321709000000013e+01
-2.870920939999999888e+01
-2.868343080000000000e+01
-2.890506445000000113e+01
-2.862656730000000138e+01
-2.859548591000000073e+01
-2.881101140999999899e+01
-2.877610330999999988e+01
-2.518297452999999919e+01
-2.521352382999999975e+01
-2.524251784000000143e+01
-2.548779920999999860e+01
-2.529583294000000038e+01
-2.532015073000000172e+01
-2.556137999999999977e+01
-2.536409932000000111e+01
-2.560255263999999897e+01
-2.562077065000000076e+01
-2.541828509999999852e+01
-2.565246439999999950e+01
-2.566593819999999937e+01
-2.567782880000000034e+01
-2.568813546000000159e+01
-2.547722630999999893e+01
-2.570399456999999899e+01
-2.548980630999999875e+01
-2.549373798999999963e+01
-2.527630315000000039e+01
-2.483748131999999842e+01
-2.110368992000000077e+01
-2.110303903000000147e+01
-2.091268385000000052e+01
-2.109783217000000022e+01
-2.109327651999999986e+01
-2.089913920000000047e+01
-2.108026217999999830e+01
-2.088366319000000004e+01
-2.181426255999999952e+01
-2.199076602999999963e+01
-2.197785903000000118e+01
-2.177587327999999900e+01
-2.176038923999999852e+01
-2.174356291999999868e+01
-2.191268325000000061e+01
-2.189300739000000107e+01
-2.168504105999999965e+01
-2.166285681000000096e+01
-2.163933628999999925e+01
-2.180081270000000160e+01
-2.158829234999999969e+01
-1.799227850000000117e+01
-1.785881080000000054e+01
-1.787934733999999892e+01
-1.805442256999999984e+01
-1.791711057999999923e+01
-1.793433493999999939e+01
-1.810654393000000084e+01
-1.812168528000000123e+01
-1.829205112000000000e+01
-1.814861361999999900e+01
-1.800384379000000123e+01
-1.817106406999999990e+01
-1.833733768000000097e+01
-1.818903106999999864e+01
-1.819633186000000080e+01
-1.820251020999999980e+01
-1.820756573999999972e+01
-1.805450246999999919e+01
-1.790026740000000061e+01
-1.790192383000000120e+01
-1.774543672000000072e+01
-1.432330613999999969e+01
-1.394594689000000010e+01
-1.356777388999999978e+01
-1.369128961000000011e+01
-1.368833326000000028e+01
-1.406117105000000045e+01
-1.405639837000000014e+01
-1.430166501999999973e+01
-1.467122769000000027e+01
-1.466352576999999968e+01
-1.465491933000000024e+01
-1.452023447000000012e+01
-1.450990965999999993e+01
-1.437370109999999990e+01
-1.461145986999999913e+01
-1.459833994000000068e+01
-1.458431949999999944e+01
-1.456939943999999976e+01
-1.442919108999999978e+01
-1.441261745999999988e+01
-1.451925096000000082e+01
-1.089022195999999987e+01
-1.090343280999999998e+01
-1.091597108999999932e+01
-1.092783602000000087e+01
-1.084553091999999985e+01
-1.085595711999999935e+01
-1.086571366999999988e+01
-1.096854824999999956e+01
-1.088321546999999967e+01
-1.089095964000000016e+01
-1.089803200000000061e+01
-1.090443213000000000e+01
-1.091015960999999912e+01
-1.082111742999999926e+01
-1.091959529000000018e+01
-1.082913650999999966e+01
-1.092633672999999916e+01
-1.092869656000000056e+01
-1.093038226000000002e+01
-1.083715757000000046e+01
-1.036629652999999962e+01
-6.974048889999999723e+00
-6.973833789999999588e+00
-7.036010029999999915e+00
-7.160548590000000324e+00
-7.033405880000000110e+00
-7.031452980000000075e+00
-7.091825860000000148e+00
-7.026246119999999706e+00
-7.022992480000000093e+00
-7.144650379999999856e+00
-7.140456979999999731e+00
-7.198418069999999780e+00
-7.255849959999999932e+00
-7.250239350000000194e+00
-7.244181499999999829e+00
-7.300070559999999986e+00
-7.230725640000000176e+00
-7.285598529999999684e+00
-7.215485700000000335e+00
-7.207197869999999895e+00
-7.198465460000000427e+00
-3.568314909999999784e+00
-3.572643610000000081e+00
-3.576751939999999852e+00
-3.642911620000000017e+00
-3.584306450000000144e+00
-3.587752169999999907e+00
-3.622202469999999952e+00
-3.625231480000000062e+00
-3.596760699999999922e+00
-3.630618479999999870e+00
-3.601657369999999858e+00
-3.635109679999999788e+00
-3.574311769999999999e+00
-3.544599550000000043e+00
-3.577403030000000150e+00
-3.547226310000000105e+00
-3.642411810000000028e+00
-3.611791610000000041e+00
-3.298638369999999931e+00
0.000000000000000000e+00
0.000000000000000000e+00
0.000000000000000000e+00
0.000000000000000000e+00
0.000000000000000000e+00
0.000000000000000000e+00
0.000000000000000000e+00
0.000000000000000000e+00
0.000000000000000000e+00
0.000000000000000000e+00
0.000000000000000000e+00
0.000000000000000000e+00
0.000000000000000000e+00
0.000000000000000000e+00
0.000000000000000000e+00
0.000000000000000000e+00
0.000000000000000000e+00
0.000000000000000000e+00
0.000000000000000000e+00
0.000000000000000000e+00
0.000000000000000000e+00
3.537286089999999827e+00
3.541577150000000174e+00
3.514547550000000076e+00
3.518367630000000190e+00
3.553138559999999835e+00
3.525356480000000126e+00
3.497298929999999917e+00
3.468971509999999814e+00
3.502932159999999850e+00
3.630618479999999870e+00
3.632976129999999859e+00
3.666446829999999935e+00
3.637019000000000002e+00
3.638703969999999899e+00
3.640164480000000147e+00
3.610009080000000203e+00
3.234210490000000160e+00
3.266315890000000000e+00
3.266819700000000104e+00
3.267122000000000082e+00
6.534042470000000158e+00
6.596259410000000045e+00
6.532430289999999751e+00
6.531019749999999569e+00
6.466425509999999655e+00
6.526990170000000369e+00
6.461637060000000155e+00
6.521350159999999896e+00
6.517926659999999650e+00
6.388829929999999990e+00
6.447278790000000370e+00
7.255849959999999932e+00
7.250239350000000194e+00
7.181731659999999628e+00
7.175283030000000117e+00
7.168391790000000263e+00
7.161058380000000056e+00
7.091080780000000416e+00
7.020804820000000390e+00
7.012298249999999733e+00
1.051790667999999940e+01
1.062385760999999995e+01
1.054277549999999941e+01
1.055423479000000064e+01
1.056504304999999988e+01
1.057519961000000031e+01
1.058470383999999953e+01
1.068730343000000005e+01
1.069557383000000073e+01
1.079707205999999964e+01
1.080408345000000025e+01
1.081042839999999927e+01
1.062800030999999912e+01
9.691957349999999138e+00
9.789981989999999357e+00
9.793306060000000812e+00
9.701833479999999454e+00
9.703928850000000494e+00
9.705425630000000581e+00
9.706323740000000200e+00
9.706623110000000665e+00
1.344214636000000063e+01
1.381689777999999968e+01
1.306042805999999956e+01
1.293125552000000056e+01
1.317787346999999976e+01
1.279622660000000067e+01
1.291569617000000036e+01
1.290891584999999964e+01
1.302659496000000061e+01
1.289296681000000078e+01
1.400956794000000016e+01
1.437370109999999990e+01
1.448657560000000011e+01
1.447356779999999965e+01
1.445966720000000016e+01
1.419582510000000042e+01
1.418041193000000000e+01
1.403987736000000019e+01
1.414696247000000007e+01
1.768206680000000119e+01
1.754822279000000051e+01
1.756840216999999882e+01
1.774313942999999938e+01
1.744970769000000033e+01
1.762243345999999988e+01
1.748218033999999932e+01
1.765302099999999896e+01
1.766668184999999980e+01
1.752279936000000049e+01
1.690795765000000017e+01
1.660459303000000020e+01
1.661331447999999966e+01
1.646420915999999934e+01
1.631395270000000153e+01
1.631949190999999999e+01
1.632402446000000040e+01
1.617055438999999950e+01
1.601602872999999860e+01
1.601751080000000016e+01
1.743135819999999825e+01
2.053841251000000057e+01
2.016093907000000129e+01
2.015907362000000091e+01
2.015596465999999864e+01
2.015161239000000037e+01
2.052257814000000025e+01
1.976274580000000114e+01
1.937853430999999915e+01
1.955761470999999929e+01
1.973530285000000006e+01
2.009940953999999991e+01
2.140042718999999849e+01
2.176038923999999852e+01
2.174356291999999868e+01
2.153810746999999992e+01
2.095740878000000151e+01
2.056340099999999893e+01
2.054236420999999879e+01
2.089315227999999891e+01
2.105548577000000066e+01
2.102997444000000016e+01
2.453169070999999946e+01
2.477880790000000033e+01
2.437208619000000098e+01
2.461642146000000153e+01
2.464163036000000062e+01
2.466531924999999958e+01
2.468748666000000114e+01
2.470813124000000016e+01
2.494607694000000109e+01
2.496382781000000151e+01
2.498003879999999910e+01
2.521396074000000098e+01
2.544657120000000106e+01
2.545836016999999885e+01
2.546857874999999893e+01
2.262201990999999879e+01
2.262830290999999860e+01
2.241345038000000045e+01
2.439787988000000141e+01
2.787899067000000031e+01
2.787813081999999909e+01
2.762442022000000108e+01
2.686688284999999965e+01
2.635900519999999858e+01
2.610071788999999853e+01
2.609185871000000034e+01
2.608139006000000037e+01
2.631997905000000060e+01
2.580509215000000012e+01
2.578994640999999888e+01
2.577320982999999899e+01
2.550483601999999905e+01
2.898307115000000067e+01
2.870920939999999888e+01
2.843400966000000096e+01
2.840670126999999923e+01
2.812871395999999891e+01
2.834682952000000000e+01
2.806589904999999874e+01
2.778382389000000074e+01
3.125133784000000148e+01
3.156861692000000019e+01
3.160491890000000126e+01
3.163927134000000052e+01
3.139139182999999989e+01
3.142156951000000120e+01
3.173061081999999899e+01
3.119507175000000032e+01
3.206297464000000019e+01
3.236724397999999780e+01
3.210662553000000230e+01
3.212548087999999780e+01
3.186040411000000105e+01
3.187516450000000034e+01
2.991259841000000108e+01
2.935817460000000167e+01
2.908395993999999973e+01
2.909024138999999920e+01
2.909472841999999915e+01
2.909742074000000045e+01
2.909831820000000135e+01
3.263898381999999998e+01
3.263797715999999838e+01
3.294875489999999729e+01
3.262992423000000031e+01
3.293655997999999840e+01
3.292741477999999944e+01
3.228926247999999788e+01
3.227630728999999832e+01
3.257457824000000102e+01
3.224442496999999719e+01
3.564391161999999724e+01
3.530612295000000245e+01
3.590322625999999673e+01
3.587322776999999974e+01
3.584101643999999709e+01
3.487250920000000320e+01
3.514787705999999901e+01
3.479900969999999916e+01
3.506938748999999689e+01
3.471692405999999664e+01
3.818036878000000200e+01
3.822668512999999990e+01
3.827064347999999683e+01
3.831224111000000221e+01
3.835147546999999690e+01
3.838834413000000012e+01
3.842284481000000085e+01
3.845497539000000131e+01
3.882834757999999908e+01
3.885597666000000316e+01
3.888120892999999967e+01
3.890404280999999997e+01
3.892447691000000276e+01
3.790863801999999794e+01
3.654480471000000108e+01
3.621233370000000207e+01
3.587741608999999698e+01
3.554011511000000212e+01
3.589069987999999967e+01
3.554888626000000329e+01
3.624027363999999807e+01
3.952549159000000145e+01
3.952427252999999752e+01
3.989700224999999989e+01
4.026717804999999828e+01
4.025848315999999727e+01
4.062344798000000168e+01
3.985762872000000101e+01
4.167974773000000255e+01
4.090473903000000178e+01
4.159865184000000227e+01
4.156648548999999804e+01
4.228007503999999983e+01
4.186828687999999943e+01
4.182807603999999913e+01
4.215836794999999881e+01
4.211259436999999650e+01
4.243647285000000124e+01
4.238505581999999805e+01
4.550265766999999784e+01
4.596102350999999686e+01
4.601387588000000051e+01
4.606388988999999867e+01
4.611106245999999942e+01
4.575051883999999802e+01
4.579163611999999972e+01
4.664107793000000157e+01
4.586539437999999791e+01
4.589803081000000162e+01
4.592783603000000170e+01
4.554812849999999713e+01
4.597894569000000331e+01
4.518608329999999995e+01
4.438972980999999862e+01
4.603433583000000340e+01
4.645461798000000186e+01
4.564948176000000046e+01
4.484122792000000146e+01
4.525306262000000146e+01
4.525445837000000182e+01
4.872203411999999645e+01
4.872053142000000037e+01
4.827714031000000006e+01
4.783087953999999797e+01
4.869799273999999656e+01
4.780727352000000252e+01
4.822949660999999821e+01
4.944700865000000078e+01
4.897761944999999884e+01
4.937978246000000127e+01
4.890494799999999742e+01
4.930037255999999957e+01
4.925610471000000246e+01
4.964427460999999653e+01
4.959348749000000112e+01
4.953964119999999838e+01
4.948273908000000176e+01
4.985631783000000183e+01
5.293718458000000027e+01
5.300140231999999685e+01
5.306235069000000237e+01
5.312002592999999706e+01
5.317442446999999817e+01
5.369243369000000143e+01
5.374068857999999693e+01
5.331792739000000125e+01
5.382725066999999797e+01
5.386555252000000138e+01
5.390053169000000111e+01
5.393218602000000317e+01
5.349129169999999789e+01
5.304663407999999691e+01
5.259829847999999686e+01
5.214637049000000246e+01
5.169093593000000197e+01
5.170209995999999819e+01
5.265025793000000220e+01
5.265512999999999977e+01
5.124630529000000223e+01
5.514662277000000046e+01
5.514492192000000159e+01
5.614236163999999718e+01
5.563250950999999844e+01
5.511941123999999803e+01
5.660694598999999982e+01
5.658773229999999899e+01
5.656502799999999809e+01
5.753952184999999986e+01
5.750931544000000173e+01
5.747556159999999892e+01
5.793772553000000158e+01
5.789652810999999843e+01
5.735303729000000317e+01
5.730511666999999676e+01
5.675580327000000125e+01
5.620391450000000333e+01
5.863077144999999746e+01
5.856711290999999875e+01
5.849984167000000213e+01
5.793380118999999695e+01
6.153376037000000309e+01
6.160840655999999882e+01
6.167925246000000072e+01
6.121854759000000001e+01
6.180952612000000101e+01
6.134015143999999964e+01
6.192454921000000212e+01
6.144662052000000330e+01
6.043392683999999804e+01
6.047692980000000063e+01
6.210873389999999716e+01
6.108289742000000189e+01
6.111498083000000037e+01
6.061161355000000128e+01
6.116783630999999843e+01
6.065653030000000001e+01
5.907670911999999674e+01
5.855713074999999890e+01
5.856616290000000191e+01
5.857158240999999776e+01
5.857338895000000178e+01
6.199654205000000218e+01
6.255821748000000326e+01
6.198889368999999760e+01
6.141588519999999818e+01
6.196595049999999816e+01
6.194874496999999991e+01
6.249069739000000112e+01
6.302837807000000225e+01
6.243669881999999660e+01
6.240392156000000057e+01
6.349102996999999959e+01
6.401132986999999730e+01
6.396581371999999988e+01
6.391635185999999891e+01
6.442314863999999375e+01
6.380560346000000038e+01
6.430348447000000078e+01
6.423770066999999528e+01
6.416795439000000556e+01
6.409424991999999577e+01
6.512992384999999729e+01
6.813470169999999371e+01
6.821735544999999945e+01
6.888455815000000371e+01
6.895943106000000000e+01
6.962005066999999769e+01
6.909641132000000141e+01
6.803315770999999756e+01
6.808580537000000277e+01
6.754178140999999869e+01
6.758564164000000574e+01
6.762533286000000032e+01
6.766085264000000166e+01
6.769219877999999824e+01
6.712533978999999817e+01
6.536543765000000406e+01
6.538359212999999670e+01
6.539771344999999769e+01
6.719164983000000291e+01
6.779253891000000465e+01
6.838931958999999949e+01
7.008264033999999754e+01
6.882904170000000477e+01
6.882267308999999500e+01
6.818649498999999992e+01
6.879720059000000276e+01
6.877809827999999470e+01
6.937979663000000130e+01
6.872716744000000233e+01
6.869534203999999988e+01
6.865927919000000657e+01
6.861898110999999290e+01
6.857445029000000147e+01
6.914865029000000618e+01
7.034013898999999981e+01
7.152528515999999570e+01
7.208246162000000368e+01
7.201323270999999693e+01
7.131939303999999424e+01
7.124195779000000073e+01
7.230997668000000544e+01
7.524476138999999364e+01
7.598548893000000248e+01
7.477247669999999857e+01
7.550465155999999922e+01
7.558197348999999576e+01
7.565463316999999677e+01
7.637540737000000490e+01
7.643927526000000228e+01
7.649842802000000574e+01
7.786145793000000026e+01
7.594785097999999834e+01
7.533734574999999722e+01
7.603236766000000557e+01
7.606759218000000544e+01
7.609812449000000356e+01
7.743644482999999923e+01
7.745795189000000391e+01
7.747468098000000225e+01
7.682996470000000500e+01
7.618034715000000290e+01
7.683944418999999471e+01
7.977510252999999807e+01
7.839725169999999821e+01
7.770236620000000016e+01
7.631533181000000354e+01
9.898229585999999358e+01
9.895481232000000205e+01
9.892122478999999657e+01
9.956821265000000665e+01
7.755860653999999954e+01
7.820388979000000518e+01
7.952918250999999827e+01
7.810726848000000189e+01
7.805172921999999858e+01
7.867551023000000043e+01
7.724264737999999397e+01
7.778146490999999685e+01
7.770189286000000095e+01
7.956859529000000464e+01
7.947218811000000471e+01
8.304605087000000196e+01
8.385744984000000102e+01
8.395388076999999782e+01
8.333288614999999311e+01
8.341822473000000571e+01
8.421207936000000416e+01
9.357370312999999840e+01
9.436685326999999290e+01
9.372442569999999762e+01
9.379111718000000053e+01
9.313559551999999542e+01
1.017924723000000000e+02
1.018459381499999949e+02
1.011755644699999976e+02
8.327004445000000032e+01
8.258022886999999912e+01
8.260316455999999619e+01
8.118411785000000691e+01
8.119664009999999621e+01
1.027627786500000013e+02
1.034845911900000033e+02
1.071821119399999986e+02
1.071788061900000031e+02
1.071688891499999983e+02
1.064030442100000045e+02
1.063800686299999967e+02
1.070994784199999970e+02
1.078118195899999989e+02
1.070201702199999971e+02
1.077186587700000047e+02
1.084097634700000015e+02
1.083461347100000012e+02
1.097692822599999971e+02
1.096912292899999954e+02
1.088607882099999955e+02
1.087698309200000040e+02
1.079278343000000007e+02
1.085677940599999971e+02
1.069710183600000022e+02
1.068548742499999946e+02
1.074733342199999981e+02
1.073431170000000066e+02
1.125300468700000067e+02
1.111231788399999942e+02
1.104783875600000016e+02
9.126307330000000206e+01
8.980811712000000568e+01
9.066940508000000420e+01
1.101421085099999999e+02
1.117868078999999994e+02
1.118733144499999952e+02
1.119529201299999954e+02
1.128035757199999978e+02
1.120914096599999965e+02
1.129291063799999932e+02
1.114230600599999974e+02
1.130267734699999949e+02
1.115056310599999989e+02
1.076367193100000037e+02
1.053195322499999946e+02
1.068963073099999974e+02
1.108078852200000028e+02
1.115916641900000030e+02
1.159943329400000067e+02
9.084590633000000537e+01
9.002645142999999450e+01
9.082349145999999962e+01
9.080387996999999700e+01
9.077866726000000597e+01
1.158655647300000027e+02
1.150091532000000001e+02
1.165749931900000007e+02
1.181320422099999945e+02
1.180627071600000022e+02
1.179860894499999944e+02
1.179021938100000000e+02
1.186179502300000053e+02
1.177125898500000005e+02
1.176068932299999972e+02
1.174939420700000028e+02
1.173737433200000027e+02
1.172463044099999934e+02
1.179137676800000065e+02
1.177709005800000028e+02
1.222337358799999976e+02
1.232145475399999981e+02
1.225227486400000032e+02
1.226559227000000050e+02
1.227815307500000017e+02
1.228995650699999942e+02
1.238468211999999937e+02
1.231128838099999996e+02
1.232081550799999974e+02
1.224570791700000001e+02
1.233758920300000028e+02
1.234483473699999934e+02
1.235131878300000068e+02
1.235704094099999963e+02
1.244609610300000071e+02
1.236619823099999991e+02
1.228548563500000057e+02
1.220397367500000030e+02
1.212167776000000003e+02
1.212279945800000007e+02
1.212317336600000033e+02
1.256505070399999937e+02
1.256466316900000066e+02
1.247625405299999954e+02
1.247432994899999983e+02
1.255885061000000036e+02
1.246817348099999947e+02
1.246394149700000042e+02
1.254606613699999969e+02
1.254025644700000015e+02
1.262071261199999981e+02
1.278728178100000008e+02
1.277898337499999997e+02
1.285676674700000035e+02
1.267321944699999960e+02
1.257590014900000028e+02
1.256460798300000050e+02
1.246597152700000066e+02
1.210729584099999983e+02
1.226692388200000039e+02
1.225283387300000015e+02
1.172088996399999985e+02
1.222156606599999975e+02
1.312955926299999874e+02
1.296581857600000092e+02
1.306942818699999975e+02
1.290359557099999961e+02
1.300569470899999942e+02
1.301738329199999953e+02
1.302826890100000128e+02
1.276859188199999977e+02
1.286766127299999880e+02
1.278597518499999950e+02
1.279348404400000021e+02
1.289034602000000120e+02
1.271594981799999999e+02
1.254061331700000039e+02
1.245462046199999975e+02
1.218725176899999951e+02
1.273165654700000005e+02
1.291423907100000008e+02
1.300575183100000061e+02
1.300615297200000100e+02
